AAC,20060815,1.7,1.75,1.7,1.715,318045
AAE,20060815,0.64,0.645,0.605,0.63,529811
AAM,20060815,0.21,0.21,0.19,0.19,196847
AAO,20060815,0.13,0.13,0.13,0.13,228100
AAQ,20060815,0.465,0.48,0.465,0.48,76236
AAR,20060815,0.044,0.045,0.039,0.04,13301487
AAT,20060815,0.072,0.072,0.072,0.072,124599
AAU,20060815,0.63,0.63,0.63,0.63,5817
AAX,20060815,1.77,1.77,1.76,1.76,59500
ABB,20060815,6.75,6.75,6.6,6.7,278303
ABC,20060815,2.49,2.49,2.41,2.47,499587
ABI,20060815,0.041,0.043,0.041,0.043,165000
ABJ,20060815,0.8,0.8,0.74,0.74,265084
ABP,20060815,1.49,1.5,1.47,1.48,539960
ABS,20060815,6.5,6.52,6.36,6.44,1000449
ABY,20060815,2.39,2.4,2.33,2.37,332291
ACB,20060815,0.31,0.31,0.3,0.31,646917
ACL,20060815,0.895,0.895,0.85,0.85,105499
ACR,20060815,0.85,0.86,0.84,0.86,132845
ACS,20060815,0.16,0.16,0.15,0.15,20000
ACU,20060815,0.058,0.059,0.058,0.059,405556
ACX,20060815,0.066,0.066,0.066,0.066,150300
ADA,20060815,0.49,0.5,0.46,0.5,21059
ADB,20060815,12.88,12.92,12.77,12.83,227224
ADG,20060815,2.9,2.9,2.9,2.9,5000
ADI,20060815,0.32,0.32,0.315,0.32,139900
ADN,20060815,0.41,0.41,0.4,0.4,130000
ADU,20060815,0.65,0.65,0.645,0.65,49125
ADX,20060815,0.089,0.089,0.089,0.089,155000
ADY,20060815,0.09,0.09,0.09,0.09,932789
ADZ,20060815,2.54,2.54,2.54,2.54,200049
AEC,20060815,3.73,3.73,3.73,3.73,10000
AED,20060815,2.2,2.2,2,2.1,1177814
AEI,20060815,0.5,0.5,0.48,0.48,11302
AEM,20060815,0.03,0.03,0.028,0.028,600000
AEO,20060815,1.82,1.84,1.82,1.84,37385
AEU,20060815,1.68,1.7,1.68,1.7,84838
AEX,20060815,0.039,0.042,0.039,0.04,3969660
AEZ,20060815,1.095,1.1,1.09,1.1,183869
AFG,20060815,12.25,12.29,11.87,12,656551
AFI,20060815,4.68,4.7,4.64,4.64,177598
AFS,20060815,0.062,0.067,0.062,0.067,691000
AGC,20060815,1.165,1.165,1.12,1.155,235554
AGG,20060815,12.62,12.62,12.5,12.53,3694
AGI,20060815,0.38,0.38,0.375,0.375,11059
AGL,20060815,19.5,19.57,19.35,19.48,494405
AGM,20060815,0.315,0.325,0.315,0.32,6491418
AGO,20060815,0.585,0.595,0.57,0.57,242234
AGS,20060815,0.43,0.435,0.425,0.435,1553713
AGX,20060815,0.155,0.17,0.155,0.17,44875
AGY,20060815,0.105,0.105,0.105,0.105,130366
AGZ,20060815,0.35,0.35,0.34,0.34,6557
AHD,20060815,4.83,4.83,4.83,4.83,8361
AHE,20060815,2.06,2.06,2,2,46611
AHS,20060815,0.83,0.83,0.83,0.83,63966
AHU,20060815,4.35,4.35,4.35,4.35,115
AIA,20060815,1.665,1.665,1.64,1.665,306890
AIE,20060815,0.365,0.39,0.365,0.39,733441
AIM,20060815,0.13,0.13,0.125,0.13,2016110
AIX,20060815,2.01,2.01,1.99,1.995,902118
AIZ,20060815,0.915,0.915,0.9,0.915,4964
AJL,20060815,0.79,0.79,0.77,0.77,27450
AKK,20060815,0.285,0.285,0.28,0.28,573479
ALB,20060815,1.4,1.4,1.4,1.4,6250
ALD,20060815,0.395,0.395,0.375,0.39,547149
ALK,20060815,0.19,0.195,0.19,0.19,832000
ALL,20060815,12.18,12.2,11.86,12.02,594095
ALN,20060815,10.85,10.85,10.76,10.78,487652
ALR,20060815,1.62,1.625,1.62,1.625,29110
ALS,20060815,8.91,8.98,8.83,8.83,86856
ALT,20060815,0.04,0.04,0.037,0.037,732563
ALU,20060815,0.41,0.425,0.41,0.41,41750
ALZ,20060815,1.84,1.86,1.81,1.81,2117048
AMC,20060815,6.24,6.33,6.22,6.23,1658349
AMM,20060815,0.15,0.16,0.15,0.15,748642
AMO,20060815,0.49,0.49,0.48,0.48,5000
AMP,20060815,8.88,8.89,8.75,8.78,2205076
AMU,20060815,1.11,1.11,1.06,1.09,174103
AND,20060815,0.245,0.245,0.245,0.245,933808
ANE,20060815,4.11,4.14,4.1,4.1,37350
ANG,20060815,0.395,0.41,0.395,0.41,85000
ANH,20060815,0.062,0.062,0.058,0.06,2935970
ANM,20060815,0.19,0.19,0.185,0.185,15570
ANN,20060815,8.78,8.78,8.56,8.62,407367
ANO,20060815,0.125,0.125,0.11,0.11,100000
ANP,20060815,0.023,0.023,0.023,0.023,530000
ANZ,20060815,26.62,26.72,26.46,26.65,4556713
AOC,20060815,0.08,0.08,0.08,0.08,75000
AOD,20060815,9.5,9.5,9.5,9.5,37
AOE,20060815,0.575,0.58,0.56,0.57,721117
AOI,20060815,0.066,0.066,0.066,0.066,10000
AOM,20060815,0.014,0.014,0.014,0.014,10000
APA,20060815,4.25,4.28,4.13,4.15,128477
APD,20060815,2.4,2.4,2.4,2.4,22700
APE,20060815,7.55,7.55,7.55,7.55,2155
APG,20060815,0.019,0.019,0.019,0.019,530000
APN,20060815,4.99,4.99,4.9,4.94,187512
APP,20060815,0.5,0.5,0.5,0.5,27759
APZ,20060815,1.51,1.52,1.51,1.51,316794
AQA,20060815,7.25,7.25,7.18,7.18,8500
AQD,20060815,0.19,0.22,0.19,0.2,31350
AQL,20060815,0.03,0.03,0.03,0.03,100000
AQP,20060815,22.68,22.7,22.45,22.6,103924
ARA,20060815,0.42,0.42,0.41,0.41,156350
ARE,20060815,0.135,0.135,0.125,0.125,1400993
ARG,20060815,7.25,7.3,7.25,7.29,118897
ARH,20060815,0.165,0.165,0.155,0.16,4465723
ARM,20060815,0.24,0.24,0.235,0.24,190959
ARO,20060815,0.02,0.02,0.019,0.019,150000
ARP,20060815,3.05,3.05,3.05,3.05,50000
ARQ,20060815,1.56,1.565,1.535,1.555,593301
ARU,20060815,0.4,0.41,0.38,0.39,211984
ARW,20060815,1.125,1.125,1.11,1.11,16600
ASB,20060815,3.31,3.31,3.25,3.25,245104
ASC,20060815,0.031,0.032,0.031,0.031,900000
ASL,20060815,1.44,1.45,1.43,1.43,27114
ASP,20060815,0.17,0.17,0.17,0.17,100000
ASU,20060815,0.035,0.036,0.03,0.031,1780503
ASV,20060815,0.044,0.044,0.044,0.044,95000
ASX,20060815,31.75,31.75,31.01,31.02,660333
ATG,20060815,0.325,0.34,0.32,0.34,48500
ATN,20060815,0.049,0.049,0.049,0.049,55000
ATP,20060815,0.315,0.32,0.315,0.32,45000
ATR,20060815,2.99,2.99,2.98,2.98,2750
ATV,20060815,0.12,0.125,0.115,0.12,162000
ATZ,20060815,0.16,0.16,0.16,0.16,20381
AUB,20060815,2.92,2.94,2.9,2.94,44892
AUI,20060815,7.2,7.2,7.2,7.2,1700
AUL,20060815,0.021,0.021,0.018,0.02,10535130
AUN,20060815,1.32,1.32,1.28,1.295,556694
AUS,20060815,1.27,1.27,1.25,1.27,25005
AUT,20060815,0.455,0.455,0.45,0.455,188625
AUW,20060815,2.21,2.21,2.11,2.13,138727
AUX,20060815,0.053,0.053,0.053,0.053,158472
AUZ,20060815,0.021,0.022,0.021,0.022,250000
AVA,20060815,0.062,0.062,0.062,0.062,70000
AVD,20060815,0.385,0.385,0.385,0.385,58000
AVE,20060815,1.72,1.72,1.69,1.69,344416
AVJ,20060815,1.075,1.1,1.07,1.07,109610
AVM,20060815,1.02,1.03,1,1.01,297500
AVO,20060815,1.04,1.04,0.985,1,902970
AVP,20060815,0.015,0.015,0.015,0.015,100000
AVR,20060815,1.8,1.8,1.8,1.8,28300
AVS,20060815,0.22,0.22,0.22,0.22,10000
AVU,20060815,0.67,0.71,0.67,0.71,45610
AVV,20060815,1.17,1.17,1.13,1.15,30800
AVX,20060815,0.245,0.245,0.235,0.235,42250
AWB,20060815,3.39,3.4,3.35,3.36,770265
AWC,20060815,5.9,5.97,5.83,5.86,6421200
AWE,20060815,3.38,3.39,3.25,3.31,5606637
AWG,20060815,0.19,0.195,0.185,0.19,89730
AWS,20060815,0.025,0.025,0.023,0.023,533614
AXA,20060815,6.44,6.48,6.34,6.39,2435470
AXI,20060815,0.315,0.32,0.315,0.32,226132
AXM,20060815,0.285,0.285,0.28,0.28,13332
AXO,20060815,0.6,0.6,0.59,0.59,42500
AXQ,20060815,0.925,0.925,0.92,0.92,362478
AYR,20060815,0.175,0.175,0.16,0.16,138000
AZA,20060815,1.45,1.46,1.395,1.46,282919
AZC,20060815,0.185,0.185,0.185,0.185,183200
AZD,20060815,3.3,3.3,3.25,3.29,12600
AZM,20060815,0.25,0.25,0.245,0.245,55365
AZR,20060815,0.24,0.245,0.235,0.235,1073069
AZX,20060815,1.35,1.35,1.35,1.35,2500
AZZ,20060815,0.445,0.445,0.43,0.43,61813
BAR,20060815,0.3,0.3,0.28,0.29,515300
BAS,20060815,0.059,0.059,0.059,0.059,40030
BAX,20060815,3.7,3.7,3.7,3.7,2500
BBB,20060815,0.096,0.096,0.095,0.095,121500
BBG,20060815,12.96,13.01,12.66,12.9,675495
BBI,20060815,1.565,1.57,1.555,1.565,2543468
BBW,20060815,1.43,1.475,1.43,1.46,790633
BCA,20060815,3.19,3.19,3.12,3.13,258408
BCF,20060815,0.61,0.61,0.61,0.61,3000
BCL,20060815,2.31,2.31,2.2,2.3,14427
BCM,20060815,3.88,3.88,3.85,3.86,87472
BDG,20060815,1.62,1.62,1.585,1.6,892074
BDI,20060815,0.73,0.73,0.675,0.675,39887
BDL,20060815,0.18,0.18,0.175,0.175,521073
BDM,20060815,0.24,0.24,0.24,0.24,42762
BDS,20060815,2.62,2.62,2.62,2.62,1396
BEC,20060815,0.485,0.49,0.48,0.49,125000
BEI,20060815,2.3,2.3,2.2,2.22,42558
BEL,20060815,0.38,0.38,0.38,0.38,28000
BEN,20060815,12.81,13.15,12.81,13.1,309637
BGD,20060815,0.48,0.525,0.48,0.525,134301
BGF,20060815,0.23,0.23,0.215,0.23,5560726
BGL,20060815,0.14,0.145,0.14,0.145,47000
BGN,20060815,0.135,0.135,0.135,0.135,756964
BHP,20060815,27.18,27.33,26.87,26.88,14782404
BIL,20060815,10.72,10.75,10.62,10.65,2379512
BIT,20060815,0.245,0.245,0.235,0.235,100000
BIX,20060815,0.185,0.185,0.15,0.16,460417
BJT,20060815,1.79,1.805,1.785,1.8,2862224
BKG,20060815,0.2,0.2,0.185,0.185,13000
BKI,20060815,1.38,1.42,1.36,1.4,31447
BKL,20060815,13.3,13.35,13.2,13.35,5261
BKN,20060815,5.22,5.22,5.11,5.14,78655
BKP,20060815,0.21,0.21,0.21,0.21,76700
BKW,20060815,12.1,12.1,11.6,11.6,3620
BKY,20060815,0.865,0.885,0.85,0.87,172000
BLD,20060815,7.11,7.11,6.7,6.89,2359718
BLP,20060815,0.88,0.88,0.875,0.875,90150
BLR,20060815,0.065,0.065,0.063,0.064,502485
BLS,20060815,0.125,0.125,0.125,0.125,39913
BLT,20060815,0.026,0.027,0.022,0.022,2225674
BMN,20060815,1.45,1.45,1.33,1.34,158431
BMO,20060815,0.245,0.245,0.235,0.24,864038
BMX,20060815,0.255,0.255,0.245,0.25,625900
BNB,20060815,19.6,19.6,18.88,19.1,694143
BNE,20060815,0.305,0.305,0.305,0.305,38588
BNO,20060815,0.16,0.16,0.16,0.16,44805
BNT,20060815,0.24,0.24,0.24,0.24,80000
BOC,20060815,0.725,0.725,0.69,0.69,11800
BOL,20060815,4.3,4.3,4.2,4.25,271132
BON,20060815,0.087,0.087,0.087,0.087,100000
BOQ,20060815,13.94,13.99,13.79,13.95,99945
BOS,20060815,0.21,0.21,0.185,0.195,212988
BOW,20060815,0.2,0.2,0.195,0.195,329721
BPC,20060815,0.985,0.99,0.97,0.99,3392663
BPH,20060815,0.125,0.125,0.12,0.12,72700
BPK,20060815,0.097,0.097,0.097,0.097,4924
BPO,20060815,0.017,0.017,0.016,0.016,774400
BPT,20060815,1.62,1.62,1.55,1.585,1627182
BQF,20060815,3.3,3.3,3.3,3.3,13333
BQT,20060815,0.09,0.09,0.088,0.09,283777
BRO,20060815,0.019,0.02,0.019,0.02,670000
BRW,20060815,0.345,0.35,0.345,0.345,392500
BRZ,20060815,1.15,1.15,1.12,1.12,63199
BSA,20060815,0.23,0.23,0.23,0.23,144517
BSG,20060815,2.25,2.25,2.19,2.23,310311
BSL,20060815,6.95,7,6.86,6.87,1285790
BSM,20060815,0.18,0.18,0.18,0.18,10000
BSO,20060815,0.845,0.94,0.83,0.9,375863
BTA,20060815,1.25,1.265,1.235,1.24,101191
BTC,20060815,0.425,0.425,0.425,0.425,4500
BTV,20060815,0.053,0.054,0.052,0.053,1136108
BTX,20060815,0.16,0.16,0.16,0.16,164930
BUG,20060815,0.5,0.5,0.5,0.5,9094
BUY,20060815,0.034,0.034,0.034,0.034,75295
BVA,20060815,1.485,1.49,1.465,1.48,103357
BWP,20060815,1.98,1.98,1.95,1.965,134677
BXP,20060815,0.165,0.17,0.16,0.165,304444
CAA,20060815,1.22,1.22,1.205,1.205,14973
CAB,20060815,6.4,6.45,6.35,6.43,23469
CAF,20060815,1.24,1.24,1.16,1.2,26430
CAG,20060815,0.005,0.005,0.004,0.004,1150000
CAL,20060815,0.75,0.77,0.75,0.75,50000
CAM,20060815,0.99,0.99,0.99,0.99,14000
CAQ,20060815,0.19,0.19,0.185,0.185,34500
CAT,20060815,4.17,4.17,4.17,4.17,17
CAZ,20060815,0.7,0.715,0.665,0.665,6856202
CBA,20060815,44.61,44.62,44.35,44.55,1932258
CBH,20060815,0.37,0.37,0.355,0.365,1442208
CCE,20060815,0.11,0.11,0.105,0.11,39443
CCI,20060815,0.009,0.01,0.008,0.01,26170592
CCL,20060815,6.14,6.14,6.03,6.11,5478497
CCP,20060815,7.45,7.54,7.43,7.5,199312
CCS,20060815,0.041,0.042,0.041,0.042,150000
CCU,20060815,0.405,0.415,0.38,0.38,162951
CCV,20060815,0.52,0.52,0.51,0.51,10500
CDA,20060815,0.9,0.92,0.9,0.92,19000
CDD,20060815,4.5,4.55,4.45,4.45,12416
CDF,20060815,1.6,1.625,1.6,1.625,20550
CDO,20060815,4.55,4.56,4.54,4.54,206728
CDR,20060815,1.84,1.84,1.8,1.82,379372
CDU,20060815,3.05,3.07,2.98,3,445972
CDX,20060815,1.74,1.74,1.65,1.65,18650
CEG,20060815,1.59,1.6,1.59,1.6,8797
CEO,20060815,0.12,0.12,0.12,0.12,12000
CER,20060815,1.63,1.65,1.63,1.64,118611
CEU,20060815,1.14,1.145,1.14,1.14,884467
CEY,20060815,3.4,3.4,3.29,3.35,1248572
CFE,20060815,0.4,0.4,0.385,0.385,144100
CFI,20060815,0.61,0.61,0.61,0.61,21600
CFK,20060815,0.37,0.375,0.365,0.365,71500
CFR,20060815,0.014,0.014,0.013,0.014,593515
CFX,20060815,1.96,1.985,1.95,1.97,3166099
CGF,20060815,3.05,3.12,3.04,3.11,1191038
CGM,20060815,0.385,0.415,0.385,0.415,125000
CGS,20060815,0.25,0.25,0.25,0.25,25000
CHB,20060815,42,42,42,42,370
CHC,20060815,1.45,1.475,1.41,1.475,59460
CHF,20060815,0.355,0.355,0.355,0.355,500
CHL,20060815,0.32,0.32,0.32,0.32,101733
CHN,20060815,0.16,0.16,0.16,0.16,1347333
CHO,20060815,5.85,5.9,5.85,5.9,14080
CHQ,20060815,0.74,0.74,0.74,0.74,10000
CHT,20060815,0.01,0.01,0.01,0.01,1000000
CIF,20060815,3.24,3.25,3.23,3.25,100670
CIG,20060815,0.073,0.073,0.072,0.072,317980
CIL,20060815,1.71,1.72,1.7,1.7,54235
CIN,20060815,18,18,18,18,327
CIR,20060815,1.265,1.27,1.25,1.25,37000
CIX,20060815,0.37,0.37,0.365,0.365,422913
CIY,20060815,4.07,4.09,3.99,4.07,199151
CKL,20060815,0.52,0.52,0.52,0.52,30000
CLH,20060815,1.125,1.125,1.105,1.105,53548
CLO,20060815,0.375,0.375,0.365,0.365,186587
CLT,20060815,1.25,1.25,1.25,1.25,555
CMI,20060815,1.18,1.18,1.17,1.17,5628
CML,20060815,11.53,11.79,11.28,11.37,10261869
CMO,20060815,0.009,0.009,0.008,0.008,1453000
CMP,20060815,0.09,0.098,0.09,0.098,178000
CMQ,20060815,0.34,0.355,0.34,0.355,268466
CMR,20060815,3.55,3.6,3.35,3.35,229107
CMV,20060815,0.32,0.32,0.28,0.28,33692
CMW,20060815,0.905,0.91,0.84,0.84,200759
CMX,20060815,0.495,0.5,0.47,0.5,718630
CND,20060815,3.16,3.25,3.16,3.25,7579
CNM,20060815,0.035,0.035,0.034,0.035,650000
CNP,20060815,7.57,7.58,7.44,7.57,3230401
CNT,20060815,0.65,0.65,0.65,0.65,5000
COA,20060815,6.11,6.12,6.03,6.08,511744
COE,20060815,0.505,0.51,0.5,0.5,763868
COF,20060815,3,3.04,2.95,3.04,7833
COH,20060815,51.75,51.75,48.4,48.5,897412
COK,20060815,0.16,0.16,0.15,0.15,100000
COO,20060815,0.115,0.115,0.115,0.115,557
COU,20060815,2.23,2.28,2.23,2.25,54758
CPA,20060815,1.415,1.42,1.4,1.41,1695120
CPB,20060815,18.28,18.36,18.25,18.34,42774
CPI,20060815,0.505,0.505,0.505,0.505,3000
CPK,20060815,0.82,0.82,0.82,0.82,25000
CPR,20060815,1.59,1.59,1.56,1.56,8188
CPS,20060815,0.115,0.115,0.11,0.11,36000
CPU,20060815,7.53,7.53,7.37,7.45,1391225
CQT,20060815,0.39,0.405,0.375,0.38,2453005
CRC,20060815,0.185,0.185,0.185,0.185,45000
CRE,20060815,0.36,0.36,0.36,0.36,29500
CRG,20060815,10.89,10.95,10.75,10.8,198143
CRJ,20060815,0.44,0.45,0.44,0.44,60000
CRT,20060815,0.64,0.64,0.62,0.625,21656
CSE,20060815,0.19,0.19,0.19,0.19,243250
CSL,20060815,48.99,48.99,46.85,47.05,651930
CSM,20060815,1.79,1.8,1.75,1.75,548942
CSR,20060815,3.2,3.21,3.07,3.09,8613780
CSS,20060815,0.52,0.52,0.52,0.52,944
CST,20060815,3.29,3.29,3.22,3.25,37100
CTE,20060815,0.125,0.125,0.125,0.125,30000
CTF,20060815,0.195,0.21,0.195,0.21,58000
CTI,20060815,0.125,0.135,0.125,0.13,9000
CTN,20060815,1.34,1.34,1.315,1.315,87940
CTO,20060815,0.535,0.54,0.52,0.52,1662216
CTP,20060815,0.12,0.12,0.115,0.115,133500
CTX,20060815,23.3,23.3,22.46,22.5,1266922
CUE,20060815,0.135,0.14,0.135,0.135,1082665
CUL,20060815,0.035,0.035,0.035,0.035,6500
CUO,20060815,0.43,0.43,0.42,0.43,681595
CUS,20060815,0.23,0.23,0.225,0.23,201300
CUV,20060815,0.32,0.32,0.31,0.31,92000
CUY,20060815,0.35,0.35,0.32,0.32,41437
CVB,20060815,0.105,0.105,0.105,0.105,3000
CVC,20060815,1.45,1.45,1.45,1.45,5000
CVI,20060815,0.051,0.051,0.05,0.05,518363
CVN,20060815,0.051,0.052,0.05,0.052,1250000
CWP,20060815,4.6,4.6,4.5,4.5,3550
CWT,20060815,0.76,0.77,0.76,0.77,208877
CXM,20060815,0.16,0.16,0.16,0.16,15000
CXP,20060815,4.88,4.89,4.86,4.88,384677
CXS,20060815,0.48,0.49,0.46,0.46,171795
CYA,20060815,1.195,1.195,1.185,1.185,103730
CYG,20060815,4.32,4.42,4.32,4.42,5400
CYL,20060815,0.31,0.31,0.3,0.3,108500
CYT,20060815,0.7,0.7,0.7,0.7,41000
DBS,20060815,0.62,0.62,0.62,0.62,40000
DCS,20060815,0.12,0.12,0.12,0.12,9252
DDT,20060815,0.38,0.385,0.37,0.37,104930
DEG,20060815,0.14,0.14,0.135,0.135,132910
DES,20060815,0.22,0.22,0.22,0.22,146500
DEX,20060815,1.23,1.23,1.23,1.23,10000
DGH,20060815,0.785,0.785,0.78,0.78,5856
DIA,20060815,0.06,0.061,0.06,0.06,300000
DIO,20060815,0.066,0.067,0.066,0.066,201879
DJS,20060815,3.22,3.27,3.16,3.21,3034790
DJW,20060815,4.5,4.55,4.5,4.51,38180
DKN,20060815,1.15,1.15,1.14,1.14,97271
DLS,20060815,0.145,0.145,0.14,0.14,593539
DMA,20060815,0.22,0.22,0.18,0.19,116500
DMP,20060815,3.66,3.69,3.65,3.69,13328
DMX,20060815,0.6,0.6,0.6,0.6,10000
DNL,20060815,0.275,0.305,0.275,0.28,5593912
DOM,20060815,1.125,1.14,1.08,1.09,378032
DON,20060815,0.24,0.25,0.24,0.25,60651
DOW,20060815,5.63,5.72,5.62,5.7,4721062
DRA,20060815,0.135,0.14,0.135,0.14,210000
DRT,20060815,1.58,1.58,1.55,1.58,5064239
DRX,20060815,0.27,0.27,0.255,0.255,106653
DTL,20060815,3.81,3.81,3.81,3.81,2600
DUE,20060815,2.58,2.59,2.55,2.57,1501876
DUI,20060815,3.22,3.22,3.22,3.22,6153
DUL,20060815,0.05,0.05,0.05,0.05,190000
DVC,20060815,2.31,2.34,2.3,2.3,3279153
DVM,20060815,0.042,0.042,0.042,0.042,100000
DVN,20060815,0.985,0.985,0.975,0.975,43010
DWS,20060815,1.12,1.13,1.105,1.13,83658
DXL,20060815,2.46,2.51,2.45,2.48,2912849
DYE,20060815,0.53,0.545,0.5,0.52,200395
DYL,20060815,0.145,0.15,0.135,0.14,3070327
EAR,20060815,0.25,0.25,0.25,0.25,40000
EBI,20060815,3.51,3.53,3.47,3.49,31500
EBR,20060815,0.056,0.058,0.055,0.058,321142
EBT,20060815,0.1,0.1,0.1,0.1,233500
ECH,20060815,0.45,0.45,0.435,0.435,7250
ECM,20060815,0.18,0.18,0.16,0.16,68500
ECU,20060815,0.06,0.06,0.06,0.06,200000
EDE,20060815,0.13,0.13,0.13,0.13,53900
EDM,20060815,0.125,0.13,0.125,0.13,120000
EDN,20060815,0.61,0.62,0.61,0.61,60000
EFT,20060815,0.062,0.062,0.06,0.06,138000
EGO,20060815,0.007,0.007,0.007,0.007,3000000
EGX,20060815,0.5,0.5,0.5,0.5,40000
EHL,20060815,1.835,1.84,1.83,1.84,3778146
EIG,20060815,0.98,0.98,0.98,0.98,105
EIV,20060815,0.185,0.185,0.18,0.18,47000
EKA,20060815,0.2,0.2,0.2,0.2,4166
EKM,20060815,0.225,0.225,0.225,0.225,100000
ELI,20060815,1.06,1.12,1.06,1.1,34000
ELK,20060815,0.4,0.4,0.35,0.375,247075
ELL,20060815,0.04,0.04,0.04,0.04,16141
ELX,20060815,0.65,0.65,0.62,0.63,57300
EME,20060815,2.2,2.2,2.15,2.15,4000
EMI,20060815,1.05,1.07,1.05,1.05,224851
EMM,20060815,0.055,0.055,0.051,0.051,52180
EMP,20060815,0.355,0.355,0.345,0.35,117400
EMS,20060815,0.13,0.135,0.13,0.135,387209
ENB,20060815,0.18,0.18,0.18,0.18,155
ENE,20060815,3.8,3.85,3.8,3.8,71688
ENG,20060815,0.23,0.23,0.22,0.225,194789
ENR,20060815,0.395,0.395,0.385,0.39,72271
ENV,20060815,1.13,1.15,1.13,1.13,515757
EON,20060815,0.52,0.52,0.51,0.51,95000
EOS,20060815,1.16,1.16,1.15,1.15,80000
EPE,20060815,0.04,0.041,0.039,0.039,885000
EPF,20060815,0.2,0.2,0.2,0.2,50000
EPG,20060815,0.52,0.52,0.51,0.51,255700
EPR,20060815,0.039,0.039,0.038,0.038,491410
EPY,20060815,0.41,0.415,0.4,0.4,63749
EQI,20060815,1.555,1.6,1.55,1.6,104984
EQN,20060815,1.54,1.555,1.525,1.54,88705
EQT,20060815,18.8,18.8,18.8,18.8,1000
EQX,20060815,0.15,0.15,0.15,0.15,92000
ERA,20060815,12.85,13.06,12.84,12.9,243824
ERG,20060815,0.097,0.097,0.09,0.09,2910216
ESG,20060815,0.11,0.11,0.1,0.1,343333
ESI,20060815,0.44,0.44,0.38,0.39,129735
ETE,20060815,0.13,0.13,0.13,0.13,5000
ETR,20060815,2.3,2.3,2.29,2.3,46509
ETT,20060815,0.02,0.02,0.02,0.02,122000
ETW,20060815,0.125,0.13,0.125,0.125,46667
EUG,20060815,0.055,0.055,0.055,0.055,200000
EVE,20060815,0.1,0.105,0.098,0.105,538772
EVM,20060815,0.15,0.15,0.14,0.15,188000
EWC,20060815,0.15,0.15,0.14,0.14,3839980
EXL,20060815,8.71,8.76,8.71,8.76,512631
EXR,20060815,0.39,0.39,0.38,0.38,107500
EXS,20060815,0.245,0.255,0.24,0.24,224805
EXT,20060815,0.079,0.083,0.077,0.078,3782638
EZL,20060815,2.85,2.85,2.84,2.85,13462
EZY,20060815,0.076,0.076,0.076,0.076,6900
FAN,20060815,2.65,2.69,2.65,2.69,21230
FAR,20060815,0.155,0.155,0.145,0.145,333142
FAT,20060815,0.88,0.885,0.88,0.885,23628
FBU,20060815,6.91,7,6.86,7,352165
FCL,20060815,1.97,1.97,1.9,1.94,780003
FCN,20060815,0.535,0.56,0.53,0.54,3366755
FDL,20060815,0.026,0.026,0.026,0.026,40000
FEA,20060815,0.58,0.585,0.575,0.575,197242
FGL,20060815,5.36,5.4,5.36,5.4,5734258
FIC,20060815,0.45,0.45,0.41,0.415,55269
FKP,20060815,4.67,4.73,4.63,4.7,127665
FLK,20060815,0.66,0.66,0.64,0.64,27000
FLR,20060815,0.19,0.19,0.19,0.19,20000
FLT,20060815,11.47,11.51,11.01,11.37,176291
FLX,20060815,2.46,2.49,2.43,2.46,233152
FMG,20060815,10.8,10.8,10.09,10.45,1479344
FML,20060815,0.042,0.042,0.041,0.041,165000
FNT,20060815,0.18,0.18,0.17,0.17,234029
FPA,20060815,3.55,3.55,3.48,3.55,23382
FPH,20060815,3.53,3.53,3.5,3.5,8002
FPS,20060815,1.6,1.6,1.6,1.6,17350
FRE,20060815,0.57,0.575,0.565,0.57,302187
FRI,20060815,0.84,0.84,0.82,0.82,68820
FRR,20060815,0.65,0.67,0.65,0.65,72390
FRV,20060815,0.12,0.13,0.12,0.13,145000
FSA,20060815,0.23,0.23,0.23,0.23,55000
FUN,20060815,1.56,1.61,1.545,1.61,1121630
FWD,20060815,6.3,6.34,6.27,6.33,13529
FWL,20060815,0.18,0.185,0.18,0.185,47800
FXJ,20060815,4,4,3.95,3.95,1267696
FXR,20060815,0.965,0.99,0.965,0.975,354387
FZN,20060815,1.285,1.285,1.285,1.285,38000
GAA,20060815,1.025,1.04,1.025,1.04,53008
GAS,20060815,2.9,2.92,2.88,2.9,2155622
GBA,20060815,0.075,0.075,0.075,0.075,25000
GBE,20060815,0.5,0.5,0.5,0.5,1000
GBG,20060815,0.485,0.49,0.46,0.49,1959941
GBP,20060815,0.69,0.7,0.69,0.695,90265
GBT,20060815,2.45,2.45,2.4,2.4,26446
GCA,20060815,0.905,0.905,0.905,0.905,44202
GCH,20060815,1.19,1.19,1.183,1.183,40000
GCL,20060815,3.52,3.55,3.34,3.44,228411
GCR,20060815,0.069,0.079,0.066,0.076,4480776
GDA,20060815,0.02,0.02,0.019,0.019,220000
GDM,20060815,0.595,0.6,0.565,0.565,244930
GDN,20060815,0.235,0.235,0.23,0.23,233056
GDR,20060815,0.335,0.335,0.335,0.335,12000
GDY,20060815,0.95,0.95,0.87,0.87,215772
GEP,20060815,0.12,0.12,0.11,0.11,11000
GFD,20060815,0.64,0.64,0.64,0.64,1305
GFF,20060815,1.925,1.94,1.92,1.925,2375373
GGP,20060815,0.455,0.455,0.435,0.435,169000
GGX,20060815,0.042,0.042,0.039,0.039,618903
GGY,20060815,0.051,0.051,0.047,0.05,794499
GHG,20060815,0.83,0.84,0.83,0.84,28747
GIA,20060815,0.36,0.36,0.36,0.36,10000
GIL,20060815,0.34,0.34,0.34,0.34,50000
GIP,20060815,0.093,0.093,0.09,0.09,105000
GIR,20060815,0.29,0.29,0.29,0.29,29329
GLA,20060815,0.15,0.15,0.15,0.15,30000
GLB,20060815,0.23,0.255,0.225,0.255,117940
GLC,20060815,0.995,1.02,0.995,0.995,260000
GLF,20060815,0.19,0.19,0.18,0.19,70000
GLI,20060815,1.06,1.07,1.055,1.06,135717
GLN,20060815,0.395,0.395,0.395,0.395,38160
GLX,20060815,0.14,0.14,0.14,0.14,150000
GME,20060815,0.195,0.21,0.195,0.21,1064922
GMI,20060815,1.33,1.33,1.3,1.3,124703
GML,20060815,0.15,0.15,0.145,0.15,39750
GNC,20060815,8.52,8.52,8.47,8.5,5104
GNL,20060815,0.036,0.04,0.036,0.036,400000
GNS,20060815,2.45,2.48,2.44,2.48,473557
GOA,20060815,0.071,0.072,0.07,0.072,63350
GOG,20060815,0.395,0.395,0.39,0.39,299117
GOP,20060815,0.185,0.19,0.18,0.185,335000
GOW,20060815,3.05,3.05,3.02,3.02,11934
GPG,20060815,2.14,2.15,2.13,2.15,38974
GPN,20060815,0.017,0.017,0.016,0.017,3514192
GPO,20060815,0.175,0.175,0.15,0.15,32934302
GPT,20060815,4.66,4.68,4.62,4.65,3390902
GQH,20060815,0.88,0.88,0.86,0.86,8500
GRD,20060815,2.35,2.35,2.3,2.33,127427
GRK,20060815,0.095,0.095,0.09,0.095,60000
GRN,20060815,0.295,0.305,0.295,0.3,75002
GRO,20060815,2.01,2.03,2,2.03,1287900
GRR,20060815,1.595,1.595,1.5,1.52,109594
GRV,20060815,1.15,1.2,1.15,1.2,30829
GRY,20060815,0.255,0.255,0.25,0.25,90600
GSA,20060815,1.16,1.17,1.155,1.165,10357543
GSE,20060815,0.036,0.037,0.036,0.037,110000
GTG,20060815,0.36,0.36,0.355,0.355,48724
GTP,20060815,2.37,2.39,2.35,2.37,980760
GTV,20060815,0.73,0.73,0.73,0.73,400
GUD,20060815,7.38,7.4,7.3,7.3,401300
GUL,20060815,0.056,0.06,0.056,0.06,121400
GUN,20060815,0.29,0.29,0.29,0.29,33808
GVM,20060815,0.285,0.285,0.285,0.285,7500
GWR,20060815,1.33,1.4,1.33,1.4,43592
GWT,20060815,2.91,2.99,2.9,2.92,361423
GYN,20060815,0.37,0.37,0.37,0.37,3474
GZL,20060815,2.2,2.2,2.2,2.2,2220
HAN,20060815,15.75,15.75,15.75,15.75,30
HAO,20060815,0.042,0.042,0.042,0.042,40000
HAP,20060815,0.97,0.99,0.96,0.99,107011
HAV,20060815,0.69,0.7,0.69,0.69,27833
HCC,20060815,1.465,1.465,1.46,1.46,23750
HCY,20060815,0.014,0.014,0.014,0.014,1102132
HDF,20060815,2.85,2.85,2.83,2.83,170840
HDG,20060815,0.22,0.25,0.22,0.23,60900
HDN,20060815,0.16,0.16,0.16,0.16,75000
HDR,20060815,1.37,1.46,1.37,1.405,6577839
HEG,20060815,0.125,0.125,0.125,0.125,21974
HER,20060815,1.06,1.06,1.05,1.05,59466
HFA,20060815,1.75,1.75,1.72,1.72,1327501
HGI,20060815,1.925,1.975,1.92,1.95,567686
HGO,20060815,0.225,0.225,0.21,0.21,220500
HGR,20060815,0.079,0.079,0.074,0.074,270000
HHM,20060815,0.175,0.175,0.175,0.175,6000
HHV,20060815,1.07,1.07,1.065,1.07,147559
HHY,20060815,1.81,1.83,1.8,1.8,48030
HIC,20060815,0.86,0.86,0.86,0.86,12420
HIG,20060815,0.395,0.395,0.385,0.385,310722
HIL,20060815,4.85,4.87,4.79,4.79,84439
HJB,20060815,0.24,0.24,0.225,0.225,22271
HLD,20060815,0.2,0.2,0.2,0.2,57500
HLT,20060815,0.085,0.085,0.085,0.085,18000
HLX,20060815,0.093,0.093,0.09,0.09,540000
HMC,20060815,0.043,0.043,0.042,0.042,90619
HME,20060815,14.17,14.25,14.15,14.17,11275
HNR,20060815,0.175,0.175,0.175,0.175,72848
HOM,20060815,0.43,0.43,0.43,0.43,2097
HPX,20060815,1.62,1.62,1.59,1.62,35314
HRR,20060815,0.69,0.69,0.66,0.69,61528
HSK,20060815,0.465,0.47,0.465,0.465,70000
HSP,20060815,3.79,3.79,3.7,3.74,771757
HST,20060815,1.78,1.785,1.77,1.78,45540
HTA,20060815,0.24,0.25,0.24,0.25,331344
HTE,20060815,0.029,0.029,0.024,0.024,409123
HTM,20060815,0.042,0.042,0.042,0.042,73995
HTW,20060815,0.81,0.85,0.78,0.79,140596
HVN,20060815,3.36,3.36,3.24,3.32,973339
HWG,20060815,0.195,0.2,0.195,0.195,174002
HWI,20060815,1.44,1.46,1.44,1.44,44908
HYO,20060815,0.12,0.14,0.12,0.135,2134205
HZG,20060815,0.034,0.034,0.034,0.034,50000
HZN,20060815,0.365,0.365,0.36,0.365,236258
IAG,20060815,5.29,5.29,5.23,5.26,2096518
IAS,20060815,0.305,0.305,0.29,0.29,100000
IAT,20060815,0.07,0.07,0.07,0.07,68703
IAU,20060815,1.095,1.095,1.065,1.09,682220
IBA,20060815,0.81,0.81,0.78,0.79,420000
IBC,20060815,0.6,0.6,0.595,0.595,61608
IBR,20060815,0.645,0.7,0.64,0.66,319128
ICC,20060815,0.002,0.002,0.001,0.002,1350000
ICD,20060815,0.45,0.45,0.45,0.45,40000
ICN,20060815,0.06,0.06,0.058,0.059,193534
ICS,20060815,0.255,0.255,0.25,0.25,90000
IDO,20060815,0.18,0.18,0.18,0.18,2000
IDT,20060815,1.38,1.5,1.38,1.45,104723
IEF,20060815,1.15,1.16,1.14,1.14,60480
IFL,20060815,8.3,8.4,8.25,8.25,40251
IFM,20060815,0.68,0.68,0.675,0.675,113000
IGC,20060815,0.155,0.155,0.15,0.15,101138
IGD,20060815,1.32,1.325,1.315,1.315,726628
IGO,20060815,3.1,3.1,2.91,2.91,199276
IGR,20060815,0.15,0.155,0.15,0.15,83000
IHF,20060815,1.11,1.11,1.105,1.105,18498
IIF,20060815,2.19,2.2,2.17,2.2,5673358
III,20060815,0.16,0.16,0.16,0.16,5500
IIN,20060815,0.71,0.71,0.69,0.7,139725
ILF,20060815,1.12,1.12,1.115,1.12,36068
ILU,20060815,6.57,6.71,6.55,6.67,235219
IMA,20060815,0.52,0.52,0.515,0.515,12500
IMD,20060815,0.64,0.64,0.635,0.64,274300
IMF,20060815,0.545,0.545,0.52,0.52,58100
IMI,20060815,0.011,0.011,0.01,0.01,2022727
IML,20060815,0.07,0.07,0.07,0.07,50000
IMP,20060815,0.015,0.017,0.015,0.016,12788432
IMU,20060815,0.13,0.135,0.13,0.135,133000
INL,20060815,0.13,0.13,0.13,0.13,472534
INP,20060815,0.3,0.315,0.3,0.31,157050
IOF,20060815,1.445,1.465,1.44,1.45,5554609
IOH,20060815,1.03,1.03,1.005,1.005,69300
IPG,20060815,2.3,2.3,2.25,2.27,6280366
IPL,20060815,25.5,25.5,25.33,25.42,132047
IPM,20060815,1.73,1.73,1.7,1.7,112922
IRC,20060815,0.14,0.15,0.14,0.14,270000
IRE,20060815,5.68,5.69,5.45,5.5,56796
IRI,20060815,0.47,0.47,0.47,0.47,8676
IRN,20060815,0.72,0.72,0.7,0.7,52619
ISS,20060815,0.2,0.2,0.19,0.19,62000
ITC,20060815,0.076,0.077,0.076,0.076,598721
ITD,20060815,0.39,0.39,0.39,0.39,193000
ITE,20060815,0.073,0.073,0.072,0.073,369000
ITT,20060815,0.16,0.16,0.16,0.16,4200
IVC,20060815,4.8,4.8,4.72,4.78,66913
IVK,20060815,2.7,2.7,2.65,2.7,160500
IWF,20060815,2.18,2.18,2.16,2.17,70594
IWL,20060815,4.42,4.45,4.36,4.45,21910
IYS,20060815,1.725,1.735,1.725,1.73,40000
JAG,20060815,0.155,0.18,0.155,0.18,62239
JAK,20060815,0.135,0.135,0.13,0.13,95000
JBH,20060815,4.95,4.95,4.79,4.79,224888
JBM,20060815,8.93,8.95,8.61,8.63,325846
JET,20060815,1.28,1.28,1.28,1.28,15430
JFM,20060815,1.215,1.235,1.215,1.23,4249666
JGL,20060815,0.28,0.315,0.28,0.315,95480
JHX,20060815,6.54,6.56,6.31,6.48,4560977
JMB,20060815,1.9,1.93,1.9,1.93,226823
JML,20060815,0.47,0.47,0.455,0.47,2928421
JMS,20060815,0.165,0.165,0.155,0.155,640019
JPR,20060815,0.225,0.23,0.205,0.205,2166051
JRL,20060815,0.67,0.68,0.67,0.68,23000
JRV,20060815,0.013,0.013,0.012,0.012,5224807
JST,20060815,3.45,3.45,3.36,3.45,203222
JUI,20060815,0.96,0.975,0.96,0.975,7230416
JUM,20060815,0.04,0.04,0.04,0.04,90032
JYC,20060815,1.05,1.05,1.05,1.05,2200
KAL,20060815,0.145,0.145,0.145,0.145,30000
KAR,20060815,1.5,1.5,1.39,1.395,161259
KAT,20060815,1,1,1,1,5000
KCN,20060815,4.35,4.35,4.15,4.2,178210
KHF,20060815,0.6,0.6,0.6,0.6,2000
KIM,20060815,1.18,1.18,1.095,1.095,1481390
KIS,20060815,1,1,1,1,12050
KLM,20060815,0.35,0.35,0.35,0.35,175000
KME,20060815,0.75,0.75,0.75,0.75,5000
KMN,20060815,0.335,0.335,0.32,0.325,431632
KOR,20060815,0.265,0.265,0.26,0.26,84350
KOV,20060815,4.8,4.83,4.8,4.83,6000
KRS,20060815,0.16,0.16,0.16,0.16,7800
KSC,20060815,3.51,3.51,3.51,3.51,2000
KYC,20060815,0.91,0.91,0.91,0.91,4567
KZL,20060815,4.14,4.19,4.11,4.15,227532
LAF,20060815,0.079,0.081,0.073,0.078,5035159
LAU,20060815,0.15,0.155,0.15,0.155,97369
LBT,20060815,0.15,0.16,0.15,0.16,50000
LBY,20060815,0.15,0.15,0.15,0.15,100000
LCP,20060815,0.69,0.69,0.685,0.685,10000
LCT,20060815,0.21,0.21,0.2,0.2,150271
LEF,20060815,0.18,0.18,0.18,0.18,39000
LEG,20060815,0.045,0.045,0.044,0.044,92500
LEI,20060815,18.35,18.35,17.42,17.5,530711
LEP,20060815,2.78,2.78,2.77,2.77,3500
LFE,20060815,1.62,1.67,1.62,1.67,64000
LGD,20060815,0.65,0.675,0.65,0.675,16957
LGO,20060815,0.03,0.03,0.028,0.029,555000
LHG,20060815,2.82,2.84,2.73,2.76,10879384
LIM,20060815,7.75,7.79,7.57,7.57,6068
LIO,20060815,0.004,0.005,0.004,0.005,4097400
LIP,20060815,0.735,0.735,0.725,0.725,25000
LKO,20060815,0.015,0.016,0.015,0.016,2035500
LLC,20060815,14.26,14.28,14.09,14.15,568153
LMC,20060815,2.97,2.97,2.95,2.95,20655
LMG,20060815,0.012,0.012,0.011,0.012,1904635
LMW,20060815,0.65,0.66,0.65,0.66,8000
LNC,20060815,0.195,0.195,0.195,0.195,83903
LNG,20060815,0.695,0.75,0.695,0.7,30000
LNN,20060815,7.96,7.96,7.71,7.83,514513
LOU,20060815,0.105,0.105,0.1,0.1,55000
LPL,20060815,0.34,0.34,0.34,0.34,105000
LRF,20060815,0.87,0.87,0.845,0.845,178579
LRL,20060815,0.38,0.38,0.38,0.38,12400
LRX,20060815,0.042,0.042,0.042,0.042,550000
LSG,20060815,1.81,1.81,1.76,1.775,267492
LSL,20060815,0.003,0.003,0.003,0.003,484000
LUM,20060815,0.024,0.025,0.024,0.025,200000
LVL,20060815,0.025,0.025,0.025,0.025,123970
LVR,20060815,0.69,0.69,0.69,0.69,1500
LYC,20060815,0.355,0.36,0.345,0.35,720333
LYL,20060815,2.8,2.81,2.8,2.8,9500
MAA,20060815,0.23,0.23,0.21,0.21,140000
MAE,20060815,0.82,0.82,0.8,0.8,554652
MAH,20060815,0.865,0.865,0.85,0.85,742458
MAL,20060815,0.52,0.52,0.49,0.5,113907
MAP,20060815,2.92,2.96,2.9,2.93,4483808
MAR,20060815,0.205,0.21,0.2,0.21,189380
MBA,20060815,0.075,0.08,0.075,0.078,583500
MBI,20060815,0.007,0.007,0.007,0.007,5000000
MBL,20060815,61.3,61.31,60,60.2,656504
MBN,20060815,1.4,1.4,1.4,1.4,680
MBP,20060815,0.4,0.4,0.39,0.39,124500
MBT,20060815,1.38,1.39,1.36,1.39,24500
MCC,20060815,4.63,4.63,4.56,4.56,122412
MCG,20060815,6.29,6.29,6.18,6.19,872259
MCL,20060815,0.01,0.01,0.01,0.01,800000
MCP,20060815,1.46,1.46,1.42,1.42,82000
MCQ,20060815,3.5,3.5,3.42,3.5,157908
MCR,20060815,1.115,1.115,1.07,1.07,743169
MCW,20060815,1.925,1.93,1.9,1.925,1071322
MDL,20060815,1.395,1.415,1.395,1.4,2315120
MDM,20060815,0.225,0.23,0.22,0.23,177540
MDS,20060815,0.085,0.085,0.084,0.084,22500
MDT,20060815,1.155,1.155,1.14,1.15,3837414
MDV,20060815,0.095,0.095,0.095,0.095,57084
MDX,20060815,0.155,0.18,0.155,0.18,66000
MEE,20060815,0.073,0.073,0.072,0.072,29500
MEO,20060815,0.18,0.19,0.18,0.185,170000
MEP,20060815,0.64,0.65,0.62,0.62,81428
MFI,20060815,1.285,1.29,1.285,1.29,55000
MFS,20060815,4.22,4.36,4.11,4.2,318115
MFT,20060815,0.98,0.98,0.965,0.965,16864
MGK,20060815,0.185,0.185,0.17,0.18,13518
MGO,20060815,0.295,0.295,0.275,0.29,193026
MGQ,20060815,6.31,6.4,6.2,6.4,2726306
MGR,20060815,4.25,4.31,4.23,4.31,2677414
MGU,20060815,0.175,0.18,0.175,0.18,20000
MGW,20060815,2.25,2.28,2.23,2.24,94267
MGX,20060815,0.75,0.76,0.735,0.75,1305892
MHL,20060815,0.022,0.022,0.022,0.022,1255000
MIC,20060815,0.032,0.032,0.024,0.027,4699000
MIG,20060815,2.92,2.94,2.89,2.91,10534816
MIK,20060815,0.088,0.09,0.088,0.09,25500
MIN,20060815,1.36,1.36,1.34,1.35,53670
MIR,20060815,1.86,1.88,1.85,1.85,27900
MIS,20060815,0.52,0.525,0.52,0.52,167710
MLB,20060815,1.81,1.82,1.81,1.82,25000
MLE,20060815,2.45,2.47,2.45,2.47,56228
MLI,20060815,0.245,0.25,0.23,0.245,640402
MLM,20060815,0.25,0.255,0.24,0.24,303400
MLT,20060815,20.36,20.37,20.34,20.36,36553
MMA,20060815,0.95,0.95,0.94,0.945,317787
MML,20060815,0.66,0.68,0.65,0.65,6970
MMN,20060815,0.32,0.32,0.305,0.315,312003
MMR,20060815,0.14,0.14,0.14,0.14,25000
MMS,20060815,3.64,3.64,3.64,3.64,6700
MMX,20060815,0.64,0.65,0.63,0.64,176638
MMZ,20060815,0.67,0.675,0.67,0.675,10000
MND,20060815,5.87,6,5.87,5.9,67694
MOC,20060815,2.48,2.48,2.47,2.48,4360
MOD,20060815,0.026,0.026,0.026,0.026,1000000
MOE,20060815,1.33,1.39,1.33,1.39,291641
MOF,20060815,1.38,1.395,1.37,1.38,7832969
MOL,20060815,1.405,1.405,1.4,1.4,20000
MON,20060815,0.255,0.275,0.25,0.255,338224
MOO,20060815,0.24,0.24,0.24,0.24,300000
MOS,20060815,0.165,0.165,0.16,0.165,389283
MOX,20060815,0.33,0.33,0.325,0.33,131000
MPA,20060815,0.038,0.038,0.036,0.036,225000
MPB,20060815,6.21,6.21,6.2,6.2,1000
MPF,20060815,1.155,1.155,1.15,1.15,117500
MPH,20060815,0.2,0.2,0.195,0.195,150000
MPJ,20060815,0.009,0.009,0.009,0.009,5306106
MPO,20060815,0.037,0.039,0.037,0.039,250333
MPR,20060815,1.175,1.185,1.165,1.185,2836837
MPS,20060815,1.02,1.02,1.02,1.02,101284
MPY,20060815,0.83,0.83,0.825,0.83,234000
MRA,20060815,0.955,0.955,0.945,0.945,150270
MRC,20060815,0.185,0.185,0.185,0.185,5000
MRE,20060815,2.99,3.05,2.91,2.93,740013
MRL,20060815,1.435,1.45,1.43,1.45,184625
MRM,20060815,0.62,0.62,0.61,0.61,111950
MRN,20060815,1.02,1.02,1.02,1.02,500
MRO,20060815,1.05,1.05,1.05,1.05,6876
MRX,20060815,0.062,0.062,0.059,0.059,181853
MRY,20060815,0.16,0.19,0.16,0.19,30000
MSB,20060815,1.26,1.31,1.25,1.31,32000
MSC,20060815,0.012,0.012,0.011,0.012,986354
MSF,20060815,11.5,11.5,11,11,900
MSH,20060815,0.053,0.055,0.053,0.055,665000
MST,20060815,0.11,0.11,0.11,0.11,303183
MTD,20060815,0.14,0.14,0.14,0.14,50000
MTN,20060815,0.725,0.73,0.72,0.73,144144
MTS,20060815,4.01,4.03,3.96,4.01,3110142
MTU,20060815,0.295,0.295,0.295,0.295,5000
MTY,20060815,0.255,0.255,0.235,0.235,50000
MUL,20060815,0.008,0.008,0.007,0.007,1997386
MUR,20060815,0.075,0.075,0.075,0.075,82000
MUT,20060815,0.048,0.048,0.047,0.047,104395
MVL,20060815,0.056,0.057,0.053,0.053,718000
MVP,20060815,0.3,0.3,0.3,0.3,4800
MWE,20060815,0.17,0.17,0.165,0.17,271000
MWG,20060815,0.925,0.925,0.925,0.925,20000
MWR,20060815,0.05,0.05,0.05,0.05,100000
MWS,20060815,0.12,0.12,0.12,0.12,59502
MXG,20060815,3.46,3.46,3.4,3.42,988628
MXI,20060815,0.505,0.505,0.48,0.5,351672
MXL,20060815,0.11,0.11,0.098,0.105,571684
MXR,20060815,0.13,0.13,0.13,0.13,5000
MYO,20060815,0.915,0.915,0.89,0.895,100259
MYP,20060815,2.88,2.9,2.84,2.89,2178289
NAB,20060815,36.55,36.66,36.13,36.3,2037119
NAD,20060815,0.045,0.045,0.044,0.044,1320000
NAL,20060815,0.17,0.17,0.17,0.17,112200
NAM,20060815,0.65,0.65,0.64,0.64,45270
NAV,20060815,0.22,0.225,0.215,0.215,424092
NBL,20060815,3.9,3.92,3.9,3.92,21974
NCI,20060815,1.75,1.75,1.75,1.75,15000
NCK,20060815,1.43,1.5,1.43,1.5,183974
NCM,20060815,20.15,20.22,19.6,19.75,1034648
NDC,20060815,0.04,0.045,0.04,0.045,500000
NDO,20060815,0.19,0.19,0.185,0.185,646192
NEC,20060815,0.29,0.29,0.28,0.28,107510
NEL,20060815,1.25,1.25,1.25,1.25,2436
NEM,20060815,6.7,6.7,6.63,6.68,14855
NEO,20060815,0.023,0.024,0.022,0.024,13085976
NHC,20060815,1.28,1.28,1.27,1.27,11573
NHM,20060815,0.008,0.008,0.007,0.007,418784
NHR,20060815,1.75,1.85,1.75,1.84,91666
NIA,20060815,0.39,0.395,0.38,0.38,1768863
NKP,20060815,0.8,0.81,0.8,0.81,57120
NLS,20060815,0.11,0.11,0.11,0.11,10000
NLX,20060815,0.043,0.044,0.042,0.044,1922183
NMS,20060815,0.28,0.31,0.28,0.28,39350
NPX,20060815,5.35,5.35,5.35,5.35,2240
NRL,20060815,0.2,0.21,0.2,0.21,28811
NRT,20060815,2.68,2.7,2.59,2.7,124819
NRU,20060815,0.29,0.29,0.265,0.265,37568
NUF,20060815,9.4,9.42,9.38,9.4,115593
NWA,20060815,0.049,0.049,0.047,0.047,100000
NWE,20060815,0.105,0.105,0.099,0.099,463403
NWK,20060815,0.14,0.15,0.14,0.15,13500
NWR,20060815,0.23,0.23,0.225,0.23,177924
NWS,20060815,25.55,25.8,25.5,25.78,924742
NXS,20060815,0.605,0.605,0.585,0.6,501500
NZO,20060815,0.79,0.79,0.79,0.79,500
OAK,20060815,1.705,1.705,1.705,1.705,35000
OBJ,20060815,0.069,0.077,0.069,0.069,2207712
OCL,20060815,1.13,1.13,1.13,1.13,8000
OCO,20060815,0.064,0.065,0.056,0.057,3599558
ODY,20060815,0.73,0.73,0.7,0.715,141309
OEC,20060815,0.098,0.1,0.098,0.098,81945
OEL,20060815,0.16,0.165,0.16,0.16,387784
OEQ,20060815,0.83,0.83,0.79,0.82,35541
OEX,20060815,0.925,0.96,0.9,0.96,265958
OFM,20060815,2.36,2.36,2.36,2.36,18535
OGD,20060815,0.77,0.79,0.75,0.785,739979
OIL,20060815,0.49,0.51,0.49,0.51,41600
OKN,20060815,3.46,3.52,3.44,3.46,336116
OLY,20060815,0.16,0.16,0.15,0.15,20619
OMC,20060815,0.54,0.54,0.525,0.53,218574
OMH,20060815,0.65,0.68,0.65,0.68,29858
OMI,20060815,0.5,0.5,0.47,0.47,65000
OMP,20060815,3.45,3.52,3.44,3.52,253744
OPC,20060815,0.1,0.1,0.1,0.1,50000
OPI,20060815,0.047,0.047,0.047,0.047,1965
OPL,20060815,0.58,0.58,0.575,0.575,62833
ORC,20060815,0.033,0.033,0.033,0.033,30000
ORD,20060815,0.26,0.26,0.25,0.25,116667
ORG,20060815,7.15,7.25,7.08,7.09,1362512
ORH,20060815,0.17,0.17,0.17,0.17,2945
ORI,20060815,22.45,22.45,22.02,22.08,1246104
ORL,20060815,1.31,1.31,1.25,1.25,11395
ORO,20060815,0.017,0.017,0.015,0.016,896704
ORP,20060815,0.095,0.095,0.095,0.095,15000
ORT,20060815,0.018,0.018,0.018,0.018,144440
OSH,20060815,3.89,3.89,3.69,3.72,11805628
OST,20060815,3.82,3.87,3.82,3.85,1410314
OXR,20060815,2.75,2.77,2.65,2.65,13437350
PAA,20060815,0.135,0.135,0.12,0.12,180000
PBA,20060815,0.78,0.78,0.78,0.78,1000
PBB,20060815,1.885,1.91,1.885,1.91,134117
PBD,20060815,3.45,3.45,3.3,3.43,87446
PBG,20060815,2.27,2.27,2.23,2.24,1491881
PBI,20060815,0.235,0.24,0.23,0.24,126236
PBL,20060815,17.09,17.09,16.85,17.01,598420
PBS,20060815,5.09,5.1,5.09,5.1,11475
PBT,20060815,0.32,0.32,0.31,0.31,70200
PCC,20060815,0.057,0.057,0.056,0.056,123050
PCG,20060815,0.785,0.795,0.76,0.76,308417
PCL,20060815,0.059,0.059,0.056,0.056,111300
PCP,20060815,0.078,0.078,0.078,0.078,16465
PDL,20060815,2.42,2.42,2.42,2.42,18368
PDN,20060815,4.45,4.47,4.33,4.34,1807573
PDO,20060815,0.83,0.83,0.83,0.83,395166
PDZ,20060815,0.335,0.34,0.33,0.34,28528
PEA,20060815,0.65,0.65,0.65,0.65,300000
PEM,20060815,2.82,2.82,2.76,2.8,462977
PEN,20060815,0.019,0.019,0.018,0.018,706097
PEO,20060815,0.069,0.069,0.069,0.069,60000
PEP,20060815,0.67,0.67,0.67,0.67,16750
PET,20060815,0.85,0.85,0.85,0.85,2527
PFM,20060815,0.31,0.31,0.31,0.31,9000
PGA,20060815,4.98,5,4.98,5,1000
PGL,20060815,2.7,2.75,2.66,2.75,35328
PGM,20060815,0.175,0.175,0.17,0.17,73513
PGN,20060815,0.85,0.85,0.85,0.85,51209
PGS,20060815,0.42,0.42,0.405,0.41,531355
PHK,20060815,0.165,0.165,0.16,0.165,339550
PHL,20060815,0.014,0.015,0.014,0.015,270833
PIE,20060815,0.015,0.016,0.015,0.016,1844374
PIO,20060815,0.135,0.135,0.135,0.135,120570
PKT,20060815,0.02,0.02,0.02,0.02,500000
PLA,20060815,0.9,0.91,0.9,0.9,449833
PLD,20060815,0.32,0.33,0.32,0.33,31300
PLF,20060815,1.135,1.14,1.135,1.14,62879
PMC,20060815,2.28,2.29,2.27,2.29,52190
PME,20060815,1.36,1.36,1.36,1.36,14000
PMH,20060815,0.23,0.23,0.225,0.225,124000
PMM,20060815,5.45,5.45,5.35,5.35,2753
PMN,20060815,5.56,5.59,5.48,5.54,1692097
PMP,20060815,1.52,1.52,1.475,1.475,417090
PMV,20060815,4.7,4.7,4.7,4.7,5700
PNA,20060815,0.29,0.29,0.28,0.28,3458783
PNN,20060815,0.465,0.465,0.44,0.445,206541
PNO,20060815,0.026,0.026,0.026,0.026,1259499
PNW,20060815,0.072,0.076,0.071,0.076,518513
POH,20060815,0.295,0.31,0.295,0.31,355001
POL,20060815,0.175,0.175,0.175,0.175,104725
PPC,20060815,3.52,3.56,3.52,3.55,33600
PPI,20060815,0.54,0.545,0.54,0.545,25000
PPK,20060815,0.74,0.74,0.73,0.73,64289
PPN,20060815,0.14,0.14,0.13,0.13,31683
PPP,20060815,0.155,0.155,0.155,0.155,42000
PPR,20060815,1.23,1.23,1.23,1.23,22000
PPS,20060815,0.63,0.63,0.615,0.615,65542
PPT,20060815,69.7,69.7,68.71,69.65,70817
PPX,20060815,3.09,3.11,3.03,3.06,854402
PPY,20060815,0.29,0.29,0.29,0.29,20500
PRE,20060815,0.018,0.019,0.018,0.019,60000
PRG,20060815,4.27,4.28,4.17,4.17,21327
PRM,20060815,0.028,0.03,0.028,0.03,188000
PRO,20060815,0.195,0.195,0.175,0.175,40500
PRR,20060815,0.063,0.063,0.063,0.063,25000
PRT,20060815,3.5,3.5,3.5,3.5,14678
PRU,20060815,0.515,0.515,0.505,0.505,83908
PRV,20060815,1.03,1.03,1.025,1.025,175661
PRY,20060815,11.94,11.94,11.8,11.91,19416
PRZ,20060815,0.21,0.21,0.205,0.205,31200
PSA,20060815,2.77,2.77,2.7,2.74,186514
PSD,20060815,0.305,0.305,0.29,0.3,257500
PSH,20060815,1.39,1.45,1.39,1.45,77232
PSP,20060815,0.09,0.09,0.085,0.085,32800
PSV,20060815,0.33,0.33,0.32,0.32,634421
PTD,20060815,1.24,1.25,1.22,1.24,99493
PTR,20060815,0.295,0.295,0.295,0.295,70000
PTS,20060815,0.082,0.082,0.081,0.081,80875
PVE,20060815,1.7,1.7,1.7,1.7,1250
PWK,20060815,2,2,1.94,1.94,13000
PWR,20060815,0.505,0.505,0.5,0.5,105266
PWT,20060815,1.07,1.1,1.07,1.09,23972
PXL,20060815,0.29,0.29,0.29,0.29,34000
PXS,20060815,1.89,1.92,1.88,1.9,71969
PYC,20060815,0.5,0.53,0.5,0.53,176183
PYM,20060815,0.635,0.645,0.63,0.64,111450
QAN,20060815,3.1,3.13,3.09,3.1,15343215
QBE,20060815,22.15,22.15,21.8,21.8,2044914
QCH,20060815,3.4,3.41,3.35,3.35,24100
QED,20060815,0.041,0.041,0.041,0.041,200000
QFX,20060815,0.115,0.115,0.11,0.11,125000
QGC,20060815,0.82,0.825,0.81,0.82,2294972
QHL,20060815,0.61,0.61,0.57,0.58,178146
QMG,20060815,0.42,0.42,0.42,0.42,45000
QMT,20060815,2.15,2.2,2.13,2.16,14723
QPX,20060815,0.1,0.1,0.098,0.098,50000
QRS,20060815,0.6,0.675,0.6,0.63,1004460
QTK,20060815,0.135,0.14,0.13,0.135,165210
QUR,20060815,0.04,0.041,0.04,0.041,150000
RAT,20060815,0.98,0.98,0.97,0.98,714141
RAU,20060815,0.08,0.08,0.08,0.08,45000
RBH,20060815,0.048,0.048,0.048,0.048,51500
RBM,20060815,0.11,0.11,0.11,0.11,5000
RBY,20060815,0.019,0.019,0.019,0.019,229434
RCG,20060815,0.17,0.17,0.17,0.17,40000
RCI,20060815,0.185,0.19,0.185,0.19,166785
RCL,20060815,1.04,1.17,1.035,1.17,3100488
RCO,20060815,0.53,0.53,0.505,0.52,161895
RCR,20060815,2.07,2.16,2.06,2.14,165740
RDF,20060815,1.935,1.94,1.86,1.9,54138
RDR,20060815,0.44,0.445,0.43,0.43,45754
RDS,20060815,0.575,0.66,0.575,0.61,525997
REA,20060815,3.95,4.04,3.95,4.04,28574
REB,20060815,3.27,3.27,3.27,3.27,1000
RED,20060815,0.125,0.13,0.125,0.125,351217
REF,20060815,2.65,2.75,2.65,2.75,65344
REH,20060815,15,15,15,15,12640
RER,20060815,0.19,0.19,0.19,0.19,10000
REU,20060815,0.97,0.97,0.965,0.97,1678508
REX,20060815,1.03,1.03,1.02,1.02,20800
REY,20060815,0.185,0.185,0.175,0.175,184000
RFE,20060815,0.275,0.29,0.275,0.29,105616
RHC,20060815,9.71,9.71,9.5,9.55,380123
RHD,20060815,0.46,0.46,0.43,0.43,31830
RHI,20060815,1.06,1.06,1.06,1.06,17062
RHL,20060815,3.86,3.88,3.86,3.88,2863
RHT,20060815,0.02,0.02,0.019,0.02,71000
RIA,20060815,0.31,0.31,0.31,0.31,57000
RIC,20060815,1.195,1.195,1.135,1.16,187129
RIN,20060815,13.18,13.18,12.85,12.88,5099676
RIO,20060815,72.37,72.7,72.1,72.3,1809130
RIV,20060815,0.92,0.92,0.875,0.9,200505
RKN,20060815,0.91,0.91,0.91,0.91,7956
RMA,20060815,0.125,0.13,0.12,0.13,405862
RMD,20060815,6.01,6.02,5.91,6,1036436
RMI,20060815,0.036,0.036,0.033,0.033,2021679
RML,20060815,0.195,0.195,0.19,0.19,440544
RMS,20060815,0.175,0.175,0.17,0.175,92135
RNC,20060815,0.21,0.21,0.2,0.2,110700
RND,20060815,0.31,0.31,0.31,0.31,3300
RNG,20060815,0.135,0.14,0.125,0.13,2492786
ROC,20060815,3.93,3.99,3.93,3.95,405720
ROK,20060815,5.15,5.15,5.15,5.15,200
ROY,20060815,0.195,0.195,0.19,0.19,143199
RPC,20060815,0.41,0.41,0.41,0.41,50000
RPG,20060815,0.93,0.93,0.93,0.93,8000
RPT,20060815,0.135,0.135,0.135,0.135,17944390
RRL,20060815,0.11,0.11,0.105,0.11,533941
RRS,20060815,0.032,0.033,0.031,0.032,3622000
RRT,20060815,0.99,1,0.99,0.99,304000
RSG,20060815,1.67,1.67,1.64,1.65,75251
RSN,20060815,0.24,0.24,0.23,0.23,317892
RSP,20060815,1.08,1.135,1.08,1.135,538797
RTM,20060815,0.023,0.023,0.023,0.023,204250
RUP,20060815,10.5,10.5,10.5,10.5,5647
RUR,20060815,0.22,0.22,0.22,0.22,14550
RWD,20060815,0.205,0.22,0.2,0.22,330806
RXL,20060815,0.26,0.26,0.255,0.255,73100
SAE,20060815,0.46,0.465,0.445,0.45,146803
SAI,20060815,3.24,3.36,3.24,3.27,228741
SAQ,20060815,6.1,6.1,6,6,8200
SAU,20060815,0.265,0.265,0.26,0.26,85000
SAX,20060815,0.12,0.12,0.12,0.12,23451
SBC,20060815,11.26,11.31,10.86,11.05,104308
SBM,20060815,0.525,0.53,0.52,0.52,887860
SBP,20060815,0.07,0.07,0.066,0.066,150000
SBS,20060815,0.068,0.069,0.068,0.069,326000
SCB,20060815,0.835,0.835,0.835,0.835,2250
SCC,20060815,0.34,0.34,0.34,0.34,1000
SCF,20060815,109.5,109.5,109.5,109.5,1277
SCX,20060815,0.042,0.042,0.042,0.042,7500
SDG,20060815,2.22,2.23,2.14,2.2,392573
SDI,20060815,0.82,0.82,0.805,0.815,63200
SDL,20060815,0.09,0.09,0.085,0.086,3702800
SDM,20060815,1.38,1.395,1.35,1.35,40163
SEA,20060815,0.27,0.27,0.27,0.27,50000
SED,20060815,0.27,0.28,0.27,0.28,1428560
SEK,20060815,4.47,4.5,4.35,4.4,573005
SEL,20060815,3.3,3.53,3.3,3.48,1198659
SEN,20060815,0.39,0.395,0.38,0.39,805803
SEV,20060815,8.9,8.9,8.76,8.8,76956
SFC,20060815,6.85,6.98,6.8,6.98,14372
SFR,20060815,0.53,0.53,0.52,0.53,288900
SFY,20060815,48.56,48.66,48.56,48.66,3051
SGB,20060815,29.52,29.69,29.46,29.48,788899
SGL,20060815,0.24,0.245,0.24,0.245,192790
SGM,20060815,18.09,18.25,18,18.05,1334590
SGN,20060815,2.75,2.76,2.71,2.71,101708
SGP,20060815,7,7.04,6.97,7.02,5135462
SGT,20060815,2.02,2.03,2,2.02,3415475
SGV,20060815,0.062,0.064,0.062,0.064,115454
SGX,20060815,4.89,4.89,4.76,4.76,98270
SHA,20060815,0.38,0.38,0.355,0.37,47660
SHC,20060815,0.13,0.13,0.13,0.13,55400
SHG,20060815,0.475,0.475,0.46,0.465,105232
SHL,20060815,12.21,12.23,11.75,11.78,991608
SHV,20060815,12.71,12.75,12.63,12.65,29908
SIE,20060815,0.068,0.068,0.067,0.067,21000
SIM,20060815,0.405,0.41,0.4,0.4,98000
SIP,20060815,2.33,2.33,2.25,2.25,930652
SKC,20060815,4.3,4.37,4.3,4.33,104118
SKE,20060815,4.57,4.63,4.57,4.63,16075
SKS,20060815,0.385,0.385,0.385,0.385,1750
SKW,20060815,0.28,0.29,0.275,0.28,279304
SLA,20060815,0.2,0.2,0.19,0.19,10300
SLF,20060815,19.7,19.78,19.63,19.78,6743
SLM,20060815,2.78,2.79,2.75,2.79,32735
SLT,20060815,0.063,0.063,0.062,0.062,19700
SLV,20060815,0.84,0.84,0.82,0.82,70500
SLX,20060815,3.69,3.73,3.69,3.73,80656
SML,20060815,0.039,0.04,0.039,0.04,100000
SMM,20060815,1.53,1.53,1.49,1.505,232111
SMN,20060815,0.12,0.12,0.12,0.12,20245
SMO,20060815,0.105,0.105,0.1,0.1,1529446
SMX,20060815,3.05,3.1,3.05,3.1,17897
SMY,20060815,1.25,1.25,1.225,1.24,201594
SNF,20060815,0.385,0.385,0.385,0.385,10000
SNN,20060815,0.054,0.058,0.05,0.058,140263
SNO,20060815,0.55,0.56,0.55,0.56,139960
SOE,20060815,0.18,0.18,0.18,0.18,167787
SOL,20060815,7.65,7.65,7.57,7.58,26683
SOT,20060815,0.75,0.795,0.75,0.795,153617
SPH,20060815,1.08,1.08,1.025,1.025,33500
SPL,20060815,0.505,0.52,0.505,0.52,54052
SPN,20060815,1.28,1.3,1.28,1.29,785909
SPT,20060815,4.37,4.4,4.3,4.4,256474
SRA,20060815,0.03,0.03,0.028,0.028,247100
SRB,20060815,1.35,1.35,1.35,1.35,579
SRG,20060815,1.05,1.055,1.03,1.04,8483229
SRH,20060815,1.29,1.3,1.28,1.28,39599
SRI,20060815,0.058,0.058,0.055,0.058,243640
SRK,20060815,0.76,0.77,0.725,0.725,202262
SRL,20060815,4,4.1,3.98,4.06,290603
SRX,20060815,2.35,2.35,2.3,2.35,18787
SRZ,20060815,0.335,0.36,0.31,0.315,294500
SSI,20060815,2.6,2.6,2.6,2.6,10000
SSN,20060815,0.33,0.33,0.32,0.32,110941
SSX,20060815,1.58,1.655,1.57,1.65,5756301
STB,20060815,0.165,0.18,0.16,0.18,113254
STE,20060815,0.078,0.08,0.078,0.08,195000
STI,20060815,0.073,0.073,0.073,0.073,8650
STO,20060815,11.5,11.58,11.25,11.32,3200674
STP,20060815,0.096,0.096,0.095,0.095,120000
STR,20060815,0.4,0.425,0.4,0.42,570680
STS,20060815,1.23,1.24,1.23,1.24,14140
STU,20060815,1.38,1.38,1.32,1.34,87023
STW,20060815,48.88,48.95,48.41,48.41,22136
STX,20060815,0.205,0.205,0.195,0.2,395411
SUL,20060815,1.86,1.9,1.86,1.865,94019
SUN,20060815,19.6,19.7,19.38,19.43,675426
SUR,20060815,0.105,0.11,0.105,0.11,71044
SVS,20060815,1.1,1.1,1.1,1.1,1600
SYB,20060815,2.86,2.87,2.77,2.81,1381974
SYL,20060815,4.75,4.75,4.75,4.75,9284
SYM,20060815,0.825,0.825,0.77,0.78,259145
SYN,20060815,3.65,3.83,3.65,3.83,28175
SYP,20060815,0.32,0.325,0.32,0.32,606100
TAH,20060815,15.25,15.43,15.21,15.3,715916
TAM,20060815,0.255,0.255,0.245,0.25,1427357
TAN,20060815,0.89,0.89,0.83,0.83,20243
TAP,20060815,1.9,1.9,1.87,1.87,360082
TAS,20060815,0.095,0.099,0.095,0.099,37000
TAW,20060815,0.23,0.23,0.205,0.205,136055
TBG,20060815,1.5,1.57,1.5,1.57,36394
TCI,20060815,1.04,1.05,1.03,1.05,516851
TCL,20060815,7.12,7.14,7.05,7.09,1238604
TCN,20060815,0.045,0.045,0.045,0.045,4000
TCQ,20060815,1.44,1.44,1.42,1.42,18085
TDR,20060815,0.02,0.02,0.02,0.02,632287
TEE,20060815,0.023,0.023,0.02,0.02,2453280
TEL,20060815,3.39,3.41,3.38,3.39,2134239
TEN,20060815,2.68,2.71,2.65,2.65,536932
TFC,20060815,0.39,0.39,0.39,0.39,5660
TFE,20060815,0.335,0.335,0.325,0.325,208936
TGF,20060815,0.28,0.28,0.27,0.27,35867
TGG,20060815,1.505,1.51,1.505,1.51,27000
TGR,20060815,1.11,1.135,1.11,1.135,51527
TGS,20060815,0.405,0.44,0.395,0.44,509441
THG,20060815,0.785,0.785,0.765,0.765,68801
THK,20060815,0.31,0.31,0.31,0.31,24299
THO,20060815,0.53,0.53,0.53,0.53,2216
THX,20060815,0.23,0.28,0.23,0.28,3696395
TIM,20060815,2.79,2.79,2.76,2.77,572051
TJN,20060815,1.12,1.15,1.12,1.15,42500
TKG,20060815,0.011,0.011,0.01,0.01,11238185
TKL,20060815,0.17,0.17,0.165,0.165,70000
TKR,20060815,1.36,1.36,1.35,1.36,20600
TLC,20060815,0.2,0.2,0.2,0.2,20025
TLS,20060815,3.65,3.67,3.61,3.62,86507377
TLZ,20060815,0.23,0.23,0.2,0.21,52074
TMM,20060815,0.995,1,0.995,1,2500
TMO,20060815,0.165,0.165,0.165,0.165,10000
TMX,20060815,0.155,0.155,0.155,0.155,20000
TNE,20060815,0.69,0.69,0.68,0.69,126633
TNG,20060815,0.265,0.28,0.26,0.28,140033
TOE,20060815,0.8,0.815,0.78,0.78,285125
TOL,20060815,13.21,13.37,13.1,13.18,1279485
TOX,20060815,0.135,0.135,0.13,0.13,3296616
TPI,20060815,7.09,7.1,6.9,6.97,114996
TQH,20060815,0.26,0.27,0.24,0.24,288400
TRG,20060815,9.8,9.8,9.65,9.65,10577
TRO,20060815,0.25,0.26,0.24,0.24,159752
TRS,20060815,6.57,6.64,6.57,6.64,26871
TRU,20060815,10.75,10.75,10.75,10.75,1000
TRY,20060815,2.43,2.55,2.43,2.5,28440
TSE,20060815,8.71,8.8,8.56,8.62,120215
TSH,20060815,0.47,0.47,0.47,0.47,31000
TSO,20060815,2.28,2.29,2.27,2.29,5565763
TSR,20060815,0.05,0.059,0.037,0.059,105001
TSV,20060815,0.022,0.022,0.022,0.022,597800
TTI,20060815,0.305,0.31,0.28,0.29,184727
TTR,20060815,0.125,0.13,0.125,0.13,398199
TTS,20060815,2.85,2.87,2.84,2.87,1736676
TTT,20060815,0.5,0.5,0.5,0.5,12750
TVL,20060815,0.24,0.24,0.235,0.235,83000
TWO,20060815,1.6,1.62,1.59,1.6,176050
TWR,20060815,2.67,2.69,2.62,2.65,203274
TZL,20060815,0.565,0.58,0.56,0.56,438630
TZN,20060815,1.31,1.31,1.265,1.265,55700
UCL,20060815,0.054,0.055,0.054,0.055,196708
UCM,20060815,0.355,0.355,0.355,0.355,2000
UEQ,20060815,0.28,0.28,0.28,0.28,62900
UGL,20060815,14,14,13.74,13.75,529510
UKD,20060815,0.18,0.18,0.17,0.17,103300
UNI,20060815,0.195,0.2,0.19,0.195,280712
UNW,20060815,0.305,0.305,0.3,0.3,15856
UNX,20060815,0.495,0.525,0.495,0.51,193280
UOS,20060815,1.65,1.65,1.6,1.6,7276
URA,20060815,0.23,0.23,0.215,0.215,108000
URL,20060815,0.205,0.205,0.195,0.195,540137
UTB,20060815,14.4,14.58,14.4,14.52,273153
UTO,20060815,0.43,0.43,0.415,0.42,209963
UXA,20060815,0.39,0.39,0.36,0.37,1212907
UXC,20060815,1.11,1.11,1.1,1.1,69299
VBA,20060815,1.545,1.545,1.53,1.535,18723
VCM,20060815,2.25,2.25,2.25,2.25,1000
VCN,20060815,0.23,0.23,0.23,0.23,24650
VCR,20060815,0.77,0.78,0.76,0.76,396633
VGH,20060815,4.1,4.1,4.1,4.1,460924
VGP,20060815,0.45,0.49,0.45,0.49,17700
VIA,20060815,0.072,0.08,0.072,0.08,99000
VIR,20060815,0.89,0.9,0.89,0.9,24200
VKI,20060815,0.74,0.74,0.74,0.74,23000
VLL,20060815,0.14,0.14,0.135,0.135,92370
VML,20060815,0.245,0.25,0.245,0.25,157350
VPE,20060815,0.025,0.025,0.024,0.024,1446564
VPG,20060815,1.475,1.475,1.455,1.46,332245
VPH,20060815,0.3,0.3,0.295,0.295,11500
VRE,20060815,0.17,0.17,0.17,0.17,4500
VRL,20060815,2.2,2.35,2.2,2.31,5201
VSG,20060815,0.019,0.019,0.017,0.017,180166
VSL,20060815,2.11,2.12,2.1,2.12,5123500
VTP,20060815,1.155,1.155,1.15,1.15,66170
VUL,20060815,1.4,1.4,1.38,1.38,9398
VWD,20060815,1.705,1.71,1.7,1.705,481120
WAB,20060815,1.01,1.01,1,1.01,38398
WAL,20060815,0.15,0.155,0.15,0.155,36497
WAM,20060815,1.7,1.7,1.69,1.7,27000
WAN,20060815,9.15,9.2,9.05,9.1,552095
WAS,20060815,0.026,0.026,0.026,0.026,58150
WBA,20060815,0.625,0.65,0.625,0.65,20558
WBB,20060815,11.3,11.3,11.2,11.2,2032
WBC,20060815,22.69,22.82,22.51,22.73,3226689
WCB,20060815,3.42,3.42,3.41,3.41,8000
WCG,20060815,1.5,1.5,1.5,1.5,2000
WCP,20060815,0.09,0.09,0.085,0.085,290000
WDC,20060815,18.25,18.41,18.22,18.33,4902322
WEB,20060815,0.33,0.335,0.33,0.33,1719742
WEC,20060815,1.03,1.03,0.99,0.99,14000
WES,20060815,34.88,34.88,33.4,33.8,2239275
WEZ,20060815,0.165,0.17,0.165,0.17,115625
WFL,20060815,1.42,1.42,1.35,1.35,15060
WGP,20060815,0.11,0.11,0.09,0.09,110300
WHG,20060815,5.79,5.8,5.7,5.72,264598
WIL,20060815,0.975,0.98,0.97,0.98,80901
WLL,20060815,1.85,1.85,1.82,1.84,7585
WLS,20060815,1.115,1.12,1.105,1.115,66949
WME,20060815,0.12,0.135,0.12,0.135,150415
WMG,20060815,0.069,0.069,0.069,0.069,144
WMT,20060815,0.019,0.019,0.018,0.018,2300000
WOR,20060815,20.25,20.27,19.9,20,285061
WOW,20060815,19.38,19.49,19.19,19.32,1383491
WPG,20060815,0.22,0.22,0.21,0.22,52000
WPL,20060815,41.15,41.15,40.05,40.2,1989727
WRF,20060815,0.46,0.46,0.46,0.46,11000
WRL,20060815,0.2,0.2,0.195,0.195,27166
WSA,20060815,2.67,2.7,2.63,2.65,316895
WSP,20060815,0.18,0.18,0.16,0.16,753300
WSY,20060815,0.022,0.022,0.022,0.022,153291
WTE,20060815,0.029,0.029,0.028,0.028,1685050
WTF,20060815,3.78,3.79,3.67,3.72,93633
WTP,20060815,2.36,2.38,2.36,2.38,40690
WWM,20060815,0.028,0.028,0.027,0.027,2457309
WYL,20060815,2.88,2.89,2.83,2.83,524042
XAO,20060815,4938.6,4943.3,4899.1,4904.7,0
XBL,20060815,0.225,0.225,0.225,0.225,19407
XBW,20060815,383.59,383.59,383.59,383.59,0
XDJ,20060815,2269.5,2273.3,2244.3,2257.2,0
XEJ,20060815,12082.1,12082.1,11775.6,11787,0
XFJ,20060815,5973.8,5991.5,5941.4,5964.6,0
XFL,20060815,4878.3,4888.1,4842.1,4848.3,0
XGD,20060815,4076.4,4076.4,4076.4,4076.4,0
XHJ,20060815,6079.3,6096.6,5925.7,5939.2,0
XIJ,20060815,473,474.1,464,467.5,0
XJO,20060815,4971.3,4977,4929.7,4936,0
XKO,20060815,4967.7,4973,4926.3,4932.7,0
XMD,20060815,4894.3,4898.4,4824.6,4832.5,0
XMJ,20060815,9902.2,9910.9,9771.3,9774.6,0
XMM,20060815,3340.3,3340.3,3340.3,3340.3,0
XNJ,20060815,5182.1,5201,5126.8,5133.1,0
XPJ,20060815,2081.8,2087.8,2070.4,2085.6,0
XSJ,20060815,6090.4,6123.5,6037.5,6067.8,0
XSO,20060815,2845.1,2845.1,2819.1,2827.1,0
XTJ,20060815,1269.4,1271.4,1251.8,1255.3,0
XTL,20060815,2718,2726,2699.5,2702.2,0
XTO,20060815,4032.1,4037.7,3998.3,4003.4,0
XUJ,20060815,6035.1,6046.6,6003.7,6025,0
XXJ,20060815,6125.5,6148,6091.9,6110.2,0
YGL,20060815,0.145,0.145,0.12,0.145,1684116
ZBB,20060815,0.155,0.155,0.145,0.145,60000
ZFX,20060815,10.42,10.5,10.32,10.34,5283564
ZIM,20060815,10,10,10,10,6650
ZTL,20060815,0.83,0.83,0.83,0.83,2000
ZYL,20060815,0.02,0.022,0.02,0.022,140000
