AAC,20060609,1.895,1.895,1.84,1.86,678081
AAE,20060609,0.65,0.665,0.62,0.62,387578
AAM,20060609,0.22,0.22,0.22,0.22,5000
AAQ,20060609,0.36,0.38,0.355,0.38,25269
AAR,20060609,0.026,0.027,0.026,0.027,466772
AAT,20060609,0.095,0.095,0.095,0.095,12000
AAU,20060609,0.49,0.5,0.49,0.5,1303669
ABB,20060609,7.22,7.22,7.05,7.14,30263
ABC,20060609,2.5,2.56,2.46,2.5,1630974
ABI,20060609,0.051,0.051,0.049,0.051,813544
ABJ,20060609,1.375,1.44,1.375,1.44,99395
ABP,20060609,1.48,1.5,1.48,1.5,710554
ABQ,20060609,0.12,0.12,0.12,0.12,52632
ABS,20060609,6.71,6.85,6.6,6.73,2334078
ABY,20060609,2.22,2.25,2.08,2.16,4204833
ACB,20060609,0.255,0.29,0.255,0.29,32000
ACE,20060609,0.105,0.105,0.105,0.105,6200
ACG,20060609,0.24,0.24,0.23,0.23,11250
ACL,20060609,1.16,1.2,1.16,1.165,88834
ACR,20060609,0.75,0.78,0.75,0.78,74500
ACU,20060609,0.072,0.074,0.063,0.064,1369100
ADA,20060609,0.42,0.42,0.4,0.4,46237
ADB,20060609,12.3,12.47,12.3,12.43,212956
ADG,20060609,2.9,2.91,2.9,2.91,22876
ADI,20060609,0.32,0.32,0.3,0.31,640436
ADL,20060609,0.063,0.063,0.063,0.063,31500
ADN,20060609,0.395,0.4,0.38,0.4,101101
ADU,20060609,0.655,0.66,0.65,0.65,604321
ADX,20060609,0.099,0.1,0.099,0.1,30000
ADY,20060609,0.098,0.099,0.096,0.097,978015
ADZ,20060609,1.94,1.99,1.92,1.99,204855
AEC,20060609,3.65,3.65,3.64,3.65,15090
AED,20060609,1.3,1.3,1.16,1.28,913046
AEE,20060609,0.155,0.155,0.155,0.155,78000
AEI,20060609,0.515,0.52,0.515,0.52,75800
AEM,20060609,0.025,0.025,0.025,0.025,51871
AEO,20060609,1.625,1.63,1.62,1.63,97247
AEU,20060609,1.675,1.675,1.65,1.65,60980
AEX,20060609,0.041,0.041,0.038,0.039,8973671
AEZ,20060609,1.14,1.15,1.14,1.15,1100000
AFI,20060609,4.59,4.6,4.53,4.55,172338
AFS,20060609,0.053,0.053,0.042,0.042,500000
AFT,20060609,0.013,0.013,0.012,0.012,2145463
AGC,20060609,1.39,1.39,1.33,1.39,103200
AGG,20060609,11.36,11.36,11.15,11.15,4475
AGI,20060609,0.365,0.37,0.365,0.365,69765
AGL,20060609,17.99,17.99,17.56,17.79,1262459
AGM,20060609,0.255,0.255,0.235,0.24,5496244
AGO,20060609,0.455,0.48,0.455,0.48,182080
AGS,20060609,0.29,0.29,0.27,0.275,423950
AGX,20060609,0.15,0.155,0.14,0.145,252093
AGZ,20060609,0.335,0.335,0.335,0.335,28834
AHD,20060609,4.95,4.95,4.71,4.71,9983
AHE,20060609,1.55,1.6,1.5,1.6,52500
AHO,20060609,0.67,0.67,0.67,0.67,31500
AHS,20060609,0.83,0.84,0.8,0.84,409827
AHU,20060609,5.5,5.5,5.5,5.5,30
AIA,20060609,1.8,1.86,1.8,1.86,1710081
AIE,20060609,0.34,0.34,0.335,0.335,5500
AIG,20060609,0.1,0.1,0.1,0.1,3302
AII,20060609,0.33,0.33,0.33,0.33,28500
AIM,20060609,0.14,0.145,0.135,0.14,2106666
AIV,20060609,0.165,0.165,0.165,0.165,8000
AIX,20060609,2.12,2.14,2.11,2.14,1119741
AIZ,20060609,1.01,1.01,1,1.005,40545
AJL,20060609,0.77,0.8,0.72,0.8,74575
ALD,20060609,0.465,0.47,0.45,0.47,617969
ALK,20060609,0.14,0.155,0.14,0.145,3425700
ALL,20060609,13.25,13.29,12.95,13.08,1713126
ALN,20060609,10.61,10.61,10.4,10.55,1536455
ALR,20060609,1.58,1.58,1.58,1.58,16363
ALS,20060609,9.41,9.62,9.38,9.49,126583
ALT,20060609,0.025,0.025,0.025,0.025,105300
ALU,20060609,0.34,0.34,0.34,0.34,14100
ALZ,20060609,2.12,2.2,2.11,2.15,1190957
AMC,20060609,6.45,6.7,6.44,6.7,1765017
AMH,20060609,0.585,0.585,0.58,0.58,40000
AMM,20060609,0.145,0.15,0.145,0.15,100000
AMO,20060609,0.43,0.43,0.43,0.43,40705
AMP,20060609,8.7,8.81,8.65,8.78,6384195
AMU,20060609,1.1,1.1,1.03,1.055,597752
ANC,20060609,5.98,5.98,5.98,5.98,430
AND,20060609,0.325,0.325,0.31,0.315,544319
ANE,20060609,4.19,4.19,4.17,4.18,16326
ANG,20060609,0.37,0.38,0.36,0.365,163445
ANH,20060609,0.056,0.057,0.055,0.057,4773542
ANM,20060609,0.255,0.255,0.25,0.25,13046
ANN,20060609,9.4,9.55,9.3,9.44,960518
ANO,20060609,0.14,0.155,0.14,0.155,267499
ANP,20060609,0.026,0.027,0.025,0.026,1382000
ANX,20060609,0.255,0.255,0.255,0.255,250
ANZ,20060609,25.83,26.46,25.53,26.3,5203101
AOC,20060609,0.1,0.1,0.1,0.1,113500
AOE,20060609,0.585,0.62,0.585,0.615,462557
AOI,20060609,0.063,0.063,0.062,0.062,255500
AOM,20060609,0.016,0.016,0.016,0.016,48500
AOP,20060609,0.42,0.42,0.415,0.415,35000
AOS,20060609,0.12,0.12,0.11,0.12,152975
APA,20060609,4.16,4.22,4.1,4.2,99639
APD,20060609,2.3,2.4,2.3,2.4,26561
APE,20060609,7.22,7.22,7.21,7.21,8000
APG,20060609,0.016,0.017,0.016,0.016,1440000
API,20060609,2.33,2.33,2.27,2.28,556640
APM,20060609,0.014,0.014,0.014,0.014,2000
APN,20060609,5.05,5.19,5.04,5.05,808176
APZ,20060609,1.58,1.59,1.575,1.59,1020276
AQA,20060609,6.89,6.9,6.8,6.8,15000
AQD,20060609,0.64,0.645,0.555,0.565,572800
AQL,20060609,0.025,0.025,0.025,0.025,150000
AQP,20060609,16.35,16.35,15.9,16.05,200845
ARA,20060609,0.445,0.445,0.44,0.445,404562
ARE,20060609,0.125,0.125,0.12,0.125,1392621
ARG,20060609,6.86,6.97,6.86,6.96,78246
ARH,20060609,0.12,0.125,0.12,0.12,3683611
ARQ,20060609,1.545,1.56,1.53,1.53,1149777
ARU,20060609,0.335,0.35,0.335,0.335,335634
ARW,20060609,1.91,1.94,1.9,1.93,148983
ARX,20060609,0.054,0.054,0.053,0.053,521656
ARZ,20060609,0.95,1,0.95,1,43000
ASB,20060609,2.74,2.74,2.7,2.73,321527
ASC,20060609,0.039,0.039,0.035,0.035,121321
ASL,20060609,1.29,1.38,1.29,1.36,462052
ASP,20060609,0.125,0.125,0.125,0.125,5556
ASV,20060609,0.05,0.05,0.05,0.05,50000
ASX,20060609,30.91,31.14,29.9,30.25,573787
ASZ,20060609,0.68,0.68,0.68,0.68,55567
ATG,20060609,0.385,0.395,0.385,0.395,69600
ATN,20060609,0.059,0.059,0.056,0.056,55700
ATR,20060609,3.11,3.12,3.09,3.12,30401
ATV,20060609,0.13,0.13,0.13,0.13,155000
ATZ,20060609,0.195,0.2,0.195,0.2,262301
AUB,20060609,3.16,3.2,3.12,3.15,64618
AUI,20060609,7.35,7.35,7.2,7.2,4493
AUL,20060609,0.024,0.026,0.023,0.026,5075800
AUM,20060609,0.57,0.58,0.525,0.58,467942
AUN,20060609,1.235,1.24,1.17,1.195,2189807
AUO,20060609,1.09,1.1,1.07,1.07,23000
AUS,20060609,1.27,1.275,1.27,1.275,14000
AUT,20060609,0.555,0.57,0.55,0.55,180954
AUW,20060609,2.3,2.3,2.22,2.25,1971019
AUX,20060609,0.051,0.051,0.051,0.051,77480
AUZ,20060609,0.021,0.022,0.02,0.022,5221200
AVA,20060609,0.06,0.06,0.06,0.06,335715
AVD,20060609,0.24,0.24,0.24,0.24,116000
AVE,20060609,1.7,1.75,1.7,1.75,30000
AVJ,20060609,1.2,1.215,1.195,1.215,93183
AVM,20060609,0.93,0.93,0.865,0.9,91600
AVO,20060609,0.69,0.74,0.685,0.7,266615
AVP,20060609,0.02,0.02,0.02,0.02,100000
AVR,20060609,1.6,1.62,1.6,1.62,14800
AVS,20060609,0.19,0.19,0.19,0.19,5000
AVU,20060609,0.86,0.88,0.84,0.86,74645
AVV,20060609,1.05,1.05,1.03,1.03,133002
AVX,20060609,0.23,0.23,0.225,0.23,208908
AWB,20060609,4.17,4.2,4.06,4.07,1875222
AWC,20060609,6.5,6.54,6.36,6.45,15180109
AWE,20060609,3.1,3.13,3.02,3.05,1913554
AWG,20060609,0.17,0.17,0.17,0.17,53850
AXA,20060609,5.85,5.89,5.73,5.76,2718302
AXI,20060609,0.21,0.23,0.2,0.22,552802
AXM,20060609,0.3,0.31,0.295,0.31,78800
AXO,20060609,0.61,0.61,0.6,0.6,43200
AXQ,20060609,0.91,0.92,0.905,0.915,152132
AYR,20060609,0.16,0.16,0.16,0.16,9888
AZA,20060609,1.28,1.28,1.21,1.255,800234
AZC,20060609,0.185,0.19,0.185,0.185,163041
AZD,20060609,2.5,3,2.5,3,4000
AZM,20060609,0.3,0.31,0.28,0.31,90984
AZR,20060609,0.19,0.19,0.185,0.19,1096342
AZX,20060609,1.2,1.2,1.2,1.2,30450
AZZ,20060609,0.39,0.39,0.38,0.385,301480
BAR,20060609,0.25,0.26,0.24,0.25,297402
BAS,20060609,0.068,0.071,0.068,0.071,352550
BAX,20060609,4.03,4.05,4.03,4.03,110000
BBB,20060609,0.081,0.087,0.078,0.08,46872744
BBG,20060609,14.22,14.4,14.18,14.25,1502241
BBI,20060609,1.635,1.65,1.63,1.65,3900367
BBW,20060609,1.53,1.545,1.515,1.52,852626
BCA,20060609,3.18,3.29,3.17,3.29,1031589
BCL,20060609,3.96,3.96,3.88,3.9,18797
BCM,20060609,4.04,4.05,4.03,4.04,342028
BDG,20060609,1.9,1.95,1.89,1.95,1570083
BDI,20060609,0.795,0.795,0.785,0.785,7374
BDL,20060609,0.14,0.14,0.14,0.14,206891
BDM,20060609,0.26,0.26,0.26,0.26,66000
BDS,20060609,2.75,2.75,2.74,2.75,58353
BEC,20060609,0.47,0.47,0.45,0.45,76700
BEI,20060609,2.62,2.62,2.59,2.62,318668
BEL,20060609,0.4,0.4,0.4,0.4,51750
BEN,20060609,12.1,12.29,12.1,12.15,226090
BGD,20060609,0.645,0.66,0.64,0.65,340000
BGF,20060609,0.29,0.29,0.275,0.285,5980413
BGN,20060609,0.083,0.083,0.082,0.083,46971
BHP,20060609,26.54,26.93,25.94,26.73,30041321
BIC,20060609,0.08,0.08,0.08,0.08,3340
BIL,20060609,10.67,10.83,10.63,10.8,3036225
BIT,20060609,0.245,0.245,0.23,0.23,22000
BIX,20060609,0.165,0.165,0.16,0.16,99560
BJT,20060609,1.71,1.75,1.71,1.745,3424977
BKG,20060609,0.145,0.145,0.145,0.145,10000
BKI,20060609,1.32,1.36,1.32,1.35,56923
BKL,20060609,13.95,13.95,13.88,13.88,2240
BKM,20060609,0.012,0.012,0.012,0.012,416000
BKN,20060609,5.23,5.25,5.12,5.16,141993
BKP,20060609,0.19,0.19,0.16,0.17,1720923
BKW,20060609,12.36,12.37,12.2,12.25,33483
BKY,20060609,0.9,0.9,0.81,0.855,288274
BLD,20060609,8.7,8.75,8.57,8.75,4138650
BLR,20060609,0.064,0.068,0.063,0.063,2432153
BLT,20060609,0.058,0.059,0.058,0.059,95030
BLZ,20060609,0.026,0.03,0.025,0.03,397000
BMN,20060609,0.91,0.94,0.88,0.88,165211
BMO,20060609,0.305,0.31,0.285,0.3,1317228
BMX,20060609,0.31,0.31,0.3,0.305,1556617
BNB,20060609,19.9,20.29,19.9,20,590882
BNE,20060609,0.24,0.24,0.24,0.24,833
BNO,20060609,0.195,0.195,0.195,0.195,10000
BNT,20060609,0.3,0.305,0.3,0.305,40000
BOC,20060609,0.86,0.87,0.835,0.835,144182
BOD,20060609,0.047,0.047,0.047,0.047,12094
BOL,20060609,4.32,4.38,4.21,4.38,612188
BON,20060609,0.1,0.105,0.099,0.105,63000
BOQ,20060609,13.36,13.67,13.35,13.5,263824
BOS,20060609,0.15,0.155,0.15,0.15,272700
BOW,20060609,0.22,0.22,0.215,0.215,300186
BPC,20060609,0.955,0.96,0.95,0.96,1921084
BPG,20060609,0.035,0.035,0.035,0.035,2000000
BPH,20060609,0.125,0.125,0.12,0.12,23000
BPK,20060609,0.11,0.11,0.11,0.11,20000
BPO,20060609,0.014,0.014,0.014,0.014,2165229
BPT,20060609,1.305,1.33,1.255,1.31,2979044
BQT,20060609,0.09,0.09,0.08,0.08,578189
BRO,20060609,0.034,0.036,0.031,0.035,3983400
BRT,20060609,0.06,0.06,0.06,0.06,36667
BRW,20060609,0.056,0.06,0.055,0.058,1529145
BRZ,20060609,1.42,1.42,1.405,1.415,54933
BSA,20060609,0.24,0.24,0.23,0.23,114325
BSG,20060609,2.03,2.12,1.86,2.01,2046811
BSL,20060609,7.83,7.96,7.77,7.96,4658114
BSM,20060609,0.2,0.2,0.185,0.185,175000
BSO,20060609,2.16,2.18,2.13,2.18,75073
BTA,20060609,1.38,1.42,1.36,1.375,664153
BTC,20060609,0.45,0.455,0.45,0.45,67173
BTV,20060609,0.056,0.056,0.054,0.056,2004049
BTX,20060609,0.22,0.22,0.215,0.215,95200
BUG,20060609,0.54,0.54,0.53,0.54,30624
BUR,20060609,0.175,0.18,0.175,0.18,50000
BUY,20060609,0.045,0.047,0.045,0.047,432692
BWP,20060609,1.955,1.985,1.93,1.975,327638
BXP,20060609,0.18,0.185,0.175,0.18,411000
BZI,20060609,0.5,0.5,0.5,0.5,550
CAA,20060609,1.13,1.15,1.13,1.15,374996
CAB,20060609,6.15,6.23,6.15,6.15,95263
CAF,20060609,1.13,1.13,1.1,1.1,16000
CAG,20060609,0.01,0.01,0.009,0.01,1824072
CAJ,20060609,0.25,0.265,0.25,0.265,162000
CAL,20060609,0.555,0.555,0.55,0.55,30000
CAQ,20060609,0.225,0.23,0.225,0.23,71850
CAT,20060609,5.5,5.5,5,5,63
CAU,20060609,0.085,0.085,0.085,0.085,300000
CAZ,20060609,0.31,0.32,0.295,0.3,493795
CBA,20060609,42.35,43.47,42.11,43.09,3582209
CBD,20060609,0.04,0.04,0.035,0.036,14101
CBH,20060609,0.415,0.42,0.37,0.39,3730023
CBR,20060609,3.25,3.25,3.25,3.25,6000
CCE,20060609,0.11,0.115,0.105,0.11,1522753
CCI,20060609,0.011,0.011,0.01,0.011,8291619
CCL,20060609,7.13,7.13,7.05,7.09,1792050
CCP,20060609,6.45,6.45,6.45,6.45,2603
CCS,20060609,0.026,0.026,0.026,0.026,8000
CCV,20060609,0.44,0.445,0.44,0.445,109550
CDA,20060609,0.98,0.98,0.93,0.93,30100
CDD,20060609,4.5,4.68,4.5,4.65,8000
CDF,20060609,1.71,1.71,1.708,1.708,8057
CDO,20060609,3.37,3.38,3.34,3.36,525776
CDR,20060609,2.1,2.1,2.05,2.1,122529
CDT,20060609,0.35,0.35,0.34,0.34,210645
CDX,20060609,2.5,2.5,2.5,2.5,859200
CEG,20060609,1.45,1.5,1.45,1.45,149866
CEQ,20060609,2.2,2.2,2.17,2.17,9661
CER,20060609,1.6,1.61,1.595,1.605,456936
CEU,20060609,1.135,1.155,1.135,1.15,11773618
CEY,20060609,3.29,3.34,3.26,3.28,841774
CFE,20060609,0.39,0.405,0.385,0.4,381323
CFI,20060609,0.565,0.565,0.55,0.55,122117
CFK,20060609,0.41,0.41,0.4,0.4,51920
CFR,20060609,0.015,0.016,0.015,0.016,2024984
CFU,20060609,0.575,0.575,0.56,0.56,53000
CFX,20060609,1.9,1.94,1.9,1.92,5374935
CGF,20060609,3.25,3.31,3.23,3.31,1017759
CGM,20060609,0.36,0.42,0.36,0.42,110006
CGS,20060609,0.25,0.25,0.25,0.25,2500
CGX,20060609,0.435,0.435,0.435,0.435,200000
CHB,20060609,36.2,37,36.2,37,1082
CHD,20060609,0.75,0.75,0.75,0.75,49415
CHF,20060609,0.37,0.37,0.365,0.365,60250
CHL,20060609,0.26,0.35,0.26,0.325,2009947
CHN,20060609,0.19,0.19,0.19,0.19,57770
CHO,20060609,5.56,5.6,5.5,5.5,10250
CHQ,20060609,0.47,0.47,0.465,0.465,55456
CHT,20060609,0.01,0.01,0.009,0.01,4522000
CHX,20060609,1.44,1.44,1.43,1.43,1039
CIG,20060609,0.076,0.08,0.076,0.078,934000
CII,20060609,0.12,0.12,0.11,0.11,70000
CIR,20060609,1.14,1.14,1.14,1.14,10000
CIX,20060609,0.405,0.405,0.405,0.405,30300
CIY,20060609,3.75,3.78,3.7,3.73,112956
CKL,20060609,0.5,0.5,0.5,0.5,10000
CKP,20060609,1.95,1.95,1.9,1.9,21000
CKR,20060609,0.15,0.15,0.145,0.145,138700
CLF,20060609,0.255,0.265,0.255,0.265,67000
CLH,20060609,0.93,0.935,0.92,0.925,288339
CLO,20060609,0.35,0.355,0.35,0.35,183091
CLT,20060609,1.17,1.17,1.16,1.17,26008
CLV,20060609,0.12,0.12,0.11,0.11,145900
CLX,20060609,1.06,1.06,1.05,1.05,13347
CMI,20060609,1.125,1.125,1.11,1.12,57433
CML,20060609,11.48,11.59,11.4,11.59,2888421
CMO,20060609,0.009,0.009,0.009,0.009,390000
CMP,20060609,0.072,0.072,0.071,0.071,47500
CMQ,20060609,0.375,0.39,0.375,0.39,123603
CMR,20060609,3.19,3.19,2.85,3,426162
CMS,20060609,0.028,0.028,0.028,0.028,38000
CMV,20060609,0.35,0.37,0.35,0.37,53000
CMW,20060609,0.87,0.89,0.86,0.89,30700
CMX,20060609,0.44,0.44,0.415,0.415,313479
CNA,20060609,86.05,86.05,84,84,725
CND,20060609,3.18,3.18,3.1,3.1,14554
CNF,20060609,0.082,0.082,0.081,0.081,106500
CNM,20060609,0.034,0.034,0.032,0.032,239500
CNN,20060609,0.031,0.031,0.031,0.031,11000
CNP,20060609,6.78,6.88,6.7,6.8,1574877
CNT,20060609,0.66,0.66,0.66,0.66,4600
COA,20060609,6.12,6.19,6.05,6.15,422780
COE,20060609,0.585,0.585,0.555,0.58,422573
COF,20060609,2.95,2.95,2.88,2.95,27369
COH,20060609,51.1,51.3,50.22,51.3,209543
COI,20060609,0.34,0.35,0.34,0.35,250000
COK,20060609,0.16,0.16,0.155,0.16,58500
COO,20060609,0.11,0.11,0.11,0.11,24000
COU,20060609,2.29,2.32,2.29,2.29,38999
CPA,20060609,1.365,1.385,1.36,1.375,7323174
CPB,20060609,16.75,16.75,16.7,16.7,92977
CPI,20060609,0.49,0.495,0.49,0.49,55650
CPK,20060609,3.85,3.85,3.83,3.85,7815
CPR,20060609,1.35,1.39,1.35,1.39,95095
CPT,20060609,0.105,0.105,0.1,0.1,41000
CPU,20060609,7.75,7.75,7.5,7.72,2172309
CQT,20060609,0.12,0.13,0.12,0.12,701206
CRC,20060609,0.24,0.24,0.235,0.235,112500
CRE,20060609,0.31,0.31,0.29,0.29,60132
CRG,20060609,12.5,12.56,11.63,12.23,343637
CRJ,20060609,0.29,0.3,0.29,0.295,145800
CRK,20060609,1.05,1.05,1.05,1.05,10000
CRL,20060609,0.11,0.11,0.11,0.11,10000
CRT,20060609,0.655,0.66,0.62,0.66,134979
CRU,20060609,0.615,0.625,0.61,0.62,104621
CSE,20060609,0.22,0.22,0.205,0.22,75000
CSL,20060609,54.09,54.09,50.5,52.25,937907
CSM,20060609,1.905,1.905,1.76,1.76,4482114
CSR,20060609,3.44,3.49,3.41,3.43,5045414
CSS,20060609,0.435,0.45,0.435,0.45,24000
CST,20060609,3.4,3.5,3.35,3.41,62406
CTF,20060609,0.175,0.175,0.17,0.17,12800
CTI,20060609,0.15,0.15,0.15,0.15,59800
CTN,20060609,1.275,1.3,1.26,1.26,123252
CTO,20060609,0.355,0.38,0.345,0.35,908985
CTP,20060609,0.115,0.115,0.115,0.115,76500
CTS,20060609,0.34,0.35,0.3,0.32,180000
CTX,20060609,20.43,20.76,20.43,20.76,535241
CUE,20060609,0.205,0.21,0.2,0.205,2123068
CUL,20060609,0.031,0.034,0.031,0.034,642414
CUO,20060609,0.335,0.355,0.325,0.355,2554113
CUS,20060609,0.25,0.255,0.245,0.245,229400
CUV,20060609,0.36,0.37,0.34,0.37,305882
CVC,20060609,1.39,1.39,1.39,1.39,18000
CVI,20060609,0.045,0.045,0.045,0.045,50000
CVN,20060609,0.054,0.055,0.052,0.055,1011870
CWT,20060609,0.73,0.74,0.73,0.735,88273
CXD,20060609,1.5,1.5,1.5,1.5,17000
CXP,20060609,6.15,6.25,6.02,6.25,864321
CXS,20060609,0.425,0.425,0.42,0.425,133790
CYA,20060609,1.18,1.19,1.18,1.18,49514
CYG,20060609,4.26,4.32,4.2,4.32,33873
CYT,20060609,0.89,0.92,0.85,0.87,215861
DBS,20060609,0.575,0.59,0.57,0.59,37299
DDT,20060609,0.47,0.475,0.47,0.47,67238
DEG,20060609,0.15,0.15,0.145,0.15,513214
DES,20060609,0.245,0.25,0.23,0.24,701948
DEX,20060609,1.165,1.165,1.16,1.16,10429
DGH,20060609,0.83,0.83,0.83,0.83,1500
DGR,20060609,0.062,0.062,0.062,0.062,15000
DIA,20060609,0.08,0.08,0.065,0.071,3344351
DIO,20060609,0.064,0.065,0.063,0.064,1194061
DJS,20060609,2.81,2.89,2.8,2.88,1560870
DJW,20060609,4.58,4.58,4.49,4.49,38143
DKN,20060609,1.1,1.1,1.1,1.1,1000
DKS,20060609,6.75,6.75,6.75,6.75,1000
DLS,20060609,0.165,0.165,0.155,0.16,1010371
DMA,20060609,0.28,0.28,0.28,0.28,19487
DMP,20060609,3.94,4,3.94,4,17233
DMX,20060609,0.49,0.49,0.45,0.49,140862
DNL,20060609,0.215,0.215,0.19,0.19,436906
DOM,20060609,1.235,1.25,1.18,1.18,273801
DOW,20060609,7.6,7.78,7.53,7.72,842193
DRA,20060609,0.14,0.145,0.14,0.14,677024
DRD,20060609,1.75,1.75,1.75,1.75,1060
DRT,20060609,1.495,1.515,1.485,1.495,15181187
DSF,20060609,0.14,0.14,0.14,0.14,7416
DUE,20060609,2.87,2.9,2.81,2.9,401999
DUI,20060609,3.2,3.25,3.2,3.25,4694
DVC,20060609,2.82,2.82,2.76,2.77,1708617
DVM,20060609,0.042,0.043,0.042,0.043,580980
DVN,20060609,0.88,0.89,0.86,0.88,136398
DXL,20060609,2.54,2.54,2.48,2.49,6720387
DYE,20060609,0.725,0.73,0.67,0.71,186810
DYL,20060609,0.135,0.14,0.135,0.135,861748
EAR,20060609,0.19,0.19,0.165,0.18,180000
EBB,20060609,5.48,5.49,5.4,5.4,57008
EBR,20060609,0.05,0.052,0.047,0.047,902816
EBT,20060609,0.099,0.099,0.099,0.099,163184
ECH,20060609,0.4,0.4,0.4,0.4,47289
ECU,20060609,0.059,0.063,0.059,0.063,150000
EDE,20060609,0.185,0.185,0.17,0.17,169666
EDN,20060609,0.525,0.54,0.525,0.54,3000
EFT,20060609,0.064,0.064,0.058,0.058,1090551
EGO,20060609,0.008,0.01,0.008,0.009,54583033
EGX,20060609,0.52,0.52,0.5,0.52,54409
EIF,20060609,0.014,0.014,0.014,0.014,28000
ELK,20060609,0.645,0.645,0.64,0.64,174460
ELL,20060609,0.038,0.038,0.038,0.038,15000
ELM,20060609,0.58,0.58,0.58,0.58,6000
ELX,20060609,0.615,0.62,0.61,0.61,39735
EME,20060609,1.87,1.87,1.87,1.87,1000
EMI,20060609,0.76,0.8,0.76,0.77,318300
EMM,20060609,0.05,0.05,0.05,0.05,37500
EMP,20060609,0.36,0.39,0.36,0.385,409986
EMS,20060609,0.13,0.13,0.125,0.125,58200
ENE,20060609,4.14,4.14,4,4,1330299
ENG,20060609,0.34,0.355,0.325,0.355,1037858
ENR,20060609,0.32,0.32,0.28,0.28,248770
ENV,20060609,1.105,1.115,1.105,1.115,1263913
EON,20060609,0.62,0.63,0.62,0.63,11085
EOS,20060609,1.355,1.38,1.35,1.36,33072
EPE,20060609,0.035,0.04,0.035,0.04,941168
EPF,20060609,0.2,0.2,0.195,0.2,126088
EPG,20060609,0.505,0.51,0.48,0.49,479777
EPR,20060609,0.037,0.037,0.037,0.037,150000
EPY,20060609,0.45,0.455,0.45,0.45,38894
EQI,20060609,1.41,1.5,1.41,1.5,416130
EQN,20060609,1.81,1.85,1.72,1.77,704089
EQX,20060609,0.18,0.18,0.175,0.175,91980
ERA,20060609,11.56,11.69,11.31,11.42,395675
ERG,20060609,0.105,0.105,0.098,0.099,826120
ESG,20060609,0.097,0.097,0.08,0.091,777500
ESI,20060609,0.89,0.955,0.89,0.9,625723
ESS,20060609,0.34,0.34,0.32,0.32,30000
ESV,20060609,0.63,0.63,0.63,0.63,6300
ETE,20060609,0.105,0.11,0.1,0.11,114928
ETR,20060609,2.4,2.5,2.37,2.5,102210
ETW,20060609,0.08,0.083,0.074,0.083,274557
EUG,20060609,0.097,0.097,0.097,0.097,25000
EVE,20060609,0.125,0.125,0.12,0.12,170309
EVG,20060609,0.125,0.125,0.125,0.125,38077
EVM,20060609,0.175,0.175,0.175,0.175,17142
EVZ,20060609,0.15,0.15,0.15,0.15,2000
EWC,20060609,0.036,0.036,0.031,0.031,378708
EXL,20060609,7.55,7.61,7.37,7.6,715252
EXR,20060609,0.425,0.435,0.415,0.435,128500
EXS,20060609,0.25,0.255,0.25,0.255,151430
EXT,20060609,0.088,0.089,0.084,0.088,5840435
EZL,20060609,2.24,2.24,2.21,2.21,37000
EZY,20060609,0.075,0.075,0.07,0.07,3500
FAN,20060609,2.81,2.85,2.8,2.85,19061
FAR,20060609,0.16,0.17,0.15,0.165,3546954
FAT,20060609,0.905,0.905,0.9,0.9,83989
FBU,20060609,7.38,7.38,7.3,7.32,41331
FCL,20060609,2.18,2.21,2.1,2.16,2833326
FCN,20060609,0.265,0.265,0.255,0.255,778054
FDL,20060609,0.024,0.024,0.02,0.022,6136645
FEA,20060609,0.665,0.665,0.635,0.635,194037
FFI,20060609,3.3,3.5,3.2,3.5,3321
FGL,20060609,5.57,5.57,5.5,5.56,4103291
FIC,20060609,0.19,0.2,0.19,0.2,100000
FKP,20060609,5.26,5.55,5.22,5.55,325259
FLK,20060609,0.5,0.5,0.5,0.5,33748
FLT,20060609,10.24,10.24,9.81,9.85,423732
FLX,20060609,1.75,1.77,1.68,1.77,280110
FMG,20060609,7.01,7.09,6.55,7.06,228995
FML,20060609,0.045,0.046,0.044,0.045,1527251
FOF,20060609,0.49,0.49,0.49,0.49,8060
FPA,20060609,3.78,3.78,3.75,3.76,12222
FPS,20060609,1.28,1.28,1.255,1.255,4040
FRE,20060609,0.61,0.625,0.6,0.625,283800
FRI,20060609,1,1,0.95,0.95,88052
FRL,20060609,0.19,0.19,0.19,0.19,5000
FRM,20060609,0.39,0.39,0.39,0.39,5000
FRR,20060609,0.71,0.71,0.645,0.67,226100
FRS,20060609,0.435,0.45,0.435,0.45,18017
FRV,20060609,0.13,0.13,0.125,0.125,45000
FUN,20060609,1.66,1.67,1.65,1.66,446220
FUT,20060609,0.008,0.008,0.008,0.008,77000
FWD,20060609,6.12,6.26,6.12,6.26,110340
FXJ,20060609,3.74,3.82,3.72,3.82,5757821
FXR,20060609,0.84,0.84,0.795,0.8,362976
FZN,20060609,1.34,1.35,1.33,1.35,1112838
GAA,20060609,1,1,0.94,0.98,654780
GAP,20060609,0.85,0.85,0.85,0.85,142823
GAS,20060609,2.25,2.25,2.23,2.25,796440
GAU,20060609,0.18,0.18,0.18,0.18,132793
GBE,20060609,0.45,0.45,0.45,0.45,3021
GBG,20060609,0.51,0.525,0.475,0.485,1917449
GBL,20060609,0.05,0.05,0.038,0.038,556170
GBP,20060609,0.67,0.675,0.665,0.675,116400
GBT,20060609,2.4,2.41,2.4,2.41,15901
GCL,20060609,3.25,3.26,3.21,3.21,273628
GCR,20060609,0.059,0.062,0.059,0.062,543082
GDA,20060609,0.04,0.04,0.04,0.04,26000
GDM,20060609,0.48,0.5,0.475,0.5,353938
GDN,20060609,0.21,0.225,0.2,0.225,313771
GDR,20060609,0.29,0.3,0.29,0.29,86500
GDY,20060609,1.245,1.26,1.24,1.25,139339
GEN,20060609,0.25,0.25,0.25,0.25,9000
GFD,20060609,0.64,0.64,0.64,0.64,43000
GFF,20060609,2.07,2.08,1.995,2.01,11489356
GGP,20060609,0.45,0.46,0.445,0.445,192976
GGY,20060609,0.051,0.052,0.047,0.049,1360000
GHG,20060609,0.83,0.83,0.83,0.83,3249
GHT,20060609,0.22,0.22,0.22,0.22,2500
GIA,20060609,0.46,0.46,0.45,0.45,50000
GIR,20060609,0.3,0.315,0.3,0.315,300850
GLB,20060609,0.23,0.24,0.23,0.23,579040
GLC,20060609,0.91,0.91,0.91,0.91,10000
GLE,20060609,1,1,0.98,0.98,15000
GLI,20060609,0.97,0.97,0.96,0.96,44399
GLN,20060609,0.4,0.4,0.365,0.38,308375
GLO,20060609,0.1,0.1,0.09,0.09,82000
GLS,20060609,1.965,1.965,1.955,1.965,2353000
GLX,20060609,0.145,0.145,0.14,0.14,64200
GMI,20060609,1.33,1.33,1.31,1.31,68461
GML,20060609,0.18,0.185,0.175,0.185,100250
GNC,20060609,9.65,9.66,9.6,9.66,13379
GNL,20060609,0.046,0.046,0.043,0.045,1175000
GNS,20060609,2.9,2.9,2.84,2.86,703354
GOA,20060609,0.082,0.083,0.081,0.081,122347
GOG,20060609,0.365,0.4,0.365,0.39,1243221
GOP,20060609,0.14,0.145,0.14,0.14,454562
GOW,20060609,3.1,3.1,3.05,3.06,12618
GPG,20060609,2.27,2.27,2.26,2.26,181700
GPN,20060609,0.013,0.014,0.013,0.013,767086
GPO,20060609,0.069,0.07,0.068,0.069,1065200
GPT,20060609,4.27,4.3,4.22,4.24,6902664
GRD,20060609,2.17,2.25,2.17,2.18,493755
GRN,20060609,0.245,0.25,0.245,0.245,52000
GRO,20060609,1.55,1.56,1.55,1.56,12810
GRR,20060609,1.44,1.47,1.44,1.47,153700
GRT,20060609,0.08,0.08,0.08,0.08,19000
GRV,20060609,0.92,0.92,0.91,0.91,5000
GRY,20060609,0.23,0.23,0.22,0.22,84000
GSA,20060609,1.17,1.18,1.165,1.17,1242118
GSE,20060609,0.04,0.04,0.038,0.038,560405
GTG,20060609,0.345,0.35,0.34,0.345,268693
GTP,20060609,3.76,3.91,3.76,3.91,972073
GTV,20060609,0.78,0.78,0.78,0.78,600
GTX,20060609,0.14,0.14,0.14,0.14,114000
GUD,20060609,7.7,7.78,7.68,7.78,266530
GUL,20060609,0.039,0.039,0.039,0.039,38000
GUN,20060609,0.31,0.325,0.31,0.32,104800
GVM,20060609,0.32,0.35,0.32,0.35,62777
GWE,20060609,0.33,0.33,0.3,0.33,239918
GWR,20060609,0.51,0.57,0.49,0.51,86666
GWT,20060609,3.15,3.24,3.13,3.17,354288
GYN,20060609,0.25,0.25,0.25,0.25,8899
HAN,20060609,15.85,15.85,15.85,15.85,9000
HAP,20060609,1.02,1.045,1.015,1.045,49031
HAV,20060609,0.785,0.785,0.76,0.765,284011
HCC,20060609,1.15,1.24,1.15,1.24,35017
HCY,20060609,0.018,0.019,0.018,0.019,2150000
HDF,20060609,2.76,2.76,2.71,2.72,289449
HDG,20060609,0.255,0.26,0.255,0.26,138342
HDN,20060609,0.18,0.18,0.18,0.18,25000
HDR,20060609,1.515,1.535,1.48,1.505,9594485
HEG,20060609,0.175,0.18,0.17,0.17,657565
HER,20060609,1.15,1.215,1.15,1.215,95128
HFA,20060609,1.52,1.55,1.52,1.55,369988
HGI,20060609,1.865,1.865,1.785,1.82,3217175
HGO,20060609,0.225,0.23,0.22,0.23,539262
HGR,20060609,0.079,0.079,0.07,0.07,120000
HHL,20060609,8.1,8.1,8,8,3114
HHM,20060609,0.135,0.135,0.11,0.11,132000
HHV,20060609,1.09,1.09,1.075,1.075,208058
HIC,20060609,0.84,0.845,0.84,0.845,14455
HIG,20060609,0.5,0.51,0.485,0.51,1330113
HIL,20060609,4.67,4.76,4.63,4.76,117633
HJB,20060609,0.23,0.23,0.23,0.23,2073509
HLS,20060609,0.18,0.18,0.18,0.18,40000
HLT,20060609,0.11,0.115,0.11,0.115,18000
HLX,20060609,0.1,0.1,0.095,0.096,179500
HMC,20060609,0.04,0.04,0.038,0.04,238050
HME,20060609,14,14.05,13.96,14.01,4155
HNG,20060609,2.04,2.04,2.04,2.04,6958
HNR,20060609,0.17,0.185,0.155,0.155,1980644
HOM,20060609,0.4,0.4,0.4,0.4,27406
HPX,20060609,1.73,1.73,1.71,1.71,31200
HRD,20060609,0.105,0.12,0.105,0.12,28000
HRR,20060609,0.62,0.64,0.58,0.64,212141
HRS,20060609,0.07,0.07,0.07,0.07,13000
HSK,20060609,0.47,0.47,0.47,0.47,60000
HSN,20060609,0.125,0.125,0.125,0.125,42114
HSP,20060609,4.05,4.15,3.76,3.8,7907350
HST,20060609,1.545,1.545,1.53,1.54,61105
HTA,20060609,0.245,0.25,0.245,0.245,331721
HTE,20060609,0.016,0.016,0.016,0.016,57077
HTW,20060609,0.89,0.9,0.85,0.88,173531
HTX,20060609,0.04,0.042,0.04,0.042,750000
HVN,20060609,3.95,4,3.94,3.99,3420401
HWG,20060609,0.24,0.24,0.24,0.24,100000
HWI,20060609,1.405,1.435,1.405,1.425,22910
HYO,20060609,0.082,0.082,0.082,0.082,148500
HZG,20060609,0.038,0.038,0.038,0.038,26000
HZN,20060609,0.4,0.405,0.385,0.39,912890
IAG,20060609,5.47,5.55,5.43,5.55,8418433
IAS,20060609,0.35,0.36,0.345,0.345,63740
IAT,20060609,0.07,0.07,0.07,0.07,500
IBA,20060609,0.73,0.745,0.725,0.735,3847992
IBC,20060609,0.59,0.595,0.58,0.58,25287
IBR,20060609,0.605,0.62,0.605,0.62,25000
IBT,20060609,1.91,1.91,1.88,1.88,38999
ICD,20060609,0.47,0.47,0.46,0.46,6000
ICE,20060609,0.011,0.011,0.009,0.009,1000000
ICN,20060609,0.072,0.072,0.071,0.072,481978
ICP,20060609,0.04,0.042,0.04,0.042,2427824
ICV,20060609,0.24,0.24,0.235,0.235,60000
IDE,20060609,0.12,0.12,0.12,0.12,5000
IDO,20060609,0.215,0.215,0.215,0.215,2500
IDT,20060609,1.17,1.19,1.16,1.16,21455
IEF,20060609,1.16,1.16,1.16,1.16,5000
IFC,20060609,0.225,0.225,0.225,0.225,1000
IFL,20060609,7.98,8,7.85,8,68680
IFM,20060609,0.635,0.635,0.62,0.62,147100
IGC,20060609,0.2,0.2,0.19,0.19,317614
IGD,20060609,1.18,1.18,1.16,1.16,150491
IGO,20060609,2.52,2.6,2.51,2.59,128932
IGR,20060609,0.2,0.21,0.19,0.2,605620
IHF,20060609,1.13,1.13,1.13,1.13,30000
IHG,20060609,0.39,0.39,0.35,0.35,97488
IIF,20060609,2.18,2.18,2.15,2.16,2253126
III,20060609,0.21,0.215,0.21,0.215,86194
IIN,20060609,0.735,0.76,0.69,0.7,1962086
ILF,20060609,1.15,1.15,1.145,1.15,84856
ILU,20060609,6.5,6.5,6.35,6.48,2768789
IMA,20060609,0.47,0.47,0.47,0.47,3582
IMD,20060609,0.475,0.475,0.475,0.475,198985
IMF,20060609,0.47,0.5,0.47,0.5,25000
IMI,20060609,0.011,0.011,0.011,0.011,250000
IML,20060609,0.068,0.068,0.067,0.068,175852
IMP,20060609,0.021,0.023,0.02,0.021,8111364
IMU,20060609,0.135,0.135,0.125,0.125,292697
INL,20060609,0.13,0.135,0.115,0.125,3198643
INP,20060609,0.29,0.295,0.29,0.295,28700
INT,20060609,0.041,0.043,0.041,0.043,729000
IOF,20060609,1.375,1.385,1.36,1.38,4407579
IOH,20060609,1.1,1.1,1.05,1.05,35450
IPA,20060609,0.74,0.74,0.73,0.73,76479
IPE,20060609,0.825,0.825,0.825,0.825,10000
IPG,20060609,2.19,2.25,2.18,2.25,6549819
IPL,20060609,21.77,21.9,21.7,21.71,125176
IPM,20060609,1.47,1.48,1.44,1.475,41437
IPN,20060609,0.145,0.145,0.145,0.145,500000
IRE,20060609,5.7,5.84,5.62,5.84,91435
IRI,20060609,0.405,0.405,0.395,0.395,75500
IRN,20060609,0.67,0.69,0.665,0.68,577794
ITC,20060609,0.068,0.068,0.067,0.067,804115
ITD,20060609,0.28,0.28,0.27,0.27,84000
ITE,20060609,0.06,0.06,0.055,0.06,163204
ITT,20060609,0.19,0.19,0.18,0.18,180000
IVC,20060609,4.55,4.62,4.5,4.62,1105902
IVK,20060609,1.93,1.93,1.93,1.93,1000
IWF,20060609,2.04,2.04,1.99,2.01,71604
IWL,20060609,4.3,4.34,4.25,4.3,117501
JAG,20060609,0.2,0.2,0.2,0.2,100000
JAK,20060609,0.135,0.14,0.13,0.13,346074
JBH,20060609,5,5,4.84,4.9,2008661
JBM,20060609,7.1,7.25,7.05,7.13,464983
JFM,20060609,1.25,1.255,1.25,1.25,323350
JGL,20060609,0.39,0.395,0.38,0.395,105152
JHX,20060609,8,8,7.78,7.99,4946503
JMB,20060609,2.36,2.36,2.26,2.29,12651
JML,20060609,0.395,0.395,0.38,0.38,605000
JMS,20060609,0.15,0.155,0.15,0.15,378209
JPR,20060609,0.12,0.12,0.12,0.12,30000
JRL,20060609,0.635,0.635,0.62,0.62,35940
JRV,20060609,0.015,0.015,0.014,0.015,1068385
JST,20060609,3.44,3.54,3.44,3.51,869867
JUI,20060609,1.02,1.025,1.015,1.02,654438
JUM,20060609,0.034,0.034,0.032,0.032,454962
JVG,20060609,0.28,0.295,0.28,0.295,120200
KAL,20060609,0.15,0.155,0.15,0.155,234350
KAR,20060609,1.4,1.4,1.4,1.4,21000
KCN,20060609,4.62,4.64,4.25,4.54,433633
KDS,20060609,0.895,0.895,0.895,0.895,58800
KGL,20060609,0.19,0.19,0.18,0.18,4000
KHF,20060609,0.67,0.67,0.67,0.67,1500
KIM,20060609,1.31,1.34,1.24,1.25,1441156
KIS,20060609,1.05,1.05,1.05,1.05,2000
KKT,20060609,0.45,0.45,0.43,0.43,8000
KLM,20060609,0.37,0.37,0.36,0.36,15020
KME,20060609,0.66,0.66,0.6,0.6,40533
KMN,20060609,0.225,0.225,0.21,0.21,306893
KOR,20060609,0.25,0.255,0.25,0.25,51000
KRS,20060609,0.185,0.185,0.185,0.185,86737
KSC,20060609,3.5,3.51,3.5,3.51,2731
KYC,20060609,1.03,1.04,1.03,1.03,28431
KZL,20060609,3.51,3.65,3.37,3.45,1952067
LAF,20060609,0.094,0.105,0.091,0.1,7713510
LAS,20060609,0.056,0.056,0.056,0.056,35000
LAU,20060609,0.17,0.17,0.17,0.17,38500
LCE,20060609,0.235,0.235,0.235,0.235,4360
LCL,20060609,0.5,0.5,0.48,0.49,70040
LCP,20060609,0.68,0.68,0.68,0.68,7250
LCT,20060609,0.165,0.17,0.165,0.17,66000
LDW,20060609,7.65,7.65,7.65,7.65,700
LEF,20060609,0.23,0.23,0.21,0.21,58700
LEG,20060609,0.057,0.057,0.047,0.052,792000
LEI,20060609,17.33,17.67,17.31,17.58,269289
LEP,20060609,2.46,2.46,2.4,2.41,17904
LFE,20060609,1.7,1.735,1.63,1.69,198104
LGD,20060609,0.71,0.71,0.71,0.71,23000
LGO,20060609,0.032,0.032,0.029,0.029,998430
LHG,20060609,2.78,2.84,2.61,2.71,36345989
LIM,20060609,6.4,6.4,6.4,6.4,6700
LIO,20060609,0.003,0.004,0.003,0.004,5400000
LIP,20060609,0.7,0.7,0.695,0.7,628594
LKE,20060609,0.135,0.135,0.135,0.135,35000
LKO,20060609,0.018,0.018,0.017,0.018,4249278
LLC,20060609,14.21,14.46,14.11,14.38,850138
LMC,20060609,3.1,3.1,3.1,3.1,850
LMG,20060609,0.014,0.014,0.013,0.014,2319242
LMW,20060609,0.655,0.655,0.65,0.65,4000
LNC,20060609,0.195,0.2,0.195,0.2,393631
LNG,20060609,0.81,0.81,0.77,0.795,62516
LNN,20060609,7.68,7.81,7.45,7.81,1159622
LOK,20060609,5.24,5.24,5.2,5.2,460
LPL,20060609,0.43,0.44,0.43,0.44,40000
LRF,20060609,0.865,0.87,0.85,0.85,96547
LRX,20060609,0.07,0.07,0.067,0.067,148850
LSG,20060609,1.875,1.89,1.82,1.84,410116
LSL,20060609,0.003,0.003,0.003,0.003,936113
LUM,20060609,0.028,0.028,0.028,0.028,3337
LVL,20060609,0.028,0.028,0.028,0.028,120000
LVR,20060609,0.685,0.69,0.675,0.675,236476
LWB,20060609,1.2,1.2,1.2,1.2,7000
LYC,20060609,0.315,0.325,0.28,0.295,330430
LYL,20060609,2.95,2.95,2.95,2.95,160600
MAE,20060609,0.735,0.755,0.72,0.72,255597
MAH,20060609,0.73,0.755,0.72,0.74,426903
MAL,20060609,0.59,0.59,0.58,0.58,42018
MAP,20060609,3.18,3.23,3.18,3.23,5504214
MAR,20060609,0.16,0.16,0.15,0.155,359500
MBA,20060609,0.094,0.094,0.094,0.094,20000
MBI,20060609,0.006,0.006,0.006,0.006,272293
MBL,20060609,62.99,64.5,62.99,64.35,927795
MBN,20060609,1,1,0.99,0.99,40403
MBP,20060609,0.4,0.42,0.4,0.4,278896
MBT,20060609,1.35,1.4,1.35,1.4,63590
MCC,20060609,4.63,4.71,4.59,4.65,524135
MCG,20060609,5.75,5.86,5.74,5.86,1104436
MCL,20060609,0.012,0.012,0.012,0.012,516445
MCO,20060609,0.175,0.175,0.17,0.17,19875
MCP,20060609,1.53,1.545,1.52,1.525,55826
MCQ,20060609,3.49,3.51,3.45,3.49,174934
MCR,20060609,0.82,0.83,0.82,0.825,939375
MCW,20060609,1.94,1.95,1.93,1.945,5755905
MDL,20060609,1.1,1.12,1.1,1.11,698119
MDM,20060609,0.275,0.285,0.275,0.285,70665
MDS,20060609,0.085,0.085,0.085,0.085,492500
MDT,20060609,1.12,1.12,1.11,1.11,2784485
MDV,20060609,0.04,0.04,0.035,0.035,100000
MDX,20060609,0.185,0.195,0.185,0.185,23415
MEE,20060609,0.08,0.08,0.079,0.079,110000
MEI,20060609,0.27,0.27,0.265,0.265,59001
MEL,20060609,0.27,0.27,0.27,0.27,10000
MEO,20060609,0.19,0.19,0.19,0.19,80400
MEP,20060609,0.64,0.64,0.635,0.64,90776
MFS,20060609,4.05,4.13,4.01,4.08,331538
MFT,20060609,0.975,0.98,0.97,0.98,62000
MGK,20060609,0.37,0.37,0.365,0.365,52729
MGN,20060609,2.15,2.15,2.15,2.15,19434
MGO,20060609,0.295,0.295,0.295,0.295,100000
MGQ,20060609,5.83,6.03,5.76,6,2578627
MGR,20060609,4.43,4.5,4.38,4.47,4076163
MGU,20060609,0.17,0.17,0.17,0.17,7000
MGW,20060609,2.7,2.72,2.66,2.7,484826
MGX,20060609,0.83,0.83,0.78,0.8,1741485
MHL,20060609,0.024,0.024,0.024,0.024,1340369
MIC,20060609,0.041,0.042,0.041,0.041,1442770
MIG,20060609,3.49,3.53,3.48,3.53,15225923
MIK,20060609,0.1,0.105,0.1,0.1,265500
MIR,20060609,1.815,1.815,1.79,1.79,37355
MIS,20060609,0.44,0.44,0.42,0.43,81802
MLB,20060609,1.95,1.95,1.91,1.925,56500
MLE,20060609,2.66,2.72,2.65,2.7,52724
MLI,20060609,0.25,0.25,0.24,0.25,755837
MLM,20060609,0.225,0.235,0.225,0.235,22770
MLT,20060609,19.76,20,19.75,20,10303
MMA,20060609,0.91,0.91,0.9,0.91,484351
MMB,20060609,0.155,0.16,0.15,0.16,278201
MML,20060609,0.64,0.64,0.62,0.63,73226
MMN,20060609,0.305,0.315,0.3,0.31,770440
MMR,20060609,0.165,0.165,0.16,0.16,20000
MMS,20060609,3.37,3.37,3.3,3.3,7093
MMX,20060609,0.58,0.585,0.56,0.565,619284
MMZ,20060609,0.67,0.67,0.67,0.67,18400
MND,20060609,6,6.15,6,6.15,86045
MNF,20060609,0.175,0.175,0.175,0.175,210501
MOC,20060609,2.45,2.49,2.45,2.49,103050
MOD,20060609,0.024,0.024,0.024,0.024,219516
MOE,20060609,1.075,1.1,1.065,1.07,315461
MOF,20060609,1.36,1.37,1.35,1.355,4381700
MOG,20060609,0.088,0.088,0.088,0.088,34000
MOL,20060609,1.5,1.5,1.49,1.495,83000
MOO,20060609,0.275,0.275,0.255,0.255,119516
MOS,20060609,0.15,0.15,0.145,0.15,2163137
MOX,20060609,0.185,0.185,0.175,0.18,132258
MPB,20060609,5.8,5.8,5.8,5.8,6000
MPF,20060609,1.15,1.15,1.145,1.145,78994
MPG,20060609,0.825,0.83,0.825,0.83,65301
MPH,20060609,0.205,0.205,0.195,0.205,6225029
MPI,20060609,0.067,0.07,0.065,0.07,623250
MPO,20060609,0.04,0.04,0.037,0.04,630000
MPR,20060609,1.2,1.205,1.19,1.19,2474217
MPS,20060609,1.045,1.045,1.04,1.04,171603
MRA,20060609,0.93,0.935,0.93,0.93,75000
MRE,20060609,2.16,2.25,2.16,2.24,1043117
MRL,20060609,1.585,1.625,1.58,1.585,389530
MRM,20060609,0.445,0.445,0.445,0.445,45200
MRN,20060609,1.06,1.11,1.06,1.1,4000
MRO,20060609,0.93,0.945,0.915,0.945,21000
MRS,20060609,0.28,0.28,0.275,0.28,114684
MRX,20060609,0.073,0.074,0.07,0.07,1152840
MRY,20060609,0.011,0.011,0.011,0.011,35000
MSB,20060609,1.54,1.54,1.5,1.52,16500
MSC,20060609,0.019,0.02,0.019,0.019,3513606
MSI,20060609,0.049,0.049,0.049,0.049,15115
MST,20060609,0.15,0.15,0.145,0.15,687524
MSX,20060609,1.6,1.6,1.6,1.6,20000
MTB,20060609,0.105,0.11,0.1,0.1,550000
MTD,20060609,0.11,0.11,0.11,0.11,30000
MTH,20060609,0.36,0.36,0.36,0.36,3000
MTI,20060609,0.22,0.23,0.22,0.23,159500
MTN,20060609,0.64,0.645,0.635,0.645,71021
MTR,20060609,0.12,0.12,0.115,0.115,140000
MTS,20060609,4.2,4.25,4.19,4.25,5997114
MTU,20060609,0.3,0.31,0.3,0.31,84648
MTX,20060609,0.95,0.95,0.94,0.94,2496
MTY,20060609,0.27,0.27,0.26,0.26,15000
MUL,20060609,0.008,0.009,0.008,0.008,18129269
MUR,20060609,0.09,0.09,0.09,0.09,132525
MVL,20060609,0.07,0.07,0.06,0.061,2348980
MVP,20060609,0.345,0.345,0.33,0.33,29700
MVU,20060609,0.48,0.5,0.44,0.5,29750
MWE,20060609,0.125,0.13,0.12,0.125,288143
MXG,20060609,3.49,3.57,3.49,3.55,7148807
MXI,20060609,0.655,0.665,0.625,0.63,582819
MXL,20060609,0.099,0.105,0.092,0.092,894365
MYO,20060609,0.85,0.86,0.85,0.855,294092
MYP,20060609,2.74,2.76,2.68,2.76,952836
NAB,20060609,33.95,34.97,33.9,34.8,7246483
NAD,20060609,0.043,0.043,0.043,0.043,765432
NAL,20060609,0.27,0.275,0.265,0.275,92100
NAM,20060609,0.685,0.685,0.68,0.685,70784
NAV,20060609,0.18,0.18,0.165,0.17,862803
NBL,20060609,3.91,4,3.91,3.91,10670
NCI,20060609,1.8,1.8,1.8,1.8,33500
NCK,20060609,1.45,1.45,1.45,1.45,20450
NCM,20060609,19.4,19.45,18.27,18.84,5658896
NDC,20060609,0.059,0.059,0.057,0.057,300000
NDL,20060609,0.155,0.165,0.155,0.165,7000
NDO,20060609,0.21,0.21,0.205,0.205,1988795
NEL,20060609,1.15,1.15,1.05,1.11,49765
NEM,20060609,6.71,6.75,6.58,6.63,176493
NEO,20060609,0.024,0.024,0.023,0.023,13110177
NEU,20060609,0.48,0.48,0.47,0.48,40000
NGF,20060609,0.16,0.16,0.155,0.155,110000
NGM,20060609,0.13,0.13,0.13,0.13,115402
NHC,20060609,1.21,1.21,1.15,1.15,380382
NHR,20060609,1.71,1.75,1.71,1.71,25000
NIA,20060609,0.28,0.3,0.275,0.3,1033470
NKL,20060609,0.11,0.12,0.11,0.115,199900
NKP,20060609,0.63,0.68,0.63,0.68,26500
NLB,20060609,0.55,0.58,0.55,0.58,7000
NLG,20060609,0.39,0.4,0.385,0.385,399000
NLS,20060609,0.12,0.13,0.11,0.13,75700
NLX,20060609,0.055,0.055,0.052,0.052,7821424
NMB,20060609,0.016,0.016,0.015,0.015,1240000
NMC,20060609,0.099,0.1,0.095,0.096,1740800
NMS,20060609,0.39,0.4,0.39,0.4,38026
NOP,20060609,0.073,0.079,0.073,0.079,500000
NPX,20060609,5.4,5.4,5.4,5.4,8
NRL,20060609,0.1,0.1,0.1,0.1,55000
NRT,20060609,2.77,2.77,2.57,2.65,71411
NST,20060609,0.155,0.16,0.155,0.16,226625
NSX,20060609,0.71,0.71,0.68,0.68,55400
NTC,20060609,0.099,0.1,0.093,0.1,121931
NUF,20060609,10.4,10.6,10.3,10.32,335996
NWA,20060609,0.046,0.046,0.046,0.046,400000
NWE,20060609,0.097,0.099,0.097,0.098,243663
NWS,20060609,26.75,26.98,26.61,26.72,2247235
NXS,20060609,0.635,0.64,0.62,0.62,566657
OAK,20060609,1.66,1.66,1.66,1.66,2008
OBJ,20060609,0.069,0.07,0.069,0.069,50250
OCE,20060609,0.42,0.42,0.42,0.42,2000
OCL,20060609,1.185,1.19,1.185,1.19,5750
OCO,20060609,0.064,0.064,0.06,0.063,529628
ODY,20060609,0.58,0.58,0.56,0.56,123000
OEC,20060609,0.091,0.092,0.091,0.091,88078
OEL,20060609,0.14,0.14,0.14,0.14,149500
OEQ,20060609,0.735,0.735,0.735,0.735,10000
OEX,20060609,1.045,1.12,1.045,1.11,109677
OFM,20060609,2.31,2.31,2.3,2.3,38298
OGD,20060609,0.76,0.78,0.745,0.77,2908679
OIL,20060609,0.515,0.53,0.51,0.51,115446
OKN,20060609,3.2,3.2,3.1,3.11,75304
OLY,20060609,0.195,0.195,0.18,0.185,199999
OMC,20060609,0.59,0.62,0.585,0.62,668310
OMH,20060609,0.91,0.93,0.91,0.93,47000
OMP,20060609,3.35,3.49,3.32,3.49,104265
OPC,20060609,0.1,0.1,0.1,0.1,78000
OPI,20060609,0.045,0.045,0.04,0.04,20400
OPL,20060609,0.63,0.63,0.59,0.59,296860
ORC,20060609,0.042,0.052,0.042,0.052,125933
ORD,20060609,0.13,0.13,0.105,0.11,250000
ORG,20060609,6.85,6.92,6.77,6.84,2516683
ORH,20060609,0.16,0.16,0.16,0.16,20937
ORI,20060609,21.55,22.13,21.32,22.13,1127051
ORO,20060609,0.023,0.023,0.023,0.023,199000
ORP,20060609,0.1,0.1,0.1,0.1,90000
ORT,20060609,0.019,0.019,0.016,0.016,82000
OSH,20060609,4.05,4.09,3.96,4.06,2749549
OST,20060609,3.74,3.74,3.66,3.72,2808967
OTL,20060609,0.2,0.2,0.19,0.19,33533
OXR,20060609,2.82,2.88,2.54,2.7,46770044
PAA,20060609,0.145,0.15,0.14,0.15,52099
PAY,20060609,3,3,3,3,2950
PBA,20060609,0.685,0.73,0.685,0.73,7000
PBB,20060609,2.23,2.23,2.17,2.22,374475
PBD,20060609,2.66,2.67,2.56,2.59,183877
PBG,20060609,2.13,2.15,2.11,2.13,2475417
PBL,20060609,17.95,18.16,17.67,18.16,1556235
PBO,20060609,0.275,0.275,0.275,0.275,4000
PBT,20060609,0.205,0.205,0.205,0.205,11000
PCC,20060609,0.053,0.054,0.051,0.051,851810
PCG,20060609,0.775,0.79,0.76,0.77,421703
PCL,20060609,0.066,0.066,0.062,0.062,586842
PDL,20060609,2.41,2.45,2.41,2.45,201655
PDN,20060609,4,4.11,3.9,4.02,2434637
PDO,20060609,0.84,0.85,0.84,0.85,13432
PDZ,20060609,0.36,0.37,0.36,0.36,63954
PEM,20060609,2.5,2.53,2.36,2.38,1313730
PEN,20060609,0.021,0.021,0.019,0.021,12297824
PEO,20060609,0.08,0.08,0.071,0.08,538750
PEP,20060609,0.72,0.72,0.71,0.715,37896
PET,20060609,0.87,0.87,0.87,0.87,2357
PGL,20060609,3.12,3.19,3.03,3.08,47292
PGM,20060609,0.195,0.2,0.195,0.2,85000
PGS,20060609,0.37,0.38,0.365,0.37,450000
PHK,20060609,0.2,0.2,0.2,0.2,50000
PHL,20060609,0.016,0.017,0.016,0.017,155033
PIE,20060609,0.011,0.011,0.011,0.011,27200
PIO,20060609,0.16,0.16,0.15,0.15,143500
PKT,20060609,0.019,0.02,0.018,0.018,514263
PLA,20060609,0.73,0.75,0.7,0.71,965077
PLD,20060609,0.37,0.385,0.33,0.33,280566
PLF,20060609,0.98,1,0.98,0.99,50143
PLT,20060609,0.039,0.04,0.039,0.04,108584
PMA,20060609,1.92,1.92,1.92,1.92,7733
PMC,20060609,2.22,2.22,2.2,2.22,124247
PME,20060609,1.4,1.4,1.39,1.39,16543
PMH,20060609,0.24,0.24,0.24,0.24,33334
PMM,20060609,5.5,5.5,5.33,5.4,14726
PMN,20060609,5.63,5.66,5.55,5.65,6021628
PMP,20060609,1.445,1.545,1.445,1.545,487904
PMV,20060609,4.85,4.85,4.85,4.85,1750
PNA,20060609,0.305,0.31,0.295,0.305,10931240
PNN,20060609,0.39,0.39,0.38,0.38,56278
PNO,20060609,0.033,0.035,0.033,0.035,228000
PNW,20060609,0.023,0.023,0.023,0.023,50000
POH,20060609,0.265,0.265,0.265,0.265,174800
POL,20060609,0.165,0.165,0.16,0.16,107000
PPC,20060609,3.94,3.95,3.85,3.89,42680
PPD,20060609,0.15,0.16,0.15,0.16,265000
PPG,20060609,0.3,0.31,0.3,0.3,90000
PPK,20060609,0.74,0.74,0.72,0.72,73396
PPP,20060609,0.14,0.14,0.14,0.14,49705
PPR,20060609,0.98,0.98,0.98,0.98,14000
PPS,20060609,0.58,0.62,0.58,0.62,196711
PPT,20060609,66.92,67.4,66.81,67.12,104491
PPX,20060609,3.15,3.15,3.09,3.13,1051902
PPY,20060609,0.35,0.35,0.34,0.34,37480
PQB,20060609,0.405,0.405,0.405,0.405,8000
PRE,20060609,0.031,0.032,0.03,0.03,7107761
PRG,20060609,3.91,3.98,3.88,3.95,96508
PRM,20060609,0.031,0.031,0.029,0.029,256500
PRR,20060609,0.075,0.075,0.073,0.075,219512
PRT,20060609,3.48,3.5,3.48,3.5,9000
PRU,20060609,0.46,0.46,0.435,0.435,165500
PRV,20060609,1.03,1.03,1.025,1.03,258932
PRY,20060609,11.61,11.63,11.41,11.6,280306
PRZ,20060609,0.17,0.185,0.17,0.185,53400
PSA,20060609,3.01,3.09,3.01,3.09,320993
PSD,20060609,0.58,0.59,0.58,0.59,509381
PSG,20060609,0.024,0.024,0.021,0.021,474309
PSH,20060609,1.635,1.635,1.6,1.6,71626
PSP,20060609,0.085,0.085,0.085,0.085,30000
PSV,20060609,0.37,0.375,0.35,0.365,3323594
PTD,20060609,1.28,1.29,1.26,1.265,172652
PTR,20060609,0.275,0.275,0.275,0.275,45000
PTS,20060609,0.091,0.1,0.091,0.1,295540
PUR,20060609,0.052,0.058,0.052,0.058,1334000
PVE,20060609,1.71,1.72,1.7,1.7,7000
PWK,20060609,2.07,2.07,1.98,2,42972
PWR,20060609,0.53,0.53,0.525,0.525,32868
PWT,20060609,1.255,1.255,1.22,1.22,17805
PXS,20060609,2,2.01,1.99,2,50824
PYC,20060609,0.7,0.715,0.635,0.69,267776
PYM,20060609,0.275,0.28,0.27,0.27,71500
QAD,20060609,0.053,0.053,0.053,0.053,160370
QAN,20060609,3.18,3.19,3.15,3.18,7837640
QBE,20060609,21.4,21.69,21.21,21.63,2258528
QCH,20060609,4.38,4.4,4.33,4.33,8491
QED,20060609,0.053,0.054,0.05,0.05,426395
QGC,20060609,0.685,0.685,0.675,0.685,296347
QHL,20060609,0.22,0.22,0.22,0.22,6000
QMG,20060609,0.465,0.465,0.465,0.465,2000000
QML,20060609,0.13,0.14,0.13,0.14,50000
QMT,20060609,2.08,2.14,2.08,2.14,45673
QOL,20060609,0.225,0.225,0.22,0.22,108000
QPX,20060609,0.115,0.115,0.11,0.11,254562
QRS,20060609,0.06,0.063,0.059,0.06,1243964
QTK,20060609,0.15,0.15,0.145,0.145,356399
QTM,20060609,0.075,0.075,0.075,0.075,25000
QUE,20060609,0.21,0.21,0.21,0.21,49700
RAT,20060609,0.955,0.96,0.95,0.95,3264585
RAU,20060609,0.08,0.08,0.08,0.08,10000
RBH,20060609,0.045,0.045,0.045,0.045,300000
RBM,20060609,0.12,0.12,0.11,0.11,64200
RBY,20060609,0.027,0.027,0.026,0.026,50000
RCD,20060609,10.95,10.97,10.75,10.94,315075
RCG,20060609,0.15,0.15,0.145,0.15,208000
RCI,20060609,0.175,0.185,0.175,0.18,100000
RCL,20060609,1.6,1.64,1.6,1.62,2284940
RCR,20060609,1.92,1.94,1.92,1.94,197359
RCT,20060609,3.51,3.51,3.5,3.5,22275
RDF,20060609,1.73,1.73,1.7,1.7,171658
RDM,20060609,0.26,0.26,0.26,0.26,22550
RDR,20060609,0.56,0.58,0.54,0.57,229184
REA,20060609,3.72,3.73,3.62,3.62,35894
REB,20060609,3.6,3.65,3.57,3.6,34500
RED,20060609,0.105,0.105,0.1,0.105,861317
REF,20060609,2.7,2.7,2.7,2.7,119516
REH,20060609,15.4,15.4,15.4,15.4,70
REU,20060609,0.975,0.975,0.965,0.97,1166812
REX,20060609,0.99,1.03,0.97,1,989173
REY,20060609,0.16,0.165,0.16,0.165,110286
RFE,20060609,0.255,0.285,0.255,0.285,1042518
RHC,20060609,9.99,9.99,9.86,9.96,939109
RHD,20060609,0.41,0.42,0.41,0.42,90438
RHL,20060609,4,4,3.95,4,3100
RHT,20060609,0.045,0.046,0.042,0.046,263449
RIC,20060609,1.21,1.21,1.19,1.205,352867
RIM,20060609,0.024,0.024,0.021,0.021,581000
RIN,20060609,16.55,16.9,16.55,16.9,5917652
RIO,20060609,74,74.8,72.71,73.77,3352989
RIS,20060609,0.185,0.185,0.185,0.185,10000
RIV,20060609,0.925,0.95,0.92,0.92,213000
RKN,20060609,0.83,0.85,0.83,0.85,67085
RMA,20060609,0.12,0.12,0.11,0.115,232299
RMC,20060609,0.037,0.037,0.037,0.037,5600
RMD,20060609,5.94,6.05,5.94,6.02,2757739
RMG,20060609,0.015,0.015,0.015,0.015,60274
RMI,20060609,0.043,0.043,0.04,0.04,563988
RML,20060609,0.22,0.22,0.2,0.2,288788
RMS,20060609,0.145,0.145,0.145,0.145,62728
RNC,20060609,0.21,0.21,0.205,0.205,89500
RNG,20060609,0.145,0.145,0.12,0.125,1709914
ROC,20060609,3.88,3.88,3.72,3.75,3345472
ROK,20060609,4.77,4.77,4.77,4.77,4887
ROY,20060609,0.19,0.195,0.19,0.195,100000
RPC,20060609,0.47,0.47,0.45,0.455,331000
RPM,20060609,0.059,0.059,0.059,0.059,87840
RPT,20060609,0.11,0.12,0.11,0.115,2083890
RRL,20060609,0.115,0.115,0.115,0.115,633022
RRS,20060609,0.026,0.029,0.026,0.028,15700588
RRT,20060609,0.97,0.97,0.97,0.97,64350
RSG,20060609,1.7,1.75,1.665,1.745,294733
RSN,20060609,0.26,0.265,0.26,0.265,421530
RSP,20060609,0.96,0.97,0.96,0.96,67000
RTL,20060609,0.23,0.23,0.215,0.23,224839
RTM,20060609,0.026,0.026,0.025,0.026,338500
RUP,20060609,10.65,10.75,10.65,10.75,8800
RXL,20060609,0.365,0.365,0.325,0.34,202759
SAE,20060609,0.56,0.58,0.54,0.555,457576
SAF,20060609,0.047,0.049,0.047,0.049,140652
SAH,20060609,0.06,0.06,0.06,0.06,10000
SAI,20060609,3.35,3.4,3.34,3.35,603820
SAQ,20060609,6.3,6.3,6.25,6.25,14200
SAR,20060609,0.4,0.41,0.365,0.4,180450
SAU,20060609,0.24,0.24,0.205,0.205,155400
SAX,20060609,0.1,0.1,0.1,0.1,2000
SBC,20060609,11.15,11.15,11.05,11.11,361823
SBM,20060609,0.51,0.51,0.475,0.5,4107886
SBP,20060609,0.079,0.079,0.078,0.079,290858
SBR,20060609,0.091,0.091,0.091,0.091,160000
SBS,20060609,0.084,0.087,0.084,0.084,1480000
SCB,20060609,0.865,0.865,0.865,0.865,4250
SCC,20060609,0.34,0.34,0.34,0.34,10000
SCE,20060609,0.017,0.017,0.017,0.017,200000
SCF,20060609,111,111.15,110.9,110.9,2522
SCV,20060609,0.6,0.6,0.6,0.6,20000
SDG,20060609,2.23,2.25,2.21,2.24,463293
SDI,20060609,0.7,0.7,0.67,0.67,304795
SDL,20060609,0.053,0.055,0.053,0.055,2292000
SDM,20060609,1.35,1.39,1.35,1.38,1569630
SEA,20060609,0.3,0.3,0.3,0.3,325000
SED,20060609,0.19,0.19,0.185,0.19,468500
SEE,20060609,0.053,0.053,0.053,0.053,90000
SEG,20060609,0.75,0.75,0.75,0.75,20000
SEK,20060609,4.39,4.5,4.37,4.5,597906
SEL,20060609,3.87,3.91,3.86,3.86,197403
SEN,20060609,0.31,0.32,0.3,0.32,3096192
SEV,20060609,8.34,8.46,8.25,8.46,752643
SFC,20060609,5.1,5.15,5.05,5.15,10800
SFE,20060609,16.04,16.04,15.41,15.7,1084705
SFR,20060609,0.525,0.525,0.52,0.52,390000
SFY,20060609,48.91,48.91,48.65,48.89,1719
SGB,20060609,29.3,29.41,29.11,29.35,2102383
SGL,20060609,0.275,0.275,0.265,0.27,876937
SGM,20060609,18,18.17,17.9,18.15,929401
SGN,20060609,2.98,2.98,2.9,2.94,119318
SGP,20060609,7.08,7.23,7.05,7.21,9095058
SGT,20060609,2.02,2.06,2.01,2.06,2372254
SGV,20060609,0.057,0.057,0.057,0.057,1136363
SGX,20060609,4.26,4.7,4.02,4.6,770623
SHC,20060609,0.165,0.165,0.14,0.14,160324
SHG,20060609,0.36,0.37,0.36,0.37,136833
SHL,20060609,14.03,14.03,13.81,14,456512
SHV,20060609,13.3,13.35,13.02,13.13,6815
SIE,20060609,0.069,0.069,0.068,0.068,277198
SIM,20060609,0.29,0.29,0.25,0.265,163530
SIP,20060609,2.48,2.5,2.44,2.49,1698990
SKC,20060609,4.57,4.58,4.46,4.46,42155
SKE,20060609,4.45,4.45,4.4,4.42,3837
SKW,20060609,0.26,0.26,0.26,0.26,99067
SLF,20060609,18.86,19.07,18.86,19.05,2951
SLM,20060609,2.85,2.93,2.84,2.87,148256
SLT,20060609,0.07,0.07,0.068,0.068,42429
SLV,20060609,0.75,0.79,0.75,0.75,148000
SLX,20060609,3.43,3.43,3.18,3.31,268144
SMA,20060609,0.018,0.018,0.018,0.018,19000
SMC,20060609,0.145,0.15,0.14,0.145,320000
SML,20060609,0.035,0.037,0.035,0.037,150000
SMM,20060609,1.12,1.13,1.07,1.1,588012
SMN,20060609,0.096,0.1,0.096,0.1,1020000
SMO,20060609,0.094,0.094,0.088,0.09,1032332
SMX,20060609,2.74,2.79,2.71,2.76,58247
SMY,20060609,1.05,1.12,1.03,1.08,943757
SNF,20060609,0.51,0.52,0.505,0.51,820984
SNN,20060609,0.065,0.066,0.064,0.064,208500
SNO,20060609,0.56,0.56,0.56,0.56,89500
SOE,20060609,0.17,0.175,0.17,0.17,2208613
SOL,20060609,8.25,8.25,8.23,8.23,16194
SOO,20060609,0.22,0.22,0.215,0.22,376519
SOT,20060609,0.765,0.765,0.75,0.76,360519
SPH,20060609,1.13,1.13,1.08,1.08,20145
SPL,20060609,0.42,0.42,0.4,0.4,147240
SPN,20060609,1.245,1.27,1.23,1.27,3096348
SPT,20060609,4.84,5,4.84,4.99,1609117
SRA,20060609,0.032,0.032,0.031,0.031,175314
SRB,20060609,1.45,1.45,1.45,1.45,4533
SRH,20060609,1.24,1.24,1.2,1.2,9100
SRI,20060609,0.059,0.059,0.058,0.058,534509
SRL,20060609,3.83,3.83,3.52,3.55,352433
SRV,20060609,5.41,5.41,5.4,5.4,2766
SRX,20060609,2.22,2.22,2.2,2.2,4000
SRZ,20060609,0.37,0.37,0.34,0.34,209457
SSI,20060609,3.2,3.2,3.05,3.2,8200
SSN,20060609,0.37,0.37,0.345,0.345,610046
SSX,20060609,1.3,1.305,1.28,1.305,2378134
STI,20060609,0.095,0.097,0.095,0.096,34300
STO,20060609,10.86,11.1,10.84,11.09,3192014
STP,20060609,0.089,0.089,0.088,0.088,156000
STR,20060609,0.3,0.3,0.3,0.3,75621
STS,20060609,1,1,0.99,0.99,7214
STU,20060609,1.4,1.41,1.35,1.355,81734
STW,20060609,49.51,49.75,49.35,49.63,20946
STX,20060609,0.25,0.25,0.235,0.245,392076
SUL,20060609,1.905,1.905,1.88,1.88,127709
SUN,20060609,18.9,18.9,18.61,18.9,2392410
SUR,20060609,0.13,0.13,0.13,0.13,374417
SVS,20060609,0.92,0.92,0.9,0.9,16250
SWG,20060609,0.016,0.016,0.015,0.016,972000
SYB,20060609,3.1,3.16,3.04,3.16,1377219
SYG,20060609,0.005,0.006,0.005,0.006,749500
SYM,20060609,0.88,0.895,0.88,0.88,176074
SYN,20060609,2.65,2.65,2.57,2.57,7500
SYP,20060609,0.195,0.195,0.19,0.195,520000
TAA,20060609,0.043,0.043,0.043,0.043,40920
TAH,20060609,15.25,15.29,15.1,15.2,1668550
TAM,20060609,0.28,0.28,0.27,0.275,837160
TAP,20060609,1.81,1.84,1.79,1.79,890436
TAS,20060609,0.115,0.115,0.11,0.11,560000
TAW,20060609,0.315,0.315,0.315,0.315,3937
TBG,20060609,1.95,1.95,1.95,1.95,2026
TCI,20060609,1,1.07,1,1.07,114000
TCL,20060609,6.92,7,6.85,7,4150278
TCN,20060609,0.048,0.048,0.048,0.048,52630
TCQ,20060609,1.32,1.32,1.3,1.3,60000
TDR,20060609,0.02,0.02,0.02,0.02,183918
TEE,20060609,0.022,0.022,0.019,0.021,1246000
TEL,20060609,3.77,3.79,3.74,3.75,5122735
TEN,20060609,2.93,3,2.91,2.99,1281777
TFC,20060609,0.47,0.48,0.465,0.465,45046
TFE,20060609,0.33,0.34,0.33,0.33,287400
TGD,20060609,0.1,0.1,0.1,0.1,5292
TGF,20060609,0.3,0.3,0.28,0.28,9000
TGG,20060609,1.54,1.55,1.54,1.55,43994
TGP,20060609,2.06,2.1,2.05,2.1,92453
TGR,20060609,1.105,1.105,1.1,1.105,93713
TGS,20060609,0.38,0.38,0.35,0.35,247798
THG,20060609,0.76,0.76,0.755,0.76,87683
THK,20060609,0.475,0.48,0.47,0.47,51994
THX,20060609,0.185,0.185,0.185,0.185,160174
TIM,20060609,3.94,3.98,3.85,3.95,756976
TIR,20060609,0.067,0.067,0.065,0.066,637834
TIS,20060609,0.5,0.5,0.5,0.5,1000
TJN,20060609,1.13,1.13,1.13,1.13,20000
TKG,20060609,0.01,0.01,0.009,0.01,8536333
TKL,20060609,0.14,0.14,0.14,0.14,20000
TKR,20060609,1.56,1.56,1.5,1.5,6998
TLS,20060609,3.75,3.78,3.74,3.75,32259181
TLZ,20060609,0.165,0.165,0.165,0.165,11612
TMM,20060609,1,1,1,1,2500
TMO,20060609,0.21,0.215,0.19,0.19,464226
TMX,20060609,0.175,0.175,0.17,0.17,72201
TNE,20060609,0.655,0.655,0.65,0.65,259264
TNG,20060609,0.22,0.22,0.2,0.2,69907
TNL,20060609,0.34,0.35,0.34,0.35,16000
TNS,20060609,5.15,5.15,5.15,5.15,5512
TOE,20060609,0.635,0.655,0.6,0.61,415673
TOL,20060609,14.65,14.71,14.61,14.69,3381886
TOX,20060609,0.098,0.105,0.095,0.096,2509332
TPI,20060609,8.25,8.37,8,8.3,332411
TPX,20060609,6.5,6.5,6.5,6.5,2000
TQH,20060609,0.28,0.28,0.28,0.28,10000
TRG,20060609,10.98,10.99,10.7,10.9,19674
TRO,20060609,0.255,0.255,0.25,0.25,132163
TRS,20060609,5.8,5.95,5.8,5.95,10030
TRU,20060609,10.75,10.75,10.75,10.75,2000
TRY,20060609,2.61,2.62,2.6,2.6,4800
TSE,20060609,7.72,8.35,7.72,8.17,1118443
TSH,20060609,0.45,0.45,0.45,0.45,20000
TSO,20060609,2.28,2.28,2.25,2.26,1350696
TTI,20060609,0.29,0.29,0.28,0.29,96013
TTR,20060609,0.165,0.165,0.16,0.16,735704
TTS,20060609,2.88,2.88,2.79,2.82,2570440
TTT,20060609,0.52,0.52,0.52,0.52,83900
TTV,20060609,0.38,0.4,0.37,0.4,15000
TVL,20060609,0.295,0.295,0.295,0.295,70000
TWD,20060609,1.5,1.5,1.5,1.5,8451
TWO,20060609,1.205,1.255,1.19,1.255,36619
TWR,20060609,2.7,2.84,2.67,2.84,1305522
TZL,20060609,0.54,0.6,0.54,0.6,408500
TZN,20060609,1.12,1.17,1.06,1.17,402739
UCL,20060609,0.067,0.07,0.066,0.066,389000
UCM,20060609,0.63,0.63,0.63,0.63,2830
UEQ,20060609,0.3,0.31,0.28,0.28,134400
UGL,20060609,13.15,13.35,12.75,13.1,307514
UKD,20060609,0.13,0.14,0.13,0.14,220000
UNI,20060609,0.2,0.2,0.19,0.2,587245
UNW,20060609,0.28,0.28,0.26,0.265,464246
UNX,20060609,0.49,0.51,0.485,0.51,298727
URL,20060609,0.16,0.16,0.15,0.155,1159500
UTB,20060609,14.75,14.8,14.7,14.8,576383
UTO,20060609,0.345,0.345,0.34,0.34,72572
UXA,20060609,0.21,0.22,0.205,0.205,174600
UXC,20060609,0.985,0.99,0.95,0.955,116739
VBA,20060609,1.63,1.645,1.62,1.62,46626
VCM,20060609,2,2,2,2,10000
VCN,20060609,0.24,0.24,0.22,0.225,166850
VCR,20060609,0.685,0.685,0.64,0.655,2747566
VGH,20060609,4.18,4.2,4.15,4.19,103548
VGP,20060609,0.385,0.395,0.385,0.395,19400
VHL,20060609,0.079,0.08,0.076,0.08,165400
VIR,20060609,0.9,0.9,0.895,0.9,74777
VKI,20060609,0.6,0.6,0.59,0.6,125000
VLL,20060609,0.135,0.135,0.125,0.125,444319
VMG,20060609,1.735,1.75,1.735,1.75,15908
VML,20060609,0.185,0.2,0.18,0.2,75896
VOF,20060609,0.95,0.95,0.95,0.95,50000
VPE,20060609,0.027,0.027,0.026,0.026,7127100
VPG,20060609,1.345,1.375,1.345,1.375,2519219
VPH,20060609,0.36,0.4,0.36,0.4,106000
VRE,20060609,0.16,0.165,0.155,0.155,518960
VRL,20060609,2.37,2.38,2.35,2.35,46510
VSG,20060609,0.022,0.023,0.022,0.022,797620
VSL,20060609,1.79,1.8,1.75,1.8,126595
VTP,20060609,1.125,1.13,1.12,1.13,38621
VUL,20060609,0.975,1.065,0.97,1,41214
VWD,20060609,1.72,1.75,1.715,1.75,68615
VXS,20060609,0.023,0.024,0.023,0.024,8460
WAB,20060609,1,1,0.995,1,48000
WAL,20060609,0.13,0.13,0.12,0.12,30000
WAM,20060609,1.535,1.54,1.52,1.52,43580
WAN,20060609,8.7,8.7,8.54,8.63,814196
WAT,20060609,2.66,2.66,2.61,2.61,2800
WBA,20060609,0.71,0.71,0.68,0.68,34000
WBB,20060609,9.49,9.7,9.49,9.5,10525
WBC,20060609,22.18,22.68,22,22.45,8152016
WCB,20060609,3.45,3.45,3.45,3.45,1100
WCG,20060609,1.525,1.54,1.52,1.53,165042
WDC,20060609,17.08,17.32,17.02,17.26,6992535
WEB,20060609,0.33,0.33,0.315,0.315,390000
WES,20060609,35.14,35.35,34.95,35.28,1056459
WEZ,20060609,0.195,0.2,0.195,0.195,370828
WFL,20060609,1.7,1.7,1.63,1.63,10737
WGP,20060609,0.075,0.075,0.075,0.075,4500
WGR,20060609,0.16,0.16,0.16,0.16,8000
WHF,20060609,4.15,4.15,4.15,4.15,6099
WHG,20060609,5.54,5.59,5.54,5.56,14175
WHS,20060609,4.18,4.2,4.15,4.18,90722
WIL,20060609,0.94,0.945,0.94,0.945,209724
WLS,20060609,1.04,1.04,1.035,1.035,45315
WME,20060609,0.175,0.175,0.145,0.16,1524566
WMG,20060609,0.068,0.074,0.068,0.074,7852
WMT,20060609,0.022,0.022,0.018,0.018,2856102
WOR,20060609,19.25,19.42,18.86,19,1360403
WOW,20060609,18.6,18.72,18.6,18.66,4133337
WPL,20060609,41.12,41.76,40.25,41.34,2224366
WRF,20060609,0.5,0.5,0.5,0.5,22522
WRL,20060609,0.18,0.21,0.15,0.21,65000
WSA,20060609,1.95,1.98,1.85,1.98,56819
WSP,20060609,0.16,0.17,0.16,0.17,105000
WST,20060609,0.46,0.46,0.46,0.46,8700
WSY,20060609,0.02,0.02,0.02,0.02,45000
WTE,20060609,0.033,0.034,0.033,0.033,3586575
WTF,20060609,3.37,3.44,3.3,3.34,3256868
WTP,20060609,2.56,2.6,2.56,2.6,38004
WWA,20060609,1.39,1.45,1.39,1.4,73050
WWM,20060609,0.023,0.023,0.023,0.023,4096174
WYL,20060609,3.33,3.37,3.3,3.35,137459
XAO,20060609,4877.7,4926.8,4875.5,4926.8,0
XBL,20060609,0.2,0.2,0.2,0.2,51000
XDJ,20060609,2285.1,2306,2280.9,2306,0
XEJ,20060609,11640,11742.8,11525.9,11691.1,0
XFJ,20060609,5732.9,5855.7,5730.2,5840.9,0
XFL,20060609,4797.8,4866.9,4794.4,4866,0
XHJ,20060609,6376.1,6459.6,6315.6,6411.6,0
XIJ,20060609,488.1,490.5,478.1,490.5,0
XJO,20060609,4906.6,4966.6,4903.9,4966,0
XKO,20060609,4903,4960,4900.4,4959.9,0
XMD,20060609,4960.5,4991,4937.1,4976.9,0
XMJ,20060609,10025.6,10109.9,9850.1,10068.5,0
XNJ,20060609,5333.3,5409.7,5330.7,5409.7,0
XPJ,20060609,1971.5,2006.2,1971.4,2001.7,0
XSJ,20060609,6109.8,6165.3,6108.8,6163.9,0
XSO,20060609,2786,2794.5,2774.4,2793.7,0
XTE,20060609,22,22,17,22,117000
XTJ,20060609,1313.1,1322.6,1306.1,1312.1,0
XTL,20060609,2654.6,2700,2652.1,2696.1,0
XTO,20060609,3983.3,4034.4,3980.9,4033.6,0
XUJ,20060609,5799.3,5805.1,5738.3,5805.1,0
XXJ,20060609,5900.4,6035.2,5896.8,6017.4,0
YAM,20060609,0.008,0.008,0.008,0.008,614300
YGL,20060609,0.125,0.125,0.1,0.115,550550
ZBB,20060609,0.2,0.2,0.2,0.2,20000
ZCO,20060609,0.14,0.155,0.14,0.155,33000
ZDX,20060609,0.21,0.21,0.2,0.2,105150
ZFX,20060609,10.09,10.1,9.5,9.62,11775487
ZIM,20060609,10,10.25,10,10.1,41727
ZYL,20060609,0.026,0.026,0.025,0.025,284034
