AAC,20060117,1.54,1.565,1.53,1.565,146345
AAE,20060117,0.36,0.36,0.355,0.355,20000
AAM,20060117,0.285,0.285,0.285,0.285,35377
AAU,20060117,0.69,0.69,0.685,0.685,12100
ABB,20060117,7.05,7.11,7.05,7.1,113425
ABC,20060117,2.06,2.09,2.02,2.09,1964088
ABI,20060117,0.071,0.071,0.069,0.069,210803
ABJ,20060117,1.01,1.04,1,1.02,406840
ABP,20060117,1.44,1.44,1.425,1.44,167194
ABQ,20060117,0.2,0.23,0.195,0.195,115000
ABS,20060117,7.67,7.95,7.67,7.88,2748665
ACG,20060117,0.44,0.47,0.41,0.47,19900
ACL,20060117,1.28,1.295,1.275,1.295,45207
ACR,20060117,0.65,0.65,0.62,0.625,58961
ACS,20060117,0.17,0.175,0.17,0.175,18950
ACU,20060117,0.12,0.12,0.12,0.12,70000
ADA,20060117,0.46,0.5,0.46,0.49,139335
ADB,20060117,13.5,13.55,13.4,13.45,176392
ADG,20060117,3.32,3.32,3.25,3.25,7233
ADI,20060117,0.23,0.235,0.23,0.235,232221
ADN,20060117,0.565,0.57,0.56,0.56,126000
ADU,20060117,0.69,0.69,0.69,0.69,50000
ADX,20060117,0.17,0.19,0.125,0.135,3371744
ADY,20060117,0.115,0.115,0.11,0.115,191775
ADZ,20060117,1.885,1.9,1.88,1.9,2687384
AED,20060117,0.945,0.945,0.94,0.945,92900
AEF,20060117,31,31,31,31,1000
AEI,20060117,0.62,0.63,0.6,0.62,49854
AEN,20060117,1.925,1.925,1.925,1.925,61164
AEO,20060117,1.57,1.58,1.57,1.58,160693
AEU,20060117,1.54,1.55,1.54,1.54,65857
AEX,20060117,0.024,0.024,0.023,0.023,575636
AEZ,20060117,1.08,1.08,1.08,1.08,10000
AFI,20060117,4.44,4.45,4.41,4.44,197200
AFT,20060117,0.02,0.022,0.02,0.021,2776439
AGC,20060117,1.72,1.77,1.695,1.72,315591
AGG,20060117,14.62,14.65,14.41,14.65,8214
AGI,20060117,0.51,0.515,0.5,0.5,121336
AGL,20060117,17.14,17.18,16.97,17.02,501858
AGM,20060117,0.19,0.2,0.19,0.195,4638799
AGO,20060117,0.4,0.405,0.38,0.4,426801
AGS,20060117,0.245,0.245,0.235,0.24,1091475
AGX,20060117,0.26,0.26,0.26,0.26,20000
AGZ,20060117,0.27,0.28,0.27,0.28,60810
AHD,20060117,4.47,4.47,4.42,4.42,800
AHE,20060117,1.18,1.18,1.16,1.16,96220
AHO,20060117,0.7,0.7,0.7,0.7,31200
AHS,20060117,1.13,1.13,1.125,1.13,66908
AHU,20060117,6.3,6.3,6.3,6.3,30
AIA,20060117,1.855,1.855,1.85,1.85,653449
AIE,20060117,0.26,0.26,0.255,0.26,110447
AII,20060117,0.265,0.265,0.26,0.26,50000
AIM,20060117,0.064,0.071,0.064,0.069,14927932
AIX,20060117,2.35,2.35,2.32,2.32,854767
AIY,20060117,0.13,0.13,0.13,0.13,14800
AIZ,20060117,1.26,1.26,1.235,1.235,54682
AJL,20060117,0.935,0.935,0.89,0.89,68042
ALB,20060117,0.75,0.75,0.75,0.75,2000
ALD,20060117,0.42,0.42,0.405,0.415,250385
ALK,20060117,0.23,0.235,0.23,0.235,852582
ALL,20060117,11.95,12.02,11.92,11.95,921580
ALN,20060117,10.85,10.87,10.8,10.8,351662
ALO,20060117,0.275,0.275,0.275,0.275,49120
ALR,20060117,1.43,1.44,1.43,1.44,17000
ALS,20060117,9.5,9.5,9.38,9.45,85710
ALT,20060117,0.031,0.032,0.031,0.031,125000
ALU,20060117,0.3,0.3,0.29,0.29,50000
ALZ,20060117,2.1,2.1,2.06,2.08,885036
AMB,20060117,0.76,0.76,0.75,0.75,4143
AMC,20060117,7.22,7.24,7.14,7.19,3347444
AMG,20060117,0.135,0.135,0.125,0.125,50000
AMH,20060117,0.59,0.59,0.58,0.58,35070
AMM,20060117,0.16,0.16,0.16,0.16,139196
AMP,20060117,7.89,8.03,7.88,8.02,4721393
AMU,20060117,1.035,1.05,1.03,1.04,492868
AND,20060117,0.36,0.36,0.34,0.35,1686105
ANE,20060117,3.36,3.37,3.36,3.37,27597
ANG,20060117,0.29,0.29,0.29,0.29,25000
ANH,20060117,0.092,0.094,0.085,0.087,29888192
ANM,20060117,0.3,0.3,0.27,0.3,159298
ANN,20060117,11.15,11.16,11.05,11.1,419165
ANO,20060117,0.14,0.14,0.13,0.13,90000
ANP,20060117,0.049,0.049,0.046,0.046,160000
ANX,20060117,0.41,0.41,0.4,0.4,65400
ANZ,20060117,24.44,24.61,24.35,24.52,3668047
AOC,20060117,0.145,0.145,0.125,0.125,371795
AOD,20060117,10.48,10.48,10.48,10.48,550
AOE,20060117,0.685,0.69,0.68,0.68,437778
AOM,20060117,0.022,0.022,0.022,0.022,18500
AOS,20060117,0.365,0.365,0.34,0.34,61364
APA,20060117,4.01,4.1,3.98,3.98,104395
APE,20060117,7.3,7.3,7.26,7.26,10800
APG,20060117,0.025,0.025,0.025,0.025,200004
API,20060117,2.69,2.76,2.62,2.76,563098
APN,20060117,4.7,4.72,4.67,4.7,456016
APV,20060117,0.29,0.29,0.29,0.29,300
APZ,20060117,1.165,1.165,1.165,1.165,59261
AQA,20060117,5,5.05,5,5.05,7635
AQD,20060117,0.47,0.47,0.45,0.47,337820
AQE,20060117,0.25,0.25,0.225,0.225,43900
AQP,20060117,12.02,12.35,12.02,12.35,155394
ARA,20060117,0.55,0.555,0.54,0.55,175731
ARE,20060117,0.16,0.16,0.155,0.155,185000
ARG,20060117,6.75,6.79,6.7,6.71,65613
ARM,20060117,0.335,0.38,0.335,0.35,830779
ARP,20060117,2.85,2.85,2.81,2.82,37559
ARQ,20060117,1.835,1.89,1.83,1.885,3216395
ARU,20060117,0.35,0.36,0.35,0.355,374400
ARW,20060117,1.28,1.4,1.28,1.4,11165
ARX,20060117,0.068,0.069,0.068,0.068,981811
ARZ,20060117,0.55,0.55,0.55,0.55,910
ASB,20060117,2.14,2.16,2.14,2.14,96766
ASC,20060117,0.042,0.047,0.042,0.047,981924
ASL,20060117,1.35,1.38,1.35,1.355,436784
ASV,20060117,0.052,0.052,0.052,0.052,500000
ASX,20060117,35.25,35.53,35.12,35.12,534793
ASZ,20060117,0.75,0.76,0.74,0.75,61085
ATG,20060117,0.585,0.585,0.56,0.57,137197
ATN,20060117,0.07,0.076,0.07,0.074,526580
ATP,20060117,0.29,0.29,0.29,0.29,105000
ATR,20060117,3.89,3.95,3.89,3.9,26062
ATV,20060117,0.15,0.155,0.15,0.15,359500
ATZ,20060117,0.225,0.225,0.225,0.225,462
AUB,20060117,2.61,2.61,2.56,2.59,14500
AUI,20060117,6.5,6.5,6.5,6.5,7264
AUM,20060117,0.23,0.25,0.23,0.25,147714
AUN,20060117,1.22,1.24,1.215,1.23,6112388
AUS,20060117,1.2,1.2,1.2,1.2,58668
AUT,20060117,0.45,0.45,0.44,0.445,518230
AUW,20060117,1.56,1.56,1.53,1.55,306092
AUX,20060117,0.051,0.051,0.051,0.051,6818
AUZ,20060117,0.016,0.017,0.016,0.016,1872503
AVA,20060117,0.072,0.074,0.072,0.074,997931
AVE,20060117,1.55,1.55,1.55,1.55,18510
AVJ,20060117,1.17,1.18,1.165,1.17,143487
AVM,20060117,0.73,0.74,0.72,0.73,1394658
AVO,20060117,0.56,0.59,0.56,0.585,431365
AVR,20060117,1.36,1.38,1.33,1.38,21668
AVS,20060117,0.155,0.155,0.155,0.155,25000
AVU,20060117,0.385,0.385,0.38,0.38,79456
AVV,20060117,0.89,0.9,0.87,0.9,44054
AVX,20060117,0.305,0.31,0.29,0.3,103400
AWB,20060117,6,6.05,5.95,6.02,2511461
AWC,20060117,7.4,7.51,7.4,7.49,7294552
AWE,20060117,2.58,2.64,2.58,2.61,2793588
AWL,20060117,0.015,0.015,0.015,0.015,15000
AXA,20060117,5.13,5.29,5.12,5.25,1583143
AXD,20060117,0.185,0.19,0.185,0.19,100000
AXI,20060117,0.066,0.066,0.066,0.066,75000
AXM,20060117,0.09,0.09,0.09,0.09,54500
AXO,20060117,0.72,0.72,0.67,0.67,139300
AXQ,20060117,1.015,1.035,1.015,1.035,863400
AZA,20060117,1.33,1.345,1.315,1.325,326210
AZC,20060117,0.23,0.235,0.23,0.23,352805
AZM,20060117,0.22,0.22,0.21,0.21,292339
AZR,20060117,0.175,0.175,0.17,0.175,4500371
AZX,20060117,1.14,1.14,1.14,1.14,23580
AZZ,20060117,0.415,0.42,0.41,0.42,446378
BAR,20060117,0.14,0.145,0.135,0.14,319270
BAS,20060117,0.092,0.093,0.092,0.093,90000
BAX,20060117,4.74,4.74,4.71,4.74,11621
BBB,20060117,0.24,0.24,0.235,0.24,68554
BBG,20060117,14.2,14.3,14.02,14.2,208169
BBI,20060117,1.655,1.665,1.63,1.655,809557
BBL,20060117,0.17,0.17,0.17,0.17,3387
BBW,20060117,1.93,1.93,1.9,1.925,336775
BCA,20060117,3.57,3.58,3.5,3.52,86838
BCD,20060117,0.365,0.37,0.36,0.365,257917
BCL,20060117,0.34,0.35,0.34,0.35,1066118
BDG,20060117,1.85,1.86,1.82,1.855,1426651
BDI,20060117,0.63,0.65,0.62,0.62,27574
BDL,20060117,0.12,0.12,0.115,0.12,880733
BDM,20060117,0.715,0.715,0.715,0.715,13000
BDS,20060117,3.05,3.05,3.05,3.05,8000
BEC,20060117,0.57,0.58,0.57,0.58,22500
BEI,20060117,1.835,1.835,1.79,1.8,250509
BEL,20060117,0.36,0.365,0.36,0.365,108261
BEN,20060117,11.98,12.02,11.85,12.02,96391
BER,20060117,0.36,0.36,0.36,0.36,4000
BGD,20060117,0.17,0.17,0.16,0.16,178000
BGF,20060117,0.415,0.415,0.4,0.41,5308085
BGN,20060117,0.1,0.1,0.097,0.098,125550
BHP,20060117,23.76,23.97,23.65,23.96,10913307
BIL,20060117,10.32,10.46,10.32,10.42,3513752
BIT,20060117,0.25,0.27,0.25,0.27,218335
BJT,20060117,1.69,1.71,1.68,1.69,1177714
BKA,20060117,0.265,0.265,0.25,0.265,199000
BKG,20060117,0.225,0.24,0.225,0.23,262840
BKI,20060117,1.25,1.25,1.25,1.25,53418
BKL,20060117,14.55,14.65,14.55,14.65,2270
BKM,20060117,0.01,0.01,0.01,0.01,500000
BKN,20060117,4.54,4.54,4.47,4.5,588038
BKP,20060117,0.285,0.29,0.28,0.285,577450
BKR,20060117,0.35,0.35,0.35,0.35,50000
BKW,20060117,12.63,12.7,12.62,12.7,8005
BKY,20060117,0.415,0.415,0.415,0.415,6000
BLD,20060117,8.26,8.3,8.13,8.22,619828
BLN,20060117,0.295,0.3,0.26,0.27,2018254
BLR,20060117,0.034,0.041,0.034,0.039,9646133
BLT,20060117,0.165,0.165,0.155,0.16,1197841
BLZ,20060117,0.046,0.046,0.045,0.045,50000
BMO,20060117,0.375,0.385,0.37,0.375,1923866
BMX,20060117,0.305,0.315,0.305,0.305,395956
BNB,20060117,18.2,19.37,18.14,19.37,1172803
BNE,20060117,0.25,0.25,0.25,0.25,833
BNO,20060117,0.24,0.24,0.23,0.24,21850
BNT,20060117,0.325,0.35,0.325,0.35,757275
BOC,20060117,0.745,0.75,0.745,0.75,14066
BOL,20060117,3.4,3.49,3.4,3.47,384052
BON,20060117,0.1,0.1,0.1,0.1,36529
BOQ,20060117,15.4,15.82,15.4,15.82,215911
BOS,20060117,0.18,0.18,0.18,0.18,148000
BOW,20060117,0.15,0.155,0.15,0.15,150219
BPC,20060117,1.15,1.15,1.13,1.135,5282379
BPH,20060117,0.205,0.205,0.185,0.2,176960
BPO,20060117,0.023,0.024,0.023,0.023,5914770
BPT,20060117,1.22,1.245,1.22,1.245,986227
BQF,20060117,3.3,3.3,3.3,3.3,4167
BQT,20060117,0.19,0.19,0.18,0.18,281200
BRW,20060117,0.042,0.042,0.041,0.041,606700
BRZ,20060117,1.57,1.59,1.57,1.59,43372
BSA,20060117,0.29,0.29,0.27,0.27,101939
BSG,20060117,1.64,1.65,1.605,1.64,544630
BSL,20060117,7.37,7.45,7.31,7.43,5388361
BSO,20060117,1.97,1.98,1.965,1.98,88851
BTA,20060117,1.835,1.845,1.78,1.79,2398906
BTC,20060117,0.425,0.43,0.42,0.42,120823
BTV,20060117,0.069,0.072,0.069,0.069,11279006
BTX,20060117,0.225,0.235,0.225,0.23,966302
BUY,20060117,0.064,0.065,0.063,0.063,1437959
BWP,20060117,1.96,1.97,1.945,1.97,53557
BXP,20060117,0.22,0.22,0.215,0.215,959806
BZI,20060117,0.575,0.6,0.575,0.6,49000
CAA,20060117,1.33,1.335,1.32,1.33,46131
CAB,20060117,6.22,6.35,6.22,6.35,81157
CAF,20060117,0.77,0.8,0.77,0.79,51183
CAG,20060117,0.022,0.023,0.022,0.022,1522914
CAM,20060117,0.98,0.98,0.975,0.975,5500
CAQ,20060117,0.265,0.285,0.265,0.285,60500
CAT,20060117,9.1,9.1,9.1,9.1,13
CAU,20060117,0.09,0.1,0.09,0.095,419000
CAZ,20060117,1.68,1.695,1.59,1.64,805326
CBA,20060117,44.06,44.25,43.97,44.17,1607124
CBD,20060117,0.036,0.036,0.036,0.036,10000
CBH,20060117,0.25,0.29,0.25,0.29,8381297
CCE,20060117,0.22,0.225,0.2,0.205,3395694
CCI,20060117,0.012,0.013,0.012,0.013,474808
CCL,20060117,7.67,7.73,7.67,7.71,835930
CCP,20060117,5.13,5.23,5.13,5.2,152015
CCS,20060117,0.065,0.065,0.065,0.065,13900
CCV,20060117,0.275,0.275,0.275,0.275,161802
CDA,20060117,0.98,0.98,0.96,0.96,47280
CDD,20060117,4.18,4.2,4.14,4.14,61656
CDF,20060117,1.615,1.615,1.615,1.615,20952
CDO,20060117,4,4.03,4,4,163741
CDP,20060117,3.58,3.58,3.58,3.58,9400
CDR,20060117,1.94,1.94,1.91,1.915,235844
CDX,20060117,2.41,2.41,2.41,2.41,9000
CEG,20060117,1.2,1.235,1.2,1.235,18800
CEO,20060117,0.2,0.215,0.2,0.215,23650
CEQ,20060117,1.965,2,1.965,2,7225
CER,20060117,1.495,1.495,1.45,1.485,486199
CEU,20060117,1.17,1.175,1.15,1.16,2407356
CEY,20060117,3.96,4.02,3.75,3.99,2291735
CFE,20060117,0.37,0.37,0.3,0.34,2003129
CFI,20060117,0.705,0.705,0.705,0.705,41056
CFK,20060117,0.41,0.41,0.41,0.41,27000
CFR,20060117,0.012,0.013,0.012,0.012,301779
CFU,20060117,0.48,0.49,0.48,0.48,241692
CGF,20060117,3.96,4.04,3.96,4.04,2167219
CGM,20060117,0.17,0.18,0.17,0.18,213300
CGO,20060117,0.65,0.67,0.65,0.67,10000
CGS,20060117,0.115,0.115,0.115,0.115,50000
CGX,20060117,0.45,0.45,0.445,0.45,756355
CHB,20060117,39.45,40,39.45,40,4383
CHD,20060117,0.67,0.67,0.67,0.67,15000
CHF,20060117,0.41,0.41,0.405,0.41,22600
CHL,20060117,0.18,0.185,0.18,0.185,75697
CHO,20060117,5.8,5.8,5.75,5.75,2501
CHQ,20060117,0.6,0.6,0.6,0.6,6000
CHT,20060117,0.012,0.012,0.011,0.011,200000
CHX,20060117,1.26,1.34,1.26,1.34,297021
CHY,20060117,2.38,2.38,2.37,2.38,54400
CIG,20060117,0.097,0.098,0.094,0.096,9325503
CII,20060117,0.16,0.16,0.16,0.16,100000
CIN,20060117,17.5,17.5,17.5,17.5,2900
CIR,20060117,1.12,1.12,1.1,1.1,38790
CIX,20060117,0.39,0.39,0.375,0.375,481309
CIY,20060117,3.73,3.79,3.71,3.75,74060
CKL,20060117,0.565,0.565,0.565,0.565,2800
CKR,20060117,0.3,0.3,0.3,0.3,49600
CKS,20060117,0.52,0.52,0.52,0.52,4395
CLF,20060117,0.235,0.255,0.235,0.255,1097731
CLH,20060117,1.5,1.5,1.46,1.47,37412
CLO,20060117,0.38,0.39,0.38,0.385,402701
CLT,20060117,1.1,1.1,1.08,1.08,16114
CLV,20060117,0.16,0.16,0.16,0.16,90291
CLX,20060117,0.95,0.95,0.95,0.95,3744
CMI,20060117,1.325,1.325,1.32,1.32,20587
CMK,20060117,0.48,0.48,0.48,0.48,30000
CML,20060117,10.73,10.86,10.73,10.76,3270187
CMO,20060117,0.01,0.01,0.01,0.01,1020909
CMP,20060117,0.12,0.125,0.11,0.115,113475
CMQ,20060117,0.7,0.71,0.67,0.69,249764
CMR,20060117,1.825,1.9,1.825,1.9,417269
CMV,20060117,0.825,0.825,0.8,0.8,15550
CMW,20060117,0.71,0.72,0.7,0.7,10500
CMX,20060117,0.225,0.23,0.22,0.22,818725
CND,20060117,2.62,2.7,2.62,2.7,145820
CNM,20060117,0.027,0.028,0.027,0.028,229357
CNP,20060117,6.25,6.27,6.24,6.27,1086325
CNT,20060117,0.58,0.58,0.58,0.58,50000
COA,20060117,5.34,5.35,5.25,5.29,459551
COE,20060117,0.615,0.65,0.61,0.65,2070428
COF,20060117,3.3,3.34,3.3,3.33,43188
COH,20060117,47.1,47.3,47.1,47.25,97717
COI,20060117,0.225,0.23,0.22,0.23,200000
COK,20060117,0.2,0.2,0.195,0.195,234365
COO,20060117,0.135,0.14,0.135,0.14,76000
COS,20060117,0.26,0.265,0.26,0.265,55000
COU,20060117,2.07,2.1,2.06,2.06,54188
COZ,20060117,0.29,0.29,0.29,0.29,95838
CPA,20060117,1.275,1.28,1.27,1.28,2216672
CPB,20060117,11.05,11.45,11,11.45,43455
CPI,20060117,0.485,0.485,0.485,0.485,1500
CPK,20060117,3.1,3.1,3.1,3.1,730
CPN,20060117,0.055,0.056,0.055,0.055,86500
CPR,20060117,1.01,1.01,1,1,27000
CPS,20060117,0.19,0.19,0.19,0.19,20000
CPU,20060117,6.92,6.95,6.89,6.92,1359560
CQT,20060117,0.041,0.042,0.041,0.042,73296
CRE,20060117,0.225,0.225,0.22,0.225,482700
CRG,20060117,9.71,9.9,9.7,9.84,144500
CRK,20060117,0.78,0.78,0.78,0.78,1000
CRL,20060117,0.135,0.145,0.135,0.135,336400
CRP,20060117,0.05,0.05,0.05,0.05,35000
CRS,20060117,0.35,0.35,0.33,0.335,2161657
CRT,20060117,0.685,0.69,0.68,0.685,62949
CRU,20060117,0.79,0.79,0.78,0.785,28250
CSE,20060117,0.19,0.205,0.19,0.205,610691
CSH,20060117,2.15,2.2,2.15,2.2,3102
CSL,20060117,45,45,43.94,44.03,599541
CSM,20060117,3.21,3.24,3.18,3.22,1952732
CSR,20060117,3.68,3.76,3.66,3.73,5474957
CSS,20060117,0.44,0.44,0.44,0.44,13350
CST,20060117,3.55,3.59,3.5,3.59,28981
CTE,20060117,0.17,0.17,0.17,0.17,19000
CTF,20060117,0.2,0.2,0.2,0.2,2528
CTL,20060117,1.74,1.75,1.74,1.745,169600
CTN,20060117,1.08,1.09,1.075,1.09,44763
CTO,20060117,0.18,0.18,0.17,0.175,1091161
CTS,20060117,0.375,0.375,0.375,0.375,17000
CTX,20060117,20.1,20.2,19.67,19.88,595565
CUE,20060117,0.25,0.25,0.245,0.245,1143380
CUL,20060117,0.056,0.057,0.054,0.055,1582500
CUO,20060117,0.021,0.021,0.019,0.02,5484663
CUS,20060117,0.24,0.24,0.23,0.23,904764
CUY,20060117,0.49,0.49,0.49,0.49,50000
CVC,20060117,1.43,1.46,1.43,1.45,25958
CVN,20060117,0.06,0.06,0.058,0.059,1925737
CWP,20060117,3.15,3.15,3.15,3.15,3000
CWT,20060117,0.84,0.85,0.835,0.835,82299
CXE,20060117,0.11,0.12,0.11,0.12,132615
CXP,20060117,5.71,5.84,5.71,5.83,166989
CXS,20060117,0.58,0.62,0.58,0.62,5495
CYA,20060117,1.13,1.13,1.125,1.13,176569
CYG,20060117,5.84,5.84,5.82,5.82,2350
CYT,20060117,0.89,0.89,0.875,0.88,106200
DBS,20060117,0.86,0.875,0.86,0.86,19620
DDT,20060117,0.25,0.26,0.25,0.25,183000
DEG,20060117,0.205,0.205,0.2,0.2,478119
DES,20060117,0.14,0.14,0.14,0.14,184348
DEX,20060117,1.09,1.09,1.085,1.09,55200
DGH,20060117,0.94,0.94,0.94,0.94,28600
DGR,20060117,0.1,0.1,0.1,0.1,228153
DIA,20060117,0.11,0.11,0.11,0.11,21909
DIO,20060117,0.078,0.078,0.075,0.076,2306000
DJS,20060117,2.3,2.35,2.29,2.3,557794
DJW,20060117,4.34,4.35,4.29,4.34,23901
DKN,20060117,0.72,0.72,0.72,0.72,12952
DKS,20060117,9.7,9.7,9.7,9.7,160
DLS,20060117,0.077,0.081,0.077,0.081,3030496
DMA,20060117,0.17,0.19,0.15,0.15,130000
DMP,20060117,3.4,3.43,3.4,3.43,4590
DMX,20060117,0.019,0.02,0.018,0.02,242500
DNL,20060117,0.16,0.16,0.155,0.155,53870
DOM,20060117,1.375,1.43,1.375,1.4,623666
DON,20060117,0.2,0.2,0.2,0.2,9500
DOW,20060117,7.22,7.25,7.15,7.25,666193
DRA,20060117,0.135,0.14,0.135,0.14,868800
DRD,20060117,2.4,2.66,2.38,2.65,23083
DRK,20060117,0.16,0.16,0.155,0.155,238000
DRT,20060117,1.375,1.385,1.375,1.385,8733319
DRX,20060117,0.295,0.315,0.295,0.3,672382
DTL,20060117,3.37,3.37,3.3,3.31,52440
DUE,20060117,2.49,2.5,2.46,2.48,372021
DUI,20060117,3.05,3.05,3.05,3.05,5038
DVC,20060117,3.83,3.86,3.78,3.78,1501459
DVM,20060117,0.07,0.076,0.07,0.076,1025716
DVN,20060117,0.74,0.74,0.71,0.735,64134
DYE,20060117,0.25,0.25,0.25,0.25,15000
DYL,20060117,0.105,0.11,0.1,0.105,1493906
EBB,20060117,4.74,4.77,4.73,4.73,47615
EBR,20060117,0.1,0.1,0.084,0.085,4931648
EBT,20060117,0.14,0.155,0.14,0.155,295000
ECH,20060117,0.6,0.6,0.59,0.6,37500
ECU,20060117,0.062,0.063,0.059,0.062,1559750
EDM,20060117,0.245,0.245,0.245,0.245,40000
EDN,20060117,0.44,0.47,0.44,0.45,132930
EFT,20060117,0.135,0.135,0.135,0.135,39950
EGL,20060117,0.135,0.135,0.13,0.13,62500
EGO,20060117,0.006,0.007,0.006,0.006,9245500
EIF,20060117,0.026,0.026,0.025,0.026,135000
EIV,20060117,0.175,0.175,0.16,0.175,177142
EKA,20060117,0.22,0.22,0.22,0.22,21250
ELK,20060117,0.365,0.4,0.365,0.39,56500
ELL,20060117,0.06,0.065,0.06,0.06,308500
ELX,20060117,0.385,0.385,0.37,0.38,92976
EME,20060117,1.25,1.26,1.22,1.26,71284
EMI,20060117,0.56,0.565,0.555,0.565,212415
EMP,20060117,0.415,0.425,0.415,0.42,115873
EMS,20060117,0.15,0.15,0.145,0.15,377000
ENE,20060117,3.95,4.03,3.95,4.01,633216
ENG,20060117,0.175,0.175,0.165,0.17,734190
ENV,20060117,1.13,1.13,1.12,1.125,494572
EON,20060117,0.835,0.835,0.835,0.835,4100
EOS,20060117,3.35,3.35,3.2,3.3,52850
EPE,20060117,0.067,0.067,0.065,0.065,2606711
EPR,20060117,0.076,0.076,0.072,0.072,105000
EPT,20060117,0.345,0.345,0.33,0.33,114665
EQI,20060117,1.49,1.55,1.49,1.5,545714
EQN,20060117,1.17,1.18,1.14,1.15,463508
EQX,20060117,0.19,0.19,0.19,0.19,10000
ERA,20060117,13.2,13.98,13.2,13.35,983273
ERG,20060117,0.13,0.13,0.125,0.13,1947991
ESG,20060117,0.14,0.145,0.14,0.145,820792
ESS,20060117,0.33,0.35,0.33,0.34,171500
ESV,20060117,1.02,1.02,1.01,1.01,15000
ETE,20060117,0.058,0.06,0.058,0.06,32221
ETK,20060117,0.017,0.017,0.017,0.017,2400000
ETR,20060117,2.34,2.35,2.3,2.33,207012
ETW,20060117,0.25,0.265,0.25,0.26,48628
EVE,20060117,0.09,0.094,0.09,0.091,610000
EVZ,20060117,0.125,0.13,0.125,0.13,107692
EWC,20060117,0.031,0.033,0.031,0.033,972827
EXL,20060117,7.15,7.2,6.86,6.98,1288527
EXM,20060117,0.016,0.016,0.016,0.016,20000
EXR,20060117,0.8,0.88,0.8,0.87,1045275
EXS,20060117,0.185,0.185,0.185,0.185,20000
EXT,20060117,0.042,0.042,0.039,0.04,9546000
EZL,20060117,1.82,1.82,1.81,1.81,12424
FAN,20060117,2.89,2.89,2.85,2.86,12342
FAR,20060117,0.125,0.125,0.12,0.12,1140216
FBU,20060117,6.8,6.85,6.75,6.85,53869
FCL,20060117,2.01,2.04,2.01,2.03,3136251
FCN,20060117,0.54,0.575,0.54,0.545,974400
FDL,20060117,0.019,0.019,0.016,0.016,4323245
FEA,20060117,0.555,0.565,0.55,0.555,212992
FGL,20060117,5.54,5.56,5.53,5.54,7315941
FKP,20060117,5.3,5.3,5.21,5.27,257679
FLK,20060117,0.62,0.62,0.62,0.62,10000
FLO,20060117,0.061,0.065,0.06,0.06,1776487
FLT,20060117,9.81,9.85,9.77,9.81,55663
FLX,20060117,2.39,2.51,2.39,2.5,551742
FMG,20060117,5.77,5.77,5.44,5.76,192203
FML,20060117,0.048,0.048,0.047,0.048,425000
FOF,20060117,0.435,0.435,0.435,0.435,10000
FPA,20060117,3.15,3.15,3.12,3.12,61805
FPF,20060117,0.054,0.055,0.054,0.055,462682
FPH,20060117,3.32,3.32,3.32,3.32,6000
FRE,20060117,0.72,0.73,0.705,0.71,688463
FRL,20060117,0.24,0.27,0.24,0.27,192000
FRM,20060117,0.44,0.44,0.44,0.44,2740
FRR,20060117,0.77,0.78,0.75,0.78,157550
FRS,20060117,0.35,0.35,0.335,0.335,254000
FUN,20060117,1.745,1.75,1.725,1.74,339465
FUT,20060117,0.007,0.007,0.007,0.007,26200
FWD,20060117,7.44,7.44,7.32,7.39,113929
FXJ,20060117,4.05,4.06,3.99,4.01,2193365
FXR,20060117,0.29,0.305,0.29,0.305,1173396
FZN,20060117,1.13,1.13,1.13,1.13,36000
GAA,20060117,0.91,0.915,0.9,0.915,47688
GAN,20060117,1.98,2,1.97,1.98,8194560
GAP,20060117,1.58,1.58,1.58,1.58,6746
GAS,20060117,2.5,2.54,2.5,2.5,83894
GAU,20060117,0.098,0.098,0.09,0.09,387500
GBE,20060117,0.22,0.23,0.22,0.23,93500
GBG,20060117,0.315,0.345,0.315,0.34,7450840
GBL,20060117,0.041,0.041,0.041,0.041,10000
GBP,20060117,0.47,0.47,0.46,0.46,50200
GBT,20060117,1.35,1.35,1.35,1.35,8000
GCL,20060117,3.18,3.25,3.11,3.13,248211
GCN,20060117,0.12,0.12,0.11,0.115,138000
GCR,20060117,0.06,0.062,0.058,0.059,1218000
GDA,20060117,0.003,0.003,0.003,0.003,16866000
GDM,20060117,0.385,0.4,0.385,0.4,288552
GDR,20060117,0.375,0.375,0.36,0.36,675038
GDY,20060117,1.585,1.585,1.57,1.585,176215
GFD,20060117,0.57,0.575,0.565,0.565,95093
GFF,20060117,2.09,2.1,2.08,2.09,2975325
GGN,20060117,0.53,0.535,0.53,0.535,948567
GGP,20060117,0.42,0.42,0.4,0.41,400600
GGY,20060117,0.049,0.049,0.046,0.046,473028
GHG,20060117,0.87,0.87,0.865,0.865,135587
GIP,20060117,0.13,0.13,0.125,0.125,90000
GIR,20060117,0.285,0.295,0.285,0.295,293000
GLB,20060117,0.265,0.265,0.265,0.265,82850
GLC,20060117,0.92,0.92,0.88,0.88,55339
GLI,20060117,1.085,1.11,1.08,1.08,129526
GLN,20060117,0.27,0.28,0.27,0.27,271341
GLO,20060117,0.095,0.1,0.094,0.1,195000
GLS,20060117,1.12,1.12,1.12,1.12,1000
GME,20060117,0.155,0.155,0.155,0.155,3650
GMI,20060117,1.23,1.23,1.21,1.215,75136
GML,20060117,0.145,0.165,0.145,0.165,169457
GNC,20060117,10.46,10.5,10.4,10.5,10924
GNL,20060117,0.052,0.052,0.052,0.052,15000
GNS,20060117,3.24,3.25,3.12,3.14,1411085
GOA,20060117,0.07,0.07,0.07,0.07,49000
GOG,20060117,0.23,0.23,0.23,0.23,108343
GOP,20060117,0.095,0.095,0.095,0.095,20000
GOW,20060117,2.61,2.61,2.6,2.6,4754
GPB,20060117,0.75,0.75,0.75,0.75,981
GPE,20060117,0.011,0.013,0.011,0.012,1331408
GPG,20060117,1.97,1.97,1.955,1.965,230647
GPN,20060117,0.017,0.017,0.016,0.016,1770000
GPO,20060117,0.063,0.065,0.06,0.061,2937203
GPT,20060117,3.94,3.96,3.92,3.95,9625599
GRD,20060117,2.8,2.86,2.77,2.86,306763
GRK,20060117,0.175,0.18,0.175,0.18,63246
GRN,20060117,0.415,0.425,0.41,0.42,109800
GRO,20060117,1.46,1.495,1.46,1.46,24700
GRP,20060117,0.62,0.62,0.62,0.62,5000
GRR,20060117,1.45,1.47,1.45,1.47,304699
GRY,20060117,0.28,0.285,0.275,0.275,430000
GSA,20060117,1.16,1.16,1.155,1.16,7556647
GSE,20060117,0.04,0.042,0.04,0.042,798375
GTG,20060117,0.38,0.395,0.38,0.395,287602
GTP,20060117,3.62,3.78,3.56,3.76,3490095
GTV,20060117,0.95,0.95,0.95,0.95,5250
GTX,20060117,0.42,0.44,0.42,0.44,229361
GUD,20060117,7.82,7.89,7.81,7.85,93078
GUL,20060117,0.027,0.029,0.027,0.027,591718
GUN,20060117,0.385,0.4,0.335,0.36,607372
GVM,20060117,0.25,0.25,0.25,0.25,25000
GWE,20060117,0.155,0.155,0.155,0.155,20000
GWR,20060117,0.49,0.49,0.49,0.49,37500
GWT,20060117,2.9,2.91,2.87,2.89,422288
GWV,20060117,0.005,0.005,0.005,0.005,10000
GYN,20060117,0.28,0.28,0.26,0.26,38493
HAN,20060117,14.35,14.35,14.35,14.35,48
HAO,20060117,0.05,0.05,0.05,0.05,52000
HAP,20060117,1.13,1.13,1.1,1.13,67064
HAV,20060117,0.91,0.91,0.89,0.89,23800
HCY,20060117,0.013,0.013,0.012,0.012,2917237
HDF,20060117,2.44,2.44,2.42,2.43,213035
HDG,20060117,0.215,0.22,0.215,0.22,63200
HDN,20060117,0.32,0.32,0.32,0.32,49793
HDR,20060117,1.9,1.965,1.88,1.965,13840798
HEG,20060117,0.09,0.09,0.087,0.088,794200
HER,20060117,0.84,0.9,0.84,0.9,481322
HGI,20060117,1.765,1.77,1.765,1.765,3678501
HGO,20060117,0.175,0.175,0.175,0.175,105000
HGR,20060117,0.1,0.1,0.095,0.095,157445
HHL,20060117,6.95,6.98,6.91,6.91,7981
HHM,20060117,0.13,0.13,0.13,0.13,25000
HHV,20060117,1.035,1.05,1.035,1.04,135541
HIC,20060117,0.805,0.805,0.8,0.8,39780
HIG,20060117,0.77,0.795,0.77,0.795,1687748
HIL,20060117,4.85,4.9,4.82,4.85,50745
HJB,20060117,0.315,0.315,0.315,0.315,12500
HLD,20060117,0.22,0.225,0.22,0.225,73222
HLE,20060117,0.035,0.035,0.035,0.035,5000
HLS,20060117,0.155,0.155,0.155,0.155,36668
HLT,20060117,0.25,0.25,0.245,0.245,59417
HLX,20060117,0.135,0.135,0.135,0.135,77000
HMC,20060117,0.045,0.045,0.045,0.045,60000
HME,20060117,12.5,12.55,12.33,12.5,5685
HMR,20060117,0.61,0.615,0.61,0.61,190418
HNR,20060117,0.14,0.15,0.14,0.145,717600
HOM,20060117,0.39,0.4,0.39,0.4,13269
HPX,20060117,1.745,1.75,1.73,1.73,34918
HRD,20060117,0.22,0.23,0.22,0.23,6000
HRR,20060117,0.5,0.5,0.485,0.485,116470
HSK,20060117,0.44,0.44,0.43,0.44,160140
HSN,20060117,0.165,0.165,0.16,0.16,52000
HSP,20060117,4.3,4.32,4.13,4.16,19336403
HST,20060117,1.985,1.99,1.97,1.98,31821
HTA,20060117,0.295,0.3,0.29,0.29,533134
HTE,20060117,0.019,0.019,0.019,0.019,108538
HTL,20060117,0.13,0.13,0.13,0.13,100000
HTM,20060117,0.054,0.056,0.054,0.056,425000
HTW,20060117,0.92,0.98,0.915,0.98,211555
HVN,20060117,3.14,3.18,3.12,3.18,2407703
HWI,20060117,1.645,1.66,1.61,1.61,93969
HWW,20060117,0.3,0.3,0.3,0.3,10000
HYO,20060117,0.069,0.08,0.069,0.08,230500
HZG,20060117,0.145,0.145,0.13,0.13,24500
IAG,20060117,5.62,5.75,5.6,5.7,4821419
IAS,20060117,0.48,0.485,0.47,0.47,129182
IAT,20060117,0.065,0.07,0.065,0.07,123000
IBA,20060117,0.565,0.565,0.555,0.56,258915
IBC,20060117,0.59,0.59,0.58,0.58,20000
IBR,20060117,0.73,0.86,0.73,0.78,373420
IBT,20060117,1.81,1.82,1.81,1.82,6500
ICC,20060117,0.005,0.005,0.004,0.005,23271872
ICD,20060117,0.7,0.7,0.7,0.7,1000
ICN,20060117,0.062,0.063,0.06,0.062,1126992
ICP,20060117,0.044,0.045,0.042,0.044,770000
ICS,20060117,0.36,0.36,0.345,0.345,52900
IDT,20060117,1.71,1.71,1.68,1.71,23900
IEF,20060117,1.2,1.2,1.165,1.165,18018
IFL,20060117,7.35,7.36,7.2,7.27,18493
IFM,20060117,0.49,0.505,0.49,0.5,226199
IGO,20060117,1.84,1.91,1.84,1.91,846633
IGR,20060117,0.185,0.19,0.185,0.185,308575
IHG,20060117,0.25,0.25,0.22,0.23,105984
IIF,20060117,2.22,2.23,2.21,2.23,832931
IIN,20060117,1.65,1.65,1.59,1.6,1197857
ILF,20060117,1.18,1.18,1.175,1.175,11341
ILU,20060117,7.76,7.76,7.65,7.72,1429561
IMA,20060117,0.395,0.395,0.385,0.385,140974
IMD,20060117,0.35,0.37,0.35,0.37,114800
IMF,20060117,0.435,0.45,0.43,0.43,288500
IMI,20060117,0.02,0.021,0.02,0.02,4203720
IMP,20060117,0.006,0.006,0.006,0.006,2611111
IMU,20060117,0.185,0.185,0.185,0.185,88422
INL,20060117,0.068,0.068,0.066,0.066,152000
INP,20060117,0.42,0.42,0.41,0.42,59325
INT,20060117,0.06,0.061,0.056,0.056,3207318
IOF,20060117,1.35,1.36,1.345,1.36,811595
IOH,20060117,2.35,2.35,2.15,2.2,149299
IPA,20060117,0.83,0.83,0.83,0.83,8000
IPG,20060117,2.02,2.03,2.01,2.02,3953689
IPL,20060117,17.03,17.05,17.02,17.03,5584
IPM,20060117,1.025,1.03,1,1.01,240400
IRE,20060117,4.64,4.64,4.5,4.63,115969
IRI,20060117,0.51,0.525,0.49,0.525,53200
IRN,20060117,0.69,0.7,0.67,0.675,99920
ISS,20060117,0.18,0.18,0.18,0.18,7173
ITC,20060117,0.069,0.074,0.069,0.072,2685000
ITD,20060117,0.235,0.245,0.235,0.24,205026
ITE,20060117,0.095,0.095,0.095,0.095,44000
ITF,20060117,0.97,0.97,0.95,0.95,134816
IVC,20060117,4.2,4.21,4.17,4.2,128275
IVK,20060117,0.024,0.027,0.024,0.026,9511903
IWF,20060117,1.685,1.685,1.68,1.68,11150
IWI,20060117,1.93,1.93,1.93,1.93,5000
IWL,20060117,3.84,4,3.81,4,150215
IYS,20060117,1.58,1.58,1.5,1.5,5000
JAK,20060117,0.175,0.18,0.17,0.18,399900
JBH,20060117,4.24,4.26,4.21,4.25,322385
JBM,20060117,7.65,7.72,7.61,7.65,329728
JET,20060117,0.94,0.94,0.93,0.93,4500
JFM,20060117,1.255,1.26,1.25,1.26,65824
JGL,20060117,0.26,0.27,0.255,0.27,281000
JHX,20060117,8.74,8.78,8.7,8.77,392631
JMB,20060117,1.81,1.81,1.81,1.81,3288
JML,20060117,0.25,0.26,0.25,0.255,1580850
JMS,20060117,0.097,0.097,0.097,0.097,50000
JPR,20060117,0.04,0.04,0.04,0.04,18000
JRL,20060117,0.48,0.505,0.48,0.505,59571
JRV,20060117,0.018,0.019,0.018,0.018,5118787
JST,20060117,2.45,2.45,2.41,2.44,598449
JUM,20060117,0.079,0.079,0.077,0.078,1076000
JYC,20060117,1.03,1.04,1.03,1.04,6130
KAL,20060117,0.155,0.155,0.155,0.155,3450
KAR,20060117,2,2,1.955,1.955,87850
KAT,20060117,0.965,0.965,0.965,0.965,10000
KBO,20060117,0.215,0.22,0.21,0.215,1726803
KCN,20060117,5.28,5.44,5.28,5.34,516110
KDS,20060117,0.84,0.84,0.82,0.82,36925
KGL,20060117,0.32,0.32,0.32,0.32,10600
KHF,20060117,2.99,3,2.99,3,3740
KIM,20060117,1.55,1.59,1.545,1.585,1080748
KIS,20060117,1,1,0.99,0.99,29453
KKT,20060117,0.34,0.34,0.3,0.3,163721
KLM,20060117,0.37,0.37,0.37,0.37,62377
KME,20060117,1.16,1.16,1.16,1.16,7998
KMN,20060117,0.19,0.195,0.19,0.19,636545
KOR,20060117,0.3,0.3,0.29,0.3,85600
KOV,20060117,4.35,4.35,4.35,4.35,500
KRS,20060117,0.27,0.27,0.265,0.265,61000
KSC,20060117,3.33,3.33,3.3,3.33,5220
KYC,20060117,1.54,1.58,1.54,1.545,57949
KZL,20060117,2.75,2.75,2.71,2.71,906343
LAF,20060117,0.14,0.145,0.13,0.145,9000370
LAU,20060117,0.195,0.195,0.195,0.195,11752
LCL,20060117,0.62,0.62,0.615,0.615,96500
LCP,20060117,0.59,0.6,0.59,0.6,92000
LCT,20060117,0.245,0.25,0.245,0.25,155000
LDW,20060117,7.15,7.2,7,7.01,6328
LEF,20060117,0.22,0.305,0.22,0.28,1302975
LEG,20060117,0.066,0.069,0.066,0.069,2998204
LEI,20060117,18.31,18.49,18.26,18.49,225608
LEP,20060117,2.4,2.4,2.4,2.4,1000
LFE,20060117,1.65,1.69,1.61,1.64,185182
LGD,20060117,0.73,0.745,0.73,0.745,6000
LHG,20060117,2.45,2.48,2.44,2.45,16514538
LIM,20060117,6.05,6.14,6.05,6.14,72016
LIP,20060117,1.47,1.5,1.465,1.47,38262
LKO,20060117,0.022,0.022,0.021,0.021,1015693
LLC,20060117,14.94,15.1,14.9,15.06,884439
LMC,20060117,2.32,2.32,2.32,2.32,6000
LMG,20060117,0.006,0.006,0.006,0.006,300000
LNG,20060117,0.45,0.46,0.44,0.45,248000
LNN,20060117,7.56,7.63,7.53,7.63,269828
LOD,20060117,0.04,0.04,0.04,0.04,138500
LOK,20060117,5.42,5.45,5.42,5.45,2107
LPL,20060117,0.43,0.43,0.425,0.425,67270
LRF,20060117,0.86,0.87,0.86,0.87,163526
LRL,20060117,0.22,0.32,0.22,0.315,391067
LRX,20060117,0.083,0.084,0.083,0.084,75000
LSG,20060117,2.35,2.35,2.31,2.32,138300
LUM,20060117,0.05,0.052,0.046,0.046,265400
LVL,20060117,0.051,0.051,0.051,0.051,150000
LVR,20060117,1.27,1.28,1.24,1.24,570979
LWB,20060117,1.23,1.23,1.23,1.23,10000
LYC,20060117,0.185,0.185,0.17,0.175,1424000
LYL,20060117,2.56,2.56,2.5,2.55,4484
MAE,20060117,0.64,0.66,0.64,0.64,673300
MAG,20060117,1.36,1.36,1.36,1.36,17700
MAH,20060117,0.61,0.625,0.61,0.625,590863
MAL,20060117,0.57,0.58,0.55,0.55,206280
MAP,20060117,3.3,3.3,3.26,3.3,9632166
MAQ,20060117,0.94,0.94,0.94,0.94,12712
MAR,20060117,0.12,0.12,0.115,0.115,134876
MBA,20060117,0.055,0.057,0.055,0.057,1368950
MBI,20060117,0.01,0.01,0.009,0.01,7008311
MBL,20060117,70.11,71.05,70.01,71,1138798
MBN,20060117,0.735,0.735,0.715,0.72,28050
MBP,20060117,0.415,0.42,0.405,0.42,233625
MCC,20060117,5.19,5.35,5.07,5.33,2015673
MCG,20060117,5.78,5.78,5.65,5.69,911229
MCO,20060117,0.11,0.11,0.11,0.11,20000
MCP,20060117,1.77,1.77,1.73,1.75,72480
MCR,20060117,0.68,0.685,0.67,0.68,646704
MCW,20060117,1.965,1.98,1.96,1.98,1526178
MDL,20060117,1.18,1.2,1.18,1.185,322329
MDM,20060117,0.02,0.022,0.02,0.022,56667
MDS,20060117,0.12,0.12,0.12,0.12,137500
MDT,20060117,1.16,1.165,1.155,1.16,6187205
MDV,20060117,0.08,0.08,0.08,0.08,3750
MDX,20060117,0.13,0.13,0.13,0.13,210000
MEE,20060117,0.068,0.078,0.068,0.077,4469943
MEI,20060117,0.35,0.35,0.345,0.35,250000
MEL,20060117,0.285,0.285,0.28,0.28,30000
MEO,20060117,0.17,0.17,0.17,0.17,70500
MEP,20060117,0.6,0.6,0.59,0.595,29000
MFI,20060117,1.075,1.08,1.07,1.07,400000
MFS,20060117,2.95,2.95,2.9,2.95,107866
MFT,20060117,1.13,1.145,1.12,1.14,64783
MGK,20060117,0.42,0.46,0.41,0.46,32000
MGO,20060117,0.22,0.23,0.22,0.23,76748
MGQ,20060117,4.64,4.67,4.63,4.66,4916300
MGR,20060117,4.1,4.1,4.01,4.04,1242581
MGU,20060117,0.11,0.11,0.11,0.11,50000
MGW,20060117,3.12,3.16,3.11,3.15,1661261
MGX,20060117,0.67,0.67,0.65,0.655,565616
MGZ,20060117,0.12,0.12,0.12,0.12,20000
MHI,20060117,0.155,0.155,0.155,0.155,13600
MHL,20060117,0.021,0.022,0.021,0.021,2107028
MIC,20060117,0.045,0.046,0.044,0.044,884555
MIG,20060117,3.63,3.65,3.61,3.61,3692012
MIK,20060117,0.055,0.055,0.053,0.055,103882
MIR,20060117,1.68,1.68,1.68,1.68,19500
MIS,20060117,0.51,0.51,0.495,0.495,405890
MLB,20060117,1.44,1.49,1.4,1.49,39340
MLE,20060117,2.42,2.46,2.41,2.46,152975
MLI,20060117,0.26,0.26,0.245,0.25,757500
MLM,20060117,0.205,0.22,0.205,0.22,242486
MLT,20060117,19.19,19.2,19,19.1,14693
MMA,20060117,0.95,0.95,0.945,0.945,258781
MME,20060117,0.145,0.145,0.145,0.145,64550
MML,20060117,0.65,0.675,0.65,0.65,146100
MMN,20060117,0.245,0.245,0.235,0.24,993244
MMS,20060117,2.14,2.16,2.14,2.14,34800
MMX,20060117,0.42,0.43,0.42,0.43,478031
MMZ,20060117,0.625,0.625,0.625,0.625,11000
MND,20060117,5.08,5.1,5.07,5.08,89897
MOC,20060117,1.75,1.75,1.62,1.62,17136
MOE,20060117,0.99,1.02,0.985,1.02,1022168
MOF,20060117,1.295,1.3,1.29,1.3,1803641
MOG,20060117,0.072,0.072,0.072,0.072,8000
MOL,20060117,1.7,1.77,1.7,1.76,66200
MOO,20060117,0.04,0.04,0.036,0.037,1275000
MOS,20060117,0.175,0.18,0.175,0.175,546551
MOX,20060117,0.225,0.235,0.225,0.23,85800
MPA,20060117,0.085,0.085,0.085,0.085,283000
MPB,20060117,5.01,5.01,5.01,5.01,230
MPF,20060117,1.07,1.07,1.06,1.06,103220
MPG,20060117,0.865,0.865,0.84,0.84,144800
MPH,20060117,0.38,0.38,0.375,0.38,88415
MPO,20060117,0.061,0.062,0.06,0.06,2549748
MPR,20060117,1.165,1.17,1.165,1.17,1985036
MPS,20060117,0.995,1,0.985,0.985,231266
MRA,20060117,1,1,0.99,0.99,20000
MRC,20060117,0.23,0.235,0.23,0.235,66279
MRE,20060117,1.855,1.89,1.855,1.885,1048387
MRL,20060117,1.245,1.285,1.235,1.26,542060
MRM,20060117,0.41,0.415,0.395,0.415,476620
MRN,20060117,1.375,1.375,1.335,1.335,6700
MRO,20060117,0.75,0.79,0.75,0.79,79540
MRS,20060117,0.39,0.4,0.38,0.38,698665
MRX,20060117,0.065,0.066,0.062,0.064,1262500
MRY,20060117,0.007,0.007,0.007,0.007,1000000
MSB,20060117,1.23,1.265,1.2,1.2,102657
MSC,20060117,0.031,0.033,0.03,0.03,2871096
MSF,20060117,9.5,9.55,9.5,9.55,3030
MSO,20060117,0.08,0.085,0.08,0.085,1564012
MST,20060117,0.215,0.215,0.2,0.21,1334766
MSX,20060117,1.2,1.2,1.2,1.2,5000
MTB,20060117,0.125,0.125,0.11,0.11,487120
MTH,20060117,0.3,0.31,0.29,0.29,35600
MTI,20060117,0.3,0.31,0.3,0.3,91050
MTN,20060117,0.73,0.74,0.685,0.71,477383
MTR,20060117,0.115,0.115,0.115,0.115,2500
MTS,20060117,4.54,4.56,4.53,4.56,2533055
MTU,20060117,0.26,0.26,0.26,0.26,20000
MTX,20060117,0.9,0.9,0.9,0.9,54530
MTY,20060117,0.16,0.18,0.16,0.175,117000
MUL,20060117,0.013,0.014,0.012,0.013,46381518
MUR,20060117,0.075,0.078,0.075,0.078,146000
MVP,20060117,0.585,0.6,0.58,0.6,39170
MWG,20060117,1,1.02,1,1.02,6000
MWM,20060117,0.22,0.22,0.21,0.21,130000
MWR,20060117,0.065,0.065,0.065,0.065,10000
MXG,20060117,3.21,3.23,3.19,3.19,1084610
MXI,20060117,0.84,0.85,0.835,0.85,151884
MXL,20060117,0.083,0.083,0.083,0.083,136000
MXR,20060117,0.115,0.115,0.115,0.115,10000
MYO,20060117,0.97,0.975,0.95,0.975,363742
MYP,20060117,2.7,2.71,2.65,2.71,4635170
NAB,20060117,32.51,32.75,32.43,32.63,2650073
NAD,20060117,0.041,0.041,0.039,0.041,2207834
NAL,20060117,0.44,0.48,0.44,0.48,269980
NAM,20060117,0.665,0.665,0.65,0.65,162622
NAV,20060117,0.165,0.17,0.16,0.165,544060
NCK,20060117,1.3,1.3,1.3,1.3,18389
NCM,20060117,25.8,25.83,25.35,25.45,1015296
NDC,20060117,0.088,0.089,0.088,0.089,73000
NDL,20060117,0.18,0.18,0.18,0.18,14130
NDO,20060117,0.17,0.18,0.17,0.17,2793700
NEC,20060117,0.44,0.44,0.44,0.44,12000
NEL,20060117,0.64,0.73,0.64,0.72,276475
NEM,20060117,7.98,8.15,7.98,8.08,167448
NEO,20060117,0.036,0.036,0.035,0.036,6371185
NEU,20060117,0.59,0.59,0.58,0.58,53376
NGF,20060117,0.15,0.15,0.145,0.145,109211
NGM,20060117,0.105,0.11,0.105,0.11,41292
NHC,20060117,1.19,1.21,1.175,1.21,1610656
NHE,20060117,0.165,0.165,0.155,0.165,489486
NHM,20060117,0.014,0.014,0.014,0.014,1070215
NHR,20060117,1.72,1.72,1.71,1.71,30715
NIA,20060117,0.185,0.185,0.175,0.175,870401
NKL,20060117,0.14,0.145,0.13,0.145,415261
NKP,20060117,0.64,0.64,0.64,0.64,18000
NLB,20060117,0.56,0.56,0.56,0.56,2000
NLG,20060117,0.39,0.39,0.37,0.37,40000
NLS,20060117,0.13,0.14,0.125,0.135,508012
NLX,20060117,0.17,0.175,0.17,0.17,2977918
NMB,20060117,0.02,0.02,0.02,0.02,50000
NMC,20060117,0.072,0.072,0.069,0.071,3847200
NMS,20060117,0.425,0.44,0.425,0.425,25970
NOP,20060117,0.06,0.06,0.06,0.06,8000
NPX,20060117,4.35,4.35,4.35,4.35,2370
NRT,20060117,4.72,4.72,4.69,4.69,43198
NSA,20060117,0.072,0.072,0.072,0.072,2592
NST,20060117,0.135,0.135,0.135,0.135,30656
NSX,20060117,0.51,0.52,0.485,0.52,50700
NTG,20060117,0.4,0.4,0.4,0.4,18000
NUF,20060117,11.5,11.55,11.49,11.53,143649
NVE,20060117,1.315,1.315,1.26,1.26,82767
NWA,20060117,0.063,0.064,0.063,0.063,387060
NWE,20060117,0.115,0.115,0.105,0.105,1066863
NWK,20060117,0.15,0.15,0.14,0.14,70825
NWR,20060117,0.3,0.31,0.29,0.29,43188
NWS,20060117,22.56,22.77,22.56,22.65,1011496
NXS,20060117,0.46,0.5,0.46,0.49,3083750
OAK,20060117,1.42,1.485,1.42,1.485,98400
OBJ,20060117,0.083,0.083,0.08,0.083,2839500
OCE,20060117,0.4,0.41,0.4,0.41,295000
OCL,20060117,1.85,1.86,1.85,1.85,13311
OCO,20060117,0.014,0.015,0.014,0.014,1550000
ODY,20060117,0.35,0.35,0.335,0.335,78000
OEC,20060117,0.096,0.097,0.096,0.097,80100
OEL,20060117,0.23,0.23,0.23,0.23,40000
OEX,20060117,0.3,0.32,0.3,0.31,176875
OFM,20060117,2.01,2.03,2,2,129748
OGD,20060117,0.75,0.77,0.745,0.755,1209466
OIL,20060117,0.34,0.35,0.33,0.345,23200
OKN,20060117,2.37,2.41,2.36,2.41,27736
OLY,20060117,0.19,0.19,0.19,0.19,20000
OMC,20060117,0.23,0.25,0.23,0.25,690000
OMH,20060117,1.34,1.34,1.315,1.315,50962
OMI,20060117,0.75,0.75,0.67,0.7,46570
OMP,20060117,3.24,3.41,3.22,3.33,616360
ONQ,20060117,0.51,0.54,0.5,0.54,47133
OPC,20060117,0.1,0.1,0.1,0.1,70000
OPL,20060117,0.92,0.925,0.92,0.925,199462
ORG,20060117,7.39,7.4,7.3,7.38,776414
ORH,20060117,0.195,0.2,0.195,0.2,37552
ORI,20060117,20.9,21,20.84,20.95,781020
ORL,20060117,1.9,1.9,1.9,1.9,25600
ORO,20060117,0.028,0.028,0.028,0.028,130072
ORP,20060117,0.175,0.185,0.175,0.185,776000
ORT,20060117,0.13,0.13,0.125,0.13,313238
OSH,20060117,4.05,4.09,4.03,4.08,9330979
OST,20060117,3.44,3.48,3.44,3.46,1089470
OTI,20060117,0.04,0.04,0.039,0.039,515465
OTL,20060117,0.145,0.155,0.145,0.155,81100
OXR,20060117,2.04,2.11,2.04,2.08,11652491
PAA,20060117,0.175,0.175,0.175,0.175,2500
PBA,20060117,0.575,0.585,0.575,0.58,262385
PBB,20060117,1.76,1.76,1.74,1.75,347244
PBD,20060117,1.81,1.82,1.81,1.82,65585
PBG,20060117,2.32,2.34,2.27,2.31,7121572
PBI,20060117,0.21,0.215,0.205,0.215,70000
PBL,20060117,17.26,17.32,17.1,17.27,2731638
PBO,20060117,0.3,0.3,0.28,0.28,20000
PBT,20060117,0.22,0.22,0.22,0.22,5300
PCC,20060117,0.072,0.072,0.071,0.071,100000
PCE,20060117,0.035,0.036,0.035,0.036,208924
PCG,20060117,0.77,0.77,0.76,0.77,1003379
PCL,20060117,0.073,0.073,0.073,0.073,232150
PCP,20060117,0.09,0.09,0.09,0.09,5200
PDG,20060117,30.39,30.5,29.84,30.01,99585
PDL,20060117,1.4,1.4,1.38,1.38,9138
PDM,20060117,0.068,0.068,0.068,0.068,8000
PDN,20060117,2.52,2.59,2.51,2.55,3736823
PDO,20060117,0.79,0.8,0.79,0.8,10000
PDZ,20060117,0.345,0.35,0.345,0.345,53663
PEL,20060117,0.072,0.072,0.072,0.072,2528
PEM,20060117,1.48,1.63,1.47,1.63,2175737
PEN,20060117,0.02,0.021,0.02,0.021,9890002
PEO,20060117,0.115,0.115,0.115,0.115,20286
PEP,20060117,0.7,0.7,0.695,0.7,6675
PET,20060117,0.93,0.935,0.93,0.93,22300
PGL,20060117,3.07,3.08,3.01,3.05,28500
PGS,20060117,0.235,0.25,0.235,0.24,287000
PHK,20060117,0.13,0.13,0.13,0.13,110000
PIO,20060117,0.165,0.165,0.16,0.16,51082
PLA,20060117,0.48,0.48,0.445,0.465,1152459
PLD,20060117,0.4,0.42,0.4,0.42,49000
PLF,20060117,1.08,1.08,1.06,1.06,132972
PLT,20060117,0.095,0.097,0.091,0.091,504806
PMA,20060117,1.3,1.4,1.3,1.4,6300
PMC,20060117,2.13,2.18,2.13,2.18,73593
PMH,20060117,0.19,0.23,0.19,0.22,416796
PMM,20060117,5.22,5.25,5.2,5.2,98167
PMN,20060117,5.12,5.22,5.1,5.18,3301929
PMP,20060117,1.57,1.57,1.515,1.53,528886
PMV,20060117,4.4,4.4,4.4,4.4,25000
PNA,20060117,0.26,0.265,0.255,0.26,3718970
PNN,20060117,0.3,0.33,0.3,0.33,435706
PNO,20060117,0.058,0.058,0.055,0.057,1178000
POH,20060117,0.23,0.23,0.23,0.23,127000
POL,20060117,0.165,0.17,0.16,0.17,171500
PPC,20060117,2.75,2.78,2.7,2.78,59935
PPD,20060117,0.17,0.17,0.165,0.165,465977
PPG,20060117,0.455,0.455,0.45,0.45,75000
PPK,20060117,0.875,0.875,0.86,0.86,34000
PPN,20060117,0.135,0.135,0.135,0.135,5800
PPP,20060117,0.115,0.12,0.115,0.12,558066
PPT,20060117,69.15,69.39,69.05,69.1,77629
PPX,20060117,3.39,3.43,3.37,3.42,1735524
PPY,20060117,0.58,0.595,0.56,0.56,36800
PRE,20060117,0.045,0.045,0.042,0.043,1620128
PRG,20060117,3.46,3.46,3.33,3.37,49453
PRK,20060117,7.18,7.27,7.15,7.27,1634641
PRR,20060117,0.09,0.09,0.088,0.088,385900
PRT,20060117,3.52,3.52,3.5,3.5,1620200
PRU,20060117,0.345,0.375,0.345,0.36,61500
PRV,20060117,0.975,0.98,0.975,0.975,129227
PRY,20060117,10.96,11.1,10.89,11,98867
PSA,20060117,1.84,1.875,1.84,1.855,133500
PSD,20060117,0.635,0.65,0.625,0.625,173261
PSH,20060117,2.14,2.14,2.13,2.13,33737
PSV,20060117,0.355,0.36,0.345,0.35,2327760
PTD,20060117,1.465,1.485,1.455,1.48,163755
PTS,20060117,0.076,0.076,0.074,0.074,70000
PUR,20060117,0.21,0.21,0.205,0.205,25898
PVE,20060117,1.02,1.03,1,1.03,101400
PWK,20060117,2.09,2.1,2.09,2.1,12189
PWR,20060117,0.42,0.45,0.42,0.45,167703
PWT,20060117,1.18,1.19,1.14,1.14,123241
PXL,20060117,0.255,0.255,0.24,0.25,238100
PXS,20060117,1.91,1.91,1.85,1.86,180366
PYC,20060117,0.28,0.28,0.27,0.27,99000
QAD,20060117,0.063,0.065,0.063,0.065,206078
QAN,20060117,3.98,4.01,3.96,3.99,8340559
QBE,20060117,19.9,19.95,19.75,19.89,3237780
QCH,20060117,3.65,3.65,3.6,3.61,19729
QED,20060117,0.038,0.041,0.038,0.041,482500
QGC,20060117,0.725,0.745,0.72,0.735,2446800
QMG,20060117,0.61,0.61,0.61,0.61,15000
QMT,20060117,2.13,2.18,2.13,2.18,152110
QOL,20060117,0.2,0.2,0.2,0.2,159170
QPX,20060117,0.11,0.11,0.098,0.105,423577
QRS,20060117,0.095,0.095,0.091,0.094,3177474
QTI,20060117,0.71,0.71,0.71,0.71,10000
QTK,20060117,0.27,0.28,0.265,0.28,254446
QUE,20060117,0.2,0.2,0.2,0.2,8000
QXQ,20060117,0.036,0.038,0.034,0.034,1572938
RAT,20060117,1.075,1.08,1.075,1.075,112817
RAU,20060117,0.115,0.115,0.11,0.11,100000
RAW,20060117,0.17,0.175,0.17,0.175,37000
RBH,20060117,0.09,0.09,0.09,0.09,300000
RBM,20060117,0.165,0.165,0.16,0.16,25300
RBS,20060117,2.52,2.52,2.52,2.52,34296
RBY,20060117,0.042,0.043,0.041,0.042,1578616
RCD,20060117,8.25,8.25,8.18,8.18,463409
RCL,20060117,2.2,2.23,2.19,2.2,494790
RCM,20060117,0.065,0.066,0.065,0.066,30000
RCR,20060117,1.39,1.39,1.365,1.37,127785
RCT,20060117,3.05,3.05,3.05,3.05,9000
RDF,20060117,2.89,2.93,2.88,2.93,108029
RDM,20060117,0.25,0.25,0.25,0.25,26585
RDR,20060117,0.24,0.24,0.235,0.235,52000
REA,20060117,2.87,2.88,2.87,2.88,33007
REB,20060117,2.91,2.91,2.89,2.89,2700
RED,20060117,0.12,0.12,0.11,0.11,822027
REF,20060117,1.67,1.67,1.66,1.66,323983
REH,20060117,15,15,15,15,240000
REU,20060117,0.995,0.995,0.975,0.985,601019
REX,20060117,1.06,1.06,1.06,1.06,38500
RFE,20060117,0.185,0.21,0.185,0.21,480000
RFI,20060117,0.2,0.2,0.2,0.2,50000
RHC,20060117,9.5,9.55,9.41,9.5,627587
RHD,20060117,0.54,0.54,0.54,0.54,71496
RHT,20060117,0.098,0.099,0.095,0.095,599000
RIC,20060117,1.32,1.34,1.32,1.33,89168
RIM,20060117,0.028,0.029,0.026,0.026,635861
RIN,20060117,16.15,16.49,16.1,16.4,2340266
RIO,20060117,71.5,72,71.14,71.94,2048420
RIV,20060117,0.98,1.02,0.97,1.02,525301
RKN,20060117,0.8,0.805,0.795,0.805,57488
RMD,20060117,5.04,5.1,5.03,5.1,477917
RMI,20060117,0.061,0.062,0.059,0.06,1223000
RML,20060117,0.21,0.22,0.21,0.22,156200
RMS,20060117,0.125,0.13,0.125,0.13,376782
RNC,20060117,0.885,0.9,0.885,0.9,47400
RNG,20060117,0.165,0.165,0.165,0.165,719884
ROC,20060117,2.88,2.96,2.86,2.95,1414535
ROK,20060117,4.58,4.63,4.57,4.63,6160
RPC,20060117,0.58,0.58,0.58,0.58,20000
RPM,20060117,0.09,0.092,0.087,0.087,110267
RPT,20060117,0.093,0.095,0.089,0.09,41918928
RRL,20060117,0.115,0.125,0.115,0.125,2600950
RRS,20060117,0.036,0.037,0.036,0.036,6123965
RRT,20060117,0.935,0.96,0.935,0.955,308647
RSG,20060117,1.38,1.4,1.34,1.34,1629612
RSN,20060117,0.36,0.36,0.335,0.345,1877464
RSP,20060117,1.19,1.19,1.17,1.18,455664
RTL,20060117,0.29,0.3,0.29,0.3,55498
RTM,20060117,0.029,0.033,0.029,0.033,4385210
RUP,20060117,11.42,11.5,11.41,11.43,17147
RUR,20060117,0.21,0.21,0.21,0.21,30000
RVR,20060117,0.17,0.17,0.15,0.15,118500
RXL,20060117,0.105,0.105,0.105,0.105,850000
SAE,20060117,0.255,0.265,0.255,0.265,57100
SAH,20060117,0.06,0.06,0.06,0.06,20
SAI,20060117,2.92,3.01,2.92,2.98,119879
SAQ,20060117,5.9,6,5.9,6,3673
SAU,20060117,0.22,0.22,0.21,0.22,154000
SAX,20060117,0.1,0.1,0.1,0.1,30000
SBC,20060117,13.08,13.2,13.08,13.15,164779
SBL,20060117,0.036,0.036,0.036,0.036,3000
SBM,20060117,0.495,0.5,0.485,0.49,1088740
SBP,20060117,0.097,0.098,0.092,0.093,517953
SBS,20060117,0.1,0.13,0.096,0.12,19860793
SCB,20060117,0.71,0.72,0.69,0.72,117831
SCC,20060117,0.35,0.35,0.35,0.35,2500
SCE,20060117,0.021,0.021,0.02,0.02,220000
SCF,20060117,109.75,109.75,109.4,109.75,5390
SCV,20060117,0.75,0.75,0.75,0.75,6000
SCX,20060117,0.055,0.057,0.055,0.057,47815
SDG,20060117,1.66,1.68,1.65,1.68,315027
SDI,20060117,0.83,0.835,0.83,0.83,16300
SDL,20060117,0.03,0.032,0.03,0.032,11020584
SDS,20060117,0.79,0.79,0.765,0.765,185000
SEA,20060117,0.57,0.58,0.56,0.57,471752
SED,20060117,0.27,0.27,0.26,0.26,400050
SEK,20060117,3.57,3.58,3.49,3.52,384290
SEL,20060117,2.79,2.79,2.75,2.76,31260
SEM,20060117,5.3,5.35,5.3,5.32,17776
SEN,20060117,0.84,0.85,0.835,0.835,1124558
SEV,20060117,8.41,8.41,8.37,8.4,156909
SFC,20060117,5.1,5.1,5.06,5.06,2500
SFE,20060117,14.14,14.14,13.87,14.11,299666
SFR,20060117,0.155,0.18,0.15,0.18,201750
SFY,20060117,47.15,47.19,47.15,47.19,3156
SGB,20060117,29.74,29.86,29.56,29.75,1397835
SGL,20060117,0.28,0.28,0.27,0.27,703400
SGM,20060117,16.59,16.59,16.25,16.32,349392
SGN,20060117,3.02,3.03,3.01,3.03,125844
SGP,20060117,6.34,6.36,6.32,6.36,3821175
SGS,20060117,1.52,1.52,1.52,1.52,10000
SGT,20060117,2.08,2.09,2.07,2.08,629796
SGV,20060117,0.084,0.084,0.084,0.084,715
SGX,20060117,3.66,3.82,3.66,3.74,931524
SHC,20060117,0.17,0.17,0.16,0.16,110000
SHG,20060117,0.51,0.51,0.51,0.51,34000
SHL,20060117,14.81,14.85,14.65,14.75,805385
SHN,20060117,0.054,0.056,0.054,0.055,4560428
SHV,20060117,14,14.55,14,14.06,4991
SIB,20060117,0.185,0.19,0.185,0.185,1303340
SIE,20060117,0.086,0.086,0.086,0.086,633000
SIM,20060117,0.32,0.33,0.32,0.325,286200
SIP,20060117,2.85,2.88,2.84,2.88,1703819
SKC,20060117,4.44,4.44,4.42,4.44,11912
SKE,20060117,4,4,3.97,4,84519
SKW,20060117,0.19,0.19,0.19,0.19,5000
SLA,20060117,0.17,0.175,0.17,0.175,10000
SLD,20060117,0.255,0.255,0.24,0.24,66513
SLF,20060117,18.1,18.1,18.09,18.09,2316
SLM,20060117,3.66,3.67,3.62,3.65,35641
SLV,20060117,0.75,0.76,0.74,0.75,475671
SLX,20060117,2.73,2.78,2.71,2.74,268222
SMA,20060117,0.013,0.013,0.013,0.013,26660
SMC,20060117,0.175,0.175,0.175,0.175,64400
SML,20060117,0.067,0.07,0.067,0.067,166500
SMM,20060117,0.735,0.8,0.735,0.775,2243399
SMN,20060117,0.12,0.12,0.12,0.12,40000
SMO,20060117,0.095,0.096,0.094,0.096,614500
SMX,20060117,2.07,2.13,2.07,2.13,92306
SMY,20060117,0.77,0.785,0.77,0.785,1019169
SNN,20060117,0.09,0.09,0.09,0.09,6400
SOE,20060117,0.225,0.23,0.225,0.23,399590
SOL,20060117,9.75,9.8,9.7,9.7,26090
SOT,20060117,1.165,1.17,1.15,1.16,97236
SPD,20060117,0.245,0.245,0.24,0.24,45000
SPH,20060117,0.89,0.89,0.88,0.88,60011
SPL,20060117,0.52,0.53,0.5,0.53,657829
SPN,20060117,1.305,1.305,1.29,1.29,4444255
SPT,20060117,4.92,5,4.88,4.88,105039
SRA,20060117,0.039,0.039,0.039,0.039,901487
SRH,20060117,0.98,0.98,0.98,0.98,22011
SRI,20060117,0.065,0.067,0.064,0.064,591907
SRL,20060117,2.7,2.78,2.7,2.74,734864
SRV,20060117,4.25,4.28,4.2,4.28,68028
SRX,20060117,1.91,1.95,1.9,1.95,6200
SRZ,20060117,0.22,0.22,0.22,0.22,7272
SSI,20060117,3.68,3.7,3.68,3.7,9000
SSN,20060117,0.45,0.45,0.445,0.445,318339
SSX,20060117,1.48,1.49,1.475,1.49,5440306
STE,20060117,0.09,0.09,0.086,0.086,75000
STI,20060117,0.21,0.21,0.2,0.2,1634
STO,20060117,12.7,12.86,12.62,12.69,1166327
STP,20060117,0.115,0.125,0.115,0.115,233132
STR,20060117,0.31,0.31,0.3,0.3,127000
STS,20060117,1.07,1.08,1.06,1.08,38150
STU,20060117,1.17,1.22,1.17,1.21,232315
STW,20060117,47.93,48.13,47.85,48,26902
STX,20060117,0.24,0.265,0.235,0.255,2217855
SUL,20060117,2.45,2.45,2.33,2.38,215675
SUN,20060117,20.9,21,20.81,20.95,1376727
SUR,20060117,0.195,0.195,0.185,0.185,276410
SYB,20060117,3.6,3.68,3.57,3.6,1924953
SYG,20060117,0.009,0.009,0.008,0.009,6372775
SYM,20060117,1.36,1.36,1.34,1.36,43907
SYN,20060117,2.44,2.47,2.44,2.47,6500
TAA,20060117,0.017,0.017,0.016,0.016,1007360
TAG,20060117,0.26,0.26,0.25,0.25,103500
TAH,20060117,15.5,15.51,15.32,15.35,2587984
TAM,20060117,0.19,0.195,0.19,0.19,658252
TAN,20060117,1.49,1.5,1.49,1.5,7100
TAP,20060117,2.83,2.85,2.77,2.8,455408
TAS,20060117,0.13,0.13,0.13,0.13,207308
TAW,20060117,0.565,0.565,0.555,0.555,36000
TBC,20060117,0.39,0.395,0.39,0.39,227287
TBG,20060117,1.37,1.37,1.34,1.34,179100
TBR,20060117,0.91,0.91,0.91,0.91,10000
TCI,20060117,1.65,1.655,1.65,1.655,55324
TCL,20060117,7.24,7.29,7.12,7.22,5419475
TCN,20060117,0.057,0.057,0.057,0.057,4000
TCQ,20060117,1.18,1.2,1.18,1.2,95177
TEE,20060117,0.047,0.049,0.047,0.048,2103795
TEL,20060117,5.33,5.37,5.32,5.36,1311392
TEN,20060117,3.13,3.13,3.08,3.08,1505212
TFC,20060117,0.41,0.41,0.4,0.4,194511
TFE,20060117,0.455,0.455,0.435,0.445,935662
TGF,20060117,0.25,0.26,0.25,0.25,142547
TGG,20060117,1.52,1.55,1.52,1.52,69614
TGP,20060117,3.21,3.21,3.21,3.21,3880
TGR,20060117,1.25,1.25,1.235,1.235,2633437
TGS,20060117,0.22,0.225,0.22,0.22,119773
THG,20060117,0.825,0.83,0.825,0.825,55954
THK,20060117,0.67,0.67,0.665,0.665,21767
THX,20060117,0.205,0.24,0.205,0.24,162000
TIM,20060117,3.01,3.03,3,3.03,456385
TIR,20060117,0.054,0.054,0.053,0.054,593000
TJN,20060117,1,1,1,1,35606
TKG,20060117,0.004,0.004,0.004,0.004,450000
TKL,20060117,0.16,0.16,0.16,0.16,15000
TKR,20060117,0.96,0.96,0.96,0.96,23200
TLM,20060117,0.195,0.195,0.17,0.17,105000
TLS,20060117,3.97,4.01,3.96,3.99,24098969
TMM,20060117,0.84,0.84,0.84,0.84,600
TMO,20060117,0.3,0.3,0.29,0.295,187896
TNE,20060117,0.56,0.565,0.56,0.56,181920
TNG,20060117,0.26,0.26,0.25,0.25,100000
TNS,20060117,3.58,3.6,3.56,3.6,16990
TOL,20060117,13.9,14.15,13.75,14.15,625154
TOX,20060117,0.135,0.145,0.13,0.14,5786954
TPI,20060117,5.33,5.46,5.32,5.46,78717
TPX,20060117,6.2,6.2,6,6,8984
TQH,20060117,0.165,0.17,0.16,0.17,286600
TRG,20060117,13.65,13.65,13.55,13.55,23856
TRO,20060117,0.12,0.12,0.11,0.12,443855
TRS,20060117,4.34,4.38,4.34,4.38,74836
TRY,20060117,3.2,3.31,3.15,3.31,49012
TSE,20060117,8.27,8.4,8.27,8.37,108104
TSH,20060117,0.405,0.405,0.405,0.405,51900
TSO,20060117,2.09,2.09,2.08,2.09,90296
TSR,20060117,0.07,0.07,0.07,0.07,7500
TTH,20060117,0.059,0.059,0.059,0.059,76
TTI,20060117,0.245,0.25,0.245,0.245,82063
TTR,20060117,0.195,0.205,0.195,0.205,442500
TTS,20060117,3.11,3.12,3.1,3.11,511717
TTT,20060117,0.41,0.41,0.405,0.405,331418
TVL,20060117,0.165,0.165,0.165,0.165,1500
TWO,20060117,1.18,1.18,1.18,1.18,6660
TWR,20060117,1.99,2.05,1.98,2,1080626
TYC,20060117,0.75,0.78,0.725,0.775,1705470
TZL,20060117,0.56,0.56,0.535,0.56,116700
TZN,20060117,0.555,0.61,0.535,0.55,1411584
UCL,20060117,0.091,0.092,0.088,0.088,3387588
UGL,20060117,11.49,11.6,11.45,11.6,246187
UKD,20060117,0.08,0.08,0.08,0.08,40000
UNW,20060117,0.46,0.46,0.455,0.455,162622
UNX,20060117,0.205,0.25,0.205,0.25,1032968
URL,20060117,0.11,0.11,0.105,0.11,1779000
UTB,20060117,13.05,13.07,12.82,12.98,496655
UXA,20060117,0.2,0.2,0.165,0.17,1756095
UXC,20060117,1,1.05,1,1.05,620463
VBA,20060117,1.56,1.56,1.54,1.56,207580
VCM,20060117,1.7,1.7,1.7,1.7,49600
VCN,20060117,0.26,0.26,0.26,0.26,3000
VCR,20060117,1.06,1.085,1.055,1.06,496242
VGH,20060117,4.71,4.71,4.7,4.7,12534
VGL,20060117,1.08,1.085,1.075,1.085,158182
VGP,20060117,0.7,0.7,0.7,0.7,38000
VHL,20060117,0.14,0.145,0.14,0.145,12700
VIR,20060117,1.08,1.08,1.075,1.075,240331
VKI,20060117,0.67,0.7,0.65,0.65,22500
VLL,20060117,0.38,0.38,0.34,0.37,639921
VML,20060117,0.16,0.165,0.16,0.165,149461
VPE,20060117,0.032,0.033,0.031,0.032,3622209
VPG,20060117,1.36,1.375,1.36,1.37,395636
VRE,20060117,0.31,0.315,0.305,0.31,1805894
VRL,20060117,2.5,2.58,2.47,2.58,134124
VSG,20060117,0.022,0.022,0.022,0.022,42000
VSL,20060117,1.895,1.9,1.875,1.9,461697
VTP,20060117,1.07,1.07,1.07,1.07,60468
VUL,20060117,0.95,1.075,0.95,1.04,904047
VWD,20060117,1.51,1.52,1.49,1.51,35595
VXS,20060117,0.026,0.026,0.024,0.026,178600
WAG,20060117,0.024,0.027,0.024,0.027,1102002
WAL,20060117,0.175,0.175,0.175,0.175,100000
WAM,20060117,1.46,1.47,1.455,1.47,93496
WAN,20060117,8.14,8.24,8.1,8.14,140148
WAS,20060117,0.024,0.025,0.023,0.025,1474950
WAT,20060117,3.45,3.45,3.4,3.4,2850
WBA,20060117,0.78,0.78,0.78,0.78,12372
WBB,20060117,8.8,8.8,8.76,8.76,1300
WBC,20060117,23.09,23.23,22.91,23.16,2051518
WCB,20060117,3.71,3.75,3.71,3.71,4047
WCG,20060117,1.33,1.35,1.33,1.34,40745
WCP,20060117,0.02,0.02,0.019,0.019,365000
WDC,20060117,17.54,17.6,17.44,17.6,4561265
WEB,20060117,0.39,0.39,0.375,0.385,302064
WES,20060117,36.75,36.99,36.65,36.9,849478
WEZ,20060117,0.175,0.195,0.175,0.185,2071355
WFL,20060117,1.7,1.7,1.68,1.7,39457
WGP,20060117,0.12,0.125,0.115,0.125,115000
WGR,20060117,0.165,0.165,0.16,0.16,96000
WHF,20060117,3.8,3.82,3.75,3.75,30748
WHG,20060117,5.78,5.78,5.68,5.7,96418
WHS,20060117,3.39,3.39,3.39,3.39,6000
WIL,20060117,0.915,0.92,0.915,0.92,385931
WLL,20060117,1.4,1.45,1.4,1.4,186800
WLS,20060117,0.97,0.97,0.955,0.96,58385
WME,20060117,0.081,0.085,0.081,0.085,714754
WMG,20060117,0.052,0.052,0.052,0.052,100000
WMT,20060117,0.026,0.026,0.025,0.025,1552413
WOR,20060117,12.71,12.98,12.71,12.9,544974
WOW,20060117,17.14,17.23,17.07,17.18,2944360
WPG,20060117,0.2,0.2,0.2,0.2,25600
WPL,20060117,42.11,43.4,42.11,43.4,2439555
WRF,20060117,0.425,0.425,0.41,0.41,11950
WRL,20060117,0.235,0.24,0.235,0.24,100700
WSA,20060117,2.24,2.35,2.24,2.32,1350766
WSP,20060117,0.29,0.29,0.26,0.26,1085825
WSS,20060117,0.185,0.185,0.185,0.185,25000
WSY,20060117,0.024,0.024,0.023,0.023,410000
WTE,20060117,0.041,0.042,0.04,0.041,7297415
WTP,20060117,2.03,2.04,2.01,2.04,64715
WWA,20060117,1,1.02,1,1.01,75800
WWM,20060117,0.025,0.025,0.024,0.024,6763334
WYL,20060117,3.41,3.44,3.4,3.43,349214
XAO,20060117,4788.4,4818.1,4785.9,4817.3,0
XBL,20060117,0.22,0.23,0.22,0.23,53214
XDJ,20060117,2249.5,2252.6,2241.4,2246.1,0
XEJ,20060117,11716,11958.6,11711.4,11958.1,0
XFJ,20060117,5664.5,5701.3,5659,5695.8,0
XFL,20060117,4745.3,4777.4,4743,4772.5,0
XHJ,20060117,6325.7,6336.2,6273.8,6291.6,0
XIJ,20060117,450,451.4,446.4,449.3,0
XJO,20060117,4838.4,4868.4,4835.8,4866.1,0
XKO,20060117,4833.1,4863.1,4831,4861.1,0
XMD,20060117,4860.6,4891.1,4855.5,4891.1,0
XMJ,20060117,9520.7,9601.9,9505.4,9601.4,0
XNJ,20060117,5459.6,5492.8,5457.2,5490.4,0
XPJ,20060117,1891.6,1897.2,1886.8,1897.2,0
XSJ,20060117,6040.7,6059,6023.7,6044.7,0
XSO,20060117,2692.6,2708,2689.9,2708,0
XTE,20060117,51.5,54.5,51.5,54.5,47000
XTJ,20060117,1453.4,1468.4,1453.4,1463.4,0
XTL,20060117,2606.5,2626.1,2604.3,2623.5,0
XTO,20060117,3934.3,3959.6,3932.4,3957.1,0
XUJ,20060117,5619.6,5630.4,5579.9,5592.9,0
XXJ,20060117,5877.5,5923.8,5872.9,5914,0
YAM,20060117,0.007,0.007,0.007,0.007,2425000
YGL,20060117,0.041,0.041,0.041,0.041,100000
ZBB,20060117,0.21,0.21,0.21,0.21,5001
ZFX,20060117,8,8.23,8,8.22,6814360
ZIM,20060117,6.2,6.2,6.2,6.2,800
ZTL,20060117,0.47,0.47,0.47,0.47,20000
ZYL,20060117,0.003,0.003,0.002,0.002,3012503
