AAC,20061010,1.73,1.73,1.71,1.71,68208
AAE,20061010,0.47,0.47,0.46,0.46,76686
AAQ,20061010,0.455,0.455,0.44,0.44,96859
AAR,20061010,0.074,0.074,0.071,0.071,5643897
AAU,20061010,0.5,0.5,0.49,0.49,542074
AAX,20061010,2.49,2.5,2.45,2.47,51643
ABB,20061010,6.6,6.62,6.58,6.62,348037
ABC,20061010,2.4,2.43,2.4,2.41,498744
ABI,20061010,0.06,0.069,0.06,0.066,1478810
ABJ,20061010,0.47,0.49,0.46,0.49,190264
ABP,20061010,1.685,1.69,1.68,1.68,164402
ABS,20061010,6.49,6.51,6.45,6.5,890319
ABW,20061010,9.8,9.8,9.75,9.75,1252
ABY,20061010,2.1,2.15,2.1,2.13,2995301
ACB,20061010,0.4,0.46,0.395,0.46,1507658
ACG,20061010,0.185,0.185,0.18,0.18,105000
ACL,20061010,0.64,0.645,0.63,0.645,62041
ACR,20061010,0.775,0.815,0.775,0.81,67247
ACX,20061010,0.045,0.045,0.045,0.045,40387
ADA,20061010,0.53,0.53,0.53,0.53,27500
ADB,20061010,13.22,13.33,13.22,13.3,254621
ADG,20061010,3.2,3.25,3.2,3.2,30050
ADI,20061010,0.465,0.475,0.455,0.465,808315
ADN,20061010,0.495,0.54,0.495,0.52,274672
ADS,20061010,0.12,0.135,0.12,0.135,2077115
ADT,20061010,0.89,0.89,0.89,0.89,22981
ADU,20061010,0.62,0.62,0.62,0.62,60000
ADX,20061010,0.075,0.075,0.074,0.074,30000
ADY,20061010,0.078,0.081,0.077,0.08,1142636
ADZ,20061010,2.33,2.35,2.32,2.35,171594
AEC,20061010,4.35,4.37,4.21,4.26,20994
AED,20061010,3.47,3.47,3.35,3.46,172360
AEE,20061010,0.14,0.14,0.14,0.14,91000
AEO,20061010,1.895,1.9,1.88,1.9,307856
AET,20061010,0.67,0.69,0.67,0.68,1179891
AEU,20061010,1.64,1.64,1.61,1.62,78521
AEX,20061010,0.054,0.054,0.052,0.054,6845114
AEZ,20061010,1.15,1.165,1.15,1.16,156109
AFG,20061010,10.78,10.81,10.69,10.81,329151
AFI,20061010,4.85,4.9,4.82,4.9,151965
AFS,20061010,0.078,0.081,0.078,0.081,993500
AFT,20061010,0.014,0.014,0.014,0.014,572200
AGC,20061010,0.98,0.985,0.975,0.975,228612
AGG,20061010,10.09,10.09,9.84,9.84,52324
AGI,20061010,0.39,0.405,0.39,0.405,67714
AGL,20061010,21.77,22,21.6,21.95,3000923
AGM,20061010,0.315,0.33,0.315,0.33,3893003
AGO,20061010,0.55,0.58,0.545,0.545,397825
AGS,20061010,0.935,0.965,0.93,0.94,807555
AGX,20061010,0.13,0.135,0.13,0.135,95825
AGY,20061010,0.056,0.056,0.056,0.056,3200
AHD,20061010,4.71,4.75,4.71,4.75,100
AHE,20061010,2.2,2.22,2.14,2.21,53043
AHS,20061010,0.915,0.93,0.91,0.92,174725
AHU,20061010,3.6,3.7,3.56,3.56,3450
AIA,20061010,1.77,1.815,1.77,1.8,151620
AIE,20061010,0.41,0.415,0.41,0.41,272750
AII,20061010,0.21,0.21,0.21,0.21,20000
AIM,20061010,0.125,0.13,0.12,0.125,1733180
AIX,20061010,2.25,2.29,2.25,2.29,671853
AIZ,20061010,1.205,1.215,1.205,1.205,17527
AJL,20061010,0.9,0.92,0.89,0.9,56747
AKK,20061010,0.285,0.285,0.27,0.285,384047
ALB,20061010,1.215,1.285,1.215,1.25,242000
ALD,20061010,0.395,0.42,0.39,0.42,506765
ALK,20061010,0.19,0.195,0.19,0.195,173064
ALL,20061010,13.81,14.01,13.81,14,693985
ALN,20061010,11,11.15,11,11.13,1141362
ALS,20061010,9.79,9.89,9.65,9.89,107501
ALU,20061010,0.7,0.73,0.7,0.73,186371
ALZ,20061010,1.845,1.85,1.83,1.845,2170946
AMB,20061010,0.85,0.85,0.8,0.8,18176
AMC,20061010,7.28,7.44,7.24,7.44,3615998
AMG,20061010,0.093,0.099,0.093,0.099,730000
AMH,20061010,0.59,0.595,0.59,0.595,24588
AMM,20061010,0.16,0.16,0.155,0.16,116900
AMO,20061010,0.42,0.43,0.42,0.43,23566
AMP,20061010,9.1,9.18,9.1,9.16,3271669
AMU,20061010,1.02,1.02,1.01,1.015,69972
ANC,20061010,5.4,5.4,5.4,5.4,2250
AND,20061010,0.255,0.255,0.24,0.255,181500
ANE,20061010,4.2,4.23,4.2,4.2,11347
ANG,20061010,0.515,0.55,0.515,0.55,145872
ANH,20061010,0.063,0.064,0.061,0.062,1235000
ANM,20061010,0.295,0.305,0.295,0.305,19642
ANN,20061010,10.6,10.72,10.54,10.67,1502864
ANO,20061010,0.15,0.15,0.15,0.15,10000
ANP,20061010,0.025,0.025,0.025,0.025,40000
ANX,20061010,0.25,0.26,0.24,0.26,22523
ANZ,20061010,27.5,27.63,27.27,27.35,3299484
AOC,20061010,0.074,0.074,0.074,0.074,37000
AOE,20061010,0.875,0.875,0.825,0.85,8695886
AOP,20061010,0.395,0.415,0.39,0.4,90055
AOS,20061010,0.078,0.08,0.078,0.08,70000
APA,20061010,4.39,4.41,4.33,4.36,411912
APD,20061010,2.91,3,2.91,2.95,21240
APE,20061010,9.24,9.25,9.15,9.25,4938
APG,20061010,0.053,0.057,0.053,0.054,2987237
API,20061010,2.65,2.7,2.63,2.68,4184753
APN,20061010,5.19,5.24,5.18,5.23,187631
APR,20061010,2,2,2,2,58257
APV,20061010,0.105,0.105,0.095,0.095,70000
APZ,20061010,1.775,1.775,1.77,1.775,41645
AQA,20061010,6.3,6.3,6.3,6.3,7000
AQD,20061010,0.235,0.235,0.235,0.235,77152
AQE,20061010,0.25,0.25,0.25,0.25,56932
AQL,20061010,0.029,0.029,0.029,0.029,100000
AQP,20061010,21.45,21.8,21.45,21.67,46528
ARA,20061010,0.44,0.46,0.44,0.46,222415
ARE,20061010,0.135,0.135,0.13,0.13,366000
ARG,20061010,7.29,7.33,7.19,7.33,58539
ARH,20061010,0.115,0.115,0.11,0.11,1744964
ARJ,20061010,0.01,0.01,0.01,0.01,250000
ARM,20061010,0.2,0.2,0.2,0.2,4189
ARO,20061010,0.02,0.02,0.02,0.02,22642
ARP,20061010,3.77,3.77,3.7,3.7,22527
ARQ,20061010,1.5,1.54,1.5,1.54,1394152
ARU,20061010,0.375,0.38,0.37,0.38,109000
ARW,20061010,0.9,0.9,0.84,0.865,306620
ARX,20061010,0.044,0.044,0.041,0.041,533665
ASB,20061010,3.17,3.25,3.02,3.18,450701
ASC,20061010,0.037,0.038,0.037,0.038,232896
ASL,20061010,1.415,1.42,1.4,1.42,115633
ASU,20061010,0.032,0.032,0.032,0.032,18000
ASX,20061010,34.11,34.8,34.11,34.63,1092769
ASZ,20061010,0.915,0.915,0.88,0.88,11096
ATG,20061010,0.26,0.28,0.26,0.28,162700
ATP,20061010,0.4,0.4,0.38,0.39,139888
ATR,20061010,2.49,2.53,2.47,2.5,8115
ATV,20061010,0.095,0.095,0.095,0.095,116044
ATZ,20061010,0.17,0.18,0.165,0.165,65182
AUB,20061010,3.77,3.77,3.74,3.75,33058
AUH,20061010,0.26,0.28,0.26,0.28,100000
AUI,20061010,7.37,7.4,7.37,7.4,7500
AUN,20061010,1.26,1.29,1.26,1.285,319631
AUS,20061010,1.14,1.15,1.14,1.15,127703
AUT,20061010,0.5,0.505,0.495,0.505,211642
AUW,20061010,2.56,2.6,2.54,2.58,211559
AUZ,20061010,0.054,0.059,0.053,0.054,68901649
AVA,20061010,0.063,0.063,0.063,0.063,25000
AVD,20061010,0.35,0.385,0.35,0.37,98525
AVE,20061010,1.875,1.9,1.85,1.9,9229
AVJ,20061010,1.11,1.12,1.11,1.11,43548
AVM,20061010,1.035,1.035,1.02,1.02,26300
AVO,20061010,1.14,1.165,1.125,1.165,270205
AVP,20061010,0.011,0.011,0.011,0.011,315764
AVR,20061010,1.62,1.62,1.62,1.62,29167
AVU,20061010,0.965,1.01,0.965,1.01,83646
AVV,20061010,1.11,1.12,1.11,1.12,66970
AVX,20061010,0.22,0.225,0.205,0.205,106500
AWB,20061010,3.06,3.13,3.06,3.07,1062575
AWC,20061010,6.3,6.36,6.28,6.35,8513302
AWE,20061010,2.86,2.94,2.86,2.91,1767922
AWG,20061010,0.175,0.175,0.16,0.16,78000
AWL,20061010,0.009,0.009,0.009,0.009,66600
AWS,20061010,0.025,0.025,0.025,0.025,229906
AXA,20061010,6.56,6.61,6.54,6.61,1351756
AXI,20061010,0.35,0.35,0.34,0.34,220341
AXM,20061010,0.395,0.4,0.345,0.37,802861
AXO,20061010,0.9,0.9,0.895,0.895,9601
AXQ,20061010,0.83,0.835,0.815,0.82,209423
AYR,20061010,0.125,0.125,0.12,0.12,250000
AZA,20061010,1.445,1.47,1.44,1.45,392500
AZC,20061010,0.19,0.19,0.19,0.19,28125
AZM,20061010,0.22,0.22,0.22,0.22,25000
AZR,20061010,0.235,0.235,0.23,0.23,5583700
AZX,20061010,1.13,1.13,1.13,1.13,14036
AZZ,20061010,0.43,0.45,0.43,0.45,290550
BAR,20061010,0.245,0.255,0.24,0.25,858138
BAS,20061010,0.069,0.069,0.068,0.068,200000
BAX,20061010,4.1,4.16,4.1,4.15,32893
BBB,20061010,0.16,0.16,0.155,0.155,560905
BBG,20061010,14.23,14.48,14.23,14.24,946386
BBI,20061010,1.685,1.7,1.675,1.69,2533800
BBL,20061010,0.24,0.25,0.24,0.25,10000
BBW,20061010,1.465,1.475,1.46,1.47,1046789
BCA,20061010,3.04,3.09,3.04,3.04,102573
BCF,20061010,0.68,0.68,0.68,0.68,120000
BCL,20061010,0.8,0.8,0.78,0.78,32223
BCM,20061010,4.02,4.1,4,4.1,76669
BDG,20061010,1.02,1.04,1,1.005,12880855
BDI,20061010,0.5,0.51,0.5,0.51,48033
BDL,20061010,0.245,0.26,0.245,0.255,2708484
BDM,20061010,0.3,0.3,0.3,0.3,5000
BEC,20061010,0.65,0.65,0.645,0.645,100133
BEI,20061010,2.02,2.02,1.96,1.96,36756
BEL,20061010,0.4,0.4,0.4,0.4,10000
BEN,20061010,14.41,14.59,14.35,14.59,125056
BER,20061010,0.46,0.46,0.46,0.46,25000
BGD,20061010,0.585,0.59,0.56,0.56,226500
BGF,20061010,0.2,0.21,0.2,0.2,7071223
BGL,20061010,0.14,0.14,0.14,0.14,16000
BGN,20061010,0.135,0.14,0.135,0.14,5700
BHP,20061010,25.6,25.93,25.55,25.79,19570879
BIL,20061010,13.15,13.36,13.05,13.35,11047490
BIT,20061010,0.23,0.23,0.23,0.23,9613
BIX,20061010,0.16,0.16,0.155,0.155,25500
BJT,20061010,1.97,1.99,1.96,1.98,674761
BKG,20061010,0.175,0.175,0.175,0.175,20000
BKI,20061010,1.37,1.37,1.365,1.365,28813
BKL,20061010,15.9,16.19,15.83,16.19,8281
BKM,20061010,0.009,0.009,0.009,0.009,150000
BKN,20061010,6.21,6.5,6.12,6.41,264064
BKP,20061010,0.225,0.265,0.225,0.255,10746517
BKR,20061010,0.34,0.34,0.34,0.34,5186
BKW,20061010,11.7,12,11.7,12,18536
BKY,20061010,0.77,0.77,0.74,0.74,90056
BLD,20061010,7.39,7.54,7.39,7.45,1574085
BLG,20061010,0.41,0.48,0.41,0.47,2884813
BLK,20061010,0.22,0.22,0.215,0.22,140000
BLP,20061010,0.88,0.89,0.87,0.89,77800
BLR,20061010,0.05,0.05,0.049,0.049,2645613
BLZ,20061010,0.027,0.027,0.027,0.027,200000
BMN,20061010,1.15,1.15,1.1,1.1,224700
BMO,20061010,0.25,0.25,0.24,0.245,469487
BMX,20061010,0.285,0.29,0.28,0.28,1324392
BNB,20061010,20,20.14,19.86,20.1,1180573
BNE,20061010,0.26,0.26,0.26,0.26,6250
BNO,20061010,0.155,0.155,0.155,0.155,14000
BNT,20061010,0.185,0.185,0.18,0.18,196950
BOC,20061010,0.73,0.73,0.73,0.73,3750
BOL,20061010,3.95,4.05,3.95,4.05,418106
BON,20061010,0.145,0.155,0.145,0.155,330684
BOQ,20061010,16.04,16.19,16,16.1,364405
BOS,20061010,0.18,0.18,0.175,0.175,158060
BOW,20061010,0.185,0.19,0.18,0.18,935096
BPC,20061010,1.09,1.095,1.09,1.09,2565023
BPK,20061010,0.13,0.13,0.13,0.13,2000
BPO,20061010,0.016,0.016,0.015,0.015,880000
BPT,20061010,1.395,1.415,1.395,1.41,4059593
BQF,20061010,3.57,3.57,3.57,3.57,384
BQT,20061010,0.076,0.076,0.075,0.075,125458
BRO,20061010,0.004,0.004,0.004,0.004,1000000
BRW,20061010,0.4,0.44,0.4,0.43,1753731
BRZ,20061010,1.23,1.24,1.225,1.24,54744
BSA,20061010,0.245,0.245,0.245,0.245,32000
BSG,20061010,2.51,2.56,2.5,2.5,534771
BSL,20061010,6.76,6.8,6.68,6.73,2411198
BSM,20061010,0.225,0.225,0.225,0.225,143500
BSO,20061010,0.91,0.91,0.9,0.91,33150
BTA,20061010,1.27,1.27,1.235,1.235,440723
BTC,20061010,0.425,0.425,0.415,0.415,10000
BTV,20061010,0.038,0.038,0.037,0.038,1480000
BTX,20061010,0.175,0.185,0.175,0.18,243099
BUG,20061010,0.57,0.57,0.57,0.57,2000
BUR,20061010,0.185,0.185,0.185,0.185,50000
BUY,20061010,0.031,0.031,0.029,0.029,110093
BVA,20061010,2.05,2.05,1.98,1.98,88530
BWP,20061010,2.18,2.2,2.14,2.2,72211
BXP,20061010,0.155,0.16,0.155,0.16,391451
BYI,20061010,0.76,0.76,0.76,0.76,1000
BZI,20061010,0.51,0.51,0.5,0.5,40000
CAA,20061010,1.15,1.18,1.15,1.18,16780
CAB,20061010,7.9,7.94,7.9,7.94,313911
CAF,20061010,1.34,1.4,1.33,1.4,28500
CAG,20061010,0.003,0.003,0.003,0.003,3647266
CAM,20061010,1.01,1.01,1.01,1.01,10000
CAQ,20061010,0.2,0.2,0.19,0.19,185830
CAS,20061010,0.29,0.29,0.285,0.29,123634
CAT,20061010,4.99,4.99,4.99,4.99,9
CAU,20061010,0.096,0.096,0.095,0.095,185000
CAZ,20061010,0.59,0.59,0.565,0.565,555656
CBA,20061010,46.54,46.68,46.45,46.63,1523523
CBD,20061010,0.044,0.045,0.044,0.045,183432
CBH,20061010,0.475,0.475,0.47,0.47,2309314
CBM,20061010,3.2,3.2,3.2,3.2,982
CCE,20061010,0.09,0.093,0.09,0.093,112500
CCI,20061010,0.007,0.007,0.007,0.007,5240705
CCL,20061010,6.83,6.83,6.75,6.79,676376
CCP,20061010,8.01,8.02,7.99,7.99,14187
CCU,20061010,0.29,0.29,0.29,0.29,7900
CCV,20061010,0.475,0.48,0.47,0.475,444026
CDA,20061010,1.33,1.35,1.3,1.35,778912
CDD,20061010,4.79,4.79,4.79,4.79,12231
CDF,20061010,1.635,1.635,1.63,1.63,12912
CDH,20061010,0.07,0.07,0.07,0.07,10000
CDO,20061010,4.22,4.22,4.2,4.21,76711
CDP,20061010,4.4,4.4,4.36,4.36,42419
CDR,20061010,2.05,2.08,2.04,2.06,565920
CDT,20061010,0.405,0.405,0.4,0.4,20000
CDU,20061010,4.1,4.15,3.91,3.93,935448
CDX,20061010,1.68,1.75,1.68,1.75,94970
CEG,20061010,1.74,1.74,1.73,1.73,2297597
CER,20061010,1.78,1.82,1.78,1.82,156446
CEU,20061010,1.33,1.34,1.32,1.33,2722678
CEY,20061010,3.67,3.71,3.66,3.71,672695
CFE,20061010,0.32,0.32,0.32,0.32,162800
CFI,20061010,0.575,0.575,0.57,0.575,69955
CFK,20061010,0.355,0.355,0.345,0.345,47259
CFR,20061010,0.014,0.014,0.014,0.014,1454317
CFU,20061010,0.66,0.73,0.66,0.73,129900
CFX,20061010,2.07,2.09,2.06,2.06,4424299
CGF,20061010,3.52,3.55,3.46,3.48,1649510
CGM,20061010,0.355,0.385,0.355,0.385,7440
CGT,20061010,0.19,0.19,0.19,0.19,26000
CGX,20061010,0.41,0.42,0.41,0.42,223092
CHB,20061010,44.35,44.35,44.35,44.35,26
CHC,20061010,1.61,1.65,1.61,1.63,1585642
CHD,20061010,0.84,0.84,0.84,0.84,2300
CHF,20061010,0.45,0.45,0.45,0.45,77000
CHL,20061010,0.355,0.355,0.35,0.35,552803
CHN,20061010,0.115,0.12,0.115,0.12,3142947
CHQ,20061010,0.725,0.725,0.725,0.725,1397922
CIF,20061010,3.2,3.22,3.17,3.22,98116
CIG,20061010,0.07,0.07,0.067,0.067,325000
CII,20061010,0.155,0.165,0.155,0.165,55000
CIL,20061010,1.65,1.68,1.65,1.65,81060
CIN,20061010,18.4,18.6,18.4,18.6,1250
CIR,20061010,1.39,1.45,1.37,1.37,14503
CIX,20061010,0.435,0.44,0.435,0.435,118190
CIY,20061010,5.01,5.05,4.99,4.99,279882
CKK,20061010,0.19,0.195,0.19,0.195,51066
CKL,20061010,0.51,0.51,0.51,0.51,7000
CKR,20061010,0.135,0.14,0.135,0.14,38700
CLF,20061010,0.25,0.25,0.25,0.25,8100
CLH,20061010,1.175,1.175,1.14,1.15,48147
CLO,20061010,0.44,0.455,0.44,0.45,74900
CLT,20061010,1.39,1.39,1.34,1.34,26802
CLV,20061010,0.135,0.135,0.135,0.135,294550
CMI,20061010,1.2,1.22,1.2,1.215,206249
CMK,20061010,0.3,0.3,0.29,0.29,180000
CML,20061010,14.08,14.3,14.01,14.18,2308915
CMP,20061010,0.115,0.115,0.115,0.115,100000
CMQ,20061010,0.285,0.295,0.28,0.285,213072
CMR,20061010,4.4,4.4,4.24,4.26,438769
CMV,20061010,0.37,0.37,0.35,0.35,31544
CMW,20061010,1.06,1.07,1.06,1.07,22000
CMX,20061010,0.42,0.425,0.42,0.42,70000
CNA,20061010,82.5,82.5,82.5,82.5,40
CND,20061010,3.37,3.38,3.34,3.38,13824
CNF,20061010,0.092,0.092,0.09,0.09,257795
CNN,20061010,0.026,0.026,0.026,0.026,29334
CNP,20061010,7.63,7.73,7.63,7.72,2886142
CNT,20061010,0.655,0.665,0.655,0.665,2825
COA,20061010,5.77,5.77,5.73,5.77,450193
COE,20061010,0.535,0.54,0.53,0.54,471898
COF,20061010,3.5,3.51,3.5,3.5,37014
COH,20061010,53.48,53.75,53,53.65,60261
COI,20061010,0.28,0.28,0.28,0.28,24000
COK,20061010,0.2,0.205,0.195,0.195,251222
COO,20061010,0.12,0.12,0.12,0.12,70744
COU,20061010,2.24,2.26,2.22,2.22,65748
CPA,20061010,1.49,1.495,1.47,1.48,4831790
CPB,20061010,18.37,18.37,18.05,18.05,23601
CPK,20061010,0.87,0.875,0.865,0.875,111000
CPN,20061010,0.061,0.061,0.061,0.061,50000
CPR,20061010,2.65,2.66,2.45,2.6,105875
CPU,20061010,7.99,8.02,7.93,8.01,307348
CQT,20061010,0.445,0.455,0.445,0.45,877977
CRE,20061010,0.295,0.295,0.295,0.295,120829
CRG,20061010,11.92,12.49,11.88,12.22,423942
CRJ,20061010,0.435,0.435,0.42,0.43,358047
CRL,20061010,0.155,0.155,0.15,0.155,108300
CRT,20061010,0.635,0.635,0.63,0.63,236620
CRU,20061010,0.87,0.87,0.87,0.87,17500
CSE,20061010,0.19,0.19,0.19,0.19,163000
CSH,20061010,2.74,2.75,2.74,2.75,4800
CSL,20061010,55.5,55.9,55.11,55.57,349040
CSM,20061010,1.72,1.765,1.715,1.76,909136
CSR,20061010,3.1,3.1,3.06,3.06,8856187
CSS,20061010,0.53,0.53,0.52,0.52,5562
CST,20061010,3.07,3.07,2.96,3,35494
CTF,20061010,0.15,0.15,0.15,0.15,3000
CTN,20061010,1.37,1.37,1.37,1.37,16333
CTO,20061010,0.42,0.425,0.405,0.405,1088699
CTP,20061010,0.097,0.097,0.097,0.097,10000
CTS,20061010,0.42,0.42,0.42,0.42,75600
CTX,20061010,22.76,22.86,22.69,22.73,572867
CUE,20061010,0.14,0.14,0.135,0.14,454695
CUL,20061010,0.034,0.035,0.034,0.034,536563
CUO,20061010,0.44,0.46,0.44,0.46,774994
CUS,20061010,0.2,0.2,0.195,0.2,503360
CUV,20061010,0.435,0.435,0.41,0.425,135580
CUY,20061010,0.49,0.57,0.49,0.55,245200
CVB,20061010,0.105,0.105,0.105,0.105,100000
CVI,20061010,0.038,0.04,0.038,0.04,52240
CVN,20061010,0.085,0.089,0.084,0.088,2503200
CWP,20061010,4.51,4.51,4.51,4.51,81044
CWT,20061010,0.79,0.79,0.78,0.785,54093
CXE,20061010,0.15,0.15,0.15,0.15,5000
CXM,20061010,0.16,0.16,0.155,0.155,70545
CXP,20061010,5.21,5.3,5.21,5.27,25501
CXS,20061010,0.475,0.48,0.475,0.48,169100
CYA,20061010,1.19,1.2,1.18,1.195,121933
CYG,20061010,4.37,4.41,4.37,4.41,6661
CYL,20061010,0.225,0.25,0.22,0.235,161000
CYN,20061010,0.26,0.33,0.26,0.33,164607
CZP,20061010,0.25,0.25,0.25,0.25,265625
CZR,20061010,0.23,0.23,0.23,0.23,69205
DBS,20061010,0.72,0.745,0.72,0.745,46000
DDT,20061010,0.39,0.395,0.385,0.39,204020
DEG,20061010,0.11,0.11,0.11,0.11,30000
DES,20061010,0.23,0.235,0.22,0.225,531622
DEX,20061010,1.45,1.49,1.45,1.45,53225
DIA,20061010,0.047,0.047,0.047,0.047,185000
DIO,20061010,0.059,0.059,0.058,0.059,1032112
DJS,20061010,3.54,3.55,3.5,3.53,572976
DJW,20061010,4.38,4.44,4.36,4.44,91968
DKN,20061010,1.02,1.02,0.95,0.965,495191
DLS,20061010,0.14,0.14,0.14,0.14,270437
DMA,20061010,0.17,0.17,0.17,0.17,11500
DMP,20061010,4.1,4.1,4,4.09,21390
DMX,20061010,0.56,0.595,0.56,0.595,20373
DMY,20061010,0.071,0.071,0.071,0.071,400000
DNL,20061010,0.255,0.26,0.25,0.25,286315
DOM,20061010,1.05,1.065,1,1,121680
DON,20061010,0.25,0.25,0.25,0.25,15044
DOW,20061010,5.84,5.87,5.8,5.83,2747076
DRA,20061010,0.145,0.15,0.145,0.145,182794
DRK,20061010,0.13,0.13,0.13,0.13,5000
DRN,20061010,0.045,0.045,0.045,0.045,448250
DRT,20061010,1.675,1.68,1.66,1.675,10940062
DRX,20061010,0.28,0.29,0.28,0.29,64000
DTL,20061010,4.4,4.44,4.36,4.36,6371
DUE,20061010,2.8,2.81,2.78,2.8,272823
DUI,20061010,3.3,3.3,3.3,3.3,9812
DUL,20061010,0.09,0.09,0.08,0.08,15000
DVC,20061010,3.41,3.42,3.4,3.4,2209118
DVM,20061010,0.066,0.066,0.056,0.063,1114787
DVN,20061010,1.04,1.055,1.04,1.05,166116
DWS,20061010,1.385,1.385,1.35,1.35,25000
DXL,20061010,2.36,2.39,2.32,2.35,3768288
DYE,20061010,0.63,0.64,0.63,0.64,6200
DYL,20061010,0.145,0.17,0.14,0.165,16513601
EAR,20061010,0.32,0.32,0.315,0.315,209999
EBB,20061010,1.64,1.64,1.62,1.63,26936
EBI,20061010,3.48,3.5,3.46,3.5,45186
EBR,20061010,0.053,0.054,0.053,0.054,94000
EBT,20061010,0.165,0.175,0.165,0.17,350850
ECH,20061010,0.48,0.5,0.48,0.5,67462
EDE,20061010,0.11,0.11,0.11,0.11,127662
EDN,20061010,0.535,0.54,0.51,0.51,116456
EFT,20061010,0.063,0.063,0.063,0.063,47350
EGL,20061010,0.105,0.105,0.105,0.105,80000
EGO,20061010,0.006,0.007,0.006,0.006,4562014
EHL,20061010,1.85,1.88,1.85,1.86,1027791
EIG,20061010,0.95,0.96,0.95,0.96,95316
EKA,20061010,0.26,0.285,0.26,0.275,225000
ELI,20061010,1.05,1.085,1.05,1.085,20000
ELK,20061010,0.285,0.285,0.265,0.27,337975
ELX,20061010,0.81,0.845,0.81,0.835,167749
EME,20061010,1.92,1.94,1.9,1.9,41216
EMI,20061010,0.95,0.99,0.95,0.985,214960
EMM,20061010,0.047,0.047,0.047,0.047,68750
EMP,20061010,0.355,0.355,0.35,0.35,319249
EMR,20061010,0.085,0.085,0.085,0.085,1845
EMS,20061010,0.105,0.105,0.095,0.095,844067
ENE,20061010,4.57,4.6,4.55,4.58,127690
ENG,20061010,0.275,0.275,0.26,0.26,510505
ENR,20061010,0.425,0.425,0.41,0.41,46000
ENV,20061010,1.19,1.21,1.19,1.21,498687
EON,20061010,0.635,0.635,0.635,0.635,8000
EOS,20061010,0.87,0.95,0.87,0.95,161592
EPE,20061010,0.03,0.031,0.03,0.031,55473
EPF,20061010,0.2,0.2,0.195,0.195,50000
EPG,20061010,0.73,0.78,0.73,0.75,370737
EPY,20061010,0.4,0.4,0.4,0.4,78000
EQI,20061010,1.37,1.37,1.35,1.36,167137
EQN,20061010,1.85,1.88,1.83,1.88,193749
EQX,20061010,0.105,0.12,0.1,0.12,19314
ERA,20061010,13.11,13.7,13.05,13.68,425698
ERG,20061010,0.215,0.23,0.21,0.23,16887976
ESG,20061010,0.19,0.19,0.175,0.175,4358827
ESI,20061010,0.29,0.335,0.28,0.325,955557
ESS,20061010,0.36,0.375,0.36,0.36,52500
ETE,20061010,0.18,0.185,0.175,0.18,470938
ETR,20061010,2.47,2.52,2.47,2.5,238314
ETT,20061010,0.02,0.02,0.017,0.017,85500
ETW,20061010,0.135,0.14,0.135,0.14,42000
EVE,20061010,0.1,0.1,0.098,0.098,218000
EVM,20061010,0.15,0.15,0.15,0.15,86000
EVZ,20061010,0.23,0.235,0.23,0.235,170689
EWC,20061010,0.415,0.435,0.4,0.41,3198506
EXL,20061010,9.47,9.48,9.46,9.47,1906860
EXR,20061010,0.41,0.41,0.4,0.4,32228
EXS,20061010,0.22,0.22,0.215,0.215,194590
EXT,20061010,0.065,0.07,0.065,0.067,9656228
EZE,20061010,0.15,0.16,0.15,0.16,712000
EZL,20061010,2.91,2.91,2.9,2.9,6806
FAN,20061010,3.55,3.62,3.55,3.58,13766
FAR,20061010,0.12,0.125,0.115,0.115,540544
FAT,20061010,0.92,0.925,0.92,0.92,50500
FBU,20061010,7.82,7.9,7.77,7.78,271818
FCL,20061010,2.02,2.05,2.01,2.02,1486497
FCN,20061010,0.54,0.565,0.54,0.545,1217499
FDL,20061010,0.016,0.016,0.016,0.016,308750
FEA,20061010,0.585,0.59,0.585,0.59,56966
FGL,20061010,6.28,6.28,6.19,6.21,3323107
FIC,20061010,0.32,0.32,0.31,0.31,108492
FKP,20061010,5.82,5.89,5.79,5.88,299185
FLE,20061010,0.3,0.3,0.3,0.3,4000
FLR,20061010,0.165,0.165,0.165,0.165,47043
FLT,20061010,13.3,13.4,13.1,13.4,83346
FLX,20061010,3.05,3.06,3.01,3.05,86805
FMG,20061010,8.9,9.08,8.63,8.87,87822
FML,20061010,0.045,0.048,0.044,0.044,814263
FNT,20061010,0.125,0.125,0.125,0.125,275000
FOF,20061010,0.46,0.46,0.46,0.46,168
FPA,20061010,3.36,3.38,3.3,3.3,355196
FPH,20061010,3.63,3.68,3.63,3.68,10982
FPS,20061010,1.9,1.95,1.9,1.9,39615
FRE,20061010,0.645,0.645,0.64,0.645,67436
FRI,20061010,0.8,0.8,0.8,0.8,30694
FRM,20061010,0.29,0.295,0.29,0.295,65000
FRR,20061010,0.685,0.69,0.675,0.68,178500
FRS,20061010,0.4,0.4,0.4,0.4,25000
FSA,20061010,0.32,0.34,0.32,0.33,107300
FUN,20061010,1.61,1.615,1.61,1.615,124634
FUT,20061010,0.007,0.007,0.007,0.007,8395
FWD,20061010,6.74,6.75,6.67,6.75,165560
FXJ,20061010,4.38,4.51,4.3,4.47,9824847
FXR,20061010,1.27,1.345,1.27,1.33,1232227
FZN,20061010,1.11,1.115,1.11,1.11,113400
GAA,20061010,1.07,1.08,1.07,1.08,99349
GAP,20061010,0.93,0.93,0.93,0.93,4300
GAS,20061010,2.99,3,2.99,2.99,265465
GAU,20061010,0.16,0.16,0.16,0.16,40000
GBG,20061010,0.42,0.42,0.415,0.415,5726182
GBP,20061010,0.69,0.7,0.685,0.69,205620
GBT,20061010,2.49,2.5,2.49,2.5,15400
GCL,20061010,3.55,3.55,3.5,3.55,160751
GCN,20061010,0.076,0.076,0.075,0.075,200000
GCR,20061010,0.06,0.061,0.057,0.057,2175733
GDA,20061010,0.019,0.019,0.019,0.019,145600
GDM,20061010,0.5,0.51,0.49,0.51,130988
GDN,20061010,0.3,0.31,0.27,0.29,2549153
GDR,20061010,0.595,0.595,0.58,0.58,525780
GDY,20061010,1.04,1.05,1.02,1.05,72255
GEP,20061010,0.115,0.115,0.115,0.115,30000
GFD,20061010,0.72,0.72,0.7,0.7,50300
GFF,20061010,2.12,2.13,2.08,2.13,5731175
GGG,20061010,0.25,0.25,0.25,0.25,7500
GGP,20061010,0.47,0.52,0.47,0.52,718960
GGY,20061010,0.044,0.044,0.043,0.044,1007269
GHG,20061010,1.145,1.15,1.14,1.145,585299
GHT,20061010,0.24,0.24,0.24,0.24,9500
GIA,20061010,0.29,0.29,0.27,0.27,79229
GIL,20061010,0.45,0.45,0.45,0.45,5000
GIP,20061010,0.079,0.079,0.079,0.079,7000
GIR,20061010,0.35,0.37,0.35,0.37,243468
GLB,20061010,0.23,0.23,0.22,0.225,121180
GLF,20061010,0.19,0.2,0.19,0.2,101242
GLI,20061010,1.025,1.04,1.025,1.04,7160
GLN,20061010,0.34,0.34,0.335,0.335,67286
GLO,20061010,0.055,0.055,0.055,0.055,305000
GLX,20061010,0.14,0.14,0.14,0.14,35000
GME,20061010,0.245,0.28,0.245,0.28,141010
GMI,20061010,1.185,1.2,1.185,1.2,99800
GML,20061010,0.165,0.18,0.165,0.18,245785
GNC,20061010,8.25,8.3,8.2,8.2,59699
GNL,20061010,0.05,0.052,0.05,0.05,175353
GNS,20061010,2.7,2.74,2.68,2.73,1094884
GOA,20061010,0.071,0.071,0.071,0.071,14412
GOG,20061010,0.37,0.375,0.37,0.375,125200
GOW,20061010,3.42,3.42,3.4,3.4,2300
GPG,20061010,2.19,2.19,2.19,2.19,12198
GPN,20061010,0.015,0.016,0.015,0.016,2174563
GPR,20061010,0.48,0.48,0.43,0.48,56845
GPT,20061010,4.9,4.93,4.87,4.9,3138382
GQH,20061010,0.8,0.8,0.8,0.8,174231
GRD,20061010,2.2,2.2,2.13,2.17,138680
GRO,20061010,2.01,2.01,2.01,2.01,2000
GRR,20061010,1.48,1.5,1.46,1.5,119717
GRT,20061010,0.095,0.1,0.095,0.1,146114
GRY,20061010,0.27,0.275,0.27,0.27,149000
GSA,20061010,1.215,1.235,1.21,1.235,3800794
GSE,20061010,0.025,0.025,0.025,0.025,184149
GTG,20061010,0.345,0.355,0.345,0.355,284790
GTP,20061010,2.56,2.58,2.55,2.57,1192368
GTV,20061010,0.92,0.945,0.92,0.945,1110
GUD,20061010,7.58,7.69,7.58,7.59,150957
GUL,20061010,0.049,0.05,0.049,0.05,81000
GUN,20061010,0.29,0.305,0.29,0.305,21000
GVM,20061010,0.32,0.32,0.3,0.31,45760
GWR,20061010,2.01,2.01,1.83,1.95,86358
GWT,20061010,3.36,3.38,3.33,3.36,1153240
GYN,20061010,0.25,0.25,0.25,0.25,90000
GZL,20061010,2.6,2.6,2.6,2.6,4977
HAN,20061010,18,18.01,18,18.01,922
HAP,20061010,0.96,0.96,0.94,0.95,29835
HAV,20061010,0.625,0.72,0.625,0.72,465161
HAZ,20061010,0.195,0.205,0.195,0.205,65000
HCY,20061010,0.013,0.014,0.013,0.014,3658770
HDF,20061010,3.04,3.07,3.01,3.07,328018
HDR,20061010,2.02,2.04,2.02,2.03,7797527
HEG,20061010,0.11,0.11,0.105,0.105,76831
HER,20061010,1.12,1.15,1.12,1.14,1777770
HFA,20061010,1.68,1.68,1.68,1.68,5072
HGL,20061010,0.047,0.047,0.047,0.047,140000
HGO,20061010,0.235,0.235,0.23,0.235,1552500
HHL,20061010,9.6,9.6,9.5,9.5,7245
HHM,20061010,0.165,0.195,0.165,0.195,380000
HHV,20061010,1.04,1.045,1.035,1.045,554194
HHY,20061010,1.86,1.86,1.85,1.85,131264
HIG,20061010,0.43,0.43,0.415,0.425,99979
HIL,20061010,4.63,4.68,4.62,4.68,45280
HLD,20061010,0.215,0.215,0.215,0.215,70000
HLS,20061010,0.2,0.2,0.2,0.2,232667
HLX,20061010,0.081,0.085,0.08,0.085,228741
HME,20061010,13.45,13.6,13.4,13.58,338921
HNG,20061010,2.04,2.07,2,2,4876
HNR,20061010,0.22,0.235,0.22,0.23,649085
HOM,20061010,0.52,0.52,0.52,0.52,10000
HPX,20061010,1.68,1.69,1.68,1.68,70010
HRD,20061010,0.185,0.185,0.185,0.185,70000
HRR,20061010,0.62,0.625,0.59,0.59,105159
HSK,20061010,0.56,0.56,0.56,0.56,268300
HSN,20061010,0.18,0.18,0.18,0.18,12000
HSP,20061010,4.87,4.89,4.85,4.86,432968
HST,20061010,2.27,2.29,2.26,2.26,719165
HTA,20061010,0.235,0.24,0.235,0.24,543607
HTE,20061010,0.025,0.025,0.021,0.022,1197765
HTM,20061010,0.03,0.03,0.03,0.03,88000
HTW,20061010,0.78,0.8,0.76,0.76,87258
HVN,20061010,3.6,3.66,3.58,3.59,1960741
HWG,20061010,0.175,0.175,0.175,0.175,3000
HWI,20061010,1.78,1.81,1.78,1.81,424914
HYO,20061010,0.135,0.135,0.13,0.13,328529
HZN,20061010,0.31,0.32,0.305,0.32,336343
IAG,20061010,5.5,5.53,5.43,5.46,3065499
IAS,20061010,0.25,0.25,0.235,0.235,113072
IAT,20061010,0.062,0.062,0.062,0.062,8000
IAU,20061010,0.95,0.95,0.94,0.94,17908
IBA,20061010,0.995,0.995,0.97,0.985,1525924
IBC,20061010,0.6,0.6,0.6,0.6,4708
IBG,20061010,0.5,0.5,0.5,0.5,316400
IBR,20061010,0.81,0.81,0.8,0.8,82700
IBT,20061010,1.94,1.94,1.92,1.92,16443
ICD,20061010,0.5,0.5,0.5,0.5,8530
ICE,20061010,0.013,0.013,0.013,0.013,5315
ICH,20061010,0.15,0.15,0.15,0.15,1056
ICN,20061010,0.059,0.06,0.059,0.06,20000
ICS,20061010,0.25,0.25,0.25,0.25,7142
IDL,20061010,0.14,0.15,0.14,0.15,1907081
IDO,20061010,0.195,0.195,0.195,0.195,25000
IDT,20061010,1.63,1.63,1.63,1.63,6000
IEF,20061010,1.13,1.13,1.125,1.125,277113
IFL,20061010,9.24,9.38,9.08,9.2,109234
IFM,20061010,0.675,0.695,0.67,0.685,403991
IGC,20061010,0.135,0.135,0.135,0.135,2709
IGD,20061010,1.155,1.2,1.155,1.17,91870
IGO,20061010,4.4,4.48,4.38,4.45,352874
IGR,20061010,0.14,0.14,0.12,0.13,366518
IHF,20061010,1.07,1.08,1.07,1.07,23678
IHG,20061010,0.35,0.36,0.35,0.36,45902
IIF,20061010,2.44,2.45,2.42,2.45,2689678
III,20061010,0.12,0.12,0.115,0.115,115000
IIN,20061010,0.85,0.91,0.825,0.87,4045246
ILF,20061010,1.18,1.18,1.165,1.175,345854
ILU,20061010,7.38,7.44,7.28,7.43,144181
IMA,20061010,1.21,1.25,1.1,1.11,517393
IMD,20061010,0.75,0.795,0.75,0.79,513363
IMF,20061010,0.765,0.77,0.765,0.77,30600
IMI,20061010,0.013,0.014,0.013,0.013,451742
IMP,20061010,0.018,0.019,0.018,0.018,737081
IMU,20061010,0.105,0.12,0.105,0.12,269846
INL,20061010,0.125,0.135,0.125,0.135,1012795
INP,20061010,0.235,0.235,0.23,0.23,75000
IOF,20061010,1.61,1.625,1.61,1.625,1441187
IOH,20061010,0.9,0.91,0.885,0.91,58849
IPA,20061010,0.865,0.88,0.865,0.865,38001
IPE,20061010,0.93,0.94,0.93,0.94,8214
IPG,20061010,2.48,2.52,2.48,2.51,2536942
IPL,20061010,25.3,25.55,23.92,25.49,495808
IPM,20061010,1.565,1.59,1.565,1.58,33000
IPN,20061010,0.185,0.195,0.18,0.195,685289
IPR,20061010,0.06,0.074,0.06,0.074,65000
IRC,20061010,0.16,0.165,0.15,0.165,150000
IRE,20061010,6.42,6.47,6.4,6.45,160008
IRI,20061010,0.53,0.53,0.525,0.525,91525
IRN,20061010,0.78,0.78,0.765,0.78,93887
ISS,20061010,0.215,0.215,0.21,0.21,185080
ITC,20061010,0.092,0.093,0.09,0.092,2425130
ITD,20061010,0.35,0.35,0.34,0.345,87900
ITE,20061010,0.125,0.14,0.125,0.14,165703
ITT,20061010,0.18,0.2,0.18,0.2,179720
IVC,20061010,5.79,5.79,5.54,5.57,73046
IVK,20061010,3,3,3,3,2889
IWF,20061010,2.23,2.23,2.2,2.2,22854
IWI,20061010,1.725,1.725,1.725,1.725,7344
IWL,20061010,5.05,5.1,5.05,5.1,8159
JBH,20061010,5.3,5.36,5.25,5.27,722357
JBM,20061010,10.95,11.08,10.76,10.99,560926
JET,20061010,1.26,1.26,1.26,1.26,17000
JFM,20061010,1.355,1.365,1.355,1.365,45566
JGL,20061010,0.205,0.205,0.2,0.2,12350
JHX,20061010,7.33,7.53,7.33,7.53,794171
JMB,20061010,1.9,1.9,1.86,1.86,424086
JML,20061010,0.575,0.58,0.56,0.57,1436458
JMS,20061010,0.13,0.13,0.12,0.125,374848
JPR,20061010,0.15,0.15,0.115,0.13,2077750
JRL,20061010,0.64,0.64,0.62,0.62,28987
JRV,20061010,0.012,0.012,0.011,0.012,1299557
JST,20061010,3.92,4.09,3.9,3.93,1333897
JUM,20061010,0.029,0.03,0.029,0.029,605417
JVG,20061010,0.24,0.24,0.23,0.23,5000
JYC,20061010,1.18,1.18,1.18,1.18,3300
KAL,20061010,0.095,0.105,0.095,0.1,236700
KAR,20061010,2.16,2.16,1.91,2.01,444983
KCN,20061010,4.4,4.42,4.33,4.35,83760
KIM,20061010,0.95,0.99,0.95,0.98,917018
KIS,20061010,1.26,1.26,1.23,1.23,14000
KKT,20061010,0.3,0.3,0.3,0.3,4000
KLM,20061010,0.48,0.48,0.47,0.47,23000
KME,20061010,0.9,0.905,0.9,0.9,51853
KMN,20061010,0.375,0.405,0.37,0.405,836261
KOR,20061010,0.24,0.24,0.23,0.23,100331
KOV,20061010,5.4,5.4,5.4,5.4,1053
KRS,20061010,0.23,0.235,0.225,0.235,250250
KSC,20061010,3.63,3.65,3.63,3.65,7764
KYC,20061010,0.805,0.805,0.8,0.8,9500
KZL,20061010,6,6.05,5.88,5.9,886947
LAF,20061010,0.088,0.094,0.087,0.088,5491657
LAS,20061010,0.05,0.05,0.045,0.045,20695
LAT,20061010,0.065,0.065,0.065,0.065,170000
LAU,20061010,0.195,0.195,0.195,0.195,3802
LCL,20061010,0.55,0.55,0.55,0.55,58000
LCT,20061010,0.215,0.215,0.2,0.2,406840
LDW,20061010,6.95,6.95,6.95,6.95,2164
LEF,20061010,0.185,0.225,0.185,0.205,789725
LEG,20061010,0.048,0.058,0.048,0.058,15707321
LEI,20061010,20.6,20.68,20.4,20.55,81235
LEP,20061010,3.19,3.23,3.19,3.22,20864
LFE,20061010,1.46,1.46,1.38,1.4,210581
LGD,20061010,0.71,0.715,0.7,0.7,91488
LHG,20061010,2.94,2.97,2.92,2.93,9310359
LIM,20061010,8,8.2,8,8.15,51626
LIO,20061010,0.004,0.004,0.004,0.004,400000
LIP,20061010,0.75,0.75,0.74,0.74,17187
LKO,20061010,0.014,0.014,0.014,0.014,2200000
LLC,20061010,16.98,16.98,16.75,16.95,3953178
LMC,20061010,2.91,2.91,2.91,2.91,4560
LMG,20061010,0.012,0.012,0.012,0.012,7243905
LMW,20061010,0.795,0.8,0.795,0.8,8000
LNC,20061010,0.185,0.185,0.185,0.185,185000
LNG,20061010,0.69,0.71,0.69,0.71,116000
LNN,20061010,8.25,8.29,8.11,8.27,558833
LOK,20061010,3.99,4.17,3.99,4.17,2543
LOU,20061010,0.26,0.27,0.26,0.27,877356
LPL,20061010,0.33,0.35,0.33,0.35,181200
LRF,20061010,0.98,1,0.975,0.995,518200
LRL,20061010,0.45,0.45,0.45,0.45,121288
LRX,20061010,0.049,0.05,0.048,0.05,128500
LSG,20061010,1.81,1.81,1.8,1.8,126539
LSL,20061010,0.002,0.002,0.002,0.002,301000
LUM,20061010,0.029,0.029,0.029,0.029,18000
LVR,20061010,0.535,0.535,0.525,0.525,1848632
LWB,20061010,1.45,1.49,1.45,1.49,3500
LYC,20061010,0.32,0.33,0.32,0.325,1052193
LYL,20061010,3.25,3.25,3.25,3.25,3000
MAE,20061010,0.745,0.745,0.72,0.72,215746
MAH,20061010,0.81,0.835,0.81,0.83,615023
MAK,20061010,0.2,0.2,0.16,0.19,850570
MAL,20061010,0.565,0.565,0.55,0.55,55500
MAP,20061010,3.13,3.15,3.11,3.14,2448148
MAR,20061010,0.215,0.215,0.21,0.21,104500
MBI,20061010,0.007,0.007,0.007,0.007,415000
MBL,20061010,69.75,70,69.7,69.89,1220565
MBN,20061010,1.75,1.795,1.75,1.78,40905
MBP,20061010,0.535,0.57,0.51,0.57,804427
MCC,20061010,4.58,4.6,4.56,4.59,201836
MCG,20061010,6.15,6.2,6.08,6.13,481844
MCK,20061010,2.55,2.55,2.55,2.55,1400
MCO,20061010,0.22,0.22,0.21,0.21,315367
MCP,20061010,1.89,1.9,1.86,1.9,62891
MCQ,20061010,3.5,3.5,3.47,3.47,106000
MCR,20061010,1.39,1.42,1.39,1.4,509291
MCW,20061010,2.05,2.08,2.05,2.08,4060124
MDE,20061010,0.7,0.72,0.7,0.72,86000
MDL,20061010,1.38,1.38,1.35,1.36,202006
MDM,20061010,0.19,0.19,0.19,0.19,10000
MDS,20061010,0.06,0.06,0.06,0.06,20850
MDT,20061010,1.24,1.24,1.23,1.23,4090832
MDV,20061010,0.075,0.075,0.074,0.074,102403
MDX,20061010,0.14,0.14,0.14,0.14,20000
MEE,20061010,0.064,0.064,0.064,0.064,360000
MEI,20061010,0.23,0.24,0.23,0.24,266722
MEL,20061010,0.3,0.3,0.285,0.29,719622
MEO,20061010,0.28,0.29,0.27,0.28,431635
MEP,20061010,0.57,0.585,0.57,0.585,8636
MFI,20061010,1.49,1.5,1.47,1.5,127914
MFS,20061010,4.25,4.25,4.19,4.22,317348
MFT,20061010,0.965,0.965,0.965,0.965,49505
MGK,20061010,0.165,0.165,0.16,0.16,28574
MGO,20061010,0.28,0.285,0.28,0.28,35000
MGQ,20061010,6.73,6.82,6.72,6.75,2481082
MGR,20061010,5,5.01,4.95,4.97,4831925
MGW,20061010,2.43,2.49,2.41,2.45,168127
MGX,20061010,0.72,0.72,0.7,0.7,572624
MHI,20061010,0.17,0.17,0.17,0.17,14000
MHL,20061010,0.017,0.017,0.016,0.016,1300000
MIC,20061010,0.025,0.025,0.025,0.025,101000
MIG,20061010,3.28,3.3,3.27,3.28,5662814
MIK,20061010,0.12,0.13,0.12,0.13,269418
MIN,20061010,1.43,1.46,1.43,1.46,76747
MIR,20061010,1.895,1.895,1.88,1.88,69766
MIS,20061010,0.55,0.56,0.55,0.56,69933
MIT,20061010,2.08,2.12,2.08,2.11,120335
MIX,20061010,1.055,1.08,1.055,1.08,551421
MKY,20061010,0.017,0.017,0.017,0.017,1000000
MLB,20061010,2.48,2.58,2.48,2.58,125756
MLE,20061010,2.63,2.67,2.63,2.65,835095
MLM,20061010,0.51,0.52,0.49,0.5,269054
MLS,20061010,0.019,0.022,0.019,0.022,19714187
MLT,20061010,20.2,20.2,20.05,20.1,16518
MMA,20061010,0.955,0.965,0.955,0.965,226878
MMB,20061010,0.15,0.15,0.13,0.13,480000
MME,20061010,0.042,0.042,0.042,0.042,15000
MML,20061010,0.65,0.65,0.62,0.65,30000
MMN,20061010,0.29,0.295,0.285,0.285,263260
MMS,20061010,3.8,3.8,3.8,3.8,20000
MMX,20061010,0.75,0.77,0.735,0.745,1746912
MMZ,20061010,0.76,0.76,0.76,0.76,4000
MND,20061010,6.25,6.25,6.2,6.2,12537
MNF,20061010,0.115,0.115,0.115,0.115,10000
MOC,20061010,2.59,2.59,2.58,2.59,7778
MOE,20061010,1.08,1.08,1.055,1.055,157129
MOF,20061010,1.515,1.54,1.51,1.54,4272013
MOL,20061010,1.49,1.5,1.4,1.4,122700
MON,20061010,0.235,0.235,0.23,0.235,432489
MOO,20061010,0.23,0.23,0.23,0.23,29235
MOS,20061010,0.165,0.165,0.155,0.16,1114958
MOX,20061010,0.75,1.1,0.7,1.1,8401312
MPF,20061010,1.18,1.185,1.18,1.185,58511
MPG,20061010,0.82,0.82,0.82,0.82,5000
MPH,20061010,0.24,0.24,0.24,0.24,41120
MPI,20061010,0.07,0.07,0.069,0.069,87000
MPJ,20061010,0.008,0.008,0.008,0.008,761813
MPO,20061010,0.042,0.047,0.041,0.046,13193236
MPR,20061010,1.235,1.265,1.235,1.265,3955571
MPS,20061010,1.03,1.03,1.025,1.03,84678
MPY,20061010,0.78,0.79,0.77,0.78,334318
MRA,20061010,0.96,0.965,0.96,0.965,27000
MRE,20061010,4.35,4.56,4.35,4.54,1718280
MRL,20061010,1.64,1.65,1.635,1.64,482899
MRM,20061010,0.61,0.62,0.61,0.62,62112
MRO,20061010,1.1,1.22,1.1,1.22,192863
MRU,20061010,0.27,0.29,0.265,0.29,402471
MRX,20061010,0.056,0.061,0.056,0.061,2184929
MRY,20061010,0.091,0.091,0.074,0.075,626244
MSB,20061010,1.27,1.31,1.27,1.28,104473
MSC,20061010,0.014,0.015,0.014,0.015,11646900
MSF,20061010,12.05,12.05,12.05,12.05,1000
MSH,20061010,0.056,0.056,0.054,0.054,52504
MSO,20061010,0.045,0.045,0.045,0.045,5835
MST,20061010,0.13,0.135,0.125,0.13,1414301
MSX,20061010,1.22,1.22,1.2,1.2,55000
MTB,20061010,0.06,0.06,0.055,0.057,740000
MTD,20061010,0.16,0.16,0.16,0.16,5000
MTH,20061010,0.29,0.3,0.29,0.3,62000
MTN,20061010,0.78,0.79,0.78,0.79,78942
MTS,20061010,4.44,4.49,4.38,4.41,2369515
MTU,20061010,0.37,0.4,0.365,0.39,848285
MTY,20061010,0.27,0.27,0.26,0.26,100000
MUR,20061010,0.055,0.055,0.052,0.052,245000
MVL,20061010,0.125,0.125,0.12,0.125,674440
MVP,20061010,0.5,0.56,0.5,0.55,187153
MVU,20061010,0.38,0.38,0.38,0.38,5437
MWE,20061010,0.17,0.175,0.165,0.17,116000
MWM,20061010,0.365,0.365,0.365,0.365,274300
MWS,20061010,0.105,0.105,0.105,0.105,91
MXG,20061010,3.65,3.65,3.61,3.63,5430858
MXI,20061010,0.545,0.545,0.54,0.545,245535
MXL,20061010,0.088,0.093,0.088,0.093,250000
MXR,20061010,0.15,0.155,0.15,0.155,175000
MYO,20061010,1.09,1.095,1.065,1.065,243905
MYP,20061010,4.3,4.3,4.28,4.29,2180121
NAB,20061010,37.38,37.5,37.27,37.45,2335978
NAD,20061010,0.052,0.052,0.051,0.052,1935345
NAL,20061010,0.115,0.12,0.11,0.12,1062076
NAM,20061010,0.62,0.635,0.615,0.63,76300
NAV,20061010,0.32,0.325,0.32,0.32,121400
NBL,20061010,4.1,4.12,4.1,4.12,13000
NCI,20061010,2.01,2.01,2.01,2.01,2000
NCK,20061010,1.55,1.62,1.55,1.57,25087
NCM,20061010,21.83,22.3,21.72,22.15,951785
NDO,20061010,0.175,0.175,0.17,0.17,1112892
NEC,20061010,0.545,0.635,0.545,0.61,884267
NEL,20061010,1.47,1.5,1.45,1.5,82442
NEM,20061010,5.6,5.6,5.56,5.57,72945
NEO,20061010,0.016,0.017,0.016,0.016,3323900
NEU,20061010,0.415,0.415,0.415,0.415,12500
NGM,20061010,0.1,0.1,0.1,0.1,10000
NHC,20061010,1.45,1.45,1.445,1.445,341050
NHM,20061010,0.005,0.006,0.005,0.006,48900
NHR,20061010,1.9,2,1.9,2,54811
NIA,20061010,0.425,0.43,0.42,0.42,868890
NKL,20061010,0.1,0.1,0.1,0.1,50000
NKP,20061010,0.8,0.81,0.8,0.8,67007
NLB,20061010,1.295,1.295,1.295,1.295,910
NLG,20061010,0.4,0.4,0.4,0.4,10000
NLX,20061010,0.052,0.056,0.051,0.055,7811399
NMB,20061010,0.016,0.016,0.016,0.016,250000
NMI,20061010,0.185,0.185,0.18,0.18,15400
NMS,20061010,0.24,0.245,0.24,0.24,93000
NPH,20061010,5.55,5.56,5.55,5.55,3800
NPX,20061010,5.7,5.7,5.7,5.7,2500
NRT,20061010,2.86,2.86,2.8,2.8,37418
NRU,20061010,0.23,0.23,0.23,0.23,160000
NSX,20061010,0.66,0.66,0.66,0.66,2000
NTC,20061010,0.087,0.087,0.086,0.086,50000
NUF,20061010,9.91,10.15,9.91,10.07,168508
NWE,20061010,0.115,0.115,0.11,0.11,153447
NWK,20061010,0.11,0.12,0.085,0.12,130500
NWR,20061010,0.265,0.275,0.265,0.275,130430
NWS,20061010,28.05,28.3,28.05,28.25,3275688
NWT,20061010,0.007,0.007,0.007,0.007,1683333
NXS,20061010,1.14,1.15,1.125,1.145,892061
NZO,20061010,0.785,0.785,0.785,0.785,4687
OAK,20061010,1.89,1.89,1.88,1.88,6379
OBJ,20061010,0.068,0.068,0.067,0.067,150000
OCE,20061010,0.42,0.42,0.42,0.42,30000
OCL,20061010,0.94,0.94,0.91,0.91,9783
OCO,20061010,0.05,0.05,0.05,0.05,90000
ODY,20061010,0.585,0.63,0.585,0.63,50000
OEC,20061010,0.1,0.11,0.1,0.11,2260555
OEL,20061010,0.18,0.185,0.165,0.18,683650
OEQ,20061010,0.92,0.92,0.91,0.91,20840
OEX,20061010,1.42,1.43,1.38,1.38,373129
OFM,20061010,2.37,2.4,2.37,2.39,21573
OGD,20061010,0.65,0.65,0.635,0.635,601465
OIL,20061010,0.52,0.52,0.5,0.5,216614
OKN,20061010,3.98,3.98,3.92,3.97,214492
OLE,20061010,0.024,0.024,0.024,0.024,170000
OLY,20061010,0.15,0.15,0.15,0.15,253406
OMC,20061010,0.61,0.625,0.6,0.625,444839
OMH,20061010,0.5,0.535,0.47,0.535,806479
OMI,20061010,0.4,0.4,0.38,0.4,50000
OMP,20061010,4.34,4.36,4.34,4.34,133457
ONT,20061010,2.25,2.25,2.25,2.25,3000
OPL,20061010,0.715,0.72,0.71,0.715,1416933
ORD,20061010,0.345,0.345,0.34,0.34,109922
ORG,20061010,7.19,7.21,7.06,7.16,2497510
ORI,20061010,22.34,22.36,22.11,22.29,1349381
ORL,20061010,1.84,1.84,1.795,1.795,25218
ORO,20061010,0.017,0.017,0.017,0.017,205589
ORP,20061010,0.078,0.078,0.078,0.078,21500
ORT,20061010,0.016,0.016,0.014,0.014,348640
OSH,20061010,3.32,3.39,3.32,3.35,7284868
OST,20061010,4.17,4.2,4.12,4.14,737126
OXR,20061010,2.96,3.03,2.95,2.99,12191943
PAA,20061010,0.1,0.105,0.099,0.1,143472
PAU,20061010,0.14,0.14,0.14,0.14,175300
PAY,20061010,3,3,3,3,2213
PBA,20061010,1.01,1.06,1.01,1.02,473587
PBB,20061010,1.7,1.7,1.615,1.63,394653
PBD,20061010,3.3,3.32,3.3,3.3,53562
PBG,20061010,2.54,2.57,2.53,2.55,1244868
PBI,20061010,0.225,0.225,0.215,0.225,266183
PBL,20061010,19.65,19.72,19.52,19.59,694204
PBO,20061010,0.235,0.235,0.23,0.23,14000
PBT,20061010,0.55,0.575,0.535,0.565,319300
PCC,20061010,0.057,0.06,0.057,0.06,14000
PCE,20061010,0.03,0.03,0.029,0.029,719747
PCG,20061010,0.57,0.57,0.555,0.57,83901
PCL,20061010,0.068,0.068,0.068,0.068,61467
PDL,20061010,2.95,3,2.95,3,7000
PDN,20061010,5.12,5.22,5.09,5.2,1598301
PDO,20061010,0.85,0.85,0.85,0.85,500
PDZ,20061010,0.35,0.35,0.345,0.345,42853
PEA,20061010,0.4,0.405,0.4,0.405,27300
PEM,20061010,3.08,3.16,3.08,3.12,998417
PEN,20061010,0.029,0.029,0.029,0.029,1488581
PEP,20061010,0.685,0.69,0.685,0.685,35715
PES,20061010,0.185,0.185,0.18,0.18,189500
PET,20061010,0.855,0.855,0.85,0.85,15945
PGA,20061010,5.75,6,5.75,6,1221
PGL,20061010,2.81,2.81,2.74,2.8,20001
PGM,20061010,0.185,0.195,0.185,0.195,352455
PGN,20061010,1.83,1.83,1.83,1.83,3900
PGS,20061010,0.345,0.36,0.345,0.355,159875
PHK,20061010,0.19,0.19,0.18,0.18,632320
PHL,20061010,0.009,0.009,0.009,0.009,210
PIE,20061010,0.013,0.013,0.012,0.012,300000
PIO,20061010,0.145,0.145,0.145,0.145,100000
PKT,20061010,0.018,0.018,0.017,0.017,1755013
PLA,20061010,0.97,1.02,0.97,1,980930
PLD,20061010,0.335,0.35,0.335,0.345,190820
PLF,20061010,1.1,1.12,1.1,1.11,450838
PLT,20061010,0.093,0.096,0.093,0.096,104900
PMA,20061010,1.81,1.88,1.8,1.865,68021
PMC,20061010,2.53,2.57,2.51,2.51,157649
PME,20061010,1.22,1.23,1.22,1.23,15500
PMH,20061010,0.415,0.51,0.41,0.465,10622645
PMM,20061010,5,5,4.88,4.88,11186
PMN,20061010,6.03,6.1,6.02,6.1,5562715
PMP,20061010,1.63,1.705,1.61,1.7,5457926
PNA,20061010,0.265,0.27,0.265,0.27,2131884
PNN,20061010,0.665,0.665,0.63,0.665,156733
PNO,20061010,0.024,0.024,0.023,0.023,78500
PNW,20061010,0.091,0.091,0.089,0.089,148100
POH,20061010,0.365,0.365,0.365,0.365,51000
POL,20061010,0.145,0.145,0.145,0.145,10000
PPC,20061010,4.31,4.34,4.31,4.34,61609
PPD,20061010,0.115,0.115,0.115,0.115,30300
PPI,20061010,0.58,0.58,0.57,0.57,38000
PPK,20061010,0.76,0.76,0.76,0.76,2500
PPP,20061010,0.145,0.15,0.14,0.14,296980
PPR,20061010,1.33,1.34,1.33,1.34,51255
PPS,20061010,0.67,0.71,0.67,0.71,998500
PPT,20061010,75,75.1,74.03,74.25,93094
PPX,20061010,3.78,3.81,3.73,3.79,3611745
PPY,20061010,0.24,0.245,0.225,0.245,33500
PQB,20061010,0.345,0.345,0.345,0.345,5000
PRE,20061010,0.018,0.019,0.018,0.018,1346220
PRG,20061010,4.21,4.3,4.21,4.3,90259
PRM,20061010,0.024,0.024,0.022,0.023,840000
PRO,20061010,0.235,0.235,0.235,0.235,1200
PRR,20061010,0.06,0.06,0.06,0.06,5424274
PRT,20061010,3.47,3.58,3.47,3.5,10748
PRV,20061010,1.045,1.06,1.035,1.035,341519
PRY,20061010,12.94,13.01,12.94,12.96,112076
PRZ,20061010,0.19,0.19,0.19,0.19,20000
PSA,20061010,2.35,2.42,2.35,2.41,81038
PSD,20061010,0.295,0.3,0.295,0.295,317563
PSG,20061010,0.028,0.028,0.028,0.028,41500
PSH,20061010,1.84,1.85,1.83,1.84,48837
PSP,20061010,0.084,0.09,0.08,0.09,333823
PSV,20061010,0.32,0.33,0.315,0.32,10627380
PSX,20061010,0.135,0.14,0.135,0.14,90000
PTD,20061010,1.375,1.385,1.34,1.34,280127
PTR,20061010,0.27,0.27,0.265,0.265,5000
PTS,20061010,0.085,0.087,0.085,0.087,156660
PUR,20061010,0.053,0.053,0.053,0.053,30000
PWK,20061010,2.21,2.35,2.21,2.3,86200
PWR,20061010,0.48,0.485,0.48,0.485,200
PWT,20061010,1.105,1.105,1.05,1.05,36925
PXL,20061010,0.3,0.3,0.285,0.285,3000
PXS,20061010,2.41,2.47,2.41,2.47,211025
PYM,20061010,0.395,0.4,0.39,0.39,44000
QAD,20061010,0.062,0.062,0.062,0.062,50000
QAN,20061010,3.93,4.04,3.92,4.04,24349704
QBE,20061010,24.66,24.7,24.38,24.4,1834757
QCH,20061010,3.47,3.5,3.47,3.5,21075
QFX,20061010,0.205,0.205,0.2,0.205,346600
QGC,20061010,1.45,1.485,1.45,1.485,3448034
QHL,20061010,0.49,0.515,0.48,0.49,47500
QMT,20061010,2.68,2.68,2.61,2.61,23440
QOL,20061010,0.25,0.26,0.25,0.255,24000
QRS,20061010,0.43,0.44,0.43,0.44,21964
QTK,20061010,0.19,0.195,0.19,0.195,400285
QTM,20061010,0.06,0.06,0.06,0.06,6000
QUR,20061010,0.038,0.038,0.038,0.038,1395
RAT,20061010,1.07,1.085,1.065,1.07,2060931
RAU,20061010,0.053,0.053,0.053,0.053,110000
RBH,20061010,0.048,0.05,0.048,0.05,292000
RBM,20061010,0.095,0.095,0.092,0.092,14167
RBY,20061010,0.03,0.033,0.025,0.027,18889349
RCG,20061010,0.14,0.155,0.14,0.155,172450
RCI,20061010,0.16,0.16,0.155,0.155,63824
RCL,20061010,1.28,1.29,1.275,1.29,451936
RCO,20061010,0.54,0.54,0.52,0.52,155900
RCR,20061010,2.16,2.18,2.16,2.16,66095
RCT,20061010,3.89,3.89,3.87,3.87,5075
RDF,20061010,2.43,2.43,2.36,2.37,20016
RDM,20061010,0.26,0.27,0.26,0.27,99400
RDR,20061010,0.46,0.465,0.46,0.465,5000
RDS,20061010,0.705,0.73,0.695,0.73,20435
REA,20061010,4.1,4.14,4.06,4.1,8257
REB,20061010,4,4,3.94,3.95,339365
RED,20061010,0.105,0.105,0.105,0.105,220000
REF,20061010,2.98,3,2.85,2.9,131787
REH,20061010,16.6,16.6,16.6,16.6,80274
REU,20061010,1.05,1.065,1.05,1.065,2139449
REX,20061010,1.12,1.125,1.12,1.125,31500
REY,20061010,0.15,0.15,0.15,0.15,22600
RFE,20061010,0.25,0.25,0.24,0.25,90955
RFG,20061010,0.89,0.905,0.89,0.905,109810
RHC,20061010,10.57,10.69,10.47,10.6,444820
RHD,20061010,0.59,0.61,0.59,0.605,118363
RHI,20061010,0.94,0.94,0.93,0.93,7900
RHL,20061010,3.5,3.55,3.5,3.55,22030
RHT,20061010,0.022,0.022,0.022,0.022,3697
RIA,20061010,0.31,0.31,0.305,0.305,40000
RIC,20061010,1.155,1.175,1.15,1.175,551078
RIM,20061010,0.034,0.036,0.033,0.036,778000
RIN,20061010,14.35,14.48,14.32,14.48,6777507
RIO,20061010,71.2,71.4,70.75,71.08,1579023
RIS,20061010,0.1,0.1,0.1,0.1,4500
RIV,20061010,1.35,1.36,1.34,1.345,472800
RKN,20061010,0.88,0.9,0.88,0.885,584126
RMD,20061010,5.4,5.44,5.37,5.38,1625775
RMG,20061010,0.016,0.016,0.016,0.016,35
RMI,20061010,0.042,0.043,0.041,0.042,673000
RML,20061010,0.17,0.17,0.17,0.17,60647
RMS,20061010,0.26,0.26,0.25,0.25,194299
RNC,20061010,0.135,0.135,0.135,0.135,40000
RNG,20061010,0.13,0.135,0.13,0.135,235000
RNI,20061010,0.43,0.45,0.43,0.45,60000
RNY,20061010,1.1,1.1,1.09,1.1,8033000
ROC,20061010,3.6,3.7,3.59,3.66,833909
ROK,20061010,5.25,5.25,5.25,5.25,1500
ROY,20061010,0.175,0.18,0.175,0.18,88241
RPC,20061010,0.335,0.335,0.32,0.32,420636
RPG,20061010,0.99,0.99,0.985,0.985,9650
RPM,20061010,0.077,0.078,0.077,0.078,32000
RPT,20061010,0.15,0.15,0.145,0.15,4532811
RRL,20061010,0.11,0.11,0.105,0.11,1105860
RRT,20061010,0.97,0.975,0.965,0.975,2597415
RSG,20061010,1.38,1.38,1.35,1.37,375160
RSN,20061010,0.21,0.215,0.21,0.215,1125589
RSP,20061010,1.12,1.12,1.095,1.11,113580
RTM,20061010,0.021,0.021,0.021,0.021,36742
RUP,20061010,11.1,11.18,11.05,11.06,24011
RUR,20061010,0.23,0.23,0.23,0.23,50000
RWD,20061010,0.22,0.22,0.22,0.22,55123
RXL,20061010,0.3,0.32,0.3,0.32,129650
SAE,20061010,0.42,0.42,0.41,0.41,85427
SAF,20061010,0.049,0.049,0.049,0.049,10000
SAI,20061010,3.4,3.48,3.4,3.48,386019
SAQ,20061010,5.95,6,5.9,5.9,13675
SAR,20061010,0.28,0.28,0.28,0.28,1000
SAU,20061010,0.21,0.23,0.21,0.22,285000
SBC,20061010,13.51,14.15,13.5,14,247629
SBI,20061010,0.72,0.72,0.705,0.72,202780
SBM,20061010,0.46,0.465,0.445,0.445,597222
SBS,20061010,0.076,0.08,0.076,0.08,2084409
SCC,20061010,0.35,0.36,0.35,0.36,110000
SCF,20061010,107.75,107.9,107.75,107.9,820
SDG,20061010,2.57,2.58,2.51,2.54,964984
SDI,20061010,0.805,0.85,0.805,0.85,376136
SDL,20061010,0.088,0.088,0.082,0.083,4171422
SDM,20061010,1.34,1.34,1.31,1.315,120689
SEA,20061010,0.32,0.32,0.32,0.32,215000
SED,20061010,0.24,0.245,0.24,0.245,18000
SEK,20061010,5,5,4.92,4.95,129042
SEL,20061010,4.55,4.55,4.49,4.5,296695
SEN,20061010,0.51,0.52,0.495,0.495,4427216
SEV,20061010,9.07,9.15,9.02,9.15,320520
SFC,20061010,5.9,5.9,5.9,5.9,3000
SFR,20061010,0.65,0.69,0.65,0.69,411548
SFY,20061010,51.65,51.65,51.65,51.65,588
SGB,20061010,31.1,31.35,31.1,31.3,1692568
SGL,20061010,0.35,0.355,0.345,0.35,4626088
SGM,20061010,21.25,21.7,21.05,21.24,153445
SGN,20061010,2.86,2.93,2.86,2.93,209653
SGP,20061010,7.78,7.84,7.7,7.77,2846085
SGT,20061010,2.06,2.08,2.06,2.06,3103705
SGX,20061010,4.12,4.2,4.03,4.18,524289
SHA,20061010,0.85,0.88,0.82,0.88,171734
SHC,20061010,0.14,0.14,0.14,0.14,7250
SHG,20061010,0.325,0.33,0.325,0.33,72844
SHL,20061010,13.4,13.55,13.25,13.42,1711943
SHV,20061010,12.3,12.35,12.3,12.34,4100
SHX,20061010,0.165,0.165,0.165,0.165,29600
SIE,20061010,0.088,0.09,0.088,0.089,288000
SIM,20061010,0.47,0.49,0.46,0.485,25400
SIP,20061010,2.75,2.8,2.75,2.77,1156737
SKC,20061010,4.65,4.68,4.65,4.66,16124
SKE,20061010,5.6,5.63,5.6,5.63,18810
SLA,20061010,0.195,0.195,0.195,0.195,67500
SLD,20061010,0.2,0.2,0.2,0.2,85000
SLF,20061010,20.94,21.27,20.94,21.27,8085
SLM,20061010,3.06,3.1,3.05,3.05,1399448
SLT,20061010,0.045,0.045,0.043,0.043,122004
SLV,20061010,0.82,0.82,0.82,0.82,15200
SLX,20061010,4.1,4.3,4.08,4.2,569593
SMA,20061010,0.019,0.019,0.018,0.018,147778
SMC,20061010,0.15,0.155,0.15,0.15,21000
SML,20061010,0.032,0.032,0.032,0.032,330000
SMM,20061010,1.87,1.88,1.86,1.86,403357
SMN,20061010,0.115,0.125,0.115,0.125,810800
SMO,20061010,0.145,0.155,0.145,0.155,7658546
SMX,20061010,3.89,3.9,3.82,3.9,60053
SMY,20061010,1.42,1.72,1.42,1.675,2915234
SNF,20061010,0.48,0.49,0.48,0.48,15300
SNL,20061010,0.29,0.29,0.29,0.29,10000
SNN,20061010,0.061,0.061,0.059,0.059,100000
SOE,20061010,0.205,0.21,0.2,0.2,610938
SOL,20061010,8.8,8.94,8.76,8.76,41891
SOM,20061010,0.035,0.035,0.028,0.028,496999
SOT,20061010,0.77,0.78,0.76,0.78,53317
SPH,20061010,1,1.02,1,1.02,1606360
SPL,20061010,0.505,0.53,0.505,0.53,143250
SPN,20061010,1.31,1.325,1.305,1.315,1179350
SPT,20061010,4.63,4.73,4.63,4.72,231579
SRA,20061010,0.032,0.032,0.031,0.031,641300
SRB,20061010,1.2,1.21,1.2,1.2,16382
SRG,20061010,1.09,1.1,1.085,1.09,3524987
SRH,20061010,1.7,1.75,1.69,1.75,89650
SRI,20061010,0.063,0.063,0.063,0.063,196313
SRK,20061010,1.68,1.695,1.53,1.6,271711
SRL,20061010,4.02,4.05,4.01,4.01,109397
SRV,20061010,5.6,5.7,5.6,5.7,3212
SRX,20061010,2.49,2.55,2.49,2.55,19894
SRZ,20061010,0.27,0.28,0.265,0.28,142000
SSI,20061010,2.9,2.9,2.9,2.9,600
SSN,20061010,0.25,0.25,0.23,0.23,274000
SSX,20061010,1.68,1.72,1.68,1.72,571665
STB,20061010,0.22,0.22,0.21,0.215,213205
STE,20061010,0.068,0.07,0.067,0.07,100000
STI,20061010,0.08,0.08,0.08,0.08,576750
STO,20061010,10.86,10.92,10.63,10.75,1615318
STP,20061010,0.082,0.082,0.082,0.082,217000
STR,20061010,0.505,0.525,0.5,0.51,1152671
STS,20061010,1.37,1.38,1.35,1.37,57605
STU,20061010,1.225,1.225,1.215,1.215,42000
STW,20061010,52.09,52.13,51.84,52.1,17850
STX,20061010,0.225,0.23,0.22,0.23,277938
SUL,20061010,2.51,2.51,2.45,2.5,1520261
SUN,20061010,22.05,22.4,22.04,22.35,2601462
SUR,20061010,0.115,0.115,0.11,0.11,40000
SVS,20061010,1.05,1.05,1.05,1.05,5000
SYB,20061010,3.42,3.45,3.4,3.41,1366161
SYG,20061010,0.005,0.005,0.005,0.005,322500
SYM,20061010,0.77,0.77,0.75,0.755,81694
SYN,20061010,3.05,3.1,3,3,1100
SYP,20061010,0.355,0.355,0.325,0.35,693770
TAH,20061010,15.8,15.8,15.57,15.6,560513
TAM,20061010,0.19,0.19,0.185,0.185,1456847
TAP,20061010,1.595,1.66,1.59,1.62,1322437
TAS,20061010,0.135,0.14,0.125,0.125,263000
TAW,20061010,0.24,0.24,0.235,0.235,32000
TBG,20061010,1.605,1.61,1.605,1.605,15800
TCI,20061010,1.27,1.31,1.27,1.31,165524
TCL,20061010,7.44,7.47,7.41,7.45,1050233
TCP,20061010,0.55,0.58,0.55,0.58,3000
TCQ,20061010,1.58,1.61,1.575,1.6,190204
TDR,20061010,0.017,0.02,0.017,0.019,6515000
TEE,20061010,0.017,0.017,0.017,0.017,255000
TEL,20061010,3.62,3.69,3.61,3.69,7448704
TEN,20061010,3.16,3.19,3.14,3.14,3116049
TFC,20061010,0.415,0.415,0.4,0.4,323818
TFE,20061010,0.275,0.275,0.27,0.275,186000
TFS,20061010,0.12,0.12,0.12,0.12,75000
TGF,20061010,0.305,0.305,0.305,0.305,90000
TGG,20061010,1.5,1.53,1.5,1.53,63679
TGP,20061010,2.58,2.59,2.55,2.55,36190
TGR,20061010,1.485,1.49,1.45,1.485,1290439
TGS,20061010,0.45,0.455,0.44,0.45,140931
THG,20061010,0.85,0.85,0.84,0.85,615161
THK,20061010,0.25,0.25,0.24,0.24,65667
THR,20061010,0.19,0.19,0.185,0.185,54047
THX,20061010,0.395,0.43,0.39,0.425,1531845
TIM,20061010,2.65,2.65,2.53,2.62,1313398
TIS,20061010,0.43,0.44,0.42,0.44,57250
TJN,20061010,1.12,1.12,1.12,1.12,8800
TKG,20061010,0.008,0.008,0.008,0.008,1462500
TLS,20061010,3.7,3.75,3.67,3.71,69178526
TLZ,20061010,0.265,0.265,0.265,0.265,40000
TMO,20061010,0.2,0.2,0.2,0.2,15000
TMX,20061010,0.155,0.155,0.155,0.155,60000
TNE,20061010,0.83,0.87,0.83,0.85,1019067
TNG,20061010,0.29,0.3,0.29,0.3,1516781
TNL,20061010,0.38,0.38,0.38,0.38,99535
TOE,20061010,0.645,0.665,0.64,0.64,257815
TOL,20061010,15.35,15.35,15.15,15.23,1115119
TOX,20061010,1.35,1.35,1.31,1.32,381087
TPI,20061010,7.97,8.39,7.9,8.3,284523
TPX,20061010,6.5,6.5,6.5,6.5,550
TQH,20061010,0.22,0.24,0.22,0.24,23400
TRF,20061010,0.3,0.3,0.29,0.29,138000
TRG,20061010,11.7,11.8,11.65,11.8,22978
TRO,20061010,0.31,0.31,0.31,0.31,40000
TRS,20061010,7.66,7.8,7.66,7.8,36978
TRY,20061010,2.48,2.48,2.48,2.48,500
TSE,20061010,8.85,8.95,8.79,8.95,149574
TSH,20061010,0.53,0.53,0.51,0.51,36000
TSO,20061010,2.44,2.48,2.44,2.48,2002121
TSV,20061010,0.018,0.019,0.018,0.019,10800000
TTI,20061010,0.295,0.295,0.29,0.29,145801
TTS,20061010,3.54,3.57,3.53,3.56,1883685
TVL,20061010,0.315,0.315,0.3,0.3,166894
TWD,20061010,1.64,1.64,1.62,1.62,15000
TWO,20061010,1.59,1.6,1.59,1.6,56200
TWR,20061010,2.92,3.01,2.92,2.95,1069756
TZL,20061010,0.51,0.51,0.51,0.51,30000
TZN,20061010,1.42,1.48,1.42,1.465,305728
UCL,20061010,0.039,0.04,0.038,0.039,1137772
UCW,20061010,1.105,1.105,1.105,1.105,500
UEQ,20061010,0.31,0.345,0.31,0.34,137969
UGL,20061010,14.61,14.9,14.61,14.75,262781
UKD,20061010,0.2,0.2,0.18,0.185,383373
UKL,20061010,0.39,0.4,0.38,0.38,92000
UNI,20061010,0.22,0.225,0.21,0.215,194117
UNW,20061010,0.315,0.315,0.305,0.305,187919
UNX,20061010,0.595,0.6,0.56,0.59,180779
UOS,20061010,1.6,1.6,1.6,1.6,5358
URA,20061010,0.315,0.335,0.315,0.335,70000
URL,20061010,0.14,0.14,0.135,0.135,663958
UTO,20061010,0.485,0.5,0.485,0.5,92607
UXA,20061010,0.32,0.38,0.32,0.36,1146774
UXC,20061010,1.375,1.375,1.34,1.34,160054
VBA,20061010,1.74,1.76,1.7,1.75,174952
VCM,20061010,2.28,2.28,2.28,2.28,500
VCN,20061010,0.22,0.23,0.21,0.23,38286
VCR,20061010,0.765,0.785,0.765,0.78,651295
VGH,20061010,3.72,3.78,3.66,3.67,41531
VHL,20061010,0.155,0.155,0.155,0.155,25000
VIR,20061010,0.9,0.92,0.9,0.9,354000
VKI,20061010,0.8,0.8,0.78,0.78,36000
VLL,20061010,0.16,0.16,0.16,0.16,229300
VMG,20061010,2.2,2.2,2.2,2.2,1000
VML,20061010,0.4,0.4,0.39,0.39,166116
VMS,20061010,0.19,0.24,0.19,0.23,1150747
VOF,20061010,0.965,0.965,0.965,0.965,10000
VPE,20061010,0.024,0.025,0.024,0.024,3073334
VPG,20061010,1.615,1.615,1.6,1.6,4777778
VRE,20061010,0.175,0.175,0.175,0.175,326500
VRL,20061010,2.5,2.5,2.5,2.5,7500
VSL,20061010,3.69,3.72,3.67,3.71,6631326
VTP,20061010,1.185,1.19,1.18,1.19,152600
VWD,20061010,1.52,1.56,1.51,1.515,21279
WAB,20061010,1.025,1.025,1.015,1.02,76342
WAL,20061010,0.215,0.215,0.215,0.215,9000
WAM,20061010,1.84,1.84,1.835,1.835,89411
WAN,20061010,9.35,9.39,9.3,9.34,148571
WBA,20061010,0.77,0.8,0.77,0.8,19815
WBC,20061010,23.1,23.14,22.87,22.99,4324711
WCB,20061010,3.3,3.36,3.28,3.36,59892
WCP,20061010,0.066,0.07,0.066,0.07,48968
WDC,20061010,19.45,19.67,19.4,19.62,4602758
WEB,20061010,0.335,0.34,0.325,0.335,677530
WEC,20061010,0.935,0.935,0.9,0.91,71409
WES,20061010,35.2,35.34,35.15,35.2,730955
WEZ,20061010,0.125,0.13,0.12,0.125,239375
WFL,20061010,1.28,1.28,1.25,1.25,5117
WGP,20061010,0.11,0.11,0.11,0.11,22000
WGR,20061010,0.195,0.195,0.195,0.195,25396
WHF,20061010,4.2,4.2,4.1,4.15,7520
WHG,20061010,5.99,6,5.94,6,56137
WHS,20061010,5.85,5.85,5.84,5.85,17100
WIL,20061010,1.05,1.06,1.04,1.04,133172
WLS,20061010,1.12,1.12,1.12,1.12,163700
WME,20061010,0.145,0.155,0.145,0.155,556100
WMT,20061010,0.019,0.019,0.019,0.019,170
WOR,20061010,16.96,17.4,16.96,17.4,1702867
WOW,20061010,20.65,20.65,20.38,20.47,4054697
WPG,20061010,0.2,0.22,0.2,0.2,609606
WPL,20061010,39.45,39.71,39.25,39.71,1247640
WRF,20061010,0.405,0.405,0.4,0.4,420117
WRL,20061010,0.165,0.18,0.165,0.18,100000
WSA,20061010,2.91,2.99,2.91,2.96,2648247
WST,20061010,0.455,0.455,0.455,0.455,30000
WTE,20061010,0.245,0.25,0.245,0.25,931892
WTF,20061010,3.76,3.87,3.76,3.82,276050
WTN,20061010,0.22,0.22,0.205,0.205,394416
WTP,20061010,2.49,2.49,2.45,2.45,30781
WWA,20061010,1.61,1.65,1.61,1.65,252836
WWM,20061010,0.027,0.027,0.026,0.026,4749074
WYL,20061010,2.87,2.89,2.85,2.88,518092
XAO,20061010,5175.2,5213.6,5162.7,5211.7,0
XBL,20061010,0.23,0.23,0.23,0.23,108457
XDJ,20061010,2473.2,2485.8,2471.2,2483.5,0
XEJ,20061010,11540.1,11683.4,11537.7,11673.9,0
XFJ,20061010,6303.9,6338.1,6297.9,6332.6,0
XFL,20061010,5091.7,5126.1,5072.7,5123.4,0
XGD,20061010,4222.1,4222.1,4222.1,4222.1,0
XHJ,20061010,6931.6,6988.5,6928.1,6957.4,0
XIJ,20061010,501.9,503.8,499.7,503.2,0
XJO,20061010,5214.3,5251,5199.1,5248.6,0
XKO,20061010,5213.1,5249.7,5198.3,5247.2,0
XMD,20061010,5249.7,5283.6,5249.5,5278.3,0
XMJ,20061010,9842.9,9978.1,9741.1,9966.4,0
XMM,20061010,3347.2,3347.2,3347.2,3347.2,0
XNJ,20061010,5693.3,5755.1,5668.7,5755.1,0
XPJ,20061010,2237.7,2257.2,2237.5,2254.9,0
XSJ,20061010,6787.2,6813.5,6767,6793.6,0
XSO,20061010,3019.1,3050.1,3019,3049.7,0
XTE,20061010,20,20,19.5,19.5,96000
XTJ,20061010,1281.5,1308.5,1281,1297,0
XTL,20061010,2796.1,2814.7,2783.1,2812.7,0
XTO,20061010,4225.4,4253.5,4211.9,4251.2,0
XUJ,20061010,6533.4,6597.4,6517.8,6593.7,0
XXJ,20061010,6428.6,6462.5,6420.7,6451.7,0
YGL,20061010,0.11,0.11,0.11,0.11,689020
ZBB,20061010,0.21,0.21,0.21,0.21,12000
ZCO,20061010,0.165,0.165,0.165,0.165,10900
ZFX,20061010,12.42,12.51,12.31,12.48,6749487
ZIM,20061010,9.81,9.81,9.81,9.81,3644
ZYL,20061010,0.024,0.025,0.023,0.025,935486
