AAC,20060331,1.69,1.7,1.68,1.69,270652
AAE,20060331,0.54,0.55,0.54,0.54,80700
AAI,20060331,42.5,42.5,42.5,42.5,114
AAM,20060331,0.275,0.275,0.26,0.27,1015969
AAO,20060331,0.255,0.35,0.255,0.34,394170
AAQ,20060331,0.4,0.4,0.395,0.395,16500
AAR,20060331,0.032,0.036,0.032,0.035,9958597
AAU,20060331,0.57,0.58,0.57,0.58,14295
ABB,20060331,7.55,7.73,7.5,7.7,137605
ABC,20060331,2.59,2.64,2.48,2.62,634205
ABI,20060331,0.064,0.064,0.064,0.064,114077
ABJ,20060331,1.16,1.16,1.11,1.14,353676
ABQ,20060331,0.17,0.17,0.17,0.17,9695
ABS,20060331,8.35,8.44,8.26,8.33,967834
ACE,20060331,0.095,0.095,0.093,0.093,11500
ACG,20060331,0.32,0.32,0.315,0.315,60000
ACL,20060331,1.31,1.39,1.29,1.39,943420
ACR,20060331,0.705,0.705,0.705,0.705,1744
ACS,20060331,0.21,0.21,0.21,0.21,95000
ACU,20060331,0.12,0.13,0.12,0.13,449000
ADA,20060331,0.475,0.495,0.475,0.495,86570
ADB,20060331,13,13.03,12.9,12.95,139131
ADG,20060331,3.12,3.12,3.12,3.12,2800
ADI,20060331,0.25,0.255,0.25,0.25,102347
ADN,20060331,0.49,0.49,0.465,0.47,411129
ADU,20060331,0.74,0.74,0.7,0.71,95300
ADX,20060331,0.135,0.135,0.135,0.135,38500
ADY,20060331,0.099,0.105,0.098,0.1,2036000
ADZ,20060331,2.21,2.24,2.14,2.15,717156
AEC,20060331,3.92,3.95,3.88,3.95,22655
AED,20060331,0.91,0.92,0.885,0.885,125948
AEF,20060331,28.1,28.1,28.1,28.1,80
AEI,20060331,0.71,0.71,0.68,0.7,47422
AEM,20060331,0.027,0.027,0.027,0.027,20000
AEN,20060331,1.94,1.94,1.94,1.94,506050
AEO,20060331,1.61,1.615,1.6,1.6,160177
AET,20060331,0.455,0.455,0.455,0.455,10000
AEU,20060331,1.725,1.73,1.7,1.73,45635
AEX,20060331,0.049,0.052,0.049,0.049,32588774
AEZ,20060331,1.15,1.15,1.14,1.145,732069
AFI,20060331,4.54,4.55,4.51,4.55,917316
AFS,20060331,0.031,0.031,0.031,0.031,15262000
AFT,20060331,0.017,0.017,0.017,0.017,154314
AGC,20060331,1.85,1.9,1.83,1.85,1386961
AGG,20060331,15,15,14.78,14.8,4189
AGI,20060331,0.47,0.47,0.465,0.465,169300
AGL,20060331,18.74,18.74,18.53,18.53,1783376
AGM,20060331,0.23,0.25,0.225,0.25,2445206
AGO,20060331,0.43,0.45,0.43,0.43,1273671
AGS,20060331,0.47,0.47,0.44,0.45,845841
AGX,20060331,0.195,0.2,0.185,0.2,916400
AGY,20060331,0.062,0.065,0.062,0.065,37556
AGZ,20060331,0.3,0.32,0.3,0.32,118407
AHD,20060331,4.64,4.64,4.56,4.56,2156
AHE,20060331,1.35,1.35,1.35,1.35,134967
AHS,20060331,1.17,1.18,1.17,1.18,283226
AIA,20060331,1.78,1.79,1.765,1.765,1011802
AIE,20060331,0.36,0.36,0.355,0.36,44168
AII,20060331,0.27,0.27,0.27,0.27,199833
AIM,20060331,0.12,0.125,0.12,0.125,4478863
AIX,20060331,2.33,2.34,2.27,2.32,409723
AIZ,20060331,1.17,1.18,1.17,1.18,30750
AJL,20060331,0.81,0.84,0.81,0.84,23100
ALB,20060331,0.9,0.9,0.9,0.9,27555
ALD,20060331,0.49,0.495,0.485,0.49,270416
ALK,20060331,0.24,0.245,0.235,0.245,337800
ALL,20060331,13.7,13.78,13.41,13.78,1472257
ALN,20060331,10.91,11.03,10.91,10.98,2879795
ALR,20060331,1.54,1.56,1.54,1.56,34350
ALS,20060331,9.66,9.75,9.6,9.68,145232
ALU,20060331,0.32,0.32,0.31,0.31,109196
ALZ,20060331,2.08,2.08,2.04,2.06,1060671
AMC,20060331,7.5,7.5,7.37,7.4,3376715
AMG,20060331,0.11,0.15,0.11,0.15,408343
AMH,20060331,0.59,0.59,0.57,0.57,62373
AMM,20060331,0.155,0.155,0.125,0.135,2770243
AMP,20060331,8.58,8.68,8.51,8.68,5962429
AMU,20060331,1.01,1.04,1,1.04,441341
AND,20060331,0.42,0.445,0.42,0.44,5963285
ANE,20060331,3.72,3.72,3.6,3.6,22033
ANG,20060331,0.275,0.285,0.275,0.28,230589
ANH,20060331,0.074,0.074,0.069,0.069,5575686
ANM,20060331,0.25,0.27,0.22,0.235,245688
ANN,20060331,11.6,11.68,11.55,11.6,504000
ANO,20060331,0.125,0.135,0.125,0.135,34963
ANP,20060331,0.045,0.045,0.045,0.045,100020
ANX,20060331,0.345,0.35,0.345,0.35,22873
ANZ,20060331,26.48,26.7,26.34,26.5,7363266
AOC,20060331,0.09,0.09,0.09,0.09,117500
AOD,20060331,9.65,9.7,9.65,9.7,352
AOE,20060331,0.66,0.665,0.645,0.645,270225
AOI,20060331,0.12,0.12,0.1,0.105,550309
AOM,20060331,0.02,0.02,0.02,0.02,310000
AOP,20060331,0.59,0.59,0.59,0.59,22194
AOS,20060331,0.255,0.255,0.25,0.25,11000
APA,20060331,4.57,4.57,4.25,4.33,731587
APD,20060331,2.15,2.15,2.15,2.15,1581
APE,20060331,7.8,7.8,7.7,7.7,2400
APG,20060331,0.021,0.021,0.019,0.021,2707252
API,20060331,2.26,2.34,2.26,2.29,1999055
APN,20060331,4.75,4.82,4.73,4.73,718968
APR,20060331,2.07,2.09,2.07,2.09,9800
APV,20060331,0.185,0.185,0.18,0.18,15000
APZ,20060331,1.34,1.34,1.32,1.335,152733
AQA,20060331,6.3,6.3,6.25,6.25,3834
AQD,20060331,0.45,0.465,0.45,0.465,84700
AQE,20060331,0.205,0.205,0.205,0.205,10000
AQL,20060331,0.026,0.026,0.026,0.026,340000
AQP,20060331,19.26,20.14,19.26,19.9,67021
ARA,20060331,0.5,0.5,0.5,0.5,135000
ARE,20060331,0.16,0.165,0.16,0.16,526159
ARG,20060331,6.91,7,6.91,6.96,65357
ARM,20060331,0.24,0.245,0.24,0.245,35000
ARO,20060331,0.037,0.037,0.033,0.033,356604
ARP,20060331,3.4,3.41,3.4,3.41,62944
ARQ,20060331,1.595,1.615,1.585,1.59,1466280
ARU,20060331,0.5,0.5,0.46,0.48,317707
ARW,20060331,1.825,1.85,1.8,1.8,132600
ARX,20060331,0.062,0.064,0.062,0.064,1975150
ARZ,20060331,1,1,1,1,22860
ASB,20060331,2.45,2.47,2.43,2.43,149580
ASC,20060331,0.045,0.048,0.045,0.046,137900
ASL,20060331,1.58,1.58,1.56,1.565,263266
ASU,20060331,0.021,0.021,0.021,0.021,70000
ASX,20060331,33.48,33.48,32.51,32.7,1353875
ASZ,20060331,0.67,0.67,0.665,0.665,138500
ATG,20060331,0.41,0.425,0.41,0.42,128950
ATN,20060331,0.06,0.06,0.055,0.055,236133
ATP,20060331,0.31,0.315,0.31,0.315,42933
ATR,20060331,3.52,3.6,3.52,3.6,33342
ATV,20060331,0.125,0.13,0.125,0.125,66000
ATZ,20060331,0.22,0.235,0.22,0.235,6628658
AUB,20060331,2.7,2.7,2.67,2.7,76470
AUL,20060331,0.035,0.035,0.032,0.034,7693318
AUM,20060331,0.38,0.4,0.365,0.385,94500
AUN,20060331,1.27,1.275,1.27,1.275,13443275
AUS,20060331,1.22,1.3,1.22,1.295,327750
AUT,20060331,0.48,0.495,0.48,0.495,142890
AUW,20060331,2.13,2.15,2.13,2.15,283688
AUX,20060331,0.052,0.052,0.051,0.052,69447
AUZ,20060331,0.024,0.024,0.023,0.023,1104499
AVE,20060331,1.8,1.82,1.78,1.79,42725
AVJ,20060331,1.335,1.35,1.33,1.345,81537
AVM,20060331,0.88,0.885,0.87,0.87,53750
AVO,20060331,0.69,0.69,0.675,0.68,483359
AVP,20060331,0.021,0.021,0.02,0.02,1942470
AVR,20060331,1.635,1.64,1.625,1.63,61500
AVU,20060331,0.48,0.49,0.48,0.49,19500
AVV,20060331,1.04,1.07,1.03,1.06,726919
AWB,20060331,3.94,3.94,3.87,3.88,1281909
AWC,20060331,7.4,7.48,7.29,7.41,8237068
AWE,20060331,2.6,2.6,2.55,2.57,1231568
AWG,20060331,0.265,0.265,0.25,0.25,320000
AWL,20060331,0.012,0.012,0.012,0.012,16876
AWS,20060331,0.027,0.03,0.026,0.026,2651528
AXA,20060331,5.79,5.8,5.7,5.8,3245012
AXC,20060331,0.084,0.084,0.08,0.08,77000
AXD,20060331,0.21,0.235,0.21,0.23,422522
AXI,20060331,0.115,0.115,0.115,0.115,29000
AXM,20060331,0.08,0.08,0.08,0.08,45000
AXO,20060331,0.6,0.6,0.6,0.6,15000
AXQ,20060331,0.98,0.98,0.975,0.98,112402
AZA,20060331,1.28,1.33,1.28,1.33,477801
AZC,20060331,0.215,0.22,0.215,0.215,318000
AZM,20060331,0.225,0.225,0.225,0.225,80000
AZR,20060331,0.18,0.185,0.175,0.18,2165561
AZX,20060331,1.3,1.35,1.3,1.35,8400
AZZ,20060331,0.445,0.47,0.445,0.465,1019806
BAR,20060331,0.275,0.325,0.275,0.31,2805444
BAS,20060331,0.087,0.09,0.085,0.087,824500
BAX,20060331,4.78,4.8,4.75,4.8,18400
BBB,20060331,0.185,0.195,0.17,0.17,1300278
BBG,20060331,15.41,15.41,15.11,15.2,742785
BBI,20060331,1.615,1.625,1.61,1.615,3661256
BBL,20060331,0.2,0.2,0.2,0.2,5000
BBW,20060331,1.76,1.79,1.76,1.79,317849
BBX,20060331,0.25,0.28,0.25,0.28,31000
BCA,20060331,3.36,3.36,3.25,3.25,502014
BCD,20060331,0.41,0.43,0.41,0.425,564063
BCL,20060331,5.75,5.75,5.6,5.6,28812
BCM,20060331,4.24,4.26,4.24,4.26,136570
BDG,20060331,2.27,2.3,2.24,2.26,4052689
BDI,20060331,0.695,0.7,0.695,0.7,36500
BDL,20060331,0.125,0.125,0.12,0.12,1556259
BDM,20060331,0.545,0.55,0.545,0.55,11000
BDS,20060331,3,3,3,3,5000
BEC,20060331,0.555,0.57,0.555,0.56,1378427
BEI,20060331,2.42,2.49,2.38,2.49,158667
BEL,20060331,0.42,0.435,0.42,0.435,44757
BEN,20060331,14.24,14.42,14.17,14.27,128206
BER,20060331,0.335,0.335,0.335,0.335,6000
BGD,20060331,0.315,0.4,0.31,0.4,2043869
BGF,20060331,0.465,0.47,0.46,0.46,9270916
BGN,20060331,0.087,0.09,0.087,0.09,12600
BHP,20060331,28.26,28.33,27.9,28,65774311
BIL,20060331,10.83,10.86,10.73,10.75,8279493
BIT,20060331,0.255,0.255,0.255,0.255,17000
BIX,20060331,0.093,0.095,0.093,0.095,55000
BJT,20060331,1.82,1.835,1.8,1.82,2431022
BKA,20060331,0.34,0.34,0.325,0.325,228666
BKG,20060331,0.17,0.18,0.17,0.18,297417
BKI,20060331,1.415,1.42,1.415,1.42,24301
BKL,20060331,14.8,14.8,14.75,14.8,4000
BKM,20060331,0.01,0.01,0.01,0.01,632374
BKN,20060331,5.01,5.15,5.01,5.1,650038
BKP,20060331,0.29,0.3,0.29,0.3,788823
BKR,20060331,0.385,0.385,0.385,0.385,30000
BKW,20060331,12.9,13,12.75,13,28304
BKY,20060331,0.78,0.87,0.78,0.855,3966561
BLD,20060331,8.76,8.98,8.67,8.92,992939
BLN,20060331,0.39,0.39,0.34,0.37,351404
BLR,20060331,0.057,0.057,0.052,0.055,2795700
BLT,20060331,0.092,0.092,0.089,0.089,358941
BMN,20060331,0.435,0.45,0.435,0.45,38000
BMO,20060331,0.32,0.345,0.32,0.34,4523921
BMX,20060331,0.385,0.39,0.375,0.38,1129644
BNB,20060331,18.01,18.53,18.01,18.5,4000492
BNO,20060331,0.2,0.21,0.2,0.2,92676
BNT,20060331,0.365,0.375,0.36,0.375,177138
BOC,20060331,0.9,0.91,0.9,0.9,206409
BOD,20060331,0.057,0.057,0.057,0.057,4780
BOL,20060331,4.83,4.89,4.81,4.85,1184173
BON,20060331,0.11,0.115,0.11,0.115,181520
BOQ,20060331,16,16.15,15.96,16.15,181789
BOS,20060331,0.185,0.195,0.185,0.185,141590
BOW,20060331,0.14,0.14,0.135,0.14,303121
BPC,20060331,1.05,1.05,1.035,1.04,4501701
BPG,20060331,0.039,0.039,0.038,0.038,368409
BPH,20060331,0.15,0.18,0.15,0.18,207880
BPO,20060331,0.019,0.02,0.019,0.02,361000
BPT,20060331,1.22,1.24,1.205,1.235,1302277
BQF,20060331,3.35,3.35,3.35,3.35,8138
BQT,20060331,0.145,0.145,0.14,0.145,455913
BRO,20060331,0.018,0.021,0.017,0.021,16023051
BRW,20060331,0.052,0.053,0.052,0.052,1453500
BRZ,20060331,1.665,1.73,1.665,1.72,208215
BSA,20060331,0.26,0.28,0.26,0.28,66611
BSG,20060331,2.54,2.55,2.42,2.45,954508
BSL,20060331,7.38,7.4,6.99,7.18,18057124
BSM,20060331,0.14,0.155,0.14,0.155,158670
BSO,20060331,1.93,1.95,1.9,1.94,74539
BTA,20060331,1.925,1.935,1.83,1.85,3776518
BTC,20060331,0.425,0.44,0.425,0.44,43546
BTV,20060331,0.083,0.083,0.074,0.075,4941185
BTX,20060331,0.27,0.285,0.27,0.285,356271
BUG,20060331,0.585,0.585,0.585,0.585,500
BUY,20060331,0.054,0.055,0.054,0.054,209125
BWP,20060331,1.985,2,1.965,2,300904
BXP,20060331,0.21,0.21,0.205,0.21,412199
BZI,20060331,0.57,0.57,0.56,0.57,21000
CAA,20060331,1.365,1.37,1.35,1.37,226044
CAB,20060331,6.6,6.64,6.54,6.64,165596
CAF,20060331,0.755,0.77,0.755,0.765,58792
CAG,20060331,0.018,0.018,0.017,0.017,912000
CAL,20060331,0.595,0.6,0.585,0.595,183850
CAM,20060331,1,1,1,1,6503
CAQ,20060331,0.235,0.235,0.235,0.235,2500
CAS,20060331,0.225,0.225,0.2,0.2,27140
CAU,20060331,0.105,0.105,0.105,0.105,11000
CAZ,20060331,1.845,1.845,1.72,1.77,714021
CBA,20060331,45.52,45.57,45.28,45.3,9643590
CBD,20060331,0.042,0.042,0.042,0.042,5000
CBH,20060331,0.37,0.4,0.355,0.4,10565248
CBR,20060331,3.41,3.41,3.4,3.4,6000
CCE,20060331,0.14,0.15,0.14,0.145,797795
CCI,20060331,0.015,0.016,0.015,0.015,7430000
CCL,20060331,7.31,7.34,7.23,7.23,2142960
CCP,20060331,6.55,6.55,6.43,6.55,34845
CCV,20060331,0.34,0.35,0.33,0.33,123757
CDA,20060331,0.98,1,0.98,0.98,26650
CDD,20060331,4.4,4.4,4.28,4.28,24146
CDF,20060331,1.7,1.7,1.662,1.662,30731
CDO,20060331,4.13,4.23,4.1,4.21,904354
CDP,20060331,3.7,3.7,3.7,3.7,6510
CDR,20060331,2.22,2.29,2.19,2.25,400180
CDX,20060331,2.67,2.69,2.67,2.69,70387
CEG,20060331,1.46,1.46,1.3,1.39,250509
CEQ,20060331,2.38,2.38,2.38,2.38,5694
CER,20060331,1.56,1.58,1.555,1.575,1035461
CEU,20060331,1.245,1.25,1.235,1.24,1113199
CEY,20060331,3.8,3.84,3.77,3.83,564809
CFE,20060331,0.4,0.4,0.38,0.4,1275502
CFI,20060331,0.6,0.605,0.6,0.6,127396
CFK,20060331,0.52,0.535,0.505,0.535,175378
CFR,20060331,0.021,0.023,0.021,0.022,4038939
CFU,20060331,0.725,0.725,0.7,0.71,110000
CGF,20060331,3.59,3.59,3.45,3.5,3179776
CGM,20060331,0.34,0.385,0.34,0.385,107945
CGO,20060331,0.58,0.58,0.57,0.57,10000
CGS,20060331,0.16,0.17,0.16,0.16,90000
CGX,20060331,0.41,0.41,0.4,0.41,2629034
CHB,20060331,40.51,40.51,40.51,40.51,61
CHF,20060331,0.42,0.42,0.42,0.42,4860
CHL,20060331,0.2,0.205,0.2,0.2,82975
CHN,20060331,0.28,0.3,0.265,0.285,1655556
CHO,20060331,5.5,5.5,5.5,5.5,16008
CHQ,20060331,0.55,0.56,0.55,0.56,11184
CHT,20060331,0.011,0.011,0.011,0.011,1175000
CHX,20060331,1.25,1.27,1.22,1.235,68486
CIG,20060331,0.072,0.072,0.071,0.072,1047122
CII,20060331,0.13,0.135,0.13,0.135,50000
CIN,20060331,17.65,17.65,17.65,17.65,14990
CIR,20060331,1.045,1.08,1.045,1.075,86723
CIX,20060331,0.44,0.445,0.435,0.435,330750
CIY,20060331,3.17,3.2,3.14,3.19,57978
CKL,20060331,0.53,0.53,0.53,0.53,40000
CKR,20060331,0.2,0.2,0.195,0.195,79616
CLF,20060331,0.2,0.225,0.2,0.225,161656
CLH,20060331,0.905,0.92,0.9,0.9,210838
CLO,20060331,0.44,0.44,0.435,0.435,91578
CLT,20060331,1.095,1.12,1.095,1.11,112455
CLV,20060331,0.155,0.155,0.15,0.155,110000
CMI,20060331,1.43,1.45,1.43,1.445,45284
CMK,20060331,0.4,0.41,0.39,0.41,23846
CML,20060331,10.53,10.75,10.51,10.7,7933641
CMN,20060331,0.093,0.094,0.088,0.094,433585
CMO,20060331,0.009,0.01,0.009,0.01,7140925
CMP,20060331,0.082,0.082,0.075,0.08,217500
CMQ,20060331,0.46,0.46,0.45,0.45,318886
CMR,20060331,2.14,2.25,2.07,2.2,1123736
CMS,20060331,0.032,0.032,0.03,0.032,800000
CMV,20060331,0.495,0.495,0.485,0.485,61858
CMW,20060331,0.73,0.75,0.73,0.74,45000
CMX,20060331,0.4,0.435,0.395,0.435,3162762
CNA,20060331,74.5,75,74.5,75,349
CND,20060331,3.07,3.1,3.01,3.1,66076
CNM,20060331,0.047,0.052,0.047,0.047,470002
CNN,20060331,0.023,0.023,0.023,0.023,150000
CNP,20060331,6.46,6.49,6.44,6.47,2222793
CNR,20060331,0.425,0.45,0.41,0.45,41333
CNT,20060331,0.72,0.735,0.71,0.735,33300
COA,20060331,5.96,6.05,5.9,6.05,653720
COE,20060331,0.59,0.605,0.58,0.6,426616
COF,20060331,3.21,3.24,3.18,3.22,67586
COH,20060331,53.69,53.8,52.94,53.14,268313
COI,20060331,0.315,0.325,0.315,0.325,179300
COK,20060331,0.17,0.17,0.17,0.17,108000
COM,20060331,0.15,0.15,0.125,0.125,10000
COO,20060331,0.125,0.13,0.125,0.13,87401
COS,20060331,0.165,0.165,0.15,0.15,100000
COU,20060331,2.08,2.1,2.06,2.1,59043
COZ,20060331,0.23,0.24,0.23,0.24,95000
CPA,20060331,1.37,1.38,1.36,1.38,6560694
CPB,20060331,14.8,14.81,14.7,14.8,46508
CPI,20060331,0.53,0.54,0.53,0.54,28000
CPN,20060331,0.096,0.096,0.096,0.096,95000
CPR,20060331,1.33,1.35,1.285,1.35,16725
CPT,20060331,0.16,0.16,0.16,0.16,50000
CPU,20060331,7.3,7.38,7.26,7.36,2759636
CQT,20060331,0.115,0.12,0.105,0.115,1068453
CRC,20060331,0.25,0.26,0.25,0.26,117000
CRE,20060331,0.23,0.235,0.23,0.235,1012910
CRG,20060331,12.02,12.34,11.5,12.3,176915
CRK,20060331,0.89,0.9,0.89,0.9,3200
CRT,20060331,0.785,0.81,0.785,0.795,1273500
CRU,20060331,0.74,0.74,0.73,0.735,32331
CSE,20060331,0.175,0.175,0.165,0.17,301145
CSH,20060331,2.56,2.56,2.56,2.56,1885
CSL,20060331,55.5,55.75,54.17,54.7,917810
CSM,20060331,2.75,2.75,2.63,2.63,878558
CSR,20060331,4.4,4.58,4.38,4.46,6441912
CSS,20060331,0.46,0.46,0.46,0.46,6000
CST,20060331,4.3,4.3,4.19,4.19,92969
CTF,20060331,0.24,0.24,0.225,0.23,82160
CTN,20060331,1.365,1.38,1.365,1.38,144321
CTO,20060331,0.17,0.18,0.165,0.175,2663395
CTP,20060331,0.16,0.165,0.16,0.165,237070
CTS,20060331,0.39,0.415,0.39,0.415,182000
CTX,20060331,19.26,19.36,19.11,19.2,805778
CUE,20060331,0.22,0.23,0.22,0.23,2495095
CUL,20060331,0.04,0.044,0.039,0.042,17060397
CUO,20060331,0.027,0.028,0.027,0.027,14736768
CUS,20060331,0.275,0.275,0.255,0.27,4293615
CUV,20060331,0.395,0.395,0.385,0.39,493384
CUY,20060331,0.665,0.665,0.63,0.63,196432
CVC,20060331,1.52,1.52,1.52,1.52,2873
CVI,20060331,0.083,0.089,0.073,0.089,500537
CVN,20060331,0.055,0.057,0.055,0.056,1353182
CWG,20060331,0.12,0.12,0.12,0.12,150000
CWP,20060331,3.87,3.87,3.8,3.8,99389
CWT,20060331,0.77,0.775,0.765,0.775,173071
CXD,20060331,1.6,1.6,1.6,1.6,2000
CXE,20060331,0.18,0.2,0.175,0.2,44959
CXP,20060331,6.07,6.14,6,6,108009
CXS,20060331,0.61,0.63,0.61,0.63,20838
CYA,20060331,1.19,1.2,1.185,1.2,112518
CYG,20060331,5.64,5.7,5.64,5.7,16036
CYT,20060331,0.85,0.87,0.85,0.865,118250
DBS,20060331,0.76,0.79,0.76,0.76,31500
DDT,20060331,0.39,0.395,0.38,0.385,565173
DEG,20060331,0.16,0.165,0.16,0.165,69213
DES,20060331,0.31,0.32,0.31,0.31,207818
DEX,20060331,1.16,1.16,1.14,1.14,50800
DGR,20060331,0.071,0.071,0.07,0.07,422400
DIO,20060331,0.064,0.064,0.061,0.062,2774703
DJS,20060331,2.75,2.82,2.71,2.8,2245088
DJW,20060331,4.41,4.51,4.39,4.39,53100
DKN,20060331,0.95,0.95,0.95,0.95,17000
DLS,20060331,0.09,0.092,0.089,0.09,2183425
DMA,20060331,0.19,0.195,0.175,0.19,390000
DMP,20060331,3.82,3.82,3.75,3.79,7800
DMX,20060331,0.026,0.029,0.024,0.025,3116779
DMY,20060331,0.07,0.07,0.07,0.07,11000
DNL,20060331,0.225,0.23,0.215,0.22,580500
DNS,20060331,0.064,0.064,0.06,0.06,58756
DNX,20060331,0.075,0.075,0.075,0.075,102071
DOM,20060331,1.33,1.37,1.325,1.325,258937
DON,20060331,0.245,0.245,0.24,0.24,40000
DOW,20060331,8.8,8.95,8.8,8.87,1955287
DRA,20060331,0.145,0.145,0.14,0.145,1066686
DRD,20060331,2.1,2.2,2.1,2.18,30522
DRK,20060331,0.245,0.255,0.225,0.24,258970
DRT,20060331,1.475,1.475,1.455,1.47,9432611
DRX,20060331,0.37,0.38,0.355,0.37,179580
DTL,20060331,3.41,3.45,3.41,3.44,6600
DUE,20060331,2.73,2.85,2.73,2.76,545090
DUI,20060331,3.45,3.45,3.45,3.45,6960
DUL,20060331,0.045,0.045,0.045,0.045,21600
DVC,20060331,3.68,3.73,3.63,3.67,1732249
DVM,20060331,0.068,0.075,0.066,0.075,2208289
DVN,20060331,0.93,0.96,0.93,0.95,511092
DWY,20060331,0.88,0.88,0.88,0.88,50000
DYE,20060331,0.98,0.98,0.95,0.95,71936
DYL,20060331,0.17,0.185,0.15,0.185,22507322
EBB,20060331,4.98,4.98,4.96,4.96,57239
EBG,20060331,0.24,0.24,0.24,0.24,20000
EBR,20060331,0.079,0.079,0.076,0.076,204500
EBT,20060331,0.115,0.115,0.115,0.115,95440
ECH,20060331,0.8,0.84,0.8,0.84,30000
ECI,20060331,0.095,0.095,0.08,0.08,28000
ECM,20060331,0.097,0.097,0.097,0.097,6440
ECU,20060331,0.082,0.083,0.08,0.083,660049
EDN,20060331,0.46,0.46,0.455,0.455,105000
EFT,20060331,0.098,0.098,0.098,0.098,8534
EGL,20060331,0.135,0.135,0.13,0.13,10937
EGO,20060331,0.007,0.008,0.007,0.007,1816386
EIF,20060331,0.019,0.019,0.019,0.019,30000
EIV,20060331,0.185,0.19,0.18,0.19,374327
EKA,20060331,0.23,0.23,0.23,0.23,26500
ELK,20060331,0.9,0.9,0.84,0.9,44108
ELM,20060331,0.79,0.8,0.75,0.8,145250
ELX,20060331,0.625,0.65,0.62,0.65,155900
EME,20060331,2.34,2.34,2.1,2.21,156940
EMI,20060331,0.6,0.61,0.59,0.6,1158380
EMM,20060331,0.05,0.05,0.05,0.05,69344
EMP,20060331,0.49,0.49,0.46,0.47,268000
EMS,20060331,0.13,0.13,0.12,0.13,240000
ENE,20060331,4.24,4.25,3.98,4,674471
ENG,20060331,0.38,0.38,0.34,0.35,2910987
ENR,20060331,0.65,0.71,0.58,0.71,1692031
ENV,20060331,1.195,1.215,1.195,1.195,582196
EON,20060331,0.7,0.7,0.7,0.7,100
EOS,20060331,2.92,2.92,2.89,2.9,26247
EPE,20060331,0.05,0.051,0.05,0.051,208000
EPG,20060331,0.61,0.615,0.595,0.6,934039
EPR,20060331,0.078,0.079,0.077,0.079,722500
EPY,20060331,0.265,0.285,0.26,0.285,25000
EQI,20060331,1.43,1.47,1.43,1.47,1224909
EQM,20060331,7.21,7.21,7.21,7.21,2000
EQN,20060331,1.9,1.91,1.83,1.85,158072
EQT,20060331,13.85,13.99,13.85,13.99,4697
ERA,20060331,14.95,14.95,14.41,14.51,1558688
ERG,20060331,0.12,0.12,0.115,0.115,1580687
ESG,20060331,0.12,0.12,0.12,0.12,252936
ESI,20060331,0.86,0.88,0.86,0.865,32950
ESS,20060331,0.365,0.38,0.365,0.38,125880
ESV,20060331,0.94,0.96,0.94,0.95,25500
ETE,20060331,0.097,0.097,0.096,0.096,87250
ETR,20060331,2.5,2.52,2.49,2.52,39300
ETT,20060331,0.03,0.03,0.03,0.03,200000
ETW,20060331,0.14,0.145,0.13,0.135,233569
EUG,20060331,0.082,0.082,0.082,0.082,250000
EVE,20060331,0.15,0.155,0.145,0.145,400091
EVG,20060331,0.125,0.125,0.125,0.125,50000
EVM,20060331,0.17,0.17,0.17,0.17,65823
EVZ,20060331,0.125,0.125,0.12,0.12,106683
EWC,20060331,0.04,0.04,0.039,0.039,2320299
EXL,20060331,7.36,7.56,7.36,7.5,1645373
EXR,20060331,0.46,0.46,0.43,0.445,186324
EXS,20060331,0.25,0.255,0.25,0.255,256500
EXT,20060331,0.115,0.12,0.11,0.115,13254533
EZE,20060331,0.11,0.11,0.11,0.11,22000
EZL,20060331,2.05,2.05,2.02,2.02,36000
EZY,20060331,0.055,0.07,0.055,0.07,559950
FAN,20060331,3.31,3.35,3.3,3.35,256277
FAR,20060331,0.115,0.115,0.105,0.11,2854981
FBU,20060331,7.67,7.67,7.36,7.55,158443
FCL,20060331,2.25,2.28,2.25,2.26,1183209
FCN,20060331,0.275,0.285,0.275,0.28,1244035
FDL,20060331,0.014,0.014,0.014,0.014,1223800
FEA,20060331,0.59,0.6,0.585,0.6,185364
FGL,20060331,5.35,5.35,5.28,5.31,9819776
FKP,20060331,5.23,5.27,5.19,5.22,102989
FLK,20060331,0.64,0.64,0.635,0.635,26771
FLT,20060331,11.01,11.42,11,11.42,75802
FLX,20060331,1.95,1.96,1.91,1.96,249085
FMG,20060331,6.3,6.31,6.2,6.25,345655
FML,20060331,0.058,0.06,0.057,0.059,4472714
FPA,20060331,3.65,3.65,3.56,3.58,7000
FPH,20060331,3.55,3.55,3.52,3.52,14500
FPS,20060331,1.22,1.22,1.22,1.22,2000
FRE,20060331,0.8,0.8,0.765,0.77,267716
FRI,20060331,0.49,0.49,0.485,0.485,59000
FRL,20060331,0.19,0.19,0.19,0.19,47000
FRM,20060331,0.38,0.38,0.37,0.37,137000
FRR,20060331,0.87,0.88,0.86,0.86,164674
FRS,20060331,0.44,0.46,0.44,0.44,171472
FSA,20060331,0.165,0.17,0.165,0.17,365500
FUN,20060331,1.775,1.81,1.765,1.79,273986
FUT,20060331,0.008,0.011,0.008,0.011,2086434
FWD,20060331,6.62,6.8,6.6,6.77,136281
FXJ,20060331,3.94,4.01,3.94,4.01,3127073
FXR,20060331,0.43,0.44,0.42,0.44,1343263
FZN,20060331,1.15,1.16,1.15,1.16,44660
GAA,20060331,1.38,1.38,1.38,1.38,51938
GAN,20060331,1.94,1.955,1.935,1.95,6655026
GAS,20060331,2.55,2.55,2.51,2.53,230078
GAU,20060331,0.235,0.235,0.215,0.22,497584
GBE,20060331,0.73,0.74,0.67,0.695,190770
GBG,20060331,0.525,0.545,0.52,0.54,2436442
GBL,20060331,0.054,0.054,0.053,0.054,150000
GBP,20060331,0.56,0.575,0.56,0.565,89200
GBT,20060331,2.05,2.05,2.05,2.05,5000
GCL,20060331,3.42,3.43,3.39,3.41,258515
GCN,20060331,0.095,0.095,0.09,0.09,200000
GCR,20060331,0.094,0.094,0.085,0.088,2207126
GDA,20060331,0.053,0.053,0.053,0.053,25200
GDM,20060331,0.52,0.53,0.47,0.485,477993
GDN,20060331,0.225,0.23,0.225,0.225,749473
GDR,20060331,0.455,0.48,0.45,0.48,588685
GDY,20060331,1.63,1.64,1.62,1.64,139081
GFD,20060331,0.59,0.59,0.59,0.59,550
GFF,20060331,2.17,2.19,2.17,2.18,3170443
GGP,20060331,0.465,0.465,0.45,0.45,177969
GGY,20060331,0.076,0.083,0.076,0.079,3149973
GHG,20060331,0.895,0.895,0.89,0.89,45330
GHT,20060331,0.32,0.345,0.32,0.345,49989
GIA,20060331,0.45,0.45,0.45,0.45,29731
GIP,20060331,0.15,0.155,0.145,0.155,360204
GIR,20060331,0.32,0.325,0.315,0.325,236203
GLB,20060331,0.33,0.34,0.33,0.34,154764
GLC,20060331,0.84,0.84,0.83,0.83,84595
GLI,20060331,0.995,0.995,0.98,0.99,301094
GLN,20060331,0.325,0.34,0.325,0.335,469247
GLO,20060331,0.135,0.135,0.13,0.135,150240
GLS,20060331,1.37,1.37,1.37,1.37,160100
GME,20060331,0.185,0.19,0.185,0.19,142000
GMI,20060331,1.28,1.295,1.27,1.27,496030
GML,20060331,0.19,0.19,0.185,0.185,168480
GNC,20060331,10.91,11,10.91,11,9432
GNL,20060331,0.054,0.054,0.054,0.054,200000
GNS,20060331,3.26,3.3,3.14,3.3,1437415
GOG,20060331,0.25,0.255,0.25,0.25,227380
GOP,20060331,0.115,0.12,0.11,0.12,372800
GOW,20060331,2.99,2.99,2.99,2.99,2500
GPE,20060331,0.01,0.01,0.009,0.009,425541
GPG,20060331,2.32,2.34,2.3,2.3,279722
GPN,20060331,0.016,0.02,0.016,0.02,50861789
GPO,20060331,0.062,0.066,0.062,0.066,2148485
GPT,20060331,4.14,4.14,4.1,4.13,9709433
GRD,20060331,2.22,2.22,2.05,2.13,1362416
GRK,20060331,0.15,0.15,0.15,0.15,5000
GRN,20060331,0.37,0.4,0.37,0.385,257634
GRO,20060331,1.63,1.63,1.57,1.6,168818
GRR,20060331,1.4,1.42,1.4,1.42,64575
GRY,20060331,0.295,0.3,0.29,0.295,556272
GSA,20060331,1.22,1.25,1.21,1.235,4815956
GSE,20060331,0.045,0.045,0.041,0.045,495913
GTG,20060331,0.365,0.37,0.35,0.35,206740
GTP,20060331,4.04,4.09,4.03,4.05,1129636
GUD,20060331,7.72,7.84,7.7,7.71,155469
GUL,20060331,0.037,0.04,0.037,0.04,632182
GUN,20060331,0.305,0.31,0.3,0.3,285434
GVM,20060331,0.28,0.28,0.265,0.265,136950
GWR,20060331,0.46,0.46,0.43,0.43,25000
GWT,20060331,3.2,3.21,3.19,3.2,697553
GWV,20060331,0.004,0.004,0.004,0.004,121270
GYN,20060331,0.275,0.275,0.27,0.275,116220
GZL,20060331,2.75,2.75,2.75,2.75,700
HAO,20060331,0.038,0.038,0.037,0.037,153000
HAP,20060331,1.05,1.05,1.04,1.04,9100
HAV,20060331,0.86,0.87,0.84,0.87,34808
HCC,20060331,1.21,1.21,1.21,1.21,5000
HCY,20060331,0.013,0.013,0.013,0.013,1520000
HDF,20060331,2.65,2.67,2.65,2.65,247856
HDN,20060331,0.235,0.235,0.235,0.235,10000
HDR,20060331,2.21,2.23,2.15,2.16,9950952
HEG,20060331,0.083,0.085,0.083,0.085,80000
HER,20060331,1.265,1.265,1.23,1.265,569082
HGI,20060331,2.06,2.09,2.05,2.08,8441633
HGO,20060331,0.245,0.255,0.245,0.255,3253455
HHL,20060331,8.02,8.4,8.02,8.4,1250
HHM,20060331,0.115,0.115,0.11,0.11,156446
HHV,20060331,1.1,1.13,1.1,1.12,628657
HIC,20060331,0.845,0.855,0.845,0.855,52725
HIG,20060331,0.735,0.745,0.72,0.72,1683118
HII,20060331,0.16,0.16,0.16,0.16,8000
HIL,20060331,4.65,4.78,4.63,4.78,128408
HIP,20060331,1.67,1.7,1.67,1.7,88529
HLD,20060331,0.25,0.25,0.25,0.25,42450
HLS,20060331,0.18,0.185,0.18,0.185,42601
HLX,20060331,0.185,0.185,0.18,0.18,328009
HMC,20060331,0.039,0.039,0.039,0.039,162000
HME,20060331,13.1,13.1,13.02,13.02,995
HMR,20060331,1.38,1.38,1.35,1.37,24244
HNG,20060331,1.97,1.975,1.97,1.97,71251
HNR,20060331,0.125,0.125,0.12,0.12,325000
HPX,20060331,1.62,1.635,1.59,1.59,428149
HRR,20060331,0.46,0.465,0.45,0.45,98300
HSN,20060331,0.135,0.135,0.135,0.135,16082
HSP,20060331,3.88,3.92,3.88,3.9,2626261
HST,20060331,1.575,1.59,1.57,1.59,326230
HTA,20060331,0.255,0.255,0.25,0.255,259599
HTE,20060331,0.012,0.012,0.012,0.012,260000
HTW,20060331,1.245,1.255,1.24,1.25,216078
HTX,20060331,0.045,0.055,0.045,0.055,50000
HVN,20060331,3.76,3.82,3.7,3.78,5607699
HWG,20060331,0.235,0.24,0.235,0.24,120368
HWI,20060331,1.76,1.785,1.75,1.775,116198
HYO,20060331,0.072,0.073,0.072,0.073,132200
HZN,20060331,0.21,0.21,0.205,0.21,120681
IAG,20060331,5.46,5.5,5.44,5.47,12799497
IAS,20060331,0.5,0.5,0.48,0.48,35681
IBA,20060331,0.82,0.825,0.8,0.815,482310
IBC,20060331,0.58,0.58,0.575,0.575,89333
IBR,20060331,0.76,0.81,0.74,0.81,294667
IBT,20060331,2.19,2.19,2.19,2.19,1000
ICC,20060331,0.003,0.003,0.002,0.002,5091482
ICD,20060331,0.535,0.55,0.535,0.535,18138
ICN,20060331,0.082,0.084,0.079,0.08,329730
ICP,20060331,0.043,0.043,0.041,0.041,1045651
ICS,20060331,0.32,0.32,0.31,0.31,50333
IDE,20060331,0.12,0.12,0.12,0.12,11158
IDT,20060331,1.265,1.3,1.265,1.27,40845
IEF,20060331,1.17,1.17,1.17,1.17,210000
IFL,20060331,7.96,8,7.91,7.98,69748
IFM,20060331,0.645,0.66,0.62,0.62,556369
IGD,20060331,1.19,1.22,1.19,1.22,508751
IGO,20060331,2.05,2.14,2.05,2.14,394055
IGR,20060331,0.24,0.255,0.23,0.255,3381237
IHG,20060331,0.23,0.23,0.21,0.22,57850
IIF,20060331,2.25,2.27,2.24,2.26,1826903
IIN,20060331,1.655,1.655,1.6,1.655,265400
ILF,20060331,1.16,1.16,1.15,1.16,676644
ILU,20060331,7.7,7.89,7.62,7.84,2290695
IMA,20060331,0.58,0.58,0.565,0.575,51500
IMD,20060331,0.44,0.46,0.44,0.46,370065
IMF,20060331,0.505,0.505,0.5,0.505,40000
IMI,20060331,0.015,0.015,0.014,0.014,1319745
IMP,20060331,0.011,0.011,0.01,0.011,178209
IMU,20060331,0.175,0.18,0.17,0.175,99410
INL,20060331,0.052,0.055,0.052,0.054,2553000
INP,20060331,0.31,0.35,0.31,0.34,311115
INT,20060331,0.058,0.058,0.056,0.057,1000000
IOF,20060331,1.44,1.44,1.42,1.425,7813980
IOH,20060331,1.15,1.17,1.145,1.17,23669
IPA,20060331,0.79,0.795,0.79,0.795,21000
IPE,20060331,0.81,0.83,0.81,0.83,76160
IPG,20060331,2.16,2.17,2.15,2.16,7721946
IPL,20060331,19,19.1,19,19.1,3172
IPM,20060331,1.28,1.28,1.265,1.265,61010
IPN,20060331,0.12,0.125,0.12,0.125,120000
IRC,20060331,0.08,0.086,0.08,0.086,140770
IRE,20060331,4.86,4.99,4.75,4.88,191260
IRI,20060331,0.45,0.45,0.445,0.45,79982
IRN,20060331,0.655,0.655,0.635,0.65,835472
ISS,20060331,0.185,0.185,0.185,0.185,25000
ITC,20060331,0.094,0.094,0.091,0.091,831374
ITD,20060331,0.27,0.27,0.265,0.27,212450
ITE,20060331,0.089,0.09,0.089,0.09,110000
ITF,20060331,1.18,1.18,1.16,1.16,78739
IVC,20060331,4.35,4.36,4.3,4.35,441608
IVK,20060331,0.021,0.022,0.02,0.02,305822
IWF,20060331,1.56,1.6,1.55,1.6,31050
IWI,20060331,1.78,1.78,1.78,1.78,375
IWL,20060331,4.96,5.09,4.96,5.09,94959
JAG,20060331,0.205,0.25,0.205,0.25,183050
JAK,20060331,0.155,0.16,0.155,0.16,110000
JBH,20060331,4.87,4.87,4.8,4.8,326404
JBM,20060331,7.56,7.85,7.4,7.79,1665135
JFM,20060331,1.23,1.235,1.22,1.235,1257682
JGL,20060331,0.425,0.425,0.42,0.42,125000
JHX,20060331,9.51,9.53,9.4,9.48,3054790
JMB,20060331,1.9,1.98,1.9,1.92,9000
JML,20060331,0.38,0.385,0.37,0.385,1137722
JPR,20060331,0.06,0.06,0.059,0.059,400000
JRL,20060331,0.715,0.72,0.69,0.715,87698
JRV,20060331,0.014,0.014,0.013,0.013,265000
JST,20060331,3.14,3.18,3.12,3.15,544932
JUI,20060331,1.035,1.04,1.03,1.035,1211485
JUM,20060331,0.049,0.052,0.049,0.05,1960257
JYC,20060331,1.04,1.04,1.04,1.04,7250
KAR,20060331,1.61,1.7,1.58,1.7,74800
KAT,20060331,0.93,0.93,0.93,0.93,50000
KCN,20060331,6.3,6.45,6.25,6.44,352146
KDS,20060331,0.885,0.885,0.88,0.88,332782
KGL,20060331,0.23,0.245,0.23,0.245,10000
KHF,20060331,1,1,0.9,0.9,17593
KIM,20060331,1.78,1.825,1.77,1.82,2617037
KIS,20060331,1.28,1.4,1.28,1.4,24500
KKT,20060331,0.41,0.41,0.4,0.4,176267
KME,20060331,0.93,0.94,0.91,0.91,30143
KMN,20060331,0.205,0.21,0.19,0.19,1798252
KNH,20060331,0.09,0.09,0.09,0.09,10000
KOR,20060331,0.325,0.33,0.315,0.325,292000
KOV,20060331,4.52,4.55,4.52,4.53,1130
KRS,20060331,0.235,0.24,0.235,0.24,109250
KSC,20060331,3.25,3.32,3.25,3.32,24033
KYC,20060331,1.2,1.22,1.17,1.17,104383
KZL,20060331,3.47,3.51,3.46,3.51,894815
LAF,20060331,0.135,0.14,0.135,0.14,2904888
LAU,20060331,0.195,0.195,0.195,0.195,40000
LBY,20060331,0.15,0.165,0.15,0.165,31571
LCL,20060331,0.6,0.6,0.6,0.6,19885
LCP,20060331,0.615,0.615,0.615,0.615,17334
LEF,20060331,0.3,0.305,0.29,0.3,146300
LEG,20060331,0.058,0.06,0.055,0.055,273333
LEI,20060331,17.64,17.84,17.51,17.75,604714
LEP,20060331,2.65,2.68,2.63,2.63,49090
LFE,20060331,1.68,1.7,1.655,1.68,56891
LGD,20060331,0.74,0.74,0.74,0.74,10000
LGO,20060331,0.02,0.02,0.019,0.019,214500
LHG,20060331,2.61,2.69,2.58,2.67,30865896
LIM,20060331,6.09,6.15,6.09,6.15,42969
LIO,20060331,0.004,0.004,0.004,0.004,2250000
LIP,20060331,1.42,1.45,1.41,1.45,55500
LKO,20060331,0.02,0.02,0.019,0.02,2116349
LLC,20060331,13.96,14.15,13.82,13.84,1209541
LMC,20060331,3.16,3.16,3.16,3.16,2000
LMG,20060331,0.015,0.015,0.014,0.014,9552717
LNG,20060331,0.63,0.725,0.63,0.71,725840
LNN,20060331,7.9,8.18,7.9,8.11,1667010
LOD,20060331,0.034,0.068,0.034,0.055,938442
LOK,20060331,7.6,7.7,7.47,7.7,8599
LRF,20060331,0.855,0.855,0.855,0.855,249392
LRL,20060331,0.31,0.35,0.31,0.335,390546
LRX,20060331,0.069,0.069,0.067,0.067,136000
LSG,20060331,2.05,2.12,2.04,2.11,849000
LUM,20060331,0.033,0.033,0.031,0.031,460750
LVL,20060331,0.055,0.055,0.042,0.051,458645
LVR,20060331,0.97,1.01,0.96,1,659859
LWB,20060331,1.15,1.15,1.15,1.15,5000
LYC,20060331,0.26,0.26,0.255,0.26,929068
LYL,20060331,3,3,3,3,578943
MAE,20060331,0.86,0.86,0.845,0.85,109730
MAG,20060331,1.65,1.65,1.55,1.595,72977
MAH,20060331,0.83,0.855,0.83,0.855,236926
MAL,20060331,0.57,0.575,0.57,0.575,70000
MAP,20060331,3.36,3.39,3.34,3.37,18710277
MAQ,20060331,0.78,0.78,0.75,0.75,15700
MAR,20060331,0.16,0.165,0.155,0.16,406524
MBA,20060331,0.087,0.087,0.087,0.087,20000
MBL,20060331,65,65.49,63.92,64.68,2102085
MBN,20060331,0.86,0.87,0.86,0.87,7350
MBP,20060331,0.45,0.45,0.44,0.44,193670
MCC,20060331,5.37,5.43,5.36,5.37,612159
MCG,20060331,5.76,5.85,5.75,5.85,1183039
MCH,20060331,1.5,1.5,1.5,1.5,5000
MCL,20060331,0.008,0.008,0.008,0.008,214135
MCO,20060331,0.215,0.22,0.2,0.2,296031
MCP,20060331,1.78,1.78,1.77,1.77,9335
MCQ,20060331,3.54,3.59,3.53,3.53,54674
MCR,20060331,0.72,0.745,0.715,0.745,1839443
MCW,20060331,2.01,2.01,1.98,1.995,13895676
MDL,20060331,1.6,1.66,1.6,1.65,453239
MDM,20060331,0.11,0.12,0.11,0.12,91654
MDS,20060331,0.092,0.092,0.092,0.092,40000
MDT,20060331,1.195,1.2,1.185,1.2,6537004
MDX,20060331,0.16,0.16,0.15,0.155,21000
MEE,20060331,0.082,0.085,0.081,0.081,614999
MEI,20060331,0.3,0.3,0.29,0.29,106000
MEL,20060331,0.365,0.365,0.365,0.365,20100
MEO,20060331,0.31,0.31,0.29,0.3,894203
MEP,20060331,0.815,0.82,0.805,0.82,147278
MFI,20060331,1.26,1.26,1.25,1.25,15000
MFS,20060331,3.19,3.21,3.19,3.2,106780
MFT,20060331,1.03,1.08,1.03,1.05,118528
MGK,20060331,0.3,0.395,0.3,0.395,199585
MGO,20060331,0.345,0.35,0.33,0.345,175811
MGQ,20060331,4.98,5,4.95,4.98,2719703
MGR,20060331,4.22,4.27,4.2,4.25,5232346
MGU,20060331,0.145,0.15,0.145,0.15,27700
MGW,20060331,3.27,3.29,3.25,3.27,179739
MGX,20060331,0.835,0.86,0.83,0.835,3935843
MHL,20060331,0.033,0.033,0.03,0.03,1045000
MIC,20060331,0.048,0.049,0.048,0.048,4784436
MIG,20060331,3.85,3.85,3.8,3.81,12400349
MIK,20060331,0.06,0.06,0.06,0.06,78937
MIR,20060331,1.8,1.8,1.79,1.8,86485
MIS,20060331,0.545,0.55,0.5,0.535,1007851
MLB,20060331,1.73,1.74,1.7,1.72,84547
MLE,20060331,2.71,2.71,2.64,2.65,209384
MLI,20060331,0.285,0.315,0.285,0.31,2748689
MLM,20060331,0.21,0.22,0.21,0.22,69000
MLT,20060331,20.6,21.29,20.6,21.29,9614
MMA,20060331,0.93,0.935,0.93,0.93,539288
MME,20060331,0.18,0.22,0.175,0.22,214345
MML,20060331,0.6,0.6,0.6,0.6,205712
MMN,20060331,0.425,0.455,0.42,0.445,6516965
MMS,20060331,2.87,2.95,2.84,2.95,20900
MMX,20060331,0.485,0.49,0.485,0.49,276759
MND,20060331,6.58,6.6,6.55,6.59,108611
MOC,20060331,2.6,2.6,2.55,2.56,24507
MOD,20060331,0.023,0.023,0.023,0.023,182988
MOE,20060331,1.75,1.78,1.74,1.78,580313
MOF,20060331,1.38,1.385,1.37,1.375,14777746
MOG,20060331,0.091,0.091,0.09,0.091,111500
MOL,20060331,1.49,1.54,1.465,1.54,8130
MOO,20060331,0.038,0.039,0.038,0.039,553776
MOS,20060331,0.195,0.2,0.185,0.19,6943784
MOX,20060331,0.31,0.31,0.28,0.28,812230
MPA,20060331,0.053,0.053,0.053,0.053,180000
MPF,20060331,1.175,1.175,1.17,1.175,126518
MPG,20060331,0.825,0.83,0.825,0.825,95982
MPH,20060331,0.295,0.3,0.29,0.29,129589
MPI,20060331,0.056,0.056,0.054,0.054,149000
MPR,20060331,1.195,1.2,1.175,1.2,5459264
MPS,20060331,1.05,1.05,1.04,1.045,136900
MRA,20060331,1,1,0.99,0.99,38000
MRC,20060331,0.285,0.29,0.285,0.285,35000
MRE,20060331,2.3,2.31,2.25,2.28,2085063
MRI,20060331,0.19,0.195,0.19,0.195,39800
MRL,20060331,1.655,1.69,1.655,1.67,2112654
MRM,20060331,0.395,0.4,0.395,0.395,59700
MRN,20060331,1.36,1.36,1.36,1.36,10000
MRO,20060331,1.07,1.14,1,1.14,140000
MRS,20060331,0.28,0.285,0.28,0.285,248952
MRX,20060331,0.083,0.084,0.077,0.077,6878723
MRY,20060331,0.008,0.009,0.008,0.009,230100
MSB,20060331,1.735,1.79,1.72,1.79,366991
MSC,20060331,0.023,0.023,0.022,0.023,2948849
MSF,20060331,12.75,12.75,12.75,12.75,2000
MSO,20060331,0.06,0.06,0.06,0.06,52500
MST,20060331,0.215,0.215,0.205,0.21,325664
MSX,20060331,1.5,1.5,1.47,1.47,17030
MTB,20060331,0.091,0.105,0.09,0.105,8658800
MTH,20060331,0.315,0.32,0.315,0.32,36840
MTI,20060331,0.265,0.28,0.26,0.28,123000
MTN,20060331,1.17,1.17,0.98,1.07,1165164
MTR,20060331,0.135,0.14,0.135,0.14,574831
MTS,20060331,4.46,4.5,4.43,4.46,6990720
MTU,20060331,0.28,0.28,0.275,0.275,31112
MTX,20060331,1.05,1.07,1.05,1.05,57688
MTY,20060331,0.41,0.41,0.4,0.4,50650
MUL,20060331,0.011,0.011,0.01,0.01,8409550
MUR,20060331,0.085,0.091,0.083,0.091,383000
MVL,20060331,0.022,0.022,0.02,0.02,11156
MVP,20060331,0.4,0.42,0.4,0.42,13000
MVU,20060331,1,1,1,1,29030
MWE,20060331,0.081,0.083,0.08,0.083,180957
MWG,20060331,0.97,0.97,0.97,0.97,30787
MWR,20060331,0.05,0.052,0.05,0.052,25000
MXG,20060331,3.08,3.1,3.06,3.07,2168055
MXI,20060331,0.905,0.91,0.905,0.905,175404
MXR,20060331,0.175,0.185,0.17,0.175,1096000
MYO,20060331,1.02,1.02,1.005,1.02,513841
MYP,20060331,2.88,2.96,2.86,2.96,3686903
NAB,20060331,37.63,37.74,37.41,37.7,11078468
NAD,20060331,0.042,0.044,0.042,0.044,345000
NAL,20060331,0.355,0.37,0.34,0.34,539211
NAM,20060331,0.68,0.68,0.67,0.68,12547
NAV,20060331,0.2,0.21,0.195,0.21,924571
NBL,20060331,4.09,4.12,4.09,4.12,18600
NCI,20060331,1.61,1.61,1.61,1.61,5000
NCK,20060331,1.71,1.74,1.7,1.7,9510
NCM,20060331,23.21,23.47,22.95,23.38,6387098
NDC,20060331,0.062,0.062,0.06,0.06,258000
NDL,20060331,0.17,0.17,0.17,0.17,37764
NDO,20060331,0.16,0.16,0.15,0.15,1760647
NEC,20060331,0.38,0.38,0.37,0.37,55400
NEL,20060331,1.85,1.85,1.715,1.76,330808
NEM,20060331,7.46,7.63,7.39,7.55,136766
NEO,20060331,0.028,0.029,0.027,0.028,2889737
NEU,20060331,0.57,0.57,0.54,0.57,107401
NGF,20060331,0.105,0.105,0.105,0.105,27000
NHC,20060331,1.36,1.4,1.355,1.39,376378
NHM,20060331,0.006,0.006,0.006,0.006,224000
NHR,20060331,1.73,1.74,1.71,1.74,123577
NIA,20060331,0.46,0.48,0.42,0.48,7134096
NKL,20060331,0.12,0.12,0.115,0.12,92400
NKP,20060331,0.58,0.58,0.58,0.58,85000
NLB,20060331,0.46,0.46,0.46,0.46,750
NLG,20060331,0.41,0.44,0.41,0.44,61695
NLS,20060331,0.097,0.097,0.097,0.097,5000
NLX,20060331,0.13,0.135,0.125,0.13,4254644
NMB,20060331,0.023,0.023,0.022,0.022,1100000
NMC,20060331,0.079,0.08,0.076,0.077,9953546
NMS,20060331,0.5,0.5,0.49,0.49,37500
NOP,20060331,0.07,0.07,0.07,0.07,200000
NPH,20060331,2.8,2.8,2.6,2.6,2000
NRT,20060331,4,4,3.61,3.63,454062
NSA,20060331,0.04,0.04,0.04,0.04,146000
NSL,20060331,0.14,0.18,0.13,0.18,54632
NST,20060331,0.12,0.13,0.12,0.13,155000
NSX,20060331,0.89,0.9,0.87,0.9,65640
NTC,20060331,0.105,0.11,0.105,0.11,80048
NUF,20060331,10.98,10.99,10.8,10.8,329108
NVE,20060331,1.27,1.275,1.25,1.27,270931
NWA,20060331,0.047,0.047,0.047,0.047,100000
NWE,20060331,0.098,0.1,0.098,0.1,661189
NWR,20060331,0.27,0.27,0.26,0.27,62300
NWS,20060331,24.65,24.65,24.33,24.5,7804673
NXS,20060331,0.73,0.74,0.715,0.725,1895989
OAK,20060331,1.6,1.65,1.59,1.65,25565
OBJ,20060331,0.073,0.074,0.071,0.071,735500
OCL,20060331,1.41,1.5,1.41,1.5,33785
OCO,20060331,0.011,0.011,0.011,0.011,148890
ODY,20060331,0.58,0.6,0.58,0.6,75431
OEC,20060331,0.098,0.099,0.098,0.099,4000
OEL,20060331,0.175,0.19,0.175,0.175,179502
OEQ,20060331,0.69,0.735,0.69,0.73,15708
OEX,20060331,0.56,0.59,0.56,0.59,305950
OFM,20060331,2.23,2.27,2.23,2.27,39164
OGD,20060331,0.715,0.72,0.69,0.695,2156109
OIL,20060331,0.39,0.4,0.39,0.4,37789
OKN,20060331,3.18,3.25,3.15,3.25,65508
OLE,20060331,0.028,0.03,0.028,0.03,150000
OLY,20060331,0.25,0.25,0.25,0.25,43600
OMC,20060331,0.435,0.5,0.425,0.5,1361560
OMH,20060331,1.045,1.06,1.03,1.03,272379
OMI,20060331,0.86,0.86,0.8,0.83,27547
OMP,20060331,3.3,3.3,3.17,3.2,225208
OPC,20060331,0.076,0.081,0.076,0.081,375000
OPI,20060331,0.06,0.06,0.06,0.06,20000
OPL,20060331,0.68,0.7,0.675,0.7,1366134
ORD,20060331,0.135,0.16,0.135,0.16,172909
ORG,20060331,7.27,7.34,7.23,7.32,2320087
ORI,20060331,23.51,23.58,23.17,23.19,1155071
ORL,20060331,2.1,2.1,2.1,2.1,10882
ORO,20060331,0.028,0.029,0.028,0.029,150538
ORP,20060331,0.13,0.13,0.125,0.125,171000
ORT,20060331,0.098,0.11,0.098,0.11,206220
OSH,20060331,3.96,3.97,3.93,3.95,11691433
OST,20060331,4,4.19,4,4.12,3018739
OTL,20060331,0.185,0.19,0.185,0.19,54551
OXR,20060331,2.7,2.74,2.66,2.68,13282521
PAA,20060331,0.185,0.185,0.18,0.18,132018
PBB,20060331,2.05,2.05,1.97,2,218449
PBD,20060331,2,2.08,2,2.07,31000
PBG,20060331,2.33,2.43,2.31,2.39,2958418
PBI,20060331,0.21,0.21,0.21,0.21,102260
PBL,20060331,17.01,17.39,16.81,17.3,2753129
PBT,20060331,0.2,0.2,0.2,0.2,549
PCC,20060331,0.06,0.06,0.06,0.06,96250
PCE,20060331,0.038,0.038,0.037,0.037,52000
PCG,20060331,0.955,0.955,0.92,0.93,438933
PCL,20060331,0.062,0.062,0.061,0.061,203700
PCP,20060331,0.079,0.079,0.079,0.079,323500
PDL,20060331,2.05,2.07,2.05,2.06,21550
PDN,20060331,5.19,5.19,5.06,5.18,2362619
PDO,20060331,0.81,0.82,0.81,0.81,80359
PDZ,20060331,0.44,0.48,0.44,0.48,32658
PEA,20060331,0.4,0.4,0.4,0.4,1444336
PEL,20060331,0.057,0.057,0.057,0.057,23540
PEM,20060331,2.4,2.46,2.36,2.46,968787
PEN,20060331,0.037,0.039,0.036,0.037,11020526
PEO,20060331,0.1,0.1,0.098,0.098,77000
PEP,20060331,0.75,0.76,0.72,0.72,352890
PET,20060331,0.9,0.9,0.88,0.885,52970
PGA,20060331,4.15,4.15,4.15,4.15,10000
PGL,20060331,3.16,3.25,3.06,3.25,176988
PGN,20060331,0.86,0.87,0.86,0.87,36000
PGS,20060331,0.38,0.385,0.37,0.37,449150
PHK,20060331,0.175,0.175,0.17,0.17,289000
PIO,20060331,0.17,0.175,0.17,0.175,140913
PLA,20060331,0.805,0.805,0.765,0.79,732870
PLD,20060331,0.4,0.4,0.38,0.38,62000
PLF,20060331,1.16,1.16,1.145,1.15,45812
PLT,20060331,0.056,0.056,0.049,0.05,678557
PMA,20060331,2.74,2.75,2.74,2.74,15753
PMC,20060331,2.15,2.16,2.15,2.16,152217
PME,20060331,1.47,1.47,1.44,1.44,157819
PMH,20060331,0.24,0.25,0.24,0.245,99278
PMM,20060331,5.65,5.85,5.58,5.8,105406
PMN,20060331,5.43,5.48,5.41,5.47,8501779
PMP,20060331,1.605,1.66,1.6,1.66,545088
PMV,20060331,4.45,4.45,4.45,4.45,1200
PMX,20060331,0.025,0.025,0.025,0.025,79036
PNA,20060331,0.27,0.275,0.26,0.27,28875835
PNN,20060331,0.435,0.48,0.395,0.47,1176234
PNO,20060331,0.046,0.046,0.045,0.045,1075000
POH,20060331,0.225,0.23,0.225,0.23,254948
POL,20060331,0.21,0.215,0.205,0.21,659655
PPC,20060331,3.27,3.28,3.2,3.23,46436
PPD,20060331,0.185,0.185,0.18,0.18,175000
PPN,20060331,0.15,0.15,0.15,0.15,535
PPP,20060331,0.11,0.11,0.105,0.11,581000
PPR,20060331,1.595,1.595,1.49,1.5,199093
PPT,20060331,67.61,68.28,67.61,68,121396
PPX,20060331,3.74,3.81,3.71,3.77,1796416
PQB,20060331,0.35,0.355,0.34,0.355,104000
PRE,20060331,0.024,0.027,0.024,0.027,4050294
PRG,20060331,3.64,3.64,3.6,3.61,184849
PRK,20060331,8.11,8.15,8.06,8.06,7755362
PRR,20060331,0.082,0.089,0.082,0.089,331431
PRT,20060331,3.55,3.55,3.55,3.55,12990
PRU,20060331,0.44,0.465,0.44,0.465,188032
PRV,20060331,1.04,1.05,1.04,1.05,350889
PRY,20060331,11.92,12.05,11.92,12.05,136170
PRZ,20060331,0.225,0.24,0.225,0.24,166407
PSA,20060331,2.38,2.38,2.33,2.35,280472
PSD,20060331,0.71,0.75,0.7,0.75,1035034
PSH,20060331,2.26,2.26,2.25,2.26,63932
PSP,20060331,0.115,0.12,0.105,0.12,149523
PSV,20060331,0.37,0.375,0.36,0.36,1783353
PSX,20060331,0.17,0.17,0.17,0.17,36000
PTD,20060331,1.36,1.38,1.35,1.37,395910
PTR,20060331,0.28,0.28,0.27,0.27,63774
PTS,20060331,0.12,0.12,0.105,0.11,245200
PUR,20060331,0.2,0.2,0.2,0.2,62577
PVE,20060331,1.87,1.89,1.84,1.89,50000
PWK,20060331,2.35,2.35,2.33,2.34,27880
PWR,20060331,0.565,0.58,0.565,0.58,16000
PWT,20060331,1.15,1.15,1.15,1.15,4750
PXL,20060331,0.36,0.385,0.36,0.385,198500
PXS,20060331,2.42,2.56,2.4,2.56,308904
PYC,20060331,0.68,0.69,0.67,0.69,420376
QAD,20060331,0.051,0.051,0.051,0.051,123568
QAN,20060331,3.59,3.62,3.53,3.54,20420305
QBE,20060331,21.85,22.35,21.85,21.88,3092949
QCH,20060331,4.17,4.21,4.17,4.21,26191
QED,20060331,0.05,0.052,0.05,0.052,383280
QGC,20060331,0.765,0.775,0.76,0.76,323100
QHL,20060331,0.22,0.225,0.22,0.22,151500
QMG,20060331,0.57,0.59,0.56,0.59,27500
QML,20060331,0.14,0.14,0.14,0.14,171561
QMT,20060331,2.4,2.43,2.4,2.43,67020
QOL,20060331,0.17,0.17,0.17,0.17,47704
QPX,20060331,0.17,0.19,0.17,0.19,1437500
QRS,20060331,0.062,0.062,0.06,0.06,445200
QTI,20060331,0.55,0.55,0.55,0.55,45500
QTK,20060331,0.18,0.18,0.17,0.17,148757
QTM,20060331,0.09,0.09,0.09,0.09,40534
QUE,20060331,0.22,0.22,0.22,0.22,1819
QUR,20060331,0.053,0.054,0.044,0.051,2601955
RAT,20060331,1.07,1.08,1.07,1.075,72736
RAU,20060331,0.086,0.095,0.086,0.09,88348
RAW,20060331,0.145,0.145,0.145,0.145,25000
RBM,20060331,0.135,0.135,0.135,0.135,125000
RBS,20060331,2.42,2.42,2.42,2.42,6730
RBY,20060331,0.031,0.032,0.031,0.031,1629812
RCD,20060331,10.6,10.8,10.53,10.6,869461
RCG,20060331,0.185,0.185,0.185,0.185,16000
RCI,20060331,0.155,0.185,0.155,0.18,2648202
RCL,20060331,2.24,2.25,2.22,2.24,843461
RCM,20060331,0.09,0.09,0.09,0.09,100000
RCR,20060331,1.93,1.94,1.91,1.93,113550
RCT,20060331,3.28,3.35,3.28,3.35,2029
RDF,20060331,2.3,2.31,2.29,2.3,166000
RDM,20060331,0.29,0.3,0.27,0.3,120000
RDR,20060331,0.325,0.35,0.31,0.33,381000
REA,20060331,3.57,3.57,3.41,3.45,103125
REB,20060331,3.51,3.54,3.42,3.54,33847
RED,20060331,0.096,0.099,0.09,0.099,435240
REF,20060331,1.76,1.8,1.76,1.8,236987
REH,20060331,15.1,15.2,15.1,15.2,12032
RER,20060331,0.18,0.185,0.18,0.185,51235
REU,20060331,1.01,1.01,1.005,1.005,11761906
REX,20060331,1.08,1.08,1.05,1.05,13000
RFE,20060331,0.195,0.205,0.19,0.205,168400
RGP,20060331,0.32,0.32,0.29,0.29,52168
RHC,20060331,10.01,10.13,9.96,10,240669
RHD,20060331,0.52,0.52,0.515,0.52,35262
RHI,20060331,0.5,0.52,0.5,0.52,170348
RHT,20060331,0.082,0.084,0.082,0.082,153000
RIC,20060331,1.28,1.32,1.28,1.32,190798
RIM,20060331,0.055,0.055,0.054,0.054,165455
RIN,20060331,19.7,20,19.49,19.85,10737639
RIO,20060331,79.31,80.17,78.85,78.85,11523347
RIS,20060331,0.27,0.27,0.25,0.27,84400
RIV,20060331,1.205,1.24,1.17,1.24,265400
RKN,20060331,0.88,0.89,0.86,0.86,348660
RMD,20060331,6.02,6.1,5.98,6.1,710556
RMI,20060331,0.06,0.062,0.06,0.06,1503000
RML,20060331,0.15,0.16,0.15,0.155,5393030
RMS,20060331,0.135,0.135,0.135,0.135,292007
RNC,20060331,0.72,0.735,0.705,0.735,191310
RNG,20060331,0.13,0.135,0.125,0.125,768527
ROC,20060331,3.27,3.31,3.25,3.26,302598
ROK,20060331,4.68,4.68,4.68,4.68,1075
RPC,20060331,0.55,0.55,0.55,0.55,4500
RPM,20060331,0.092,0.092,0.092,0.092,150000
RPT,20060331,0.135,0.14,0.125,0.14,25741526
RRL,20060331,0.12,0.125,0.115,0.12,3231009
RRS,20060331,0.045,0.045,0.042,0.044,12714386
RRT,20060331,0.98,0.98,0.98,0.98,20050
RSG,20060331,1.4,1.5,1.4,1.48,2975118
RSN,20060331,0.31,0.315,0.3,0.305,954841
RSP,20060331,1.18,1.19,1.16,1.18,205647
RTL,20060331,0.225,0.245,0.225,0.245,18000
RTM,20060331,0.031,0.031,0.029,0.031,4488010
RUP,20060331,11.56,11.63,11.56,11.57,60782
RUR,20060331,0.195,0.195,0.195,0.195,12000
RWD,20060331,0.205,0.215,0.205,0.215,11772
RXL,20060331,0.185,0.195,0.185,0.185,151008
SAE,20060331,0.49,0.55,0.485,0.51,2474210
SAH,20060331,0.06,0.06,0.06,0.06,12000
SAI,20060331,3.2,3.2,3.15,3.18,24518
SAQ,20060331,6.42,6.45,6.42,6.45,12750
SAR,20060331,0.39,0.39,0.37,0.38,329994
SAU,20060331,0.28,0.29,0.27,0.27,985346
SBC,20060331,11.78,11.97,11.72,11.97,111070
SBM,20060331,0.545,0.55,0.53,0.55,3844026
SBP,20060331,0.091,0.091,0.086,0.086,67929
SBR,20060331,0.13,0.13,0.11,0.125,180000
SBS,20060331,0.098,0.098,0.094,0.095,2277293
SCB,20060331,0.81,0.81,0.81,0.81,5000
SCD,20060331,0.043,0.043,0.043,0.043,80000
SCE,20060331,0.02,0.02,0.02,0.02,40000
SCF,20060331,111.44,111.44,111.43,111.43,176
SCV,20060331,0.8,0.8,0.8,0.8,5000
SDG,20060331,1.98,1.985,1.965,1.97,572967
SDI,20060331,0.67,0.67,0.665,0.67,56600
SDL,20060331,0.066,0.068,0.065,0.068,2977790
SDR,20060331,0.165,0.17,0.165,0.17,718400
SDS,20060331,0.95,0.97,0.95,0.96,1751050
SEA,20060331,0.45,0.45,0.435,0.45,85000
SED,20060331,0.235,0.245,0.225,0.24,1647432
SEE,20060331,0.035,0.035,0.035,0.035,100000
SEK,20060331,3.99,4,3.94,3.99,259113
SEL,20060331,3.7,3.7,3.69,3.7,98085
SEM,20060331,7.5,7.5,7.5,7.5,45434
SEN,20060331,0.57,0.57,0.56,0.57,591717
SEV,20060331,9.8,9.88,9.7,9.77,332256
SFC,20060331,4.61,4.61,4.6,4.6,3250
SFE,20060331,16.5,16.5,16.12,16.31,1162013
SFP,20060331,0.17,0.18,0.17,0.18,59631
SFR,20060331,0.15,0.15,0.15,0.15,20000
SFY,20060331,50.79,50.82,50.79,50.82,3443
SGB,20060331,30.14,30.85,30.11,30.84,3309004
SGL,20060331,0.35,0.355,0.345,0.35,236500
SGM,20060331,17.4,17.56,17.17,17.52,802263
SGN,20060331,3.37,3.4,3.35,3.4,426307
SGP,20060331,6.75,6.75,6.7,6.72,4179153
SGT,20060331,2.3,2.31,2.27,2.27,279349
SGV,20060331,0.062,0.062,0.061,0.061,300000
SGX,20060331,4.1,4.24,4.03,4.24,1070899
SHC,20060331,0.195,0.195,0.19,0.19,89100
SHG,20060331,0.48,0.49,0.47,0.47,24000
SHL,20060331,15.76,15.79,15.51,15.7,1590957
SHN,20060331,0.084,0.084,0.077,0.078,7648941
SHV,20060331,13.96,14,13.96,13.96,10368
SIE,20060331,0.074,0.074,0.074,0.074,7500
SIM,20060331,0.42,0.42,0.39,0.42,329200
SIP,20060331,2.66,2.69,2.65,2.65,1512274
SIU,20060331,0.04,0.04,0.04,0.04,110000
SKC,20060331,4.55,4.57,4.53,4.57,156074
SKE,20060331,4.9,5,4.86,5,42561
SKW,20060331,0.21,0.22,0.21,0.215,226000
SLA,20060331,0.19,0.22,0.19,0.22,6072
SLD,20060331,0.175,0.175,0.175,0.175,8000
SLF,20060331,18.75,18.75,18.5,18.74,14251
SLM,20060331,4.17,4.26,4.17,4.17,95569
SLT,20060331,0.1,0.1,0.098,0.098,86375
SLV,20060331,0.845,0.845,0.83,0.83,353294
SLX,20060331,3.8,3.9,3.73,3.79,440522
SMA,20060331,0.031,0.033,0.03,0.033,1270800
SMC,20060331,0.135,0.145,0.135,0.14,201507
SML,20060331,0.045,0.046,0.045,0.046,66516
SMM,20060331,1.215,1.27,1.19,1.27,1284609
SMO,20060331,0.098,0.098,0.096,0.096,1223200
SMX,20060331,2.64,2.71,2.54,2.71,105569
SMY,20060331,0.95,0.95,0.94,0.95,212769
SNF,20060331,0.36,0.36,0.36,0.36,9860
SNN,20060331,0.088,0.088,0.088,0.088,106439
SOE,20060331,0.22,0.22,0.215,0.22,281744
SOL,20060331,9.2,9.25,9.1,9.15,50094
SOM,20060331,0.15,0.15,0.15,0.15,83000
SOO,20060331,0.24,0.24,0.24,0.24,11100
SOT,20060331,1.04,1.05,0.995,1.01,3281280
SPH,20060331,1.14,1.14,1.14,1.14,6885
SPN,20060331,1.29,1.3,1.29,1.3,3740259
SPT,20060331,5,5.1,4.98,5.06,201328
SRA,20060331,0.041,0.041,0.04,0.04,1478720
SRH,20060331,1.13,1.13,1.13,1.13,8775
SRI,20060331,0.051,0.052,0.05,0.05,555398
SRK,20060331,0.32,0.33,0.31,0.31,227441
SRL,20060331,3.44,3.49,3.41,3.41,261912
SRV,20060331,5.15,5.15,5.14,5.14,8769
SRX,20060331,2.98,2.98,2.6,2.6,122447
SRZ,20060331,0.52,0.545,0.475,0.545,1479455
SSI,20060331,4.96,5.05,4.95,5.05,5469
SSN,20060331,0.375,0.415,0.37,0.395,692413
SST,20060331,5.77,5.77,5.77,5.77,500
SSX,20060331,1.31,1.375,1.305,1.37,5223694
STB,20060331,0.12,0.13,0.12,0.13,45741
STE,20060331,0.088,0.088,0.088,0.088,164500
STI,20060331,0.14,0.145,0.14,0.145,144322
STO,20060331,11.2,11.4,11.13,11.38,5799635
STP,20060331,0.09,0.096,0.09,0.096,187635
STS,20060331,1.09,1.09,1.09,1.09,5952
STU,20060331,1.45,1.46,1.39,1.39,112793
STW,20060331,51.2,51.37,51.02,51.22,21877
STX,20060331,0.35,0.355,0.34,0.34,493546
SUL,20060331,2.37,2.4,2.36,2.37,57281
SUN,20060331,19.4,19.52,19.3,19.44,2241503
SUR,20060331,0.135,0.14,0.125,0.135,573186
SWG,20060331,0.018,0.018,0.018,0.018,500000
SYB,20060331,3.36,3.45,3.3,3.44,3197051
SYG,20060331,0.008,0.008,0.008,0.008,2000000
SYL,20060331,4.7,4.8,4.7,4.8,3258
SYM,20060331,1.13,1.135,1.125,1.125,16065
SYN,20060331,2.7,2.7,2.7,2.7,1000
SYP,20060331,0.12,0.12,0.12,0.12,100000
TAA,20060331,0.053,0.054,0.05,0.051,2182316
TAG,20060331,0.28,0.28,0.28,0.28,20000
TAH,20060331,15.25,15.49,15.22,15.47,3811667
TAM,20060331,0.22,0.24,0.22,0.235,3974191
TAN,20060331,1.21,1.29,1.21,1.29,21740
TAP,20060331,2.26,2.33,2.23,2.33,1445810
TAS,20060331,0.16,0.17,0.16,0.17,996750
TAW,20060331,0.42,0.43,0.41,0.41,43900
TBC,20060331,0.4,0.405,0.395,0.395,3135832
TBG,20060331,1.59,1.7,1.58,1.64,235647
TBR,20060331,0.79,0.79,0.79,0.79,6000
TCI,20060331,1.5,1.5,1.46,1.46,29800
TCL,20060331,6.76,6.76,6.71,6.74,3731398
TCN,20060331,0.057,0.057,0.057,0.057,102500
TCQ,20060331,1.26,1.27,1.25,1.26,166168
TEE,20060331,0.042,0.042,0.04,0.042,6525584
TEL,20060331,4.67,4.76,4.66,4.73,2346166
TEN,20060331,2.94,2.94,2.9,2.93,1973802
TFC,20060331,0.46,0.475,0.46,0.475,14000
TFE,20060331,0.4,0.4,0.39,0.39,683149
TGD,20060331,0.145,0.16,0.11,0.12,3549257
TGF,20060331,0.3,0.315,0.3,0.315,735876
TGG,20060331,1.58,1.6,1.57,1.6,111607
TGP,20060331,2.42,2.44,2.42,2.44,14150
TGR,20060331,1.2,1.2,1.19,1.19,32975
TGS,20060331,0.4,0.455,0.38,0.435,1051317
THG,20060331,0.735,0.74,0.735,0.735,6729937
THK,20060331,0.66,0.67,0.66,0.67,87145
THO,20060331,0.65,0.65,0.64,0.64,53138
THX,20060331,0.22,0.25,0.22,0.24,1471602
TIM,20060331,3.6,3.75,3.53,3.75,702869
TIR,20060331,0.075,0.076,0.074,0.074,3918830
TIS,20060331,0.555,0.555,0.525,0.55,9658
TKG,20060331,0.013,0.013,0.012,0.013,3282847
TKL,20060331,0.135,0.135,0.135,0.135,27000
TKR,20060331,1.03,1.03,1.02,1.03,268800
TLC,20060331,0.2,0.2,0.19,0.195,1193395
TLM,20060331,0.23,0.25,0.23,0.25,82000
TLS,20060331,3.75,3.76,3.68,3.74,49032616
TLT,20060331,1.1,1.1,1.1,1.1,9784
TLZ,20060331,0.275,0.33,0.275,0.33,27350
TMM,20060331,0.95,0.95,0.95,0.95,2000
TMO,20060331,0.27,0.275,0.26,0.26,235719
TMX,20060331,0.21,0.21,0.205,0.21,147000
TNE,20060331,0.65,0.66,0.65,0.66,683171
TNL,20060331,0.36,0.385,0.36,0.385,101948
TNS,20060331,4.94,4.97,4.94,4.97,16205
TOE,20060331,1.05,1.05,0.91,1.025,7609286
TOL,20060331,13.03,13.36,13.03,13.1,2766168
TOX,20060331,0.145,0.145,0.135,0.14,6227450
TPI,20060331,8.34,8.7,8.18,8.7,231126
TPX,20060331,6.78,6.78,6.7,6.7,5690
TQH,20060331,0.25,0.26,0.25,0.26,90000
TRG,20060331,12.2,12.2,11.9,12.2,22600
TRO,20060331,0.165,0.18,0.165,0.165,123850
TRS,20060331,5.25,5.3,5.25,5.3,12800
TRY,20060331,3.13,3.16,3.13,3.15,111321
TSE,20060331,7.65,7.68,7.5,7.67,428086
TSH,20060331,0.55,0.55,0.55,0.55,10000
TSO,20060331,2.3,2.31,2.28,2.3,7084942
TST,20060331,0.079,0.08,0.079,0.08,110000
TTI,20060331,0.28,0.285,0.28,0.28,529157
TTR,20060331,0.185,0.185,0.175,0.18,327000
TTS,20060331,3.28,3.32,3.28,3.31,4903136
TTT,20060331,0.44,0.44,0.435,0.435,90000
TTV,20060331,0.5,0.5,0.5,0.5,21500
TVL,20060331,0.17,0.17,0.155,0.155,120000
TWO,20060331,1.35,1.365,1.33,1.365,34857
TWR,20060331,2.19,2.25,2.19,2.22,1537401
TYC,20060331,1.38,1.385,1.38,1.385,471754
TZL,20060331,0.65,0.65,0.64,0.65,130500
TZN,20060331,0.93,0.965,0.92,0.93,173800
UCL,20060331,0.073,0.073,0.072,0.072,177313
UCM,20060331,0.73,0.73,0.73,0.73,500
UCW,20060331,2,2,1.99,1.99,2000
UGL,20060331,13.11,13.14,12.86,12.87,271706
UKD,20060331,0.12,0.12,0.12,0.12,300000
UNI,20060331,0.18,0.18,0.165,0.165,245200
UNW,20060331,0.395,0.4,0.39,0.39,89088
UNX,20060331,0.61,0.67,0.6,0.64,2280768
UOS,20060331,1.51,1.51,1.5,1.5,7500
URL,20060331,0.12,0.125,0.115,0.12,1008906
UTB,20060331,15.09,15.2,14.82,15.2,748319
UXA,20060331,0.46,0.495,0.415,0.495,2188499
UXC,20060331,1.07,1.12,1.065,1.12,539040
VBA,20060331,1.9,1.905,1.9,1.9,131815
VCM,20060331,1.26,1.26,1.26,1.26,200
VCN,20060331,0.28,0.28,0.28,0.28,40000
VCR,20060331,0.83,0.84,0.825,0.835,540412
VGH,20060331,4.36,4.4,4.32,4.38,77736
VGL,20060331,1.115,1.12,1.115,1.12,57349
VGP,20060331,0.43,0.435,0.43,0.435,19700
VHL,20060331,0.125,0.13,0.125,0.13,16000
VIL,20060331,0.195,0.195,0.195,0.195,1000
VIP,20060331,0.5,0.5,0.45,0.45,4080
VIR,20060331,1,1,0.985,0.985,135000
VKI,20060331,0.6,0.6,0.56,0.56,58170
VLL,20060331,0.27,0.325,0.27,0.305,2518065
VMG,20060331,1.8,1.9,1.8,1.9,18100
VML,20060331,0.17,0.17,0.17,0.17,175000
VPE,20060331,0.028,0.028,0.026,0.027,10696445
VPG,20060331,1.35,1.355,1.345,1.345,8112107
VPH,20060331,0.4,0.4,0.39,0.39,161245
VRE,20060331,0.28,0.285,0.275,0.285,512820
VRL,20060331,2.25,2.35,2.25,2.26,22730
VSG,20060331,0.028,0.028,0.026,0.026,467871
VSL,20060331,1.95,1.95,1.9,1.91,340433
VTP,20060331,1.17,1.17,1.16,1.16,55686
VUL,20060331,1.35,1.35,1.255,1.28,297460
VWD,20060331,1.505,1.52,1.505,1.52,43100
VXS,20060331,0.019,0.019,0.019,0.019,19080
WAB,20060331,1.05,1.05,1.05,1.05,124600
WAM,20060331,1.67,1.67,1.66,1.66,72950
WAN,20060331,7.57,7.67,7.57,7.61,4913151
WAS,20060331,0.02,0.02,0.02,0.02,150000
WAT,20060331,3.15,3.15,3.15,3.15,1000
WBA,20060331,0.735,0.74,0.73,0.74,38129
WBB,20060331,9.17,9.2,9.15,9.15,2435
WBC,20060331,23.74,23.95,23.61,23.82,9268837
WCB,20060331,3.9,3.9,3.9,3.9,2500
WCG,20060331,1.22,1.22,1.21,1.21,13500
WCP,20060331,0.105,0.13,0.1,0.11,1954296
WDC,20060331,17.35,17.39,17.1,17.1,6985992
WEB,20060331,0.335,0.34,0.335,0.335,43000
WES,20060331,35.21,35.24,34.75,34.88,2840911
WEZ,20060331,0.19,0.195,0.18,0.18,594000
WFL,20060331,1.92,1.99,1.9,1.99,52066
WGP,20060331,0.1,0.1,0.095,0.095,40000
WHF,20060331,3.99,3.99,3.94,3.94,7700
WHG,20060331,5.58,5.67,5.58,5.67,66438
WHS,20060331,3.25,3.31,3.25,3.31,2854
WIL,20060331,0.965,0.965,0.96,0.96,161030
WLS,20060331,1.045,1.06,1.045,1.05,56092
WME,20060331,0.17,0.195,0.17,0.195,4084945
WNZ,20060331,7.25,7.25,7.23,7.23,7700
WOR,20060331,18.71,18.91,18.64,18.82,418426
WOW,20060331,18.63,18.9,18.6,18.83,5077201
WPG,20060331,0.22,0.22,0.22,0.22,65000
WPL,20060331,45.2,45.78,44.9,45.48,8734629
WRL,20060331,0.23,0.23,0.22,0.22,58055
WSA,20060331,2.09,2.14,2.09,2.11,281331
WSP,20060331,0.21,0.21,0.205,0.21,123805
WST,20060331,0.465,0.465,0.465,0.465,15882
WSY,20060331,0.02,0.02,0.02,0.02,28785
WTE,20060331,0.034,0.035,0.033,0.035,6903390
WTP,20060331,2.52,2.52,2.36,2.47,67314
WWA,20060331,1.2,1.2,1.16,1.16,29118
WWM,20060331,0.025,0.026,0.025,0.025,6328810
WYL,20060331,3.27,3.33,3.25,3.31,622931
XAO,20060331,5071.6,5095.5,5066.9,5087.2,0
XBL,20060331,0.26,0.26,0.25,0.25,179897
XBW,20060331,374.98,374.98,374.98,374.98,0
XDJ,20060331,2352.1,2361.6,2329.3,2361.6,0
XEJ,20060331,12177.7,12444.7,12177.7,12413.9,0
XFJ,20060331,5963,5963,5924.8,5950.4,0
XFL,20060331,5010.8,5036.3,5008.1,5024.9,0
XHJ,20060331,6950.5,6950.5,6861,6897.2,0
XIJ,20060331,476,476,466.6,472.2,0
XJO,20060331,5115,5139.5,5108.5,5129.7,0
XKO,20060331,5111.8,5136.4,5106,5127.2,0
XMD,20060331,5080.5,5111.7,5067.7,5102.1,0
XMJ,20060331,10615,10831.3,10615,10774,0
XNJ,20060331,5566.9,5570.7,5519.9,5530.8,0
XPJ,20060331,1951.7,1951.7,1933.2,1936,0
XSJ,20060331,6087.5,6112.3,6039,6094.8,0
XSO,20060331,2931.7,2940.1,2917.8,2940.1,0
XTE,20060331,52,52,51,51,20750
XTJ,20060331,1352.8,1358.2,1337.7,1357.2,0
XTL,20060331,2786.1,2804.3,2786.1,2796.3,0
XTO,20060331,4148.3,4169.5,4145.3,4160.9,0
XUJ,20060331,6028.7,6037.2,5996.9,6001.6,0
XXJ,20060331,6220.4,6229.7,6184.6,6217,0
YAM,20060331,0.01,0.011,0.009,0.01,17760000
YGL,20060331,0.095,0.095,0.09,0.09,475015
YML,20060331,0.21,0.215,0.21,0.215,5000
ZFX,20060331,9.4,9.65,9.4,9.54,10510013
ZIM,20060331,5.51,6,5.51,5.86,26215
ZTL,20060331,0.53,0.53,0.525,0.525,77621
ZYL,20060331,0.001,0.001,0.001,0.001,1000000
