AAC,20060418,1.78,1.78,1.71,1.71,286308
AAE,20060418,0.82,0.845,0.71,0.77,426324
AAM,20060418,0.285,0.285,0.28,0.28,332200
AAO,20060418,0.28,0.28,0.28,0.28,29393
AAR,20060418,0.039,0.04,0.037,0.037,3759211
AAT,20060418,0.115,0.115,0.115,0.115,108385
AAU,20060418,0.595,0.595,0.59,0.59,80000
ABB,20060418,7.6,7.65,7.6,7.65,91476
ABC,20060418,2.52,2.54,2.5,2.52,571277
ABI,20060418,0.062,0.063,0.062,0.063,45000
ABJ,20060418,1.19,1.19,1.14,1.14,145320
ABP,20060418,1.48,1.48,1.465,1.475,525211
ABQ,20060418,0.16,0.16,0.16,0.16,4267
ABS,20060418,7.85,7.95,7.84,7.95,372120
ACE,20060418,0.13,0.13,0.13,0.13,25000
ACG,20060418,0.31,0.31,0.3,0.3,16000
ACL,20060418,1.25,1.27,1.23,1.24,134929
ACR,20060418,0.68,0.68,0.65,0.65,217463
ACS,20060418,0.18,0.185,0.18,0.185,9000
ACU,20060418,0.125,0.125,0.12,0.12,779678
ADA,20060418,0.5,0.5,0.5,0.5,33000
ADB,20060418,12.93,13.05,12.92,13.03,193362
ADG,20060418,2.96,3,2.96,2.98,12501
ADI,20060418,0.245,0.26,0.245,0.26,457805
ADL,20060418,0.065,0.065,0.065,0.065,4500
ADN,20060418,0.55,0.565,0.55,0.55,194812
ADU,20060418,0.775,0.82,0.775,0.82,135805
ADX,20060418,0.125,0.125,0.125,0.125,30000
ADY,20060418,0.096,0.097,0.095,0.095,360000
ADZ,20060418,2.09,2.14,2.06,2.1,1786792
AEC,20060418,4.3,4.36,4.3,4.36,24409
AED,20060418,0.99,1.06,0.99,1.04,1769265
AEF,20060418,25,25,25,25,45
AEI,20060418,0.69,0.69,0.65,0.675,30214
AEM,20060418,0.03,0.03,0.028,0.028,336811
AEO,20060418,1.64,1.64,1.625,1.63,71910
AET,20060418,0.455,0.5,0.42,0.5,67000
AEU,20060418,1.73,1.745,1.705,1.745,26987
AEX,20060418,0.054,0.054,0.052,0.054,3285991
AEZ,20060418,1.12,1.12,1.115,1.12,189256
AFI,20060418,4.6,4.61,4.56,4.58,433321
AFT,20060418,0.018,0.019,0.017,0.018,923736
AGC,20060418,1.8,1.84,1.8,1.82,89300
AGG,20060418,14.19,14.19,14.05,14.11,10235
AGI,20060418,0.45,0.455,0.45,0.45,250671
AGL,20060418,18.3,18.4,18.3,18.4,675211
AGM,20060418,0.275,0.295,0.275,0.29,2683922
AGO,20060418,0.55,0.575,0.535,0.57,741269
AGS,20060418,0.395,0.395,0.365,0.375,951265
AGX,20060418,0.2,0.205,0.195,0.2,237768
AGY,20060418,0.065,0.065,0.06,0.06,10000
AGZ,20060418,0.375,0.375,0.37,0.37,14776
AHD,20060418,4.56,4.56,4.56,4.56,505425
AHE,20060418,1.47,1.5,1.47,1.5,20500
AHO,20060418,0.65,0.65,0.635,0.635,10000
AHS,20060418,1.14,1.15,1.13,1.13,171853
AHU,20060418,6.1,6.1,6.1,6.1,648
AIA,20060418,1.73,1.75,1.73,1.74,104378
AIE,20060418,0.385,0.385,0.38,0.38,109000
AIM,20060418,0.125,0.135,0.125,0.13,7852649
AIV,20060418,0.245,0.245,0.195,0.21,626550
AIX,20060418,2.24,2.25,2.21,2.25,726073
AIZ,20060418,1.11,1.11,1.1,1.11,20587
AJL,20060418,0.965,1.01,0.965,1.01,29916
ALB,20060418,1,1,0.98,1,171500
ALD,20060418,0.47,0.5,0.47,0.5,368995
ALE,20060418,0.04,0.04,0.037,0.037,400000
ALK,20060418,0.25,0.255,0.245,0.245,805874
ALL,20060418,14.4,14.44,14.19,14.25,973836
ALN,20060418,11.03,11.27,11.02,11.2,579080
ALR,20060418,1.65,1.65,1.65,1.65,34310
ALS,20060418,9.7,9.73,9.62,9.7,109697
ALU,20060418,0.38,0.4,0.38,0.38,510888
ALZ,20060418,2.12,2.15,2.12,2.15,436557
AMB,20060418,0.88,0.88,0.88,0.88,25000
AMC,20060418,7.21,7.35,7.15,7.25,2153397
AMG,20060418,0.11,0.11,0.11,0.11,5000
AMH,20060418,0.59,0.59,0.59,0.59,10075
AMM,20060418,0.15,0.15,0.145,0.145,710815
AMP,20060418,8.71,8.82,8.68,8.82,3796467
AMU,20060418,1.13,1.15,1.13,1.15,330296
ANC,20060418,7.01,7.01,6.99,6.99,4250
AND,20060418,0.415,0.42,0.415,0.42,717095
ANE,20060418,4,4.07,4,4.07,151266
ANG,20060418,0.33,0.33,0.315,0.32,53366
ANH,20060418,0.072,0.073,0.071,0.072,1322562
ANM,20060418,0.24,0.24,0.24,0.24,4880
ANN,20060418,11.46,11.78,11.45,11.73,327222
ANO,20060418,0.14,0.14,0.14,0.14,10000
ANP,20060418,0.038,0.038,0.037,0.037,832000
ANX,20060418,0.32,0.32,0.32,0.32,25000
ANZ,20060418,27.2,27.49,27.03,27.3,4794835
AOC,20060418,0.12,0.125,0.12,0.12,21000
AOD,20060418,9.4,9.4,9.4,9.4,1500
AOE,20060418,0.64,0.65,0.625,0.63,594568
AOI,20060418,0.105,0.11,0.105,0.105,119075
AOM,20060418,0.022,0.022,0.021,0.021,17166
AOP,20060418,0.57,0.6,0.57,0.6,1370
AOS,20060418,0.2,0.2,0.2,0.2,14000
APA,20060418,4.23,4.4,4.23,4.4,159428
APE,20060418,7.58,7.58,7.58,7.58,1209
APG,20060418,0.021,0.022,0.02,0.02,5934145
API,20060418,2.55,2.55,2.51,2.52,743360
APM,20060418,0.017,0.017,0.017,0.017,70000
APN,20060418,4.93,4.93,4.86,4.9,568195
APR,20060418,2.11,2.11,2.11,2.11,575
APZ,20060418,1.415,1.46,1.415,1.45,1303658
AQA,20060418,6.7,6.7,6.7,6.7,1000
AQD,20060418,0.49,0.525,0.49,0.525,469915
AQE,20060418,0.24,0.25,0.24,0.25,40000
AQP,20060418,19.29,19.29,18.58,18.79,107052
ARA,20060418,0.485,0.5,0.48,0.5,71800
ARE,20060418,0.185,0.185,0.155,0.155,384041
ARG,20060418,7.01,7.03,6.97,6.99,59901
ARM,20060418,0.205,0.205,0.205,0.205,65000
ARO,20060418,0.034,0.034,0.034,0.034,274800
ARP,20060418,3.57,3.57,3.51,3.51,70900
ARQ,20060418,1.57,1.615,1.57,1.615,1512269
ARU,20060418,0.475,0.48,0.475,0.48,85086
ARW,20060418,1.84,1.87,1.755,1.8,277721
ARX,20060418,0.062,0.065,0.062,0.065,926474
ASB,20060418,2.72,2.81,2.7,2.78,440256
ASC,20060418,0.042,0.045,0.042,0.045,14900
ASL,20060418,1.76,1.84,1.76,1.8,439538
ASQ,20060418,0.42,0.42,0.42,0.42,21000
ASU,20060418,0.022,0.022,0.022,0.022,22729
ASV,20060418,0.065,0.069,0.064,0.069,251786
ASX,20060418,33,33,32.5,32.5,377017
ASZ,20060418,0.67,0.67,0.67,0.67,10000
ATG,20060418,0.43,0.44,0.43,0.44,74900
ATN,20060418,0.064,0.064,0.064,0.064,120000
ATP,20060418,0.31,0.31,0.305,0.305,103912
ATR,20060418,3.58,3.58,3.46,3.52,16193
ATV,20060418,0.165,0.165,0.155,0.155,484042
ATZ,20060418,0.225,0.225,0.225,0.225,1497
AUB,20060418,2.73,2.8,2.73,2.8,39750
AUH,20060418,0.06,0.06,0.056,0.056,303000
AUI,20060418,7.35,7.35,7.35,7.35,1360
AUL,20060418,0.035,0.037,0.035,0.037,15525559
AUM,20060418,0.375,0.375,0.355,0.355,162505
AUN,20060418,1.16,1.195,1.16,1.17,1471535
AUS,20060418,1.42,1.45,1.42,1.43,52527
AUT,20060418,0.47,0.49,0.47,0.49,122000
AUW,20060418,2.25,2.27,2.24,2.26,683685
AUX,20060418,0.055,0.055,0.054,0.054,35840
AUZ,20060418,0.021,0.021,0.02,0.02,2708122
AVA,20060418,0.07,0.073,0.066,0.07,180000
AVE,20060418,1.78,1.82,1.78,1.82,32800
AVJ,20060418,1.3,1.33,1.3,1.33,206663
AVM,20060418,1.05,1.06,1.04,1.05,267321
AVO,20060418,0.725,0.76,0.715,0.74,509895
AVR,20060418,1.57,1.57,1.57,1.57,4500
AVS,20060418,0.175,0.18,0.175,0.18,216000
AVU,20060418,0.49,0.57,0.49,0.55,365547
AVV,20060418,1.07,1.075,1.06,1.075,167627
AVX,20060418,0.3,0.3,0.29,0.295,44286
AWB,20060418,3.85,3.89,3.82,3.85,4079960
AWC,20060418,7.7,7.76,7.65,7.73,3700364
AWE,20060418,2.77,2.85,2.76,2.85,1633343
AWG,20060418,0.25,0.25,0.25,0.25,3000
AXA,20060418,6.26,6.26,6.17,6.23,2324811
AXC,20060418,0.082,0.082,0.074,0.074,83200
AXD,20060418,0.28,0.295,0.28,0.295,217820
AXI,20060418,0.135,0.14,0.13,0.135,314000
AXQ,20060418,0.97,0.975,0.97,0.975,246105
AYR,20060418,0.19,0.195,0.185,0.185,130000
AZA,20060418,1.3,1.315,1.3,1.315,525392
AZC,20060418,0.22,0.225,0.215,0.22,525500
AZM,20060418,0.245,0.26,0.245,0.25,823134
AZR,20060418,0.195,0.195,0.19,0.19,1404685
AZX,20060418,1.4,1.4,1.4,1.4,12041
AZZ,20060418,0.5,0.5,0.49,0.49,360200
BAR,20060418,0.26,0.275,0.25,0.275,1492850
BAS,20060418,0.075,0.075,0.054,0.069,1877480
BAX,20060418,4.93,5,4.93,5,19800
BBB,20060418,0.135,0.14,0.13,0.135,1388671
BBG,20060418,15.83,16.29,15.78,16.14,426667
BBI,20060418,1.56,1.59,1.555,1.58,5161392
BBW,20060418,1.69,1.75,1.68,1.75,287577
BCA,20060418,3.22,3.25,3.21,3.24,421448
BCD,20060418,0.44,0.44,0.435,0.44,543953
BCL,20060418,5.71,5.8,5.71,5.8,98933
BCM,20060418,4.19,4.22,4.16,4.18,124233
BDG,20060418,2.32,2.34,2.29,2.32,2585888
BDI,20060418,0.745,0.785,0.745,0.785,265904
BDL,20060418,0.14,0.145,0.14,0.145,3087200
BDM,20060418,0.51,0.51,0.5,0.5,25000
BDS,20060418,2.85,2.85,2.85,2.85,6000
BEC,20060418,0.535,0.55,0.535,0.55,170748
BEI,20060418,2.31,2.39,2.31,2.39,114738
BEL,20060418,0.405,0.405,0.405,0.405,11000
BEN,20060418,13.16,13.98,13.16,13.98,181988
BER,20060418,0.32,0.32,0.32,0.32,28100
BGD,20060418,0.475,0.475,0.46,0.475,142000
BGF,20060418,0.49,0.495,0.485,0.49,3295983
BGL,20060418,0.21,0.225,0.21,0.225,78000
BGN,20060418,0.085,0.085,0.085,0.085,79000
BHP,20060418,30.23,30.68,30.22,30.68,15039617
BIC,20060418,0.25,0.25,0.25,0.25,17667
BIL,20060418,10.76,10.8,10.67,10.74,3284965
BIT,20060418,0.24,0.24,0.235,0.235,115000
BIX,20060418,0.1,0.1,0.094,0.094,297900
BJT,20060418,1.83,1.835,1.83,1.83,1176454
BKA,20060418,0.375,0.38,0.375,0.38,12600
BKG,20060418,0.185,0.195,0.185,0.195,26500
BKI,20060418,1.41,1.41,1.4,1.4,55174
BKL,20060418,14.61,14.61,14.58,14.58,1396
BKM,20060418,0.009,0.009,0.009,0.009,70000
BKN,20060418,5.36,5.55,5.34,5.55,103885
BKP,20060418,0.335,0.34,0.33,0.34,692908
BKW,20060418,12.43,12.43,12.1,12.1,17196
BKY,20060418,1.19,1.24,1.17,1.23,2217267
BLD,20060418,9,9.2,9,9.15,2135456
BLN,20060418,0.525,0.6,0.5,0.51,1031563
BLR,20060418,0.07,0.073,0.07,0.072,4674009
BLS,20060418,0.2,0.22,0.2,0.22,18339
BLT,20060418,0.07,0.075,0.061,0.069,946833
BLZ,20060418,0.032,0.032,0.03,0.03,75000
BMN,20060418,0.45,0.45,0.395,0.4,176650
BMO,20060418,0.355,0.36,0.35,0.36,1899904
BMX,20060418,0.395,0.395,0.385,0.395,579846
BNB,20060418,17.49,17.73,17.49,17.73,614043
BNO,20060418,0.23,0.23,0.215,0.215,258802
BNT,20060418,0.39,0.39,0.375,0.375,166500
BOC,20060418,0.94,0.96,0.94,0.95,5150
BOD,20060418,0.051,0.055,0.051,0.055,148500
BOL,20060418,4.42,4.53,4.42,4.5,445504
BON,20060418,0.105,0.11,0.105,0.11,113653
BOQ,20060418,15.56,15.85,15.56,15.85,312594
BOS,20060418,0.19,0.2,0.19,0.2,209600
BOW,20060418,0.155,0.155,0.145,0.145,132393
BPC,20060418,1.01,1.03,1.01,1.025,6985999
BPH,20060418,0.17,0.17,0.17,0.17,5500
BPO,20060418,0.019,0.019,0.018,0.018,162250
BPT,20060418,1.36,1.395,1.355,1.395,1623353
BQF,20060418,3.31,3.31,3.31,3.31,15200
BQT,20060418,0.135,0.14,0.13,0.13,264767
BRC,20060418,0.25,0.25,0.25,0.25,20000
BRO,20060418,0.031,0.032,0.031,0.031,2055303
BRW,20060418,0.065,0.068,0.065,0.067,4220771
BRZ,20060418,1.76,1.775,1.755,1.775,88283
BSA,20060418,0.3,0.3,0.3,0.3,6733
BSG,20060418,2.84,2.86,2.8,2.83,772624
BSL,20060418,7.31,7.34,7.26,7.33,2294311
BSM,20060418,0.255,0.27,0.23,0.23,247487
BSO,20060418,2.08,2.09,2.06,2.07,118939
BTA,20060418,1.68,1.685,1.62,1.66,1065594
BTC,20060418,0.435,0.44,0.425,0.44,29244
BTV,20060418,0.072,0.073,0.071,0.073,2607250
BTX,20060418,0.29,0.29,0.28,0.28,687758
BUG,20060418,0.54,0.54,0.525,0.525,5504
BUY,20060418,0.059,0.059,0.057,0.057,661000
BWP,20060418,1.94,1.975,1.93,1.975,170130
BXP,20060418,0.21,0.22,0.21,0.21,1588639
BYI,20060418,0.56,0.56,0.56,0.56,30000
BZI,20060418,0.54,0.54,0.54,0.54,20000
CAA,20060418,1.36,1.37,1.35,1.35,186800
CAB,20060418,6.47,6.47,6.33,6.35,160348
CAF,20060418,0.86,0.895,0.86,0.895,254995
CAG,20060418,0.019,0.019,0.018,0.018,1404040
CAL,20060418,0.535,0.545,0.535,0.545,28950
CAM,20060418,1.01,1.01,0.99,0.99,30252
CAQ,20060418,0.25,0.25,0.25,0.25,62000
CAS,20060418,0.225,0.225,0.225,0.225,2860
CAT,20060418,9,9,9,9,532
CAU,20060418,0.087,0.087,0.087,0.087,54230
CAZ,20060418,2.1,2.11,1.98,1.98,332235
CBA,20060418,45.64,46.31,45.52,46.31,2198040
CBD,20060418,0.046,0.046,0.045,0.045,25192
CBH,20060418,0.48,0.48,0.465,0.47,1497789
CBR,20060418,3.43,3.43,3.42,3.42,13160
CCE,20060418,0.18,0.185,0.17,0.175,2048371
CCI,20060418,0.014,0.014,0.013,0.013,3062285
CCK,20060418,0.19,0.19,0.19,0.19,4500
CCL,20060418,7.25,7.28,7.16,7.18,3402455
CCP,20060418,6.96,7.23,6.88,6.95,44280
CCV,20060418,0.34,0.34,0.34,0.34,53008
CDA,20060418,0.91,0.915,0.91,0.915,48335
CDD,20060418,4.55,4.6,4.55,4.6,11660
CDF,20060418,1.73,1.738,1.73,1.738,4853
CDO,20060418,4,4,3.95,3.95,719005
CDP,20060418,3.75,3.75,3.75,3.75,2750
CDR,20060418,2.31,2.36,2.3,2.34,701717
CDX,20060418,2.63,2.65,2.62,2.62,65941
CEG,20060418,1.39,1.4,1.36,1.39,50760
CEO,20060418,0.195,0.195,0.195,0.195,36380
CEQ,20060418,2.39,2.39,2.36,2.39,1043643
CER,20060418,1.57,1.59,1.57,1.59,146913
CEU,20060418,1.17,1.175,1.16,1.17,1635516
CEY,20060418,3.68,3.68,3.56,3.58,1188796
CFE,20060418,0.475,0.475,0.46,0.46,461369
CFI,20060418,0.6,0.6,0.595,0.595,88286
CFK,20060418,0.51,0.51,0.49,0.49,66274
CFR,20060418,0.019,0.02,0.019,0.019,2344168
CFU,20060418,0.645,0.65,0.645,0.645,52000
CGF,20060418,3.47,3.57,3.47,3.57,1060623
CGM,20060418,0.405,0.45,0.405,0.45,218574
CGO,20060418,0.6,0.6,0.6,0.6,44390
CGS,20060418,0.235,0.235,0.23,0.23,65000
CGX,20060418,0.445,0.475,0.445,0.455,2185384
CHB,20060418,40.95,40.95,40.85,40.85,507
CHD,20060418,0.72,0.72,0.72,0.72,150000
CHF,20060418,0.42,0.42,0.42,0.42,120000
CHL,20060418,0.22,0.22,0.22,0.22,2600
CHN,20060418,0.29,0.29,0.275,0.275,63240
CHO,20060418,5.5,5.5,5.5,5.5,4618
CHP,20060418,0.023,0.023,0.023,0.023,159000
CHQ,20060418,0.57,0.585,0.56,0.565,19053
CHT,20060418,0.012,0.013,0.012,0.013,5120000
CHX,20060418,1.38,1.39,1.36,1.375,54679
CID,20060418,0.095,0.095,0.095,0.095,40000
CIG,20060418,0.077,0.078,0.076,0.077,1675249
CIN,20060418,18.1,18.1,18.1,18.1,181
CIR,20060418,1.01,1.025,1,1.025,89840
CIX,20060418,0.46,0.465,0.455,0.46,216875
CIY,20060418,3.76,3.86,3.76,3.86,208962
CKL,20060418,0.535,0.535,0.535,0.535,1500
CKR,20060418,0.195,0.195,0.195,0.195,40150
CLH,20060418,0.86,0.87,0.86,0.87,106300
CLO,20060418,0.46,0.47,0.46,0.47,112300
CLT,20060418,1.24,1.26,1.24,1.26,25990
CLV,20060418,0.15,0.15,0.14,0.145,514378
CMI,20060418,1.32,1.32,1.3,1.3,12863
CMK,20060418,0.42,0.42,0.4,0.4,27500
CML,20060418,10.9,10.9,10.76,10.83,3503457
CMN,20060418,0.11,0.115,0.11,0.115,238560
CMO,20060418,0.009,0.009,0.009,0.009,107783
CMP,20060418,0.077,0.084,0.076,0.084,253000
CMQ,20060418,0.405,0.405,0.395,0.4,295618
CMR,20060418,2.47,2.52,2.46,2.5,162448
CMS,20060418,0.034,0.037,0.034,0.037,124500
CMV,20060418,0.53,0.53,0.52,0.52,16000
CMW,20060418,0.79,0.81,0.77,0.77,66500
CMX,20060418,0.47,0.48,0.465,0.475,2586700
CNA,20060418,74.5,74.5,74.5,74.5,200
CND,20060418,3.37,3.38,3.34,3.38,57132
CNM,20060418,0.05,0.05,0.05,0.05,60000
CNN,20060418,0.022,0.022,0.021,0.021,280984
CNP,20060418,6.41,6.56,6.41,6.54,1825054
CNR,20060418,0.47,0.49,0.45,0.45,47400
CNT,20060418,0.85,0.85,0.8,0.81,86860
COA,20060418,6.29,6.44,6.25,6.39,741057
COE,20060418,0.625,0.65,0.625,0.65,372184
COF,20060418,3.22,3.22,3.15,3.21,28200
COH,20060418,52.5,53.11,52.14,52.95,93579
COI,20060418,0.345,0.35,0.32,0.34,802843
COK,20060418,0.155,0.155,0.15,0.15,1013650
COO,20060418,0.125,0.125,0.125,0.125,21000
COS,20060418,0.15,0.16,0.145,0.15,131000
COU,20060418,2.02,2.02,2,2,131085
COZ,20060418,0.255,0.255,0.255,0.255,200000
CPA,20060418,1.335,1.345,1.325,1.345,3666424
CPB,20060418,14.49,14.59,14.49,14.59,8269
CPI,20060418,0.51,0.55,0.51,0.53,117600
CPK,20060418,3.76,3.77,3.62,3.7,19908
CPN,20060418,0.093,0.1,0.093,0.1,500000
CPR,20060418,1.345,1.35,1.345,1.35,772700
CPU,20060418,7.65,7.92,7.62,7.9,886543
CQT,20060418,0.14,0.14,0.135,0.135,510554
CRC,20060418,0.27,0.27,0.27,0.27,39208
CRE,20060418,0.34,0.34,0.32,0.33,1344723
CRG,20060418,12.36,12.74,12.36,12.7,120162
CRK,20060418,0.845,0.85,0.8,0.85,100295
CRT,20060418,0.785,0.8,0.785,0.79,72550
CRU,20060418,0.715,0.715,0.715,0.715,7335
CSE,20060418,0.195,0.195,0.19,0.19,258958
CSL,20060418,51.7,51.7,50.8,51.3,864874
CSM,20060418,2.65,2.66,2.56,2.65,690619
CSR,20060418,4.04,4.15,4.03,4.13,3340007
CSS,20060418,0.465,0.465,0.465,0.465,2000
CST,20060418,3.88,3.88,3.78,3.85,105498
CTE,20060418,0.145,0.15,0.145,0.15,23500
CTF,20060418,0.24,0.245,0.22,0.24,218657
CTI,20060418,0.24,0.24,0.24,0.24,2000
CTN,20060418,1.385,1.4,1.385,1.4,39902
CTO,20060418,0.3,0.33,0.29,0.32,8601303
CTP,20060418,0.155,0.155,0.14,0.145,887200
CTS,20060418,0.43,0.43,0.43,0.43,50000
CTX,20060418,18.95,19.29,18.95,19.16,846947
CUE,20060418,0.245,0.25,0.245,0.25,1652000
CUL,20060418,0.038,0.038,0.036,0.036,1813407
CUO,20060418,0.041,0.041,0.036,0.037,25971732
CUS,20060418,0.305,0.305,0.3,0.3,4823996
CUV,20060418,0.41,0.41,0.4,0.4,24000
CUY,20060418,0.57,0.57,0.57,0.57,10465
CVC,20060418,1.33,1.33,1.33,1.33,7200
CVN,20060418,0.059,0.059,0.058,0.059,1324401
CWG,20060418,0.13,0.14,0.13,0.135,107000
CWP,20060418,3.8,3.8,3.72,3.77,4832
CWT,20060418,0.78,0.78,0.775,0.775,54863
CXD,20060418,1.65,1.65,1.65,1.65,7500
CXE,20060418,0.18,0.2,0.18,0.2,26000
CXN,20060418,0.16,0.16,0.16,0.16,20000
CXP,20060418,5.85,6.04,5.85,6.01,195353
CXS,20060418,0.585,0.585,0.57,0.57,5964
CYA,20060418,1.2,1.2,1.185,1.185,321148
CYG,20060418,5.61,5.61,5.59,5.59,34107
CYT,20060418,0.845,0.845,0.83,0.83,48000
DCS,20060418,0.23,0.23,0.205,0.205,73800
DDT,20060418,0.4,0.415,0.395,0.405,324305
DEG,20060418,0.185,0.185,0.165,0.18,996125
DES,20060418,0.31,0.31,0.295,0.3,178936
DEX,20060418,1.17,1.18,1.17,1.18,35999
DGH,20060418,0.86,0.86,0.86,0.86,25000
DIA,20060418,0.071,0.071,0.067,0.067,45411
DIO,20060418,0.065,0.066,0.062,0.064,1055523
DJS,20060418,2.88,2.92,2.84,2.92,1506103
DJW,20060418,4.42,4.45,4.4,4.41,29313
DKN,20060418,0.975,0.975,0.97,0.97,92472
DKS,20060418,8.2,8.2,8,8,5187
DLS,20060418,0.105,0.11,0.105,0.105,2309533
DMA,20060418,0.29,0.29,0.25,0.275,869505
DMP,20060418,3.75,3.75,3.7,3.7,21211
DMY,20060418,0.061,0.061,0.061,0.061,30000
DNL,20060418,0.26,0.27,0.26,0.27,417017
DNS,20060418,0.072,0.072,0.072,0.072,4000
DNX,20060418,0.07,0.075,0.07,0.075,95766
DOM,20060418,1.43,1.555,1.42,1.555,960257
DON,20060418,0.235,0.235,0.23,0.23,612000
DOW,20060418,8.59,8.74,8.54,8.64,1684919
DRA,20060418,0.14,0.145,0.14,0.145,1336877
DRD,20060418,2,2.05,2,2.05,24253
DRK,20060418,0.215,0.22,0.19,0.22,171565
DRN,20060418,0.042,0.042,0.041,0.041,27450
DRT,20060418,1.46,1.495,1.45,1.475,7473052
DTL,20060418,3.39,3.4,3.38,3.38,7860
DUE,20060418,2.88,2.88,2.82,2.84,566243
DUI,20060418,3.36,3.36,3.26,3.26,22283
DUL,20060418,0.045,0.048,0.045,0.048,188227
DVC,20060418,3.65,3.7,3.63,3.7,1625658
DVM,20060418,0.078,0.079,0.075,0.075,500000
DVN,20060418,0.81,0.82,0.805,0.81,134361
DWY,20060418,0.78,0.78,0.75,0.75,33334
DXL,20060418,2.57,2.57,2.53,2.54,20737527
DYE,20060418,0.925,0.925,0.905,0.925,16000
DYL,20060418,0.155,0.17,0.155,0.17,14608215
EBB,20060418,5.05,5.05,5.01,5.03,96281
EBG,20060418,0.245,0.245,0.245,0.245,20000
EBR,20060418,0.077,0.08,0.077,0.08,254467
EBT,20060418,0.105,0.11,0.105,0.11,166316
ECH,20060418,0.99,1,0.95,0.95,84000
ECI,20060418,0.08,0.08,0.08,0.08,200000
ECU,20060418,0.075,0.075,0.075,0.075,88500
EDM,20060418,0.165,0.165,0.165,0.165,98500
EDN,20060418,0.56,0.61,0.56,0.59,326708
EFT,20060418,0.095,0.098,0.094,0.097,27429
EGL,20060418,0.135,0.14,0.135,0.14,74031
EGO,20060418,0.007,0.008,0.007,0.008,5884080
EGX,20060418,0.44,0.45,0.435,0.435,88200
EIF,20060418,0.02,0.02,0.02,0.02,19427
EIG,20060418,1.015,1.05,1.005,1.05,134000
EIV,20060418,0.18,0.19,0.18,0.185,198833
EKA,20060418,0.22,0.22,0.21,0.21,35000
ELK,20060418,0.75,0.77,0.75,0.77,110948
ELL,20060418,0.078,0.078,0.078,0.078,61541
ELM,20060418,0.725,0.725,0.7,0.7,117000
ELX,20060418,0.68,0.695,0.67,0.695,89484
EME,20060418,2.04,2.1,1.96,2.1,26013
EMI,20060418,0.585,0.61,0.56,0.6,280519
EMM,20060418,0.06,0.063,0.059,0.06,649934
EMP,20060418,0.47,0.485,0.46,0.46,523381
EMS,20060418,0.15,0.15,0.15,0.15,36100
ENE,20060418,4.05,4.11,4.05,4.05,389125
ENG,20060418,0.425,0.425,0.42,0.425,625082
ENR,20060418,0.6,0.6,0.4,0.48,2163383
ENV,20060418,1.18,1.23,1.18,1.23,505368
EON,20060418,0.705,0.715,0.69,0.715,44536
EOS,20060418,2.74,2.75,2.7,2.7,34359
EPE,20060418,0.061,0.061,0.059,0.06,668719
EPG,20060418,0.605,0.62,0.6,0.61,1635665
EPR,20060418,0.059,0.06,0.056,0.059,1152678
EPY,20060418,0.23,0.23,0.22,0.22,23381
EQI,20060418,1.49,1.58,1.48,1.57,410786
EQN,20060418,2.16,2.28,2.16,2.28,585772
EQT,20060418,14.4,14.4,14.4,14.4,269
EQX,20060418,0.195,0.195,0.195,0.195,1500
ERA,20060418,15,15.15,14.97,15,277162
ERG,20060418,0.135,0.135,0.12,0.12,2517492
ESG,20060418,0.13,0.135,0.13,0.135,2182016
ESI,20060418,0.79,0.835,0.79,0.825,82400
ESS,20060418,0.375,0.38,0.37,0.38,97340
ESV,20060418,0.85,0.85,0.85,0.85,144800
ETE,20060418,0.084,0.085,0.084,0.085,115000
ETK,20060418,0.04,0.04,0.04,0.04,172500
ETR,20060418,2.32,2.39,2.31,2.39,90549
ETT,20060418,0.026,0.026,0.026,0.026,525000
ETW,20060418,0.15,0.15,0.145,0.145,155322
EVE,20060418,0.15,0.155,0.145,0.15,308750
EVM,20060418,0.155,0.155,0.115,0.125,196703
EVZ,20060418,0.18,0.18,0.16,0.16,1197000
EWC,20060418,0.035,0.035,0.035,0.035,15000
EXL,20060418,7.65,7.72,7.54,7.56,641462
EXR,20060418,0.47,0.47,0.455,0.46,142400
EXS,20060418,0.295,0.3,0.29,0.295,603630
EXT,20060418,0.115,0.125,0.11,0.12,17837190
EZE,20060418,0.13,0.13,0.13,0.13,145199
EZL,20060418,2.4,2.4,2.36,2.4,18700
EZY,20060418,0.065,0.065,0.065,0.065,65000
FAN,20060418,3.18,3.3,3.18,3.3,191600
FAR,20060418,0.125,0.135,0.125,0.13,3426140
FAT,20060418,0.97,0.975,0.97,0.975,26000
FBU,20060418,7.78,7.78,7.67,7.77,78149
FCL,20060418,2.2,2.27,2.2,2.26,1913833
FCN,20060418,0.275,0.275,0.27,0.27,735300
FDL,20060418,0.026,0.04,0.025,0.037,43970200
FEA,20060418,0.585,0.595,0.58,0.59,114901
FFI,20060418,3.8,3.8,3.8,3.8,250
FGL,20060418,5.74,5.74,5.66,5.71,8443965
FKP,20060418,5.32,5.55,5.32,5.55,98117
FLK,20060418,0.555,0.555,0.55,0.55,11384
FLT,20060418,11.5,11.55,11.45,11.51,46816
FLX,20060418,1.9,1.9,1.86,1.9,100632
FMG,20060418,6.15,6.44,6.1,6.44,81525
FML,20060418,0.06,0.065,0.06,0.065,12357373
FOF,20060418,0.49,0.49,0.49,0.49,7817
FPA,20060418,3.64,3.71,3.61,3.71,9260
FPH,20060418,3.38,3.38,3.35,3.35,65136
FPS,20060418,1.205,1.205,1.205,1.205,26000
FRE,20060418,0.71,0.73,0.685,0.685,249041
FRI,20060418,0.48,0.51,0.48,0.51,155395
FRM,20060418,0.38,0.38,0.365,0.365,20000
FRR,20060418,0.84,0.845,0.84,0.845,5166
FRS,20060418,0.45,0.455,0.45,0.45,90115
FUN,20060418,1.77,1.78,1.735,1.78,306111
FUT,20060418,0.01,0.01,0.01,0.01,38700
FWD,20060418,6.42,6.45,6.39,6.42,83647
FXJ,20060418,3.91,3.92,3.87,3.88,1902421
FXR,20060418,0.66,0.68,0.655,0.66,1005678
FZN,20060418,1.195,1.195,1.16,1.16,6800
GAA,20060418,1.28,1.3,1.25,1.26,174075
GAN,20060418,1.92,1.94,1.895,1.905,4256820
GAP,20060418,1.35,1.45,1.35,1.405,128274
GAS,20060418,2.44,2.48,2.44,2.48,187690
GAU,20060418,0.25,0.255,0.24,0.24,1053669
GBA,20060418,0.13,0.13,0.13,0.13,5000
GBE,20060418,0.58,0.6,0.57,0.57,107500
GBG,20060418,0.68,0.71,0.68,0.7,1477112
GBL,20060418,0.04,0.045,0.04,0.045,600000
GBP,20060418,0.565,0.605,0.565,0.605,244303
GBT,20060418,2,2.1,2,2,19050
GCA,20060418,1.2,1.2,1.2,1.2,260000
GCL,20060418,3.41,3.41,3.29,3.34,122812
GCN,20060418,0.087,0.087,0.085,0.085,77191
GCR,20060418,0.068,0.068,0.066,0.068,903328
GDA,20060418,0.051,0.052,0.05,0.052,259327
GDM,20060418,0.63,0.64,0.59,0.59,695475
GDN,20060418,0.225,0.225,0.215,0.215,555227
GDR,20060418,0.49,0.49,0.475,0.48,78192
GFD,20060418,0.62,0.625,0.62,0.625,91212
GFF,20060418,2.17,2.2,2.17,2.18,4539562
GGP,20060418,0.545,0.56,0.52,0.52,380331
GGX,20060418,0.11,0.11,0.11,0.11,2000
GGY,20060418,0.07,0.071,0.068,0.071,1762981
GHG,20060418,0.865,0.87,0.865,0.865,81636
GHT,20060418,0.385,0.385,0.36,0.36,23630
GIA,20060418,0.52,0.56,0.52,0.55,298250
GIL,20060418,0.32,0.32,0.32,0.32,4000
GIP,20060418,0.175,0.19,0.15,0.15,547597
GIR,20060418,0.55,0.62,0.55,0.585,2952760
GLB,20060418,0.305,0.305,0.305,0.305,100500
GLC,20060418,0.84,0.84,0.84,0.84,2560
GLE,20060418,1.15,1.15,1.12,1.12,12000
GLI,20060418,0.99,0.99,0.98,0.99,241605
GLN,20060418,0.375,0.38,0.375,0.375,255000
GLO,20060418,0.11,0.11,0.1,0.1,215101
GME,20060418,0.2,0.22,0.2,0.22,130209
GMI,20060418,1.38,1.4,1.365,1.4,242806
GML,20060418,0.165,0.17,0.165,0.17,161252
GNC,20060418,10.8,10.8,10.7,10.8,5833
GNL,20060418,0.055,0.055,0.055,0.055,1550000
GNS,20060418,3.09,3.18,3.09,3.15,826309
GOA,20060418,0.092,0.092,0.082,0.09,167334
GOG,20060418,0.3,0.335,0.3,0.335,2109773
GOP,20060418,0.12,0.12,0.12,0.12,104190
GOW,20060418,2.98,2.98,2.98,2.98,11500
GPB,20060418,0.51,0.51,0.51,0.51,10000
GPE,20060418,0.009,0.009,0.009,0.009,4000000
GPG,20060418,2.1,2.1,2.07,2.07,1150136
GPN,20060418,0.022,0.022,0.021,0.022,2834058
GPO,20060418,0.064,0.065,0.064,0.064,162400
GPT,20060418,4.22,4.22,4.14,4.16,5557078
GRD,20060418,2.42,2.44,2.37,2.39,1150473
GRK,20060418,0.16,0.16,0.16,0.16,5000
GRN,20060418,0.33,0.33,0.305,0.305,198500
GRO,20060418,1.6,1.63,1.59,1.63,24068
GRR,20060418,1.55,1.55,1.51,1.51,73397
GRY,20060418,0.34,0.345,0.335,0.335,673283
GSA,20060418,1.22,1.235,1.22,1.225,1420590
GSE,20060418,0.041,0.043,0.041,0.041,352365
GTG,20060418,0.355,0.375,0.355,0.365,211498
GTP,20060418,3.95,3.95,3.71,3.83,2016681
GTV,20060418,0.88,0.9,0.815,0.9,123330
GUD,20060418,7.81,7.85,7.75,7.85,78964
GUL,20060418,0.041,0.042,0.041,0.042,293333
GUN,20060418,0.3,0.31,0.29,0.29,189635
GVM,20060418,0.35,0.45,0.35,0.44,358195
GWE,20060418,0.135,0.135,0.135,0.135,30000
GWR,20060418,0.485,0.49,0.47,0.47,50300
GWT,20060418,3.21,3.21,3.19,3.21,928377
GWV,20060418,0.004,0.004,0.004,0.004,15000
GYN,20060418,0.26,0.26,0.26,0.26,15976
HAO,20060418,0.04,0.042,0.039,0.04,512000
HAP,20060418,1.05,1.05,1.035,1.035,38700
HAV,20060418,0.85,0.86,0.805,0.83,71900
HCC,20060418,1.2,1.22,1.2,1.22,27438
HCY,20060418,0.014,0.014,0.013,0.014,448003
HDF,20060418,2.65,2.67,2.65,2.67,305315
HDN,20060418,0.245,0.245,0.245,0.245,3348
HDR,20060418,2.21,2.22,2.19,2.21,3890713
HEG,20060418,0.105,0.14,0.105,0.13,4348612
HER,20060418,1.29,1.35,1.28,1.33,1196535
HGI,20060418,1.97,2.04,1.97,2.02,2524284
HGO,20060418,0.3,0.305,0.29,0.29,513975
HGR,20060418,0.082,0.082,0.08,0.08,277000
HHL,20060418,8.17,8.18,8.09,8.09,4877
HHM,20060418,0.165,0.165,0.16,0.16,20000
HHV,20060418,1.09,1.095,1.08,1.08,446729
HIC,20060418,0.85,0.85,0.845,0.845,90130
HIG,20060418,0.705,0.72,0.69,0.69,3263891
HIL,20060418,4.75,4.81,4.72,4.81,73126
HJB,20060418,0.265,0.265,0.26,0.265,44405
HLD,20060418,0.27,0.285,0.265,0.28,448897
HLS,20060418,0.18,0.185,0.18,0.18,125483
HLT,20060418,0.105,0.105,0.105,0.105,50000
HLX,20060418,0.16,0.16,0.15,0.16,480657
HMC,20060418,0.038,0.038,0.038,0.038,125287
HMR,20060418,1.34,1.4,1.34,1.4,44069
HNG,20060418,2.02,2.02,2.02,2.02,29721
HNR,20060418,0.11,0.115,0.11,0.115,152500
HOM,20060418,0.4,0.4,0.4,0.4,20000
HPX,20060418,1.7,1.7,1.675,1.68,178190
HRD,20060418,0.18,0.185,0.18,0.18,56000
HRR,20060418,0.475,0.48,0.47,0.48,74967
HSK,20060418,0.45,0.455,0.45,0.455,216000
HSP,20060418,3.91,3.91,3.87,3.87,1180709
HST,20060418,1.6,1.64,1.6,1.62,266016
HTA,20060418,0.245,0.25,0.245,0.245,98806
HTE,20060418,0.019,0.019,0.016,0.016,370000
HTM,20060418,0.057,0.057,0.057,0.057,64299
HTW,20060418,1.315,1.33,1.315,1.33,190045
HVN,20060418,3.75,3.97,3.75,3.97,1443222
HWG,20060418,0.23,0.23,0.23,0.23,23000
HWI,20060418,1.84,1.84,1.79,1.8,664583
HYO,20060418,0.07,0.071,0.07,0.071,72000
HZG,20060418,0.06,0.06,0.06,0.06,33383
HZN,20060418,0.205,0.21,0.205,0.21,238782
IAG,20060418,5.6,5.6,5.53,5.6,4859938
IAS,20060418,0.44,0.44,0.4,0.41,132209
IAT,20060418,0.08,0.08,0.08,0.08,20000
IBA,20060418,0.95,0.95,0.91,0.94,840446
IBC,20060418,0.585,0.585,0.585,0.585,16000
IBR,20060418,0.79,0.79,0.775,0.775,194154
IBT,20060418,2.27,2.27,2.24,2.25,102701
ICC,20060418,0.003,0.003,0.002,0.003,5158019
ICD,20060418,0.52,0.52,0.52,0.52,67000
ICE,20060418,0.012,0.012,0.012,0.012,18375
ICH,20060418,0.165,0.165,0.16,0.16,225987
ICN,20060418,0.12,0.12,0.096,0.097,2021305
ICP,20060418,0.048,0.048,0.042,0.043,1234048
IDO,20060418,0.18,0.18,0.18,0.18,163484
IDT,20060418,1.33,1.34,1.3,1.33,20612
IEF,20060418,1.19,1.19,1.19,1.19,44800
IFC,20060418,0.24,0.25,0.24,0.25,22011
IFL,20060418,7.91,8,7.91,8,57352
IFM,20060418,0.62,0.62,0.58,0.6,558509
IGD,20060418,1.235,1.24,1.21,1.21,207363
IGO,20060418,2.7,2.83,2.7,2.83,615066
IGR,20060418,0.24,0.24,0.225,0.225,616427
IHG,20060418,0.26,0.265,0.255,0.265,129406
IIF,20060418,2.22,2.22,2.18,2.22,2685441
ILF,20060418,1.145,1.155,1.14,1.14,24754
ILU,20060418,7.64,7.7,7.55,7.66,1389104
IMA,20060418,0.63,0.63,0.605,0.605,94750
IMD,20060418,0.46,0.47,0.455,0.46,438091
IMF,20060418,0.545,0.555,0.545,0.55,185000
IMI,20060418,0.014,0.014,0.014,0.014,700000
IML,20060418,0.08,0.09,0.08,0.09,768000
IMP,20060418,0.015,0.017,0.014,0.014,28500618
IMU,20060418,0.185,0.185,0.175,0.175,55000
INL,20060418,0.11,0.12,0.105,0.12,5330276
INP,20060418,0.36,0.39,0.36,0.38,240670
INT,20060418,0.06,0.06,0.059,0.059,2035165
IOF,20060418,1.37,1.39,1.37,1.385,8026341
IOH,20060418,1.1,1.1,1.1,1.1,3131
IPA,20060418,0.88,0.88,0.865,0.865,29032
IPE,20060418,0.875,0.885,0.86,0.86,153976
IPG,20060418,2.16,2.2,2.15,2.18,4426338
IPL,20060418,19.75,19.75,19.51,19.7,4325
IPM,20060418,1.5,1.6,1.5,1.56,594872
IPN,20060418,0.125,0.125,0.125,0.125,161397
IRC,20060418,0.085,0.088,0.085,0.088,20000
IRE,20060418,5.5,5.6,5.46,5.6,827065
IRI,20060418,0.475,0.475,0.465,0.465,68556
IRN,20060418,0.785,0.79,0.755,0.76,178754
ISS,20060418,0.2,0.2,0.2,0.2,77500
ITC,20060418,0.097,0.11,0.097,0.1,20203714
ITD,20060418,0.25,0.255,0.25,0.255,47000
ITE,20060418,0.088,0.088,0.088,0.088,119984
ITF,20060418,1.08,1.08,1.06,1.06,29403
IVC,20060418,4.4,4.44,4.33,4.35,85516
IVK,20060418,0.018,0.02,0.017,0.019,6395002
IWF,20060418,1.7,1.75,1.7,1.75,115747
IWL,20060418,4.59,4.59,4.5,4.55,144410
JAG,20060418,0.34,0.345,0.33,0.335,204575
JAK,20060418,0.15,0.15,0.145,0.145,78000
JBH,20060418,4.8,5.09,4.6,5,434064
JBM,20060418,8.18,8.39,8.18,8.3,402415
JET,20060418,1.195,1.195,1.195,1.195,4680
JFM,20060418,1.245,1.255,1.245,1.245,120455
JGL,20060418,0.415,0.415,0.4,0.4,431376
JHX,20060418,9.49,9.55,9.33,9.55,735488
JMB,20060418,2.04,2.04,2.01,2.02,21629
JML,20060418,0.435,0.46,0.43,0.455,1731548
JMS,20060418,0.089,0.092,0.089,0.089,389000
JPR,20060418,0.11,0.13,0.105,0.11,875740
JRL,20060418,0.67,0.67,0.67,0.67,35000
JRV,20060418,0.014,0.016,0.014,0.015,13308280
JST,20060418,3.24,3.27,3.23,3.26,392718
JUI,20060418,1.065,1.075,1.06,1.075,452004
JUM,20060418,0.048,0.049,0.048,0.048,368349
JVG,20060418,0.2,0.2,0.2,0.2,115118
JYC,20060418,1.02,1.02,1.005,1.005,29180
KAL,20060418,0.24,0.25,0.23,0.23,1101313
KAR,20060418,1.77,1.8,1.75,1.75,295963
KCN,20060418,6.11,6.27,6.11,6.26,211566
KDS,20060418,0.88,0.885,0.88,0.885,223736
KHF,20060418,0.8,0.8,0.785,0.8,44000
KIM,20060418,1.745,1.75,1.715,1.73,1021079
KKT,20060418,0.49,0.49,0.49,0.49,20000
KLM,20060418,0.4,0.4,0.4,0.4,50000
KME,20060418,0.91,0.91,0.91,0.91,4900
KMN,20060418,0.27,0.27,0.25,0.255,3542941
KOR,20060418,0.325,0.33,0.32,0.33,168083
KOV,20060418,4.52,4.52,4.52,4.52,10200
KRS,20060418,0.22,0.22,0.215,0.22,304000
KSC,20060418,3.25,3.26,3.2,3.24,47007
KYC,20060418,1.04,1.04,0.98,1,229473
KZL,20060418,4.2,4.43,4.13,4.4,601389
LAF,20060418,0.15,0.15,0.14,0.15,3812773
LAU,20060418,0.2,0.2,0.2,0.2,25000
LBY,20060418,0.165,0.165,0.165,0.165,3600
LCL,20060418,0.59,0.59,0.59,0.59,42000
LCP,20060418,0.625,0.635,0.625,0.635,19242
LCT,20060418,0.195,0.195,0.195,0.195,10000
LDW,20060418,7.7,7.7,7.7,7.7,4839
LEF,20060418,0.285,0.29,0.285,0.285,100000
LEG,20060418,0.055,0.059,0.055,0.059,1311728
LEI,20060418,16.05,17.09,16.01,17.09,539091
LEP,20060418,2.8,2.84,2.75,2.83,16254
LFE,20060418,1.785,1.8,1.75,1.8,213495
LGD,20060418,0.7,0.7,0.68,0.7,75275
LGO,20060418,0.018,0.018,0.018,0.018,350000
LHG,20060418,2.95,2.99,2.93,2.96,12001899
LIM,20060418,6.5,6.5,6.5,6.5,4020
LIO,20060418,0.005,0.005,0.004,0.004,2363500
LIP,20060418,1.4,1.4,1.38,1.39,57500
LKE,20060418,0.115,0.115,0.115,0.115,28000
LKO,20060418,0.019,0.02,0.018,0.019,7330348
LLC,20060418,14.12,14.25,14.03,14.24,616082
LMC,20060418,3.14,3.15,3.14,3.15,8300
LMG,20060418,0.013,0.014,0.012,0.013,7857350
LMW,20060418,0.64,0.64,0.64,0.64,3500
LNG,20060418,0.85,0.85,0.795,0.795,140785
LNN,20060418,8.13,8.4,8.05,8.4,899110
LOD,20060418,0.049,0.054,0.049,0.054,260079
LOK,20060418,6.6,6.6,6.6,6.6,590
LOU,20060418,0.25,0.25,0.25,0.25,26000
LPL,20060418,0.4,0.41,0.4,0.405,80000
LRF,20060418,0.9,0.9,0.895,0.895,92798
LRL,20060418,0.3,0.3,0.3,0.3,39300
LRX,20060418,0.069,0.069,0.067,0.068,285760
LSG,20060418,2.22,2.25,2.22,2.22,240078
LUM,20060418,0.026,0.026,0.026,0.026,220152
LVL,20060418,0.047,0.048,0.047,0.048,14500
LVR,20060418,1.015,1.035,1.01,1.035,418412
LWB,20060418,1.195,1.2,1.195,1.195,12833
LYC,20060418,0.385,0.39,0.35,0.36,1599807
LYL,20060418,3.05,3.1,3.05,3.1,575000
MAA,20060418,0.26,0.26,0.24,0.24,43393
MAE,20060418,0.8,0.8,0.755,0.78,655050
MAG,20060418,2.05,2.15,2.03,2.08,814698
MAH,20060418,0.84,0.85,0.835,0.835,653269
MAL,20060418,0.645,0.645,0.645,0.645,38000
MAP,20060418,3.25,3.26,3.23,3.23,5654275
MAR,20060418,0.155,0.16,0.145,0.16,536533
MBA,20060418,0.105,0.105,0.097,0.097,1674951
MBI,20060418,0.005,0.005,0.005,0.005,850000
MBL,20060418,67.68,68.29,67.68,68.09,658935
MBN,20060418,0.97,0.97,0.96,0.96,50000
MBP,20060418,0.43,0.44,0.43,0.44,82819
MCC,20060418,5.4,5.43,5.29,5.29,526856
MCG,20060418,5.75,5.76,5.65,5.68,1163095
MCK,20060418,1.93,1.93,1.88,1.88,8331
MCL,20060418,0.01,0.01,0.01,0.01,1555560
MCO,20060418,0.245,0.245,0.23,0.23,1022200
MCP,20060418,1.725,1.74,1.725,1.725,85000
MCQ,20060418,3.44,3.49,3.42,3.46,52500
MCR,20060418,0.8,0.8,0.775,0.775,1184652
MCW,20060418,1.93,1.955,1.93,1.945,812042
MDL,20060418,1.855,1.9,1.85,1.85,312153
MDM,20060418,0.135,0.14,0.13,0.14,71837
MDS,20060418,0.093,0.11,0.093,0.11,91890
MDT,20060418,1.205,1.205,1.19,1.2,2772038
MEE,20060418,0.086,0.086,0.083,0.086,345639
MEI,20060418,0.28,0.28,0.275,0.275,20768
MEL,20060418,0.44,0.44,0.41,0.41,200550
MEO,20060418,0.31,0.315,0.29,0.305,283068
MEP,20060418,0.77,0.82,0.77,0.8,120800
MFI,20060418,1.3,1.3,1.3,1.3,3210
MFS,20060418,3.18,3.18,3.15,3.15,123486
MFT,20060418,0.98,0.98,0.97,0.97,18236
MGK,20060418,0.47,0.47,0.455,0.465,64074
MGO,20060418,0.35,0.35,0.34,0.34,145000
MGQ,20060418,5.19,5.22,5.14,5.2,4567371
MGR,20060418,4.2,4.24,4.15,4.21,1497642
MGU,20060418,0.15,0.155,0.15,0.155,40166
MGW,20060418,3.1,3.25,3.1,3.25,325907
MGX,20060418,0.955,0.96,0.925,0.95,2155249
MHL,20060418,0.029,0.03,0.028,0.028,1990000
MIC,20060418,0.049,0.05,0.048,0.05,2524890
MIG,20060418,3.67,3.68,3.63,3.65,32128514
MIK,20060418,0.064,0.064,0.064,0.064,12000
MIR,20060418,1.83,1.83,1.82,1.82,15034
MIS,20060418,0.6,0.615,0.59,0.6,452673
MLB,20060418,1.635,1.66,1.62,1.65,30320
MLE,20060418,2.75,2.8,2.75,2.76,157755
MLI,20060418,0.35,0.35,0.34,0.35,658765
MLT,20060418,21.3,21.45,21.1,21.1,13155
MMA,20060418,0.93,0.94,0.93,0.93,619319
MME,20060418,0.035,0.035,0.035,0.035,5000
MML,20060418,0.71,0.73,0.7,0.7,304893
MMN,20060418,0.44,0.445,0.425,0.43,2094454
MMS,20060418,2.87,2.87,2.87,2.87,2000
MMX,20060418,0.46,0.465,0.46,0.465,753005
MMZ,20060418,0.675,0.69,0.675,0.69,30000
MND,20060418,6.46,6.69,6.45,6.61,100310
MOC,20060418,2.48,2.48,2.47,2.47,70140
MOE,20060418,1.365,1.45,1.365,1.42,480669
MOF,20060418,1.365,1.38,1.35,1.375,4276667
MOG,20060418,0.097,0.098,0.097,0.098,163000
MOL,20060418,1.43,1.46,1.4,1.42,95936
MOO,20060418,0.36,0.365,0.36,0.36,20336
MOS,20060418,0.18,0.185,0.175,0.18,938996
MOX,20060418,0.24,0.255,0.24,0.24,91490
MPB,20060418,5.5,5.5,5.4,5.4,6000
MPD,20060418,0.057,0.057,0.057,0.057,25000
MPF,20060418,1.15,1.15,1.15,1.15,3982
MPH,20060418,0.27,0.28,0.265,0.28,212372
MPI,20060418,0.06,0.06,0.06,0.06,315000
MPO,20060418,0.044,0.045,0.044,0.045,95000
MPR,20060418,1.23,1.23,1.2,1.225,1937344
MPS,20060418,1.05,1.05,1.04,1.04,252614
MPY,20060418,0.91,0.91,0.91,0.91,646
MRA,20060418,0.97,0.975,0.955,0.975,93800
MRC,20060418,0.245,0.275,0.245,0.275,105000
MRE,20060418,2.55,2.55,2.47,2.5,4129988
MRI,20060418,0.195,0.195,0.19,0.19,124000
MRL,20060418,1.62,1.63,1.62,1.63,208936
MRM,20060418,0.41,0.41,0.4,0.4,254500
MRN,20060418,1.3,1.3,1.3,1.3,3500
MRO,20060418,1.08,1.1,1.08,1.095,27670
MRS,20060418,0.35,0.355,0.335,0.335,271875
MRX,20060418,0.093,0.094,0.091,0.093,1805564
MRY,20060418,0.009,0.009,0.008,0.009,138000
MSB,20060418,1.73,1.77,1.67,1.68,102790
MSC,20060418,0.022,0.022,0.021,0.021,620101
MSO,20060418,0.06,0.06,0.06,0.06,50000
MST,20060418,0.2,0.205,0.2,0.2,202127
MSX,20060418,1.55,1.55,1.55,1.55,16850
MTB,20060418,0.088,0.094,0.088,0.093,1290825
MTH,20060418,0.32,0.32,0.32,0.32,13200
MTI,20060418,0.29,0.29,0.29,0.29,2000
MTN,20060418,1.11,1.19,1.11,1.18,356230
MTR,20060418,0.135,0.14,0.13,0.135,797534
MTS,20060418,4.42,4.48,4.41,4.44,2906063
MTU,20060418,0.26,0.275,0.26,0.26,135000
MTX,20060418,1.01,1.01,0.995,1,40247
MTY,20060418,0.37,0.37,0.37,0.37,2500
MUL,20060418,0.01,0.01,0.01,0.01,2061616
MUR,20060418,0.091,0.092,0.09,0.091,1747593
MVP,20060418,0.38,0.38,0.38,0.38,2816
MWE,20060418,0.091,0.105,0.091,0.105,2153388
MWR,20060418,0.046,0.046,0.046,0.046,205208
MXG,20060418,2.98,3.05,2.98,3.04,2795544
MXI,20060418,0.88,0.89,0.87,0.89,225690
MXL,20060418,0.11,0.115,0.11,0.11,444000
MXR,20060418,0.2,0.21,0.195,0.2,380600
MYO,20060418,0.99,0.99,0.98,0.98,322348
MYP,20060418,2.97,3.07,2.96,3.02,2593598
NAB,20060418,36.74,36.99,36.51,36.99,3232842
NAD,20060418,0.055,0.055,0.052,0.052,2963854
NAL,20060418,0.345,0.345,0.33,0.34,116650
NAM,20060418,0.67,0.68,0.67,0.68,62835
NAV,20060418,0.2,0.24,0.195,0.22,1272689
NBL,20060418,4.08,4.08,4.05,4.05,5000
NCI,20060418,1.66,1.66,1.66,1.66,1000
NCK,20060418,1.67,1.67,1.67,1.67,6000
NCM,20060418,23,23.13,22.8,22.86,2174852
NDC,20060418,0.081,0.085,0.081,0.085,2792054
NDL,20060418,0.16,0.165,0.16,0.165,60000
NDO,20060418,0.17,0.19,0.17,0.19,7368758
NEC,20060418,0.365,0.365,0.365,0.365,160
NEL,20060418,1.73,1.73,1.65,1.66,20121
NEM,20060418,7.54,7.6,7.53,7.54,163937
NEO,20060418,0.03,0.03,0.028,0.028,8512357
NEU,20060418,0.58,0.59,0.57,0.585,39753
NGF,20060418,0.175,0.175,0.16,0.175,208362
NGM,20060418,0.15,0.155,0.15,0.155,639450
NHC,20060418,1.34,1.345,1.31,1.34,180138
NHM,20060418,0.006,0.006,0.006,0.006,592157
NHR,20060418,1.75,1.75,1.75,1.75,14202
NIA,20060418,0.415,0.415,0.355,0.4,7311200
NKL,20060418,0.14,0.15,0.14,0.15,1281704
NKP,20060418,0.7,0.7,0.7,0.7,20000
NLG,20060418,0.41,0.41,0.4,0.41,70837
NLS,20060418,0.12,0.12,0.11,0.11,76540
NLX,20060418,0.115,0.115,0.11,0.11,1438812
NMB,20060418,0.019,0.02,0.018,0.02,889000
NMC,20060418,0.097,0.1,0.096,0.096,4294500
NMS,20060418,0.495,0.5,0.495,0.5,59658
NOP,20060418,0.072,0.072,0.072,0.072,302000
NPX,20060418,5.25,5.25,5.22,5.25,2345
NRL,20060418,0.067,0.067,0.067,0.067,160
NRT,20060418,3.61,3.77,3.6,3.77,89382
NSA,20060418,0.04,0.04,0.04,0.04,65000
NST,20060418,0.135,0.135,0.135,0.135,10000
NSX,20060418,0.91,0.92,0.9,0.92,26630
NTC,20060418,0.115,0.12,0.105,0.105,64000
NUF,20060418,10.88,10.95,10.81,10.95,201430
NWA,20060418,0.046,0.047,0.046,0.047,138000
NWE,20060418,0.098,0.1,0.095,0.095,837909
NWR,20060418,0.255,0.265,0.245,0.26,410010
NWS,20060418,24.4,24.4,24.15,24.23,1223975
NXS,20060418,0.71,0.72,0.7,0.705,2665645
NZO,20060418,0.82,0.83,0.82,0.83,24000
OBJ,20060418,0.073,0.077,0.071,0.077,604500
ODY,20060418,0.595,0.595,0.59,0.59,25000
OEC,20060418,0.095,0.096,0.095,0.095,180064
OEL,20060418,0.18,0.19,0.18,0.185,211711
OEX,20060418,0.91,0.95,0.895,0.9,650287
OFM,20060418,2.3,2.3,2.29,2.29,16340
OGD,20060418,0.76,0.79,0.76,0.77,1481221
OIL,20060418,0.485,0.55,0.485,0.535,563432
OKN,20060418,3.37,3.48,3.37,3.4,115626
OLE,20060418,0.042,0.042,0.042,0.042,100000
OLY,20060418,0.215,0.215,0.2,0.21,106042
OMC,20060418,0.56,0.6,0.56,0.57,874299
OMH,20060418,1.05,1.05,1.025,1.05,272532
OMP,20060418,3.19,3.25,3.19,3.25,326708
ONQ,20060418,0.42,0.475,0.42,0.475,2833
OPC,20060418,0.11,0.115,0.105,0.115,463153
OPI,20060418,0.055,0.055,0.055,0.055,6231
OPL,20060418,0.765,0.785,0.76,0.765,591675
ORC,20060418,0.043,0.043,0.043,0.043,16000
ORD,20060418,0.155,0.155,0.155,0.155,30000
ORG,20060418,7.22,7.22,7.03,7.05,4404442
ORI,20060418,23.96,24.35,23.96,24.28,805404
ORL,20060418,2.13,2.13,2.13,2.13,8000
ORO,20060418,0.033,0.033,0.033,0.033,100000
ORP,20060418,0.145,0.15,0.145,0.145,219903
ORT,20060418,0.105,0.105,0.097,0.097,226400
OSH,20060418,4.21,4.36,4.2,4.3,9195367
OST,20060418,3.82,3.94,3.82,3.9,2818682
OTL,20060418,0.145,0.145,0.14,0.14,338934
OTT,20060418,0.155,0.155,0.155,0.155,3300
OXR,20060418,2.86,2.87,2.81,2.85,9189708
PAA,20060418,0.205,0.21,0.205,0.21,243085
PAY,20060418,3.3,3.3,3.3,3.3,700
PBA,20060418,0.8,0.8,0.8,0.8,65
PBB,20060418,2.63,2.71,2.62,2.65,304191
PBD,20060418,2.09,2.09,2.06,2.08,39088
PBG,20060418,2.34,2.35,2.31,2.33,1926913
PBI,20060418,0.23,0.235,0.22,0.235,318000
PBL,20060418,18.3,18.31,17.96,18.1,1029968
PBT,20060418,0.225,0.225,0.21,0.21,24450
PCC,20060418,0.06,0.061,0.06,0.061,158933
PCG,20060418,0.925,0.94,0.92,0.93,801226
PCL,20060418,0.07,0.071,0.066,0.066,407512
PDL,20060418,2.08,2.08,2.07,2.07,28936
PDM,20060418,0.082,0.09,0.082,0.09,123000
PDN,20060418,4.87,4.94,4.86,4.92,2115933
PDO,20060418,0.92,0.93,0.9,0.9,76345
PDZ,20060418,0.455,0.455,0.43,0.43,42472
PEA,20060418,0.4,0.4,0.4,0.4,29858
PEL,20060418,0.077,0.077,0.072,0.072,795000
PEM,20060418,2.99,3.19,2.99,3.19,1241961
PEN,20060418,0.036,0.036,0.034,0.034,3069223
PEO,20060418,0.093,0.095,0.093,0.095,147250
PEP,20060418,0.86,0.87,0.805,0.815,321947
PET,20060418,0.9,0.9,0.9,0.9,7000
PGL,20060418,3.34,3.34,3.15,3.25,31159
PGN,20060418,0.87,0.87,0.87,0.87,2500
PGS,20060418,0.38,0.38,0.38,0.38,27100
PHK,20060418,0.17,0.17,0.165,0.165,58016
PIE,20060418,0.014,0.014,0.014,0.014,500000
PIO,20060418,0.17,0.17,0.16,0.16,148125
PLA,20060418,0.92,0.95,0.9,0.915,608175
PLF,20060418,1.055,1.055,1.05,1.05,164950
PLT,20060418,0.044,0.044,0.043,0.043,92410
PMA,20060418,2.61,2.61,2.45,2.45,29744
PMC,20060418,2.15,2.19,2.14,2.18,259589
PME,20060418,1.52,1.56,1.52,1.54,256171
PMH,20060418,0.285,0.335,0.28,0.33,777371
PMM,20060418,5.95,6,5.95,6,32939
PMN,20060418,5.4,5.5,5.4,5.5,3346352
PMP,20060418,1.48,1.52,1.48,1.52,413789
PMV,20060418,4.54,4.54,4.41,4.54,2300
PNA,20060418,0.295,0.3,0.29,0.295,3828238
PNN,20060418,0.46,0.46,0.445,0.445,171752
PNO,20060418,0.049,0.053,0.049,0.052,3239092
PNW,20060418,0.032,0.032,0.032,0.032,537646
POH,20060418,0.23,0.23,0.225,0.225,58789
POL,20060418,0.195,0.195,0.19,0.19,200000
PPC,20060418,3.2,3.2,3.13,3.13,45125
PPD,20060418,0.27,0.27,0.255,0.26,159148
PPG,20060418,0.35,0.35,0.35,0.35,25949
PPK,20060418,0.82,0.82,0.81,0.81,11800
PPN,20060418,0.15,0.15,0.15,0.15,1000
PPP,20060418,0.12,0.12,0.115,0.115,1276309
PPR,20060418,1.45,1.48,1.45,1.45,417517
PPT,20060418,69,70.38,68.32,70.1,88319
PPX,20060418,3.52,3.54,3.45,3.49,947896
PPY,20060418,0.37,0.38,0.37,0.38,10000
PQB,20060418,0.365,0.385,0.355,0.37,233388
PRE,20060418,0.034,0.034,0.032,0.032,4797402
PRG,20060418,3.6,3.6,3.52,3.55,170956
PRK,20060418,8.75,8.8,8.6,8.61,20106282
PRM,20060418,0.03,0.034,0.03,0.034,100000
PRR,20060418,0.079,0.079,0.079,0.079,2000
PRT,20060418,3.5,3.5,3.5,3.5,1900
PRU,20060418,0.53,0.56,0.53,0.55,116200
PRV,20060418,1.035,1.04,1.02,1.025,241901
PRY,20060418,12,12,11.61,11.8,55265
PRZ,20060418,0.22,0.22,0.22,0.22,48768
PSA,20060418,2.37,2.59,2.37,2.59,1030210
PSD,20060418,0.68,0.705,0.68,0.69,123148
PSG,20060418,0.026,0.026,0.024,0.025,289168
PSH,20060418,2.26,2.26,2.24,2.26,113366
PSV,20060418,0.42,0.44,0.42,0.42,4721488
PTD,20060418,1.415,1.435,1.405,1.42,538924
PTR,20060418,0.27,0.27,0.27,0.27,9410
PTS,20060418,0.13,0.13,0.125,0.13,230000
PVE,20060418,1.71,1.75,1.71,1.75,23450
PWK,20060418,2.2,2.2,2.2,2.2,100
PWR,20060418,0.54,0.55,0.54,0.545,12377
PWT,20060418,1.16,1.16,1.16,1.16,23557
PXL,20060418,0.395,0.4,0.39,0.4,66200
PXS,20060418,2.39,2.41,2.31,2.41,90395
PYC,20060418,0.62,0.62,0.59,0.6,270686
QAD,20060418,0.053,0.055,0.052,0.055,1200000
QAN,20060418,3.4,3.41,3.36,3.39,11797393
QBE,20060418,22.98,23.22,22.72,23,2940748
QCH,20060418,4.27,4.27,4.26,4.27,10750
QFX,20060418,0.14,0.14,0.14,0.14,10000
QGC,20060418,0.725,0.735,0.705,0.715,1133124
QHL,20060418,0.21,0.215,0.21,0.215,551027
QMG,20060418,0.57,0.57,0.57,0.57,37000
QML,20060418,0.125,0.125,0.125,0.125,10000
QMT,20060418,2.41,2.41,2.38,2.38,37530
QOL,20060418,0.25,0.25,0.23,0.23,482590
QPX,20060418,0.17,0.17,0.17,0.17,150000
QRS,20060418,0.06,0.06,0.059,0.06,185000
QTK,20060418,0.18,0.18,0.16,0.16,203196
QTM,20060418,0.082,0.082,0.082,0.082,50000
QUR,20060418,0.056,0.057,0.055,0.055,752765
QXQ,20060418,0.026,0.026,0.026,0.026,25000
RAT,20060418,1.045,1.045,1.04,1.04,875321
RAU,20060418,0.093,0.099,0.093,0.099,319309
RAW,20060418,0.155,0.155,0.155,0.155,10000
RBH,20060418,0.06,0.06,0.06,0.06,55000
RBM,20060418,0.135,0.135,0.135,0.135,79946
RBS,20060418,2.47,2.48,2.47,2.48,87150
RBY,20060418,0.031,0.032,0.031,0.032,461000
RCD,20060418,10.3,10.59,10.28,10.55,561797
RCG,20060418,0.165,0.17,0.155,0.16,102000
RCI,20060418,0.2,0.2,0.195,0.195,219250
RCL,20060418,2.26,2.27,2.24,2.27,237876
RCR,20060418,2.04,2.05,2.03,2.03,80221
RCT,20060418,3.46,3.46,3.39,3.39,4539
RDF,20060418,2.25,2.36,2.25,2.36,58489
RDM,20060418,0.3,0.305,0.3,0.305,274000
RDR,20060418,0.35,0.375,0.35,0.375,308860
REA,20060418,3.61,3.63,3.61,3.63,1000
REB,20060418,3.65,3.7,3.65,3.68,234186
RED,20060418,0.115,0.12,0.115,0.115,1544868
REF,20060418,1.88,1.9,1.88,1.9,145684
REH,20060418,15.2,15.2,15.2,15.2,500
RER,20060418,0.185,0.185,0.185,0.185,22710
REU,20060418,1.005,1.005,0.995,1,749154
REX,20060418,1.05,1.05,1.05,1.05,13000
RFE,20060418,0.235,0.235,0.23,0.23,55000
RGP,20060418,0.22,0.22,0.215,0.215,95000
RHC,20060418,10.6,10.8,10.41,10.77,325077
RHD,20060418,0.505,0.51,0.505,0.505,34000
RHI,20060418,0.64,0.7,0.63,0.67,171539
RHL,20060418,4,4,4,4,10
RHT,20060418,0.053,0.055,0.051,0.051,1166301
RIC,20060418,1.25,1.25,1.235,1.24,1872583
RIM,20060418,0.05,0.054,0.05,0.054,852117
RIN,20060418,21.19,21.2,20.86,21.19,2703714
RIO,20060418,84,84.19,83.06,83.06,1752827
RIS,20060418,0.2,0.2,0.2,0.2,5970
RIV,20060418,1.15,1.185,1.15,1.18,69350
RKN,20060418,0.87,0.87,0.865,0.865,110680
RMA,20060418,0.2,0.2,0.2,0.2,2500
RMC,20060418,0.04,0.04,0.04,0.04,7000
RMD,20060418,5.71,5.8,5.69,5.78,830443
RMI,20060418,0.06,0.062,0.059,0.059,1963467
RML,20060418,0.155,0.16,0.15,0.155,365833
RMS,20060418,0.145,0.145,0.14,0.14,50000
RNC,20060418,0.35,0.35,0.31,0.31,579215
RNG,20060418,0.14,0.145,0.13,0.145,554500
ROC,20060418,3.23,3.24,3.21,3.22,1299214
ROK,20060418,4.72,4.73,4.72,4.73,4577
ROY,20060418,0.28,0.29,0.27,0.27,450072
RPC,20060418,0.6,0.6,0.585,0.595,118017
RPG,20060418,0.85,0.85,0.85,0.85,21499
RPM,20060418,0.093,0.1,0.09,0.09,1358830
RPT,20060418,0.125,0.14,0.125,0.14,13539562
RRL,20060418,0.13,0.135,0.13,0.13,1565585
RRT,20060418,0.97,0.975,0.955,0.955,76210
RSG,20060418,1.75,1.8,1.75,1.79,776371
RSN,20060418,0.34,0.34,0.33,0.33,1140305
RSP,20060418,1.14,1.15,1.14,1.145,27845
RTL,20060418,0.2,0.2,0.2,0.2,69000
RTM,20060418,0.03,0.03,0.03,0.03,244500
RUP,20060418,11.37,11.46,11.33,11.38,52955
RUR,20060418,0.215,0.23,0.215,0.23,70969
RVR,20060418,0.165,0.165,0.14,0.14,64000
RWD,20060418,0.19,0.19,0.19,0.19,13000
RXL,20060418,0.215,0.22,0.215,0.215,110000
SAE,20060418,0.74,0.75,0.725,0.735,1087472
SAF,20060418,0.08,0.08,0.069,0.069,142200
SAI,20060418,3.12,3.13,3.08,3.1,275026
SAQ,20060418,6.54,6.54,6.54,6.54,500
SAR,20060418,0.39,0.39,0.39,0.39,160000
SAU,20060418,0.35,0.35,0.33,0.345,207805
SAX,20060418,0.11,0.11,0.11,0.11,2000
SBC,20060418,11.85,11.98,11.76,11.98,73768
SBM,20060418,0.68,0.695,0.68,0.685,3015696
SBP,20060418,0.089,0.089,0.086,0.086,298000
SBR,20060418,0.12,0.12,0.12,0.12,30000
SBS,20060418,0.088,0.089,0.088,0.088,1246642
SCD,20060418,0.042,0.042,0.042,0.042,7000
SCE,20060418,0.019,0.019,0.019,0.019,500000
SCF,20060418,109.85,109.85,109.45,109.45,1445
SCX,20060418,0.06,0.06,0.06,0.06,40000
SDG,20060418,2.09,2.09,2.07,2.09,428437
SDI,20060418,0.77,0.78,0.76,0.775,108972
SDL,20060418,0.086,0.087,0.082,0.087,4624871
SDS,20060418,1.12,1.12,1.12,1.12,116000
SEA,20060418,0.46,0.46,0.46,0.46,15000
SED,20060418,0.235,0.24,0.23,0.23,1051010
SEE,20060418,0.054,0.054,0.051,0.053,153127
SEG,20060418,0.75,0.75,0.75,0.75,4000
SEK,20060418,3.82,3.98,3.82,3.97,510689
SEL,20060418,3.78,3.78,3.72,3.73,402475
SEM,20060418,7.68,7.8,7.68,7.8,39150
SEN,20060418,0.515,0.515,0.48,0.485,2896209
SEV,20060418,9.11,9.48,9.01,9.39,181719
SFC,20060418,4.65,4.72,4.65,4.72,17543
SFE,20060418,16.03,16.27,16.02,16.1,706020
SFP,20060418,0.165,0.165,0.165,0.165,14148
SFR,20060418,0.29,0.315,0.28,0.3,2646909
SFY,20060418,51,51,51,51,300
SGB,20060418,30.15,30.7,30.12,30.65,951692
SGL,20060418,0.36,0.365,0.35,0.35,635614
SGM,20060418,18,18.2,18,18.2,146123
SGN,20060418,3.34,3.34,3.29,3.32,444385
SGP,20060418,6.8,6.81,6.73,6.78,5367184
SGT,20060418,2.27,2.28,2.26,2.27,3960462
SGV,20060418,0.059,0.059,0.059,0.059,80000
SGX,20060418,4.26,4.85,4.26,4.61,691456
SHC,20060418,0.215,0.225,0.215,0.225,30000
SHG,20060418,0.395,0.4,0.395,0.4,279225
SHL,20060418,15.4,15.5,15.17,15.5,406644
SHN,20060418,0.11,0.125,0.11,0.125,38070709
SHV,20060418,14.2,14.25,14.15,14.25,20266
SIE,20060418,0.067,0.07,0.067,0.07,155000
SIM,20060418,0.35,0.37,0.34,0.365,152450
SIP,20060418,2.64,2.73,2.64,2.72,1283914
SIU,20060418,0.043,0.043,0.043,0.043,62000
SKC,20060418,4.53,4.58,4.53,4.56,1801528
SKE,20060418,4.37,4.49,4.37,4.4,34974
SKW,20060418,0.225,0.225,0.225,0.225,125600
SLA,20060418,0.19,0.19,0.19,0.19,91895
SLD,20060418,0.17,0.2,0.17,0.2,40209
SLF,20060418,18.3,18.39,18.29,18.38,4264
SLM,20060418,4.32,4.32,4.2,4.22,110696
SLT,20060418,0.081,0.081,0.081,0.081,162500
SLV,20060418,0.9,0.9,0.89,0.895,613694
SLX,20060418,3.58,3.6,3.52,3.52,95610
SMA,20060418,0.03,0.03,0.029,0.029,280000
SMC,20060418,0.18,0.19,0.18,0.19,786000
SML,20060418,0.044,0.044,0.043,0.043,201813
SMM,20060418,1.57,1.615,1.56,1.565,1144765
SMN,20060418,0.105,0.105,0.105,0.105,10000
SMO,20060418,0.096,0.098,0.095,0.098,7172527
SMX,20060418,2.65,2.8,2.65,2.77,136545
SMY,20060418,1.19,1.21,1.14,1.145,977727
SNF,20060418,0.37,0.37,0.36,0.37,50000
SNN,20060418,0.083,0.09,0.083,0.09,129583
SNO,20060418,0.5,0.5,0.5,0.5,1000
SOE,20060418,0.215,0.215,0.21,0.21,1034956
SOL,20060418,8.95,8.98,8.92,8.95,133118
SOM,20060418,0.12,0.12,0.12,0.12,10000
SOO,20060418,0.23,0.25,0.225,0.25,79146
SOT,20060418,0.87,0.89,0.87,0.89,685971
SPD,20060418,0.25,0.25,0.225,0.225,118960
SPH,20060418,1.18,1.18,1.15,1.16,93435
SPL,20060418,0.5,0.515,0.48,0.5,277900
SPN,20060418,1.29,1.305,1.29,1.3,2086774
SPT,20060418,5.08,5.08,4.97,5.02,452862
SRA,20060418,0.038,0.039,0.037,0.038,705000
SRH,20060418,1.17,1.195,1.17,1.195,15000
SRI,20060418,0.065,0.066,0.061,0.066,1387532
SRK,20060418,0.305,0.305,0.29,0.3,257400
SRL,20060418,3.78,3.83,3.78,3.8,135451
SRV,20060418,5.2,5.32,5.18,5.2,48734
SRX,20060418,2.98,2.99,2.85,2.85,10243
SRZ,20060418,0.53,0.54,0.455,0.465,1088723
SSI,20060418,4.7,4.7,4.6,4.69,19368
SSN,20060418,0.445,0.46,0.43,0.45,339170
SSX,20060418,1.48,1.495,1.48,1.49,1754403
STB,20060418,0.125,0.13,0.125,0.13,20000
STE,20060418,0.089,0.089,0.088,0.088,103972
STI,20060418,0.125,0.13,0.125,0.125,185000
STO,20060418,12.1,12.34,12.07,12.33,3333190
STP,20060418,0.1,0.1,0.095,0.097,151000
STR,20060418,0.36,0.36,0.34,0.34,57350
STS,20060418,1.005,1.005,1,1,133797
STU,20060418,1.73,1.75,1.67,1.69,185251
STV,20060418,10.14,10.14,10.14,10.14,1446
STW,20060418,52.19,52.44,52.16,52.41,8846
STX,20060418,0.345,0.37,0.345,0.37,982254
SUL,20060418,2.39,2.42,2.39,2.41,112618
SUN,20060418,19.63,19.86,19.57,19.86,3924339
SUR,20060418,0.135,0.145,0.135,0.145,549232
SVS,20060418,0.75,0.75,0.75,0.75,2000
SWG,20060418,0.021,0.021,0.017,0.017,542000
SYB,20060418,3.5,3.54,3.43,3.54,1831541
SYM,20060418,1.165,1.19,1.16,1.19,74858
SYN,20060418,3.25,3.25,3.25,3.25,14900
SYP,20060418,0.11,0.11,0.11,0.11,76867
TAA,20060418,0.06,0.06,0.059,0.06,1512755
TAH,20060418,15.82,15.82,15.6,15.65,930028
TAM,20060418,0.3,0.31,0.295,0.3,3672770
TAN,20060418,1.01,1.1,1.01,1.1,8500
TAP,20060418,2.35,2.47,2.31,2.45,6068194
TAS,20060418,0.145,0.15,0.145,0.15,192245
TAW,20060418,0.34,0.34,0.34,0.34,27208
TBC,20060418,0.395,0.4,0.395,0.395,141388
TBG,20060418,1.54,1.54,1.5,1.52,32000
TBR,20060418,0.8,0.8,0.8,0.8,9500
TCI,20060418,1.37,1.37,1.08,1.1,3747244
TCL,20060418,6.76,6.79,6.74,6.79,3975025
TCQ,20060418,1.26,1.26,1.25,1.25,299900
TDR,20060418,0.023,0.024,0.023,0.024,15411
TEE,20060418,0.036,0.037,0.035,0.037,648478
TEL,20060418,4.82,4.82,4.77,4.78,4082446
TEN,20060418,2.95,2.96,2.91,2.96,703051
TFC,20060418,0.46,0.49,0.46,0.49,130000
TFE,20060418,0.42,0.42,0.41,0.41,403500
TGD,20060418,0.18,0.19,0.16,0.18,277561
TGF,20060418,0.32,0.32,0.31,0.31,159000
TGG,20060418,1.61,1.63,1.6,1.62,50769
TGP,20060418,2.43,2.45,2.43,2.45,14253
TGR,20060418,1.185,1.185,1.175,1.18,27225
TGS,20060418,0.41,0.41,0.41,0.41,3880
THG,20060418,0.78,0.78,0.78,0.78,10000
THK,20060418,0.745,0.745,0.68,0.71,140435
THO,20060418,0.65,0.65,0.65,0.65,50000
THX,20060418,0.21,0.215,0.195,0.195,134649
TIM,20060418,3.33,3.35,3.3,3.32,802878
TIR,20060418,0.073,0.073,0.073,0.073,278750
TIS,20060418,0.63,0.63,0.63,0.63,800
TKG,20060418,0.018,0.018,0.016,0.017,22689542
TKL,20060418,0.16,0.16,0.15,0.15,30000
TKR,20060418,1.2,1.2,1.2,1.2,10000
TLC,20060418,0.19,0.2,0.19,0.195,740627
TLM,20060418,0.2,0.2,0.2,0.2,40000
TLS,20060418,3.68,3.7,3.66,3.67,25192299
TLT,20060418,1.105,1.105,1.1,1.1,26000
TLZ,20060418,0.28,0.3,0.28,0.3,90000
TMO,20060418,0.275,0.28,0.27,0.27,89500
TMX,20060418,0.205,0.21,0.195,0.195,264450
TNE,20060418,0.665,0.665,0.655,0.655,293565
TNG,20060418,0.27,0.3,0.26,0.27,204912
TNL,20060418,0.365,0.365,0.365,0.365,20000
TNS,20060418,4.99,5,4.92,5,170112
TOE,20060418,1.15,1.15,1.025,1.07,2464763
TOL,20060418,14.52,14.78,14.33,14.33,11187603
TOX,20060418,0.135,0.14,0.135,0.135,750586
TPI,20060418,8.67,8.8,8.62,8.7,338994
TPX,20060418,6.72,6.72,6.7,6.7,1100
TQH,20060418,0.23,0.25,0.22,0.25,83837
TRG,20060418,11.9,12.05,11.9,12.05,27380
TRO,20060418,0.205,0.205,0.19,0.19,147100
TRS,20060418,5.75,5.75,5.7,5.7,9975
TRU,20060418,10.5,10.95,10.5,10.95,18803
TRY,20060418,3.19,3.2,3.17,3.17,31400
TSE,20060418,7.5,7.63,7.49,7.59,298006
TSO,20060418,2.23,2.28,2.23,2.28,1637185
TSR,20060418,0.05,0.055,0.05,0.05,64455
TTI,20060418,0.275,0.275,0.27,0.27,83673
TTR,20060418,0.19,0.2,0.185,0.195,1019670
TTS,20060418,3.22,3.26,3.22,3.26,1285449
TTT,20060418,0.48,0.48,0.475,0.475,830700
TTV,20060418,0.46,0.46,0.45,0.45,41500
TVL,20060418,0.185,0.195,0.185,0.195,15000
TWD,20060418,1.54,1.54,1.54,1.54,282
TWO,20060418,1.26,1.26,1.26,1.26,1000
TWR,20060418,2.12,2.17,2.12,2.17,629819
TYC,20060418,1.38,1.385,1.38,1.385,687590
TZL,20060418,0.62,0.63,0.61,0.61,272000
TZN,20060418,1.075,1.25,1.075,1.2,1192836
UCL,20060418,0.07,0.071,0.069,0.071,1506283
UCW,20060418,1.63,1.63,1.63,1.63,3500
UGL,20060418,13.5,13.75,13.43,13.68,562688
UKD,20060418,0.16,0.16,0.16,0.16,172000
UNI,20060418,0.225,0.255,0.225,0.25,587341
UNW,20060418,0.37,0.375,0.34,0.35,773935
UNX,20060418,0.91,0.91,0.84,0.86,905335
URL,20060418,0.17,0.17,0.155,0.16,1199111
UTB,20060418,14.9,14.98,14.5,14.9,241199
UXA,20060418,0.435,0.455,0.405,0.405,723533
UXC,20060418,1.065,1.07,1.05,1.055,142213
VBA,20060418,1.9,1.91,1.88,1.88,125069
VCM,20060418,1.29,1.29,1.26,1.26,13565
VCN,20060418,0.295,0.295,0.29,0.29,22000
VCR,20060418,0.9,0.935,0.885,0.935,1512608
VGH,20060418,4.22,4.3,4.22,4.26,207570
VGL,20060418,1.125,1.13,1.125,1.13,80300
VGP,20060418,0.425,0.43,0.425,0.425,74500
VHL,20060418,0.11,0.11,0.105,0.105,33500
VIP,20060418,0.4,0.42,0.38,0.42,3500
VIR,20060418,1,1,0.995,0.995,143774
VKI,20060418,0.64,0.645,0.64,0.645,12020
VLL,20060418,0.275,0.28,0.25,0.255,548200
VMG,20060418,1.755,1.76,1.755,1.76,9000
VML,20060418,0.165,0.165,0.16,0.16,143000
VPE,20060418,0.031,0.032,0.03,0.031,14255339
VPG,20060418,1.325,1.33,1.305,1.32,708308
VPH,20060418,0.45,0.45,0.45,0.45,84000
VRE,20060418,0.25,0.25,0.245,0.245,897981
VRL,20060418,2.25,2.25,2.16,2.19,53321
VSG,20060418,0.026,0.027,0.026,0.027,812236
VSL,20060418,1.91,1.95,1.9,1.94,1049563
VTP,20060418,1.175,1.175,1.16,1.17,57232
VUL,20060418,1.49,1.5,1.325,1.34,253964
VWD,20060418,1.54,1.6,1.54,1.58,268225
VXS,20060418,0.018,0.02,0.018,0.02,226000
WAB,20060418,1.06,1.06,1.055,1.06,50474
WAL,20060418,0.165,0.165,0.165,0.165,5000
WAM,20060418,1.62,1.63,1.575,1.58,161090
WAN,20060418,7.78,7.93,7.76,7.86,646501
WAS,20060418,0.028,0.037,0.026,0.027,8155240
WAT,20060418,3.08,3.08,3.08,3.08,19705
WBA,20060418,0.74,0.74,0.74,0.74,33774
WBC,20060418,24.68,24.86,24.51,24.65,6308220
WCB,20060418,3.85,3.85,3.81,3.81,4554
WCG,20060418,1.21,1.21,1.2,1.2,29498
WCP,20060418,0.155,0.155,0.15,0.155,338270
WDC,20060418,16.99,16.99,16.87,16.9,4449942
WEB,20060418,0.345,0.355,0.34,0.34,531085
WES,20060418,36.4,36.4,36.07,36.16,8370776
WEZ,20060418,0.19,0.2,0.185,0.19,614389
WFL,20060418,1.9,1.9,1.9,1.9,25900
WGR,20060418,0.16,0.18,0.16,0.18,118250
WHF,20060418,4,4,4,4,15861
WHG,20060418,5.73,5.75,5.7,5.72,81216
WHS,20060418,3.18,3.18,3.18,3.18,1028
WIL,20060418,0.945,0.95,0.94,0.95,214149
WLL,20060418,1.75,1.77,1.75,1.77,2301
WLS,20060418,1.02,1.03,1.02,1.03,34559
WMG,20060418,0.071,0.071,0.071,0.071,82000
WMT,20060418,0.035,0.038,0.032,0.036,5663126
WNZ,20060418,7.28,7.28,7.28,7.28,68
WOR,20060418,18.59,19.35,18.59,19.25,573358
WOW,20060418,18.68,19.09,18.65,19.01,3633095
WPG,20060418,0.245,0.245,0.23,0.23,134000
WPL,20060418,48,48.8,47.83,48.5,1625718
WRF,20060418,0.44,0.48,0.44,0.48,112439
WSA,20060418,2.15,2.18,2.13,2.18,474755
WSP,20060418,0.2,0.21,0.19,0.19,403250
WSS,20060418,0.091,0.091,0.091,0.091,39000
WST,20060418,0.47,0.47,0.47,0.47,80000
WTE,20060418,0.035,0.036,0.034,0.036,2627000
WTP,20060418,2.59,2.6,2.52,2.52,11200
WWA,20060418,1.15,1.15,1.15,1.15,23500
WWM,20060418,0.024,0.025,0.023,0.024,1750000
WYL,20060418,3.33,3.4,3.24,3.33,318106
XAO,20060418,5132.3,5201.5,5132.3,5200.3,0
XBL,20060418,0.24,0.24,0.23,0.23,139094
XBW,20060418,394.24,394.24,394.24,394.24,0
XDJ,20060418,2378.1,2393.2,2376.8,2391.7,0
XEJ,20060418,12572.3,12975.4,12572.3,12933,0
XEN,20060418,0.059,0.059,0.059,0.059,15000
XFJ,20060418,5967.3,6040.4,5967.3,6034.1,0
XFL,20060418,5099.3,5165.9,5099.3,5162.4,0
XHJ,20060418,6728.9,6778.3,6670.2,6778.3,0
XIJ,20060418,490,502.2,488.5,501.9,0
XJO,20060418,5175.7,5250,5175.7,5248.6,0
XKO,20060418,5174.7,5248.5,5174.7,5247.6,0
XMD,20060418,5041.3,5163.9,5041.3,5162,0
XMJ,20060418,11184.4,11438.7,11184.4,11438.7,0
XNJ,20060418,5458.6,5527.1,5450,5521.6,0
XPJ,20060418,1925.7,1939,1924.3,1934.2,0
XSJ,20060418,6142.3,6218.7,6142.3,6211.1,0
XSO,20060418,2924.5,2968.1,2924.5,2968.1,0
XTE,20060418,49,49,49,49,10000
XTJ,20060418,1341.6,1346.1,1336.1,1338.6,0
XTL,20060418,2848.2,2893.2,2848.2,2890.9,0
XTO,20060418,4206.5,4267.8,4206.5,4265.4,0
XUJ,20060418,5923.3,5993.2,5923.3,5993.2,0
XXJ,20060418,6247.8,6333.7,6247.8,6328.7,0
YAM,20060418,0.012,0.012,0.01,0.012,21927534
YGL,20060418,0.092,0.094,0.092,0.094,700000
YML,20060418,0.215,0.215,0.21,0.21,185940
ZAL,20060418,0.036,0.036,0.036,0.036,39401
ZBB,20060418,0.235,0.245,0.235,0.245,29000
ZFX,20060418,10.03,10.21,9.98,10.21,4666765
ZIM,20060418,6.5,6.55,6.5,6.5,8010
ZTL,20060418,0.545,0.545,0.545,0.545,24420
ZYL,20060418,0.002,0.002,0.002,0.002,87414145
