AAC,20060216,1.675,1.675,1.65,1.655,163367
AAE,20060216,0.36,0.36,0.36,0.36,5004
AAM,20060216,0.245,0.245,0.23,0.24,137478
AAO,20060216,0.225,0.23,0.22,0.22,49632
AAQ,20060216,0.47,0.47,0.45,0.45,27018
AAR,20060216,0.026,0.027,0.025,0.025,365289
AAU,20060216,0.67,0.67,0.66,0.66,20000
ABB,20060216,7.7,7.72,7.62,7.62,389857
ABC,20060216,2.39,2.4,2.34,2.36,1150253
ABI,20060216,0.073,0.08,0.069,0.076,571988
ABJ,20060216,1.04,1.045,1.04,1.045,79600
ABP,20060216,1.44,1.46,1.44,1.45,145762
ABQ,20060216,0.185,0.185,0.18,0.18,41500
ABS,20060216,7.38,7.38,7.28,7.38,369774
ACL,20060216,1.13,1.16,1.095,1.115,67168
ACR,20060216,0.7,0.74,0.69,0.69,179667
ACU,20060216,0.135,0.14,0.135,0.14,651235
ADA,20060216,0.4,0.4,0.39,0.4,86953
ADB,20060216,13.02,13.02,12.96,13,365641
ADG,20060216,3.19,3.2,3.11,3.11,9205
ADI,20060216,0.23,0.23,0.215,0.215,478372
ADL,20060216,0.063,0.063,0.063,0.063,20000
ADN,20060216,0.45,0.45,0.43,0.43,97000
ADU,20060216,0.75,0.77,0.735,0.75,41850
ADX,20060216,0.11,0.12,0.11,0.12,321311
ADY,20060216,0.1,0.105,0.096,0.1,3910222
ADZ,20060216,2.02,2.02,1.96,1.985,983613
AED,20060216,0.865,0.865,0.85,0.86,31000
AEF,20060216,32.5,32.5,32.5,32.5,412
AEN,20060216,1.91,1.99,1.91,1.96,546741
AEO,20060216,1.64,1.64,1.6,1.62,88523
AEU,20060216,1.65,1.655,1.64,1.64,93763
AEX,20060216,0.034,0.035,0.033,0.035,6101500
AEZ,20060216,1.13,1.13,1.12,1.12,96153
AFI,20060216,4.6,4.6,4.51,4.53,215471
AFS,20060216,0.037,0.037,0.037,0.037,1500000
AFT,20060216,0.025,0.025,0.023,0.023,2053000
AGC,20060216,1.56,1.56,1.51,1.52,243280
AGG,20060216,14.89,14.89,14.6,14.6,5940
AGI,20060216,0.49,0.5,0.47,0.49,120792
AGL,20060216,17.75,17.95,17.69,17.83,1106288
AGM,20060216,0.2,0.2,0.195,0.195,526706
AGO,20060216,0.345,0.345,0.325,0.33,224888
AGS,20060216,0.36,0.36,0.34,0.34,631262
AGX,20060216,0.32,0.32,0.305,0.31,188571
AGZ,20060216,0.26,0.26,0.26,0.26,10000
AHC,20060216,3.1,3.2,3.1,3.2,5800
AHD,20060216,4.35,4.35,4.26,4.26,14889
AHE,20060216,1.14,1.14,1.135,1.135,13500
AHO,20060216,0.71,0.71,0.71,0.71,5750
AHS,20060216,1.13,1.14,1.125,1.125,94332
AHU,20060216,6.25,6.25,6.25,6.25,130
AIA,20060216,1.72,1.72,1.72,1.72,287281
AIE,20060216,0.32,0.32,0.32,0.32,122450
AII,20060216,0.33,0.33,0.3,0.3,178500
AIM,20060216,0.083,0.083,0.08,0.08,6831325
AIX,20060216,2.21,2.23,2.2,2.23,1297664
AIZ,20060216,1.16,1.16,1.15,1.15,13500
AJL,20060216,0.765,0.765,0.735,0.76,347699
AKD,20060216,0.15,0.15,0.14,0.14,15000
ALB,20060216,0.76,0.76,0.76,0.76,6000
ALD,20060216,0.47,0.47,0.425,0.44,1859100
ALK,20060216,0.245,0.245,0.24,0.24,285567
ALL,20060216,11.36,11.49,11.34,11.45,1986725
ALN,20060216,10.93,10.94,10.81,10.94,524247
ALR,20060216,1.45,1.45,1.435,1.435,11968
ALS,20060216,9.8,9.8,9.55,9.55,126084
ALU,20060216,0.285,0.285,0.26,0.265,130000
ALZ,20060216,2.1,2.1,2.06,2.09,708540
AMC,20060216,7.01,7.09,6.99,7.04,1920919
AMM,20060216,0.15,0.155,0.15,0.155,149600
AMO,20060216,0.83,0.83,0.81,0.81,5000
AMP,20060216,8.44,8.54,8.21,8.36,14118769
AMU,20060216,1.03,1.03,0.995,1.005,286199
ANC,20060216,6.7,6.7,6.55,6.55,54612
AND,20060216,0.325,0.33,0.305,0.31,721133
ANE,20060216,3.65,3.66,3.6,3.65,23324
ANG,20060216,0.31,0.31,0.29,0.29,63088
ANH,20060216,0.096,0.097,0.093,0.095,3499344
ANM,20060216,0.3,0.3,0.295,0.295,60055
ANN,20060216,10.32,10.51,10.32,10.42,1106400
ANO,20060216,0.145,0.145,0.145,0.145,40000
ANX,20060216,0.4,0.4,0.395,0.395,28010
ANZ,20060216,24.77,24.9,24.61,24.85,4264647
AOC,20060216,0.1,0.1,0.1,0.1,50000
AOD,20060216,10,10,9.9,9.9,1755
AOE,20060216,0.625,0.63,0.615,0.62,367941
AOI,20060216,0.16,0.16,0.16,0.16,25000
AOM,20060216,0.023,0.023,0.023,0.023,3006
AOP,20060216,0.49,0.49,0.45,0.46,30500
AOS,20060216,0.31,0.315,0.31,0.315,6627
APA,20060216,4.15,4.17,4.1,4.17,54442
APD,20060216,1.95,1.95,1.95,1.95,10000
APE,20060216,7.35,7.35,7.35,7.35,5565
APG,20060216,0.029,0.029,0.027,0.028,900000
API,20060216,2.89,2.9,2.86,2.9,99151
APN,20060216,4.51,4.52,4.48,4.5,3472929
APZ,20060216,1.185,1.19,1.185,1.185,31173
AQA,20060216,4.89,5.2,4.89,5,8500
AQD,20060216,0.45,0.45,0.44,0.45,221000
AQL,20060216,0.039,0.04,0.039,0.04,315000
AQP,20060216,13.95,13.95,13.78,13.92,153846
ARA,20060216,0.555,0.56,0.555,0.555,70001
ARE,20060216,0.135,0.14,0.135,0.14,14882
ARG,20060216,6.99,7.19,6.99,7.04,143451
ARM,20060216,0.34,0.34,0.34,0.34,150000
ARP,20060216,2.87,3.01,2.85,2.98,114255
ARQ,20060216,1.645,1.645,1.595,1.605,565021
ARU,20060216,0.36,0.36,0.335,0.35,168110
ARW,20060216,1.47,1.47,1.44,1.44,66840
ARX,20060216,0.065,0.065,0.063,0.063,218200
ARZ,20060216,0.58,0.58,0.58,0.58,10200
ASB,20060216,2.15,2.24,2.15,2.2,111165
ASC,20060216,0.041,0.041,0.041,0.041,33000
ASL,20060216,1.485,1.5,1.485,1.5,160940
ASP,20060216,0.11,0.11,0.11,0.11,50000
ASU,20060216,0.023,0.023,0.023,0.023,200000
ASV,20060216,0.05,0.05,0.05,0.05,30000
ASX,20060216,34.4,34.41,33.72,34.37,190430
ASZ,20060216,0.72,0.72,0.71,0.71,16000
ATG,20060216,0.58,0.585,0.57,0.585,70276
ATP,20060216,0.35,0.35,0.33,0.33,40500
ATR,20060216,3.92,3.92,3.86,3.89,19617
ATV,20060216,0.13,0.145,0.13,0.14,616391
ATZ,20060216,0.2,0.2,0.2,0.2,30000
AUB,20060216,2.61,2.65,2.61,2.65,11400
AUH,20060216,0.055,0.055,0.055,0.055,312313
AUI,20060216,7.12,7.21,7.12,7.2,2407
AUL,20060216,0.029,0.029,0.027,0.029,3239909
AUM,20060216,0.24,0.24,0.24,0.24,112000
AUN,20060216,1.03,1.03,1.02,1.03,3588408
AUT,20060216,0.495,0.495,0.48,0.49,636206
AUW,20060216,2.09,2.1,2.08,2.1,3723172
AUX,20060216,0.051,0.051,0.051,0.051,4000
AUZ,20060216,0.023,0.024,0.021,0.021,10250000
AVA,20060216,0.078,0.078,0.077,0.077,638000
AVE,20060216,1.56,1.56,1.56,1.56,67770
AVJ,20060216,1.225,1.225,1.22,1.22,256171
AVM,20060216,0.8,0.82,0.775,0.775,273796
AVO,20060216,0.585,0.59,0.58,0.58,747936
AVP,20060216,0.044,0.044,0.044,0.044,21000
AVR,20060216,1.34,1.34,1.27,1.27,5000
AVU,20060216,0.39,0.4,0.39,0.4,2435
AVV,20060216,0.89,0.89,0.86,0.86,42700
AVX,20060216,0.3,0.3,0.29,0.29,93500
AWB,20060216,4.1,4.23,4.04,4.23,3061623
AWC,20060216,7.1,7.2,7.06,7.12,8033258
AWE,20060216,2.54,2.54,2.41,2.46,1552947
AWG,20060216,0.2,0.21,0.2,0.2,1151301
AXA,20060216,5.33,5.35,5.28,5.31,2284467
AXD,20060216,0.16,0.16,0.16,0.16,125000
AXI,20060216,0.084,0.085,0.082,0.085,1850000
AXO,20060216,0.58,0.58,0.56,0.56,2586
AXQ,20060216,1.07,1.07,1.065,1.065,102683
AZA,20060216,1.295,1.3,1.245,1.26,467886
AZC,20060216,0.23,0.23,0.225,0.225,152000
AZM,20060216,0.195,0.2,0.195,0.2,82299
AZR,20060216,0.18,0.18,0.175,0.175,1779282
AZZ,20060216,0.38,0.385,0.375,0.375,279209
BAR,20060216,0.14,0.145,0.135,0.135,367730
BAS,20060216,0.086,0.086,0.086,0.086,110300
BAX,20060216,4.46,4.46,4.46,4.46,1500
BBB,20060216,0.175,0.18,0.175,0.175,183335
BBG,20060216,14.82,14.97,14.79,14.83,298288
BBI,20060216,1.58,1.58,1.535,1.54,3795682
BBW,20060216,1.71,1.74,1.67,1.69,11340255
BCA,20060216,3.75,3.75,3.69,3.73,1437434
BCD,20060216,0.455,0.455,0.425,0.45,6805298
BCL,20060216,0.43,0.475,0.43,0.475,1389777
BCM,20060216,4.03,4.05,4,4.05,280320
BDG,20060216,2,2,1.93,1.98,1111089
BDI,20060216,0.58,0.58,0.555,0.58,402550
BDL,20060216,0.1,0.1,0.1,0.1,1234000
BDM,20060216,0.76,0.76,0.76,0.76,15357
BDS,20060216,3,3,3,3,20000
BEC,20060216,0.51,0.515,0.51,0.515,62000
BEI,20060216,2.22,2.22,2.17,2.22,337316
BEL,20060216,0.385,0.39,0.385,0.39,24568
BEN,20060216,12.68,12.99,12.64,12.99,241615
BER,20060216,0.35,0.35,0.35,0.35,32000
BGD,20060216,0.16,0.16,0.135,0.135,5500
BGF,20060216,0.455,0.455,0.445,0.455,1897946
BGN,20060216,0.09,0.09,0.09,0.09,20000
BHP,20060216,24.18,24.38,23.84,24.29,28892774
BIL,20060216,9.81,9.87,9.74,9.79,1632451
BIT,20060216,0.31,0.31,0.31,0.31,28870
BJT,20060216,1.74,1.74,1.72,1.74,308693
BKA,20060216,0.275,0.275,0.26,0.265,168393
BKG,20060216,0.14,0.145,0.14,0.145,420000
BKI,20060216,1.34,1.38,1.33,1.37,225158
BKL,20060216,14.45,14.46,14.4,14.4,21602
BKM,20060216,0.011,0.011,0.011,0.011,390000
BKN,20060216,4.74,4.74,4.61,4.61,199385
BKP,20060216,0.245,0.25,0.24,0.24,462398
BKW,20060216,12.75,12.8,12.75,12.75,1047
BKY,20060216,0.435,0.44,0.42,0.43,587306
BLD,20060216,8.44,8.52,8.37,8.49,1762807
BLN,20060216,0.34,0.34,0.33,0.33,535579
BLR,20060216,0.042,0.042,0.04,0.041,3170785
BLS,20060216,0.19,0.215,0.19,0.215,47390
BLT,20060216,0.17,0.17,0.16,0.16,288652
BLZ,20060216,0.037,0.037,0.037,0.037,30982
BMN,20060216,0.275,0.275,0.275,0.275,15000
BMO,20060216,0.305,0.305,0.295,0.3,922307
BMX,20060216,0.375,0.385,0.35,0.37,4379440
BNB,20060216,16.21,16.21,15.75,16.01,805758
BNO,20060216,0.23,0.24,0.215,0.23,207961
BNT,20060216,0.36,0.36,0.355,0.355,148800
BOC,20060216,0.695,0.695,0.68,0.69,39993
BOD,20060216,0.06,0.06,0.06,0.06,50000
BOL,20060216,3.9,3.96,3.88,3.89,480320
BON,20060216,0.1,0.1,0.1,0.1,50000
BOQ,20060216,14.95,14.95,14.81,14.87,123780
BOS,20060216,0.195,0.2,0.195,0.2,62000
BOW,20060216,0.13,0.13,0.13,0.13,28780
BPC,20060216,1.08,1.085,1.055,1.07,9242689
BPG,20060216,0.038,0.042,0.038,0.042,770000
BPH,20060216,0.2,0.2,0.195,0.195,36750
BPO,20060216,0.024,0.024,0.02,0.02,6823265
BPT,20060216,1.14,1.145,1.05,1.12,2261197
BQT,20060216,0.185,0.19,0.18,0.18,312250
BRW,20060216,0.038,0.038,0.038,0.038,60000
BRZ,20060216,1.44,1.44,1.4,1.44,109078
BSA,20060216,0.22,0.22,0.21,0.22,49857
BSG,20060216,1.51,1.57,1.48,1.57,1094282
BSL,20060216,6.29,6.29,6.15,6.23,6539632
BSM,20060216,0.19,0.19,0.18,0.185,408716
BSO,20060216,2.2,2.22,2.15,2.15,128101
BTA,20060216,1.51,1.575,1.48,1.53,1950549
BTC,20060216,0.4,0.4,0.4,0.4,100000
BTV,20060216,0.055,0.055,0.053,0.053,841367
BTX,20060216,0.235,0.235,0.235,0.235,37077
BUY,20060216,0.053,0.053,0.05,0.052,984448
BWP,20060216,1.93,1.95,1.93,1.95,266427
BXP,20060216,0.23,0.23,0.22,0.22,413568
BZI,20060216,0.52,0.52,0.505,0.52,113806
CAA,20060216,1.17,1.17,1.155,1.155,18400
CAB,20060216,6.45,6.5,6.4,6.42,21113
CAF,20060216,0.77,0.775,0.76,0.76,61260
CAG,20060216,0.023,0.023,0.022,0.022,259370
CAL,20060216,0.525,0.525,0.52,0.52,64965
CAM,20060216,0.94,0.94,0.94,0.94,532
CAS,20060216,0.15,0.15,0.14,0.14,18000
CAU,20060216,0.074,0.074,0.073,0.073,13000
CAZ,20060216,1.48,1.5,1.425,1.475,214556
CBA,20060216,44,44.29,43.7,44.13,2728151
CBD,20060216,0.035,0.035,0.035,0.035,4679
CBH,20060216,0.27,0.275,0.265,0.265,2226645
CBR,20060216,3.54,3.54,3.54,3.54,1720
CCE,20060216,0.185,0.19,0.18,0.18,701192
CCI,20060216,0.017,0.017,0.017,0.017,1437647
CCL,20060216,6.98,7.03,6.95,7.03,2360390
CCP,20060216,5.52,5.57,5.5,5.5,20035
CCS,20060216,0.05,0.05,0.05,0.05,104117
CDA,20060216,0.91,0.93,0.91,0.93,4000
CDD,20060216,4.1,4.15,4.1,4.15,22470
CDF,20060216,1.62,1.62,1.62,1.62,25625
CDO,20060216,3.62,3.68,3.52,3.66,375591
CDP,20060216,3.62,3.62,3.62,3.62,7195
CDR,20060216,1.9,1.9,1.87,1.885,369025
CDX,20060216,2.51,2.51,2.5,2.5,9000
CEG,20060216,1.16,1.16,1.08,1.09,39400
CEO,20060216,0.205,0.205,0.205,0.205,49700
CEQ,20060216,1.885,1.885,1.885,1.885,3675
CER,20060216,1.5,1.5,1.49,1.495,986644
CEU,20060216,1.12,1.125,1.095,1.1,4031178
CEY,20060216,4.05,4.05,3.95,4,681142
CFE,20060216,0.33,0.335,0.33,0.33,651212
CFI,20060216,0.69,0.69,0.685,0.69,66113
CFK,20060216,0.485,0.49,0.48,0.48,281100
CFR,20060216,0.012,0.013,0.012,0.012,5427170
CFU,20060216,0.6,0.635,0.6,0.62,285281
CGF,20060216,3.93,3.95,3.89,3.92,768427
CGM,20060216,0.295,0.295,0.275,0.295,144500
CGO,20060216,0.64,0.65,0.64,0.65,15000
CGS,20060216,0.11,0.11,0.11,0.11,10000
CGX,20060216,0.425,0.425,0.425,0.425,70000
CHB,20060216,38.01,38.01,38.01,38.01,710
CHD,20060216,0.6,0.62,0.6,0.62,634002
CHL,20060216,0.16,0.165,0.16,0.165,141723
CHO,20060216,5.65,5.65,5.65,5.65,750
CHQ,20060216,0.52,0.535,0.5,0.535,77144
CHT,20060216,0.011,0.011,0.011,0.011,400000
CHX,20060216,1.45,1.47,1.41,1.47,79149
CHY,20060216,2.48,2.49,2.48,2.49,42200
CIG,20060216,0.072,0.073,0.072,0.073,695000
CII,20060216,0.145,0.145,0.145,0.145,100000
CIN,20060216,17.4,17.5,17.4,17.5,1520
CIR,20060216,1.13,1.15,1.13,1.15,29018
CIX,20060216,0.44,0.445,0.44,0.44,444876
CIY,20060216,3.6,3.65,3.6,3.61,123158
CKL,20060216,0.56,0.56,0.545,0.545,43982
CKR,20060216,0.25,0.25,0.24,0.24,202900
CLF,20060216,0.21,0.21,0.21,0.21,20000
CLO,20060216,0.33,0.345,0.33,0.345,54393
CLT,20060216,1.07,1.07,1.055,1.055,23848
CLV,20060216,0.15,0.15,0.145,0.145,59495
CMI,20060216,1.35,1.37,1.345,1.37,20535
CML,20060216,10.12,10.18,9.98,10.06,2647159
CMO,20060216,0.011,0.013,0.011,0.012,1704446
CMP,20060216,0.105,0.105,0.105,0.105,20000
CMQ,20060216,0.685,0.695,0.68,0.68,93050
CMR,20060216,1.495,1.495,1.435,1.49,85997
CMV,20060216,0.65,0.66,0.65,0.65,69065
CMW,20060216,0.7,0.7,0.67,0.67,55624
CMX,20060216,0.29,0.295,0.29,0.295,78750
CND,20060216,2.84,2.85,2.83,2.83,36150
CNF,20060216,0.076,0.076,0.069,0.069,794614
CNM,20060216,0.043,0.043,0.042,0.042,350000
CNN,20060216,0.023,0.023,0.021,0.021,70000
CNP,20060216,6.46,6.55,6.46,6.47,1669268
CNT,20060216,0.725,0.725,0.69,0.69,39500
COA,20060216,5.46,5.46,5.4,5.46,672254
COE,20060216,0.625,0.625,0.575,0.575,1148220
COF,20060216,3.45,3.45,3.44,3.44,51370
COH,20060216,49.51,49.7,48.15,48.45,180150
COI,20060216,0.23,0.23,0.225,0.225,212283
COK,20060216,0.18,0.18,0.18,0.18,100000
COM,20060216,0.17,0.19,0.17,0.19,13500
COO,20060216,0.14,0.15,0.13,0.13,70921
COS,20060216,0.24,0.24,0.24,0.24,14000
COU,20060216,2.02,2.02,1.95,2,186836
CPA,20060216,1.325,1.335,1.315,1.325,9521873
CPB,20060216,13.05,13.44,13.01,13.19,6215
CPI,20060216,0.5,0.5,0.5,0.5,24160
CPR,20060216,1,1,1,1,25000
CPT,20060216,0.17,0.17,0.15,0.15,31000
CPU,20060216,6.66,6.75,6.6,6.72,2523588
CQT,20060216,0.083,0.085,0.075,0.081,899244
CRE,20060216,0.22,0.22,0.205,0.205,642208
CRG,20060216,10.5,10.55,10.16,10.49,96684
CRK,20060216,0.6,0.6,0.6,0.6,1700
CRL,20060216,0.145,0.145,0.14,0.14,103000
CRS,20060216,0.275,0.28,0.27,0.28,1985327
CRT,20060216,0.645,0.71,0.64,0.71,686957
CRU,20060216,0.75,0.755,0.75,0.75,27904
CSE,20060216,0.195,0.22,0.195,0.22,108747
CSH,20060216,2.44,2.44,2.44,2.44,424
CSL,20060216,47.5,47.71,46.63,47.1,388640
CSM,20060216,2.7,2.73,2.69,2.69,1388301
CSR,20060216,4.15,4.15,4.1,4.13,2794745
CSS,20060216,0.47,0.485,0.47,0.485,87985
CST,20060216,4.6,4.63,4.45,4.47,140809
CTF,20060216,0.195,0.2,0.185,0.185,69981
CTI,20060216,0.46,0.46,0.46,0.46,7600
CTL,20060216,2.2,2.23,2.2,2.21,26660
CTN,20060216,1.15,1.15,1.14,1.145,117000
CTO,20060216,0.16,0.16,0.15,0.155,749710
CTX,20060216,16.15,16.6,16.12,16.54,619044
CUE,20060216,0.215,0.215,0.205,0.21,1632351
CUL,20060216,0.043,0.043,0.043,0.043,100000
CUO,20060216,0.029,0.03,0.026,0.027,22666591
CUS,20060216,0.25,0.265,0.25,0.265,1471536
CUY,20060216,0.46,0.46,0.46,0.46,1600
CVB,20060216,0.125,0.125,0.125,0.125,100000
CVN,20060216,0.055,0.056,0.053,0.054,2587000
CWP,20060216,3.15,3.15,3.12,3.14,5000
CWT,20060216,0.83,0.83,0.825,0.83,101386
CXD,20060216,1.65,1.655,1.6,1.6,15680
CXE,20060216,0.205,0.21,0.205,0.21,55000
CXP,20060216,5.75,5.75,5.6,5.75,79223
CYA,20060216,1.135,1.14,1.13,1.13,165565
CYT,20060216,0.79,0.79,0.76,0.76,210000
DBS,20060216,0.76,0.76,0.76,0.76,10000
DDT,20060216,0.27,0.285,0.27,0.28,343000
DEG,20060216,0.18,0.18,0.17,0.17,375431
DES,20060216,0.24,0.24,0.23,0.235,821912
DEX,20060216,1.05,1.065,1.05,1.065,16500
DGR,20060216,0.085,0.085,0.085,0.085,100000
DIA,20060216,0.099,0.099,0.099,0.099,60000
DIO,20060216,0.061,0.061,0.06,0.061,390000
DJS,20060216,2.48,2.49,2.44,2.47,1558230
DJW,20060216,4.39,4.39,4.29,4.29,123101
DKN,20060216,0.89,0.89,0.89,0.89,2500
DKS,20060216,9,9,9,9,4475
DLS,20060216,0.08,0.08,0.078,0.079,512139
DMA,20060216,0.135,0.135,0.135,0.135,40000
DMP,20060216,3.9,3.9,3.87,3.87,34174
DMX,20060216,0.02,0.02,0.02,0.02,500000
DMY,20060216,0.07,0.07,0.07,0.07,200000
DNL,20060216,0.165,0.17,0.165,0.17,64000
DNX,20060216,0.08,0.08,0.08,0.08,101800
DOM,20060216,1.1,1.1,1.04,1.06,147276
DON,20060216,0.22,0.22,0.195,0.195,238738
DOW,20060216,7.05,7.15,7.04,7.09,486957
DRA,20060216,0.105,0.105,0.105,0.105,2410738
DRD,20060216,1.95,1.95,1.86,1.88,28000
DRT,20060216,1.41,1.41,1.395,1.4,13252942
DRX,20060216,0.28,0.285,0.28,0.285,35000
DUE,20060216,2.53,2.55,2.49,2.51,695459
DUI,20060216,3.25,3.25,3.25,3.25,5000
DVC,20060216,3.6,3.62,3.51,3.51,1212786
DVM,20060216,0.04,0.049,0.034,0.045,15478118
DVN,20060216,0.72,0.725,0.715,0.72,88200
DWY,20060216,0.8,0.85,0.78,0.85,120000
DYE,20060216,0.595,1.005,0.57,0.77,4206016
DYL,20060216,0.087,0.087,0.084,0.084,327030
EBB,20060216,4.98,4.98,4.9,4.95,285974
EBR,20060216,0.079,0.079,0.077,0.077,373000
EBT,20060216,0.14,0.14,0.14,0.14,16017
ECH,20060216,0.58,0.58,0.58,0.58,192
ECM,20060216,0.076,0.076,0.076,0.076,10000
EDN,20060216,0.45,0.465,0.45,0.465,125750
EFT,20060216,0.115,0.115,0.115,0.115,35267
EGO,20060216,0.008,0.008,0.007,0.008,3675000
EIF,20060216,0.025,0.025,0.024,0.024,97500
EIV,20060216,0.15,0.15,0.15,0.15,15833
EKA,20060216,0.205,0.205,0.2,0.2,148350
ELK,20060216,0.94,0.94,0.81,0.84,434858
ELL,20060216,0.075,0.075,0.07,0.075,102222
ELM,20060216,0.25,0.25,0.25,0.25,60000
ELX,20060216,0.42,0.42,0.41,0.42,34450
EME,20060216,1.15,1.15,1.08,1.08,15000
EMI,20060216,0.6,0.6,0.57,0.595,78720
EMP,20060216,0.32,0.34,0.32,0.34,19000
EMS,20060216,0.135,0.14,0.135,0.14,27500
ENE,20060216,3.96,3.96,3.88,3.91,169219
ENG,20060216,0.185,0.185,0.17,0.18,782264
ENV,20060216,1.14,1.14,1.125,1.135,436257
EON,20060216,0.84,0.84,0.84,0.84,40000
EOS,20060216,3,3,2.95,2.99,8920
EPE,20060216,0.063,0.064,0.063,0.064,791995
EPF,20060216,0.05,0.051,0.05,0.05,129501
EPG,20060216,0.4,0.425,0.39,0.395,1672267
EPR,20060216,0.085,0.085,0.08,0.08,213552
EPT,20060216,0.31,0.315,0.3,0.315,188236
EPY,20060216,0.18,0.18,0.175,0.175,25262
EQI,20060216,1.235,1.25,1.235,1.24,79301
EQN,20060216,1.39,1.39,1.355,1.375,508164
EQT,20060216,12.95,12.95,12.95,12.95,1000
EQX,20060216,0.2,0.2,0.2,0.2,31500
ERA,20060216,11.4,11.4,11.19,11.22,151059
ERG,20060216,0.145,0.15,0.14,0.145,525234
ESG,20060216,0.145,0.145,0.14,0.14,683422
ESI,20060216,0.715,0.715,0.575,0.65,555759
ESS,20060216,0.3,0.3,0.3,0.3,166606
ETE,20060216,0.13,0.135,0.12,0.12,824974
ETR,20060216,2.33,2.33,2.28,2.28,68427
ETW,20060216,0.19,0.195,0.185,0.19,201500
EUG,20060216,0.095,0.095,0.095,0.095,10000
EVG,20060216,0.13,0.13,0.13,0.13,500
EVM,20060216,0.2,0.2,0.2,0.2,10000
EVZ,20060216,0.145,0.145,0.135,0.135,127785
EWC,20060216,0.029,0.029,0.029,0.029,300000
EXL,20060216,7.75,7.75,7.62,7.7,581307
EXM,20060216,0.014,0.014,0.014,0.014,270588
EXR,20060216,0.75,0.75,0.7,0.72,145285
EXS,20060216,0.23,0.23,0.22,0.22,242891
EXT,20060216,0.086,0.086,0.076,0.079,43413183
EZL,20060216,1.75,1.75,1.75,1.75,100000
EZY,20060216,0.065,0.065,0.065,0.065,151500
FAN,20060216,2.9,3.05,2.9,3.05,33995
FAR,20060216,0.105,0.11,0.1,0.1,3224918
FBU,20060216,6.85,7,6.85,6.99,537387
FCL,20060216,2.27,2.29,2.25,2.28,4401622
FCN,20060216,0.345,0.345,0.31,0.325,1386823
FDL,20060216,0.014,0.015,0.014,0.015,2511000
FEA,20060216,0.545,0.555,0.545,0.55,1505059
FGL,20060216,5.3,5.34,5.26,5.28,13170845
FKP,20060216,5.15,5.15,5,5,125755
FLK,20060216,0.555,0.565,0.555,0.565,20000
FLT,20060216,11.93,11.93,11.8,11.9,245564
FLX,20060216,1.91,1.93,1.85,1.93,235254
FMG,20060216,5.8,5.8,5.25,5.37,146828
FML,20060216,0.054,0.054,0.051,0.051,1824708
FOF,20060216,0.435,0.435,0.435,0.435,25000
FPA,20060216,3.25,3.27,3.25,3.27,2
FPS,20060216,1.22,1.22,1.22,1.22,24000
FRE,20060216,0.92,0.92,0.87,0.89,460708
FRI,20060216,0.42,0.42,0.42,0.42,95000
FRL,20060216,0.235,0.235,0.23,0.23,13900
FRR,20060216,0.755,0.76,0.74,0.75,123030
FRS,20060216,0.39,0.405,0.39,0.405,608422
FUN,20060216,1.725,1.735,1.72,1.735,166734
FUT,20060216,0.008,0.008,0.008,0.008,23081
FWD,20060216,7.1,7.2,7.1,7.15,51834
FXJ,20060216,3.95,4,3.93,3.94,4366396
FXR,20060216,0.335,0.335,0.33,0.33,211000
FZN,20060216,1.105,1.12,1.105,1.105,566050
GAA,20060216,1.25,1.29,1.24,1.28,49770
GAN,20060216,1.92,1.935,1.92,1.935,3199309
GAS,20060216,2.54,2.54,2.49,2.51,90890
GBA,20060216,0.14,0.14,0.14,0.14,10000
GBG,20060216,0.37,0.37,0.33,0.355,3229579
GBL,20060216,0.08,0.08,0.078,0.079,847080
GBP,20060216,0.525,0.525,0.5,0.5,108552
GBT,20060216,1.62,1.7,1.6,1.6,38300
GCH,20060216,1.23,1.23,1.23,1.23,20000
GCL,20060216,2.92,2.95,2.8,2.83,234142
GCN,20060216,0.1,0.1,0.1,0.1,50000
GCR,20060216,0.081,0.081,0.074,0.08,1586150
GDA,20060216,0.004,0.004,0.003,0.004,3286500
GDM,20060216,0.465,0.465,0.445,0.445,122250
GDR,20060216,0.41,0.41,0.39,0.39,210442
GDY,20060216,1.57,1.58,1.555,1.57,100890
GEN,20060216,0.23,0.23,0.23,0.23,2400
GFD,20060216,0.595,0.595,0.595,0.595,15000
GFF,20060216,2.33,2.35,2.31,2.31,842578
GGN,20060216,0.505,0.51,0.505,0.505,614971
GGP,20060216,0.325,0.325,0.29,0.31,902100
GGX,20060216,0.13,0.13,0.12,0.13,65000
GGY,20060216,0.048,0.048,0.046,0.047,476104
GHG,20060216,0.815,0.815,0.805,0.815,63960
GIA,20060216,0.49,0.49,0.49,0.49,3000
GIR,20060216,0.24,0.25,0.24,0.245,61375
GLB,20060216,0.265,0.265,0.265,0.265,154963
GLC,20060216,0.78,0.78,0.78,0.78,41840
GLI,20060216,0.98,0.99,0.965,0.97,471823
GLN,20060216,0.28,0.28,0.265,0.265,113691
GLS,20060216,1.295,1.295,1.295,1.295,57000
GME,20060216,0.165,0.165,0.165,0.165,2600000
GMI,20060216,1.2,1.2,1.18,1.18,281930
GML,20060216,0.17,0.17,0.16,0.16,183100
GNC,20060216,11.25,11.3,11.25,11.25,5827
GNS,20060216,2.92,2.93,2.8,2.84,1293311
GOA,20060216,0.073,0.073,0.071,0.073,102426
GOG,20060216,0.225,0.225,0.22,0.225,410000
GPE,20060216,0.011,0.011,0.01,0.01,1768000
GPG,20060216,2.06,2.06,2.05,2.06,241762
GPN,20060216,0.016,0.016,0.015,0.015,1787320
GPO,20060216,0.071,0.076,0.071,0.075,6809380
GPT,20060216,4.03,4.05,4.01,4.02,5581915
GRD,20060216,2.87,2.91,2.86,2.91,235648
GRK,20060216,0.17,0.17,0.17,0.17,15000
GRO,20060216,1.59,1.6,1.59,1.6,82834
GRR,20060216,1.15,1.15,0.92,1.1,566097
GRV,20060216,0.4,0.4,0.4,0.4,1000
GRY,20060216,0.23,0.24,0.23,0.24,177000
GSA,20060216,1.175,1.19,1.175,1.19,6101031
GSE,20060216,0.041,0.042,0.04,0.042,345000
GTG,20060216,0.365,0.365,0.36,0.36,137015
GTP,20060216,3.71,3.71,3.57,3.64,1283484
GTV,20060216,1.06,1.08,1.05,1.07,20500
GTX,20060216,0.315,0.315,0.315,0.315,3000
GUD,20060216,8.01,8.04,7.94,8.04,251561
GUL,20060216,0.027,0.027,0.027,0.027,109000
GUN,20060216,0.335,0.335,0.3,0.3,429390
GVM,20060216,0.27,0.27,0.26,0.26,35500
GWR,20060216,0.49,0.49,0.48,0.48,33100
GWT,20060216,3.06,3.09,3.02,3.07,140676
GWV,20060216,0.004,0.004,0.004,0.004,22500
GYN,20060216,0.4,0.4,0.37,0.37,56005
GZL,20060216,2.84,2.85,2.84,2.85,1905
HAN,20060216,15.7,15.7,15.7,15.7,605
HAO,20060216,0.039,0.039,0.038,0.038,10000
HAP,20060216,1.09,1.09,1.07,1.07,48000
HAV,20060216,0.85,0.85,0.78,0.78,61186
HCC,20060216,1.16,1.16,1.16,1.16,7675
HCY,20060216,0.013,0.013,0.013,0.013,71846
HDF,20060216,2.42,2.43,2.4,2.4,429571
HDG,20060216,0.2,0.2,0.2,0.2,4618
HDN,20060216,0.27,0.3,0.27,0.27,270535
HDR,20060216,1.77,1.77,1.735,1.76,3017765
HEG,20060216,0.073,0.073,0.072,0.072,100000
HER,20060216,1.21,1.25,1.2,1.25,239130
HGI,20060216,1.835,1.84,1.81,1.815,3184058
HGO,20060216,0.175,0.175,0.17,0.17,794412
HHL,20060216,7.3,7.38,7.3,7.38,3600
HHV,20060216,1.04,1.04,1.03,1.04,240988
HIC,20060216,0.86,0.87,0.86,0.87,143694
HIG,20060216,0.745,0.745,0.7,0.71,797386
HIL,20060216,4.9,4.91,4.81,4.91,113207
HIP,20060216,1.5,1.55,1.5,1.55,8815
HIT,20060216,0.058,0.058,0.058,0.058,2600
HJB,20060216,0.29,0.29,0.29,0.29,20000
HLD,20060216,0.265,0.27,0.26,0.27,324985
HLE,20060216,0.038,0.038,0.038,0.038,100000
HLS,20060216,0.18,0.185,0.175,0.175,93171
HLT,20060216,0.09,0.095,0.09,0.09,208800
HLX,20060216,0.15,0.15,0.145,0.145,328171
HMC,20060216,0.042,0.042,0.04,0.042,680000
HME,20060216,12.35,12.5,12.32,12.32,9145
HMR,20060216,0.695,0.7,0.695,0.7,127004
HNG,20060216,1.86,1.86,1.86,1.86,3000
HNR,20060216,0.115,0.115,0.115,0.115,135000
HPX,20060216,1.83,1.84,1.82,1.835,77900
HRD,20060216,0.185,0.185,0.185,0.185,80000
HRR,20060216,0.46,0.46,0.46,0.46,14500
HSK,20060216,0.45,0.45,0.45,0.45,90000
HSN,20060216,0.14,0.14,0.14,0.14,788
HSP,20060216,4.19,4.2,4.1,4.11,1401872
HST,20060216,1.63,1.675,1.63,1.675,502409
HTA,20060216,0.27,0.27,0.265,0.265,48150
HTE,20060216,0.018,0.018,0.018,0.018,211651
HTL,20060216,0.14,0.14,0.135,0.135,566030
HTW,20060216,0.96,0.96,0.93,0.94,42800
HVN,20060216,3.28,3.34,3.25,3.34,2590800
HWG,20060216,0.27,0.28,0.265,0.28,109650
HWI,20060216,1.58,1.595,1.58,1.59,48299
HWW,20060216,0.3,0.305,0.3,0.3,119936
HYO,20060216,0.074,0.074,0.074,0.074,7836
HZG,20060216,0.11,0.11,0.1,0.1,49000
HZN,20060216,0.15,0.15,0.15,0.15,36240
IAG,20060216,5.41,5.45,5.36,5.4,2481756
IAS,20060216,0.58,0.58,0.56,0.56,159120
IAT,20060216,0.065,0.065,0.065,0.065,50000
IBA,20060216,0.615,0.615,0.59,0.605,606856
IBC,20060216,0.595,0.6,0.595,0.6,17000
IBR,20060216,0.69,0.69,0.68,0.69,59885
IBT,20060216,1.95,2.02,1.95,2.01,1562568
ICC,20060216,0.005,0.006,0.005,0.006,3265036
ICD,20060216,0.6,0.6,0.6,0.6,1400
ICE,20060216,0.014,0.014,0.014,0.014,115000
ICN,20060216,0.064,0.066,0.064,0.066,158440
ICP,20060216,0.044,0.044,0.044,0.044,23750
ICS,20060216,0.3,0.315,0.295,0.315,226283
IDT,20060216,1.67,1.69,1.66,1.66,57000
IEF,20060216,1.17,1.17,1.17,1.17,11667
IFL,20060216,7.6,7.6,7.4,7.5,46578
IFM,20060216,0.485,0.49,0.48,0.485,83005
IGO,20060216,1.965,1.97,1.93,1.96,62140
IHG,20060216,0.215,0.215,0.21,0.21,100166
IIF,20060216,2.25,2.26,2.24,2.25,1150297
IIG,20060216,0.031,0.031,0.031,0.031,160153
IIN,20060216,1.5,1.535,1.49,1.535,126504
ILF,20060216,1.195,1.2,1.19,1.19,96444
ILU,20060216,6.99,6.99,6.89,6.97,2279306
IMA,20060216,0.49,0.49,0.475,0.475,99000
IMD,20060216,0.405,0.425,0.405,0.42,406343
IMF,20060216,0.45,0.45,0.45,0.45,2660000
IMI,20060216,0.015,0.016,0.015,0.015,960620
IML,20060216,0.052,0.052,0.052,0.052,250000
IMP,20060216,0.009,0.01,0.009,0.01,8750944
IMU,20060216,0.17,0.17,0.165,0.17,108046
INL,20060216,0.055,0.055,0.054,0.054,135000
INP,20060216,0.38,0.38,0.38,0.38,3200
INT,20060216,0.052,0.052,0.051,0.051,669000
IOF,20060216,1.39,1.41,1.39,1.41,2052491
IOH,20060216,1.1,1.13,1.05,1.08,63425
IPA,20060216,0.755,0.76,0.755,0.755,13568
IPE,20060216,0.8,0.8,0.8,0.8,12000
IPG,20060216,1.985,2,1.985,1.99,3825623
IPL,20060216,16.8,17,16.8,17,38341
IPM,20060216,1.18,1.18,1.13,1.15,486713
IPN,20060216,0.084,0.088,0.083,0.083,1203040
IRE,20060216,4.55,4.55,4.38,4.42,118362
IRI,20060216,0.475,0.49,0.475,0.49,31777
IRN,20060216,0.67,0.67,0.635,0.645,131000
ISS,20060216,0.21,0.21,0.21,0.21,240377
ITC,20060216,0.082,0.086,0.08,0.084,1521944
ITD,20060216,0.23,0.23,0.23,0.23,74000
ITE,20060216,0.075,0.083,0.075,0.076,165000
ITF,20060216,1,1.045,0.99,1.045,150819
IVC,20060216,4.15,4.15,4.06,4.1,53882
IVK,20060216,0.019,0.019,0.019,0.019,1000
IWF,20060216,1.43,1.44,1.42,1.42,96948
IWI,20060216,1.8,1.8,1.8,1.8,5550
IWL,20060216,4.4,4.41,4.35,4.4,258186
JAK,20060216,0.15,0.15,0.14,0.14,455278
JBH,20060216,4.34,4.44,4.33,4.43,1590530
JBM,20060216,6.6,6.6,6.3,6.4,942753
JFM,20060216,1.23,1.23,1.225,1.225,165832
JGL,20060216,0.33,0.345,0.33,0.345,520630
JHX,20060216,8.58,8.58,8.31,8.5,1445964
JMB,20060216,1.8,1.8,1.77,1.77,7581
JML,20060216,0.26,0.26,0.25,0.25,1013083
JMS,20060216,0.09,0.095,0.09,0.095,310000
JRL,20060216,0.47,0.47,0.46,0.46,12129
JRV,20060216,0.015,0.016,0.015,0.016,7492518
JST,20060216,2.76,2.82,2.71,2.82,2707740
JUI,20060216,0.965,0.97,0.965,0.97,557598
JUM,20060216,0.055,0.056,0.053,0.056,1646796
JVG,20060216,0.125,0.125,0.125,0.125,20000
KAL,20060216,0.115,0.115,0.115,0.115,40000
KAR,20060216,1.64,1.64,1.62,1.64,33270
KCN,20060216,5.33,5.33,5.2,5.23,371872
KDS,20060216,0.81,0.82,0.805,0.82,26667
KHF,20060216,2.85,2.85,2.8,2.8,22070
KIM,20060216,1.45,1.51,1.43,1.505,2807755
KKT,20060216,0.4,0.4,0.385,0.385,10412
KLM,20060216,0.35,0.35,0.35,0.35,285000
KME,20060216,1,1,1,1,14000
KMN,20060216,0.19,0.19,0.18,0.18,376100
KNH,20060216,0.11,0.11,0.11,0.11,10000
KOR,20060216,0.31,0.32,0.305,0.31,614500
KOV,20060216,4.37,4.37,4.36,4.36,1414
KRS,20060216,0.22,0.225,0.22,0.225,230500
KSC,20060216,3.3,3.32,3.3,3.3,2708
KYC,20060216,1.57,1.57,1.57,1.57,1000
KZL,20060216,2.58,2.58,2.42,2.54,1249107
LAF,20060216,0.12,0.12,0.115,0.12,5873436
LAS,20060216,0.074,0.074,0.071,0.071,20800
LAU,20060216,0.195,0.195,0.19,0.19,75000
LBY,20060216,0.175,0.175,0.175,0.175,15000
LCP,20060216,0.61,0.635,0.61,0.635,58680
LCT,20060216,0.265,0.265,0.25,0.25,29867
LEF,20060216,0.27,0.27,0.27,0.27,119950
LEG,20060216,0.05,0.05,0.048,0.05,974584
LEI,20060216,17.9,18.11,17.61,17.8,741250
LEP,20060216,2.45,2.45,2.45,2.45,60500
LFE,20060216,1.7,1.72,1.7,1.72,19434
LGD,20060216,0.78,0.78,0.765,0.765,31762
LHG,20060216,2.02,2.03,1.975,1.985,17878029
LIM,20060216,6.55,6.77,6.55,6.77,12116
LIP,20060216,1.38,1.38,1.34,1.36,79548
LKO,20060216,0.02,0.02,0.019,0.02,3324302
LLC,20060216,13.95,13.95,13.42,13.65,2591505
LMC,20060216,2.3,2.31,2.3,2.3,27928
LMG,20060216,0.012,0.014,0.012,0.012,9577173
LMW,20060216,0.61,0.61,0.61,0.61,4000
LNG,20060216,0.375,0.375,0.36,0.375,191000
LNN,20060216,7.85,8.03,7.85,8.02,346328
LOK,20060216,6.07,6.07,6.07,6.07,356
LOU,20060216,0.245,0.245,0.245,0.245,5000
LPL,20060216,0.41,0.41,0.4,0.4,101137
LRF,20060216,0.81,0.81,0.795,0.795,76500
LRL,20060216,0.235,0.235,0.195,0.195,325429
LRX,20060216,0.073,0.073,0.072,0.072,325000
LSG,20060216,2.07,2.08,2,2.01,203440
LUM,20060216,0.036,0.036,0.034,0.034,65000
LVL,20060216,0.045,0.045,0.045,0.045,4000
LVR,20060216,1.05,1.05,0.99,1.02,432656
LWB,20060216,1.15,1.15,1.14,1.14,15843
LYC,20060216,0.21,0.21,0.205,0.21,384898
LYL,20060216,2.78,2.8,2.75,2.8,21500
MAE,20060216,0.715,0.72,0.7,0.7,209135
MAG,20060216,1.42,1.46,1.42,1.46,6170
MAH,20060216,0.745,0.745,0.7,0.7,845804
MAL,20060216,0.58,0.58,0.565,0.565,120869
MAP,20060216,3.1,3.1,3.03,3.06,6471722
MAQ,20060216,0.73,0.73,0.73,0.73,1000
MAR,20060216,0.11,0.11,0.11,0.11,30000
MBA,20060216,0.091,0.094,0.091,0.091,2465408
MBI,20060216,0.005,0.005,0.005,0.005,500000
MBL,20060216,61.3,61.5,59.57,59.85,2752215
MBN,20060216,0.85,0.88,0.85,0.88,540031
MBP,20060216,0.48,0.49,0.455,0.48,376900
MCC,20060216,5.08,5.09,4.97,4.99,357756
MCG,20060216,5.58,5.66,5.53,5.63,5894172
MCH,20060216,1.6,1.6,1.6,1.6,2000
MCL,20060216,0.008,0.009,0.008,0.009,7447051
MCO,20060216,0.115,0.115,0.115,0.115,15391
MCP,20060216,1.745,1.75,1.73,1.74,161451
MCR,20060216,0.695,0.7,0.685,0.695,1140345
MCW,20060216,1.99,2,1.98,1.995,2553715
MDE,20060216,0.75,0.75,0.75,0.75,10981
MDL,20060216,1.37,1.39,1.355,1.38,242299
MDM,20060216,0.093,0.093,0.093,0.093,63334
MDT,20060216,1.15,1.17,1.15,1.17,5563279
MEE,20060216,0.07,0.07,0.07,0.07,550000
MEI,20060216,0.32,0.32,0.32,0.32,31000
MEL,20060216,0.25,0.26,0.25,0.26,25000
MEO,20060216,0.175,0.18,0.175,0.175,155830
MFI,20060216,1.15,1.15,1.15,1.15,6000
MFS,20060216,3.27,3.3,3.15,3.18,200959
MFT,20060216,1.06,1.1,1.06,1.1,74601
MGK,20060216,0.46,0.48,0.42,0.42,57767
MGO,20060216,0.24,0.24,0.24,0.24,100000
MGQ,20060216,4.86,4.9,4.85,4.88,2816608
MGR,20060216,4.2,4.22,4.16,4.22,1916878
MGW,20060216,3.17,3.2,3.09,3.16,869628
MGX,20060216,0.68,0.685,0.67,0.685,277765
MGZ,20060216,0.095,0.095,0.095,0.095,60737
MHL,20060216,0.028,0.029,0.026,0.026,5702226
MIC,20060216,0.047,0.048,0.046,0.047,4647700
MIG,20060216,3.29,3.35,3.2,3.35,23815782
MIR,20060216,1.7,1.7,1.68,1.68,58340
MIS,20060216,0.5,0.52,0.49,0.52,516242
MLB,20060216,1.35,1.37,1.35,1.37,14407
MLE,20060216,2.44,2.44,2.36,2.4,61480
MLI,20060216,0.32,0.32,0.29,0.295,3470408
MLM,20060216,0.21,0.23,0.21,0.23,11000
MLT,20060216,19.61,19.85,19.6,19.85,10772
MMA,20060216,0.96,0.965,0.955,0.955,590287
MML,20060216,0.6,0.6,0.58,0.58,10800
MMN,20060216,0.28,0.285,0.27,0.28,2093287
MMS,20060216,2.5,2.52,2.42,2.52,70279
MMX,20060216,0.54,0.54,0.51,0.53,663001
MMZ,20060216,0.565,0.565,0.555,0.555,39148
MND,20060216,5.59,5.59,5.29,5.3,125103
MOC,20060216,1.88,1.88,1.85,1.85,46905
MOE,20060216,1.46,1.48,1.43,1.45,515985
MOF,20060216,1.36,1.36,1.35,1.36,8219211
MOG,20060216,0.08,0.08,0.08,0.08,124400
MOL,20060216,1.87,1.9,1.85,1.85,51850
MOO,20060216,0.04,0.04,0.038,0.038,686000
MOS,20060216,0.16,0.16,0.16,0.16,974296
MOX,20060216,0.175,0.175,0.175,0.175,55000
MPA,20060216,0.06,0.06,0.057,0.058,282500
MPD,20060216,0.076,0.076,0.074,0.075,385000
MPF,20060216,1.1,1.1,1.085,1.1,246960
MPG,20060216,0.825,0.825,0.825,0.825,2000
MPH,20060216,0.35,0.355,0.345,0.35,237173
MPO,20060216,0.054,0.055,0.053,0.055,539603
MPR,20060216,1.185,1.185,1.165,1.18,2697348
MPS,20060216,1.045,1.05,1.045,1.045,121726
MPY,20060216,0.9,0.9,0.7,0.7,34584
MRA,20060216,0.99,0.99,0.99,0.99,15000
MRC,20060216,0.245,0.245,0.21,0.21,12310
MRE,20060216,1.955,1.985,1.955,1.98,806321
MRL,20060216,1.4,1.405,1.385,1.385,261104
MRM,20060216,0.43,0.43,0.425,0.425,125911
MRO,20060216,0.82,0.82,0.8,0.81,112187
MRS,20060216,0.32,0.32,0.3,0.3,612829
MRT,20060216,0.195,0.195,0.195,0.195,70000
MRX,20060216,0.071,0.074,0.07,0.074,2655634
MRY,20060216,0.007,0.007,0.007,0.007,178800
MSB,20060216,1.5,1.5,1.44,1.47,120202
MSC,20060216,0.029,0.029,0.027,0.027,523276
MSF,20060216,12.1,12.1,12,12,6100
MSO,20060216,0.076,0.076,0.075,0.075,325000
MST,20060216,0.24,0.245,0.235,0.245,571790
MSX,20060216,1.18,1.18,1.13,1.13,9575
MTB,20060216,0.1,0.1,0.1,0.1,45000
MTD,20060216,0.14,0.14,0.14,0.14,15000
MTH,20060216,0.3,0.3,0.3,0.3,9000
MTI,20060216,0.255,0.255,0.24,0.24,60000
MTN,20060216,0.57,0.58,0.55,0.55,118404
MTR,20060216,0.097,0.1,0.094,0.098,480366
MTS,20060216,4.68,4.68,4.64,4.66,1057981
MTX,20060216,1,1,1,1,12000
MTY,20060216,0.205,0.205,0.2,0.2,47657
MUL,20060216,0.011,0.011,0.01,0.01,10779545
MUR,20060216,0.085,0.085,0.084,0.084,155916
MVL,20060216,0.018,0.018,0.018,0.018,245860
MVP,20060216,0.415,0.42,0.415,0.42,18000
MVU,20060216,1.05,1.1,1.05,1.1,20000
MWE,20060216,0.07,0.08,0.07,0.08,373334
MXG,20060216,3.21,3.24,3.19,3.24,1228704
MXI,20060216,0.805,0.805,0.79,0.79,48620
MXL,20060216,0.086,0.093,0.085,0.092,1528703
MXR,20060216,0.145,0.145,0.145,0.145,10000
MYO,20060216,0.98,0.98,0.965,0.98,536815
MYP,20060216,2.49,2.5,2.44,2.47,4175587
NAB,20060216,35.3,35.56,35.15,35.5,4603327
NAD,20060216,0.042,0.042,0.041,0.041,594143
NAL,20060216,0.38,0.38,0.38,0.38,29980
NAM,20060216,0.66,0.665,0.66,0.665,87420
NAV,20060216,0.185,0.185,0.175,0.175,82187
NBL,20060216,3.85,3.86,3.85,3.86,6000
NCI,20060216,1.45,1.45,1.44,1.44,8500
NCK,20060216,1.64,1.64,1.6,1.6,275280
NCM,20060216,23.37,23.77,23.2,23.67,1589161
NDC,20060216,0.069,0.069,0.069,0.069,35000
NDL,20060216,0.17,0.17,0.17,0.17,25000
NDO,20060216,0.16,0.16,0.155,0.16,609293
NEC,20060216,0.39,0.39,0.38,0.38,96390
NEL,20060216,0.79,0.79,0.79,0.79,8200
NEM,20060216,7.4,7.4,7.31,7.36,68866
NEO,20060216,0.033,0.034,0.032,0.032,8468953
NEU,20060216,0.535,0.545,0.52,0.52,137700
NFO,20060216,0.021,0.021,0.021,0.021,1000
NGF,20060216,0.14,0.14,0.14,0.14,8200
NHC,20060216,1.25,1.36,1.24,1.36,232064
NHM,20060216,0.009,0.01,0.009,0.009,2935000
NHR,20060216,1.805,1.85,1.8,1.81,926641
NIA,20060216,0.19,0.195,0.19,0.19,877877
NKL,20060216,0.11,0.11,0.11,0.11,232681
NKP,20060216,0.62,0.62,0.59,0.59,174999
NLG,20060216,0.39,0.39,0.38,0.38,37000
NLS,20060216,0.12,0.125,0.12,0.125,50000
NLX,20060216,0.13,0.13,0.125,0.125,1811522
NMB,20060216,0.039,0.039,0.035,0.035,721650
NMC,20060216,0.07,0.071,0.07,0.071,739500
NMS,20060216,0.61,0.61,0.58,0.58,184914
NOP,20060216,0.061,0.061,0.061,0.061,6000
NRT,20060216,4.38,4.49,4.38,4.49,46031
NSA,20060216,0.052,0.052,0.045,0.045,80799
NSX,20060216,0.7,0.7,0.7,0.7,20000
NTC,20060216,0.145,0.145,0.145,0.145,9000
NUF,20060216,10.88,10.91,10.72,10.8,92410
NVE,20060216,1.3,1.31,1.3,1.3,81728
NWA,20060216,0.055,0.055,0.055,0.055,191734
NWE,20060216,0.09,0.091,0.088,0.088,1058269
NWK,20060216,0.12,0.12,0.12,0.12,500
NWS,20060216,22.75,22.95,22.75,22.93,1870775
NXS,20060216,0.47,0.47,0.45,0.45,539521
NZO,20060216,0.825,0.825,0.825,0.825,1400
OAK,20060216,1.65,1.65,1.61,1.62,21562
OBJ,20060216,0.086,0.086,0.081,0.085,1304335
OCE,20060216,0.37,0.37,0.365,0.365,26400
OCL,20060216,1.81,1.85,1.81,1.85,29500
OCO,20060216,0.013,0.013,0.013,0.013,612500
ODY,20060216,0.345,0.385,0.34,0.385,1125204
OEL,20060216,0.215,0.215,0.205,0.215,198079
OEX,20060216,0.41,0.41,0.39,0.39,320800
OFM,20060216,1.98,1.98,1.98,1.98,12500
OGD,20060216,0.82,0.82,0.77,0.79,566531
OIL,20060216,0.36,0.36,0.345,0.345,9695
OKN,20060216,2.88,2.9,2.76,2.76,12059210
OLY,20060216,0.215,0.215,0.21,0.21,97000
OMC,20060216,0.28,0.285,0.275,0.28,730926
OMH,20060216,1.18,1.18,1.15,1.16,196250
OMI,20060216,0.99,1.005,0.91,0.91,55246
OMP,20060216,3.34,3.34,3.3,3.33,111360
ONQ,20060216,0.5,0.55,0.5,0.55,25833
OPC,20060216,0.075,0.08,0.071,0.08,195000
OPI,20060216,0.08,0.08,0.08,0.08,6250
OPL,20060216,0.57,0.575,0.54,0.575,567637
ORG,20060216,6.96,7.04,6.94,7.03,1825400
ORI,20060216,22.2,22.3,21.8,22.2,2204544
ORL,20060216,1.92,1.95,1.92,1.95,14423
ORO,20060216,0.023,0.023,0.023,0.023,75000
ORP,20060216,0.13,0.13,0.12,0.125,274250
ORT,20060216,0.13,0.14,0.13,0.14,206185
OSH,20060216,3.47,3.48,3.37,3.37,6079218
OST,20060216,3.35,3.36,3.29,3.32,1199052
OTL,20060216,0.13,0.13,0.125,0.13,230769
OTT,20060216,0.175,0.175,0.175,0.175,4540
OXR,20060216,1.78,1.82,1.78,1.81,8019491
PAA,20060216,0.165,0.175,0.165,0.175,137888
PAY,20060216,3.25,3.35,3.25,3.35,14000
PBA,20060216,0.59,0.59,0.59,0.59,10000
PBB,20060216,2.13,2.24,2.13,2.18,445177
PBD,20060216,1.725,1.725,1.685,1.685,63500
PBG,20060216,2.23,2.24,2.21,2.23,3480411
PBI,20060216,0.22,0.22,0.215,0.215,95403
PBL,20060216,15.87,16,15.73,15.83,1082584
PBO,20060216,0.3,0.3,0.3,0.3,6500
PBT,20060216,0.23,0.23,0.23,0.23,17500
PCC,20060216,0.066,0.07,0.066,0.07,84985
PCG,20060216,0.785,0.8,0.775,0.8,184422
PCL,20060216,0.068,0.068,0.067,0.067,110000
PDG,20060216,30.53,30.56,30.39,30.43,5411
PDL,20060216,1.33,1.33,1.33,1.33,1625
PDM,20060216,0.06,0.06,0.06,0.06,230000
PDN,20060216,2.99,3.05,2.92,2.98,1380550
PDO,20060216,0.65,0.65,0.63,0.63,112354
PDZ,20060216,0.48,0.48,0.44,0.45,246118
PEM,20060216,1.685,1.685,1.6,1.61,448169
PEN,20060216,0.021,0.021,0.019,0.02,4800000
PEO,20060216,0.105,0.105,0.105,0.105,185000
PEP,20060216,0.7,0.7,0.69,0.7,105066
PET,20060216,0.93,0.93,0.93,0.93,4044
PGA,20060216,3.85,3.9,3.85,3.9,40188
PGL,20060216,2.9,2.91,2.85,2.91,73784
PGN,20060216,0.78,0.78,0.78,0.78,2600
PGS,20060216,0.22,0.24,0.22,0.235,500000
PHK,20060216,0.165,0.17,0.165,0.17,267881
PHL,20060216,0.023,0.023,0.023,0.023,2694585
PIO,20060216,0.16,0.16,0.16,0.16,3600
PLA,20060216,0.39,0.43,0.39,0.405,520280
PLD,20060216,0.35,0.35,0.35,0.35,55000
PLF,20060216,1.035,1.05,1.035,1.05,137723
PLT,20060216,0.08,0.08,0.08,0.08,36624
PMA,20060216,1.765,1.765,1.725,1.75,407601
PMC,20060216,2.12,2.17,2.12,2.13,94261
PME,20060216,1.31,1.32,1.31,1.32,2622
PMH,20060216,0.2,0.2,0.2,0.2,139223
PMM,20060216,5.45,5.64,5.44,5.64,52569
PMN,20060216,5.22,5.3,5.14,5.27,1856176
PMP,20060216,1.57,1.595,1.46,1.535,1389685
PMV,20060216,4.15,4.15,4.1,4.1,114202
PNA,20060216,0.24,0.24,0.23,0.235,1929924
PNN,20060216,0.335,0.34,0.325,0.325,135111
PNO,20060216,0.05,0.051,0.047,0.05,1800000
POH,20060216,0.23,0.23,0.23,0.23,51317
POL,20060216,0.16,0.18,0.16,0.18,50000
PPC,20060216,2.78,2.78,2.74,2.78,70845
PPD,20060216,0.15,0.15,0.14,0.15,40000
PPG,20060216,0.44,0.44,0.44,0.44,17947
PPK,20060216,0.81,0.81,0.805,0.805,10000
PPP,20060216,0.115,0.115,0.11,0.11,55000
PPR,20060216,1.605,1.605,1.6,1.6,10000
PPT,20060216,69.5,70,69.1,69.9,70358
PPX,20060216,3.21,3.28,3.21,3.25,2377119
PRE,20060216,0.025,0.025,0.024,0.025,4452400
PRG,20060216,3.55,3.6,3.55,3.59,167071
PRK,20060216,6.65,6.69,6.61,6.65,2037139
PRM,20060216,0.023,0.023,0.023,0.023,40766
PRR,20060216,0.078,0.078,0.077,0.077,225000
PRU,20060216,0.345,0.35,0.34,0.35,95000
PRV,20060216,0.97,0.97,0.965,0.97,400078
PRY,20060216,11.8,11.9,11.6,11.6,29202
PSA,20060216,2.25,2.25,2.16,2.16,249805
PSD,20060216,0.66,0.67,0.64,0.67,304708
PSH,20060216,2.03,2.03,1.96,1.96,180800
PSN,20060216,11.8,11.8,11.8,11.8,580
PSP,20060216,0.12,0.12,0.12,0.12,6250
PSV,20060216,0.36,0.365,0.355,0.365,16767367
PSX,20060216,0.165,0.18,0.165,0.175,530979
PTD,20060216,1.425,1.43,1.4,1.43,542061
PTR,20060216,0.31,0.31,0.31,0.31,17500
PUR,20060216,0.18,0.18,0.18,0.18,10000
PVE,20060216,1.25,1.3,1.21,1.27,273790
PWK,20060216,2.46,2.5,2.45,2.5,44102
PWR,20060216,0.455,0.46,0.44,0.46,57770
PWT,20060216,0.965,0.965,0.965,0.965,20157
PXL,20060216,0.25,0.25,0.25,0.25,10150
PXS,20060216,2.18,2.18,2.07,2.17,152576
PYC,20060216,0.285,0.29,0.28,0.29,140424
QAD,20060216,0.058,0.06,0.058,0.058,760000
QAN,20060216,3.96,4.02,3.94,3.96,25931961
QBE,20060216,18.95,19.09,18.54,19.04,2795512
QCH,20060216,4.05,4.19,4.05,4.1,44656
QED,20060216,0.055,0.057,0.055,0.057,194937
QGC,20060216,0.8,0.8,0.765,0.765,961626
QMT,20060216,2.37,2.4,2.35,2.39,79196
QOL,20060216,0.22,0.22,0.2,0.2,80000
QPX,20060216,0.097,0.105,0.097,0.1,531178
QRS,20060216,0.078,0.078,0.077,0.077,202000
QTI,20060216,0.8,0.8,0.8,0.8,5000
QTK,20060216,0.24,0.25,0.24,0.245,55456
QTM,20060216,0.085,0.085,0.084,0.085,103333
RAT,20060216,1.045,1.05,1.045,1.05,49250
RAU,20060216,0.092,0.092,0.09,0.09,74000
RAW,20060216,0.17,0.185,0.165,0.185,210000
RBM,20060216,0.115,0.12,0.11,0.12,27167
RBS,20060216,2.55,2.55,2.5,2.5,28000
RBY,20060216,0.035,0.035,0.033,0.033,1303997
RCD,20060216,9.56,9.56,9.35,9.45,508256
RCG,20060216,0.15,0.15,0.145,0.145,90000
RCL,20060216,2.41,2.41,2.36,2.36,1176013
RCM,20060216,0.065,0.067,0.065,0.067,509000
RCR,20060216,1.65,1.69,1.65,1.69,83700
RCT,20060216,3.06,3.06,3.06,3.06,2211
RDF,20060216,2.96,2.99,2.93,2.93,27694
RDM,20060216,0.2,0.2,0.2,0.2,25000
RDR,20060216,0.245,0.25,0.24,0.24,120000
REA,20060216,2.7,2.7,2.69,2.7,11530
REB,20060216,3.1,3.1,3.07,3.09,37548
RED,20060216,0.105,0.105,0.105,0.105,47619
REF,20060216,1.75,1.77,1.75,1.75,184950
REH,20060216,15.6,15.6,15.6,15.6,500
RER,20060216,0.185,0.185,0.185,0.185,51346
REU,20060216,0.98,0.98,0.98,0.98,3227632
REX,20060216,1.06,1.1,1.06,1.08,106981
RHC,20060216,9.45,9.45,9.21,9.39,147367
RHD,20060216,0.515,0.52,0.515,0.515,37640
RHI,20060216,0.48,0.51,0.435,0.435,525525
RHL,20060216,4,4,4,4,1345
RHT,20060216,0.098,0.098,0.098,0.098,5000
RIC,20060216,1.27,1.27,1.215,1.245,298058
RIM,20060216,0.06,0.063,0.058,0.062,2125178
RIN,20060216,17.18,17.26,17.07,17.1,2061120
RIO,20060216,71.44,71.95,70.8,71.89,1866088
RIV,20060216,0.885,0.94,0.87,0.94,542032
RKN,20060216,0.745,0.745,0.74,0.74,17100
RMD,20060216,5.8,5.83,5.7,5.79,650884
RMI,20060216,0.058,0.058,0.056,0.056,2575000
RML,20060216,0.18,0.18,0.165,0.165,41176
RNC,20060216,0.85,0.86,0.82,0.85,64344
RND,20060216,0.5,0.5,0.5,0.5,3000
RNG,20060216,0.14,0.14,0.135,0.14,280679
ROC,20060216,2.79,2.79,2.69,2.76,1444965
RPC,20060216,0.59,0.59,0.56,0.58,256700
RPT,20060216,0.077,0.077,0.075,0.076,562700
RRL,20060216,0.105,0.105,0.098,0.098,730429
RRS,20060216,0.037,0.037,0.037,0.037,3435159
RRT,20060216,1.08,1.09,1.08,1.09,611263
RSG,20060216,1.195,1.21,1.11,1.135,712831
RSN,20060216,0.305,0.305,0.29,0.295,2809244
RSP,20060216,1.165,1.19,1.165,1.18,663269
RTL,20060216,0.24,0.24,0.24,0.24,7000
RTM,20060216,0.028,0.028,0.026,0.026,5149835
RUP,20060216,11.3,11.5,11.3,11.36,24981
RUR,20060216,0.22,0.22,0.21,0.21,45000
RVR,20060216,0.19,0.19,0.19,0.19,8800
RXL,20060216,0.11,0.115,0.11,0.115,150000
SAE,20060216,0.26,0.29,0.26,0.28,868117
SAH,20060216,0.055,0.055,0.055,0.055,36000
SAI,20060216,3.03,3.04,2.96,3,3514953
SBC,20060216,12.4,12.4,12.23,12.23,106982
SBM,20060216,0.475,0.475,0.46,0.465,1427050
SBP,20060216,0.12,0.12,0.105,0.11,1005285
SBR,20060216,0.11,0.11,0.11,0.11,4600
SBS,20060216,0.093,0.093,0.082,0.09,3973522
SCB,20060216,0.78,0.78,0.77,0.77,20667
SCC,20060216,0.39,0.39,0.39,0.39,10000
SCD,20060216,0.035,0.035,0.031,0.031,100000
SCF,20060216,110.42,110.7,110.4,110.7,7638
SCV,20060216,0.75,0.75,0.75,0.75,20000
SDG,20060216,1.79,1.795,1.765,1.79,276731
SDI,20060216,0.82,0.82,0.785,0.785,164223
SDL,20060216,0.045,0.046,0.043,0.043,8429473
SDS,20060216,0.85,0.85,0.79,0.79,389209
SEA,20060216,0.505,0.505,0.48,0.48,332900
SED,20060216,0.22,0.22,0.22,0.22,184023
SEE,20060216,0.05,0.052,0.05,0.052,87000
SEK,20060216,3.69,3.7,3.65,3.69,1613275
SEL,20060216,2.98,3.06,2.98,3.01,1124749
SEM,20060216,7.2,7.25,7.2,7.25,569175
SEN,20060216,0.635,0.64,0.615,0.63,1521283
SEV,20060216,8.04,8.05,7.9,8.02,872521
SFC,20060216,5.08,5.09,5,5,26970
SFE,20060216,13.09,13.09,12.85,12.95,496351
SFR,20060216,0.14,0.14,0.14,0.14,7000
SFY,20060216,47,47,47,47,250
SGB,20060216,29.95,29.95,29.7,29.88,1273795
SGL,20060216,0.37,0.37,0.35,0.35,393571
SGM,20060216,14.4,14.49,14.31,14.44,667308
SGN,20060216,3.01,3.04,3,3.03,126778
SGP,20060216,6.45,6.49,6.45,6.46,3017957
SGT,20060216,2.2,2.24,2.2,2.21,5268591
SHC,20060216,0.2,0.2,0.195,0.195,30000
SHG,20060216,0.44,0.44,0.42,0.42,39369
SHL,20060216,14.65,14.95,14.62,14.85,573780
SHN,20060216,0.045,0.046,0.044,0.044,751500
SHV,20060216,13.15,13.39,13.15,13.2,6287
SIE,20060216,0.089,0.089,0.088,0.089,276592
SIM,20060216,0.315,0.315,0.315,0.315,40000
SIP,20060216,2.63,2.7,2.62,2.67,2321936
SIV,20060216,1.65,1.65,1.65,1.65,25800
SKC,20060216,4.24,4.25,4.23,4.23,470261
SKE,20060216,4.2,4.25,4.19,4.19,17604
SLA,20060216,0.235,0.235,0.235,0.235,11399
SLF,20060216,18.25,18.25,18.25,18.25,2500
SLM,20060216,3.67,3.68,3.6,3.68,66402
SLT,20060216,0.11,0.11,0.11,0.11,190000
SLV,20060216,0.66,0.7,0.66,0.695,151125
SLX,20060216,3.24,3.28,3.17,3.19,279629
SMC,20060216,0.18,0.18,0.175,0.175,265025
SML,20060216,0.055,0.058,0.055,0.057,263829
SMM,20060216,0.67,0.67,0.625,0.625,203733
SMN,20060216,0.12,0.12,0.12,0.12,100000
SMO,20060216,0.088,0.088,0.085,0.087,2512863
SMX,20060216,2.15,2.18,2.15,2.15,135000
SMY,20060216,0.8,0.82,0.8,0.8,556213
SNF,20060216,0.45,0.45,0.45,0.45,13000
SNL,20060216,0.35,0.35,0.35,0.35,20000
SNN,20060216,0.074,0.074,0.074,0.074,60000
SOE,20060216,0.225,0.225,0.225,0.225,211374
SOL,20060216,9.3,9.52,9.3,9.4,38285
SOO,20060216,0.175,0.18,0.175,0.175,274937
SOT,20060216,0.92,0.93,0.92,0.92,113533
SPH,20060216,0.96,0.97,0.96,0.97,100000
SPL,20060216,0.485,0.49,0.47,0.48,71547
SPN,20060216,1.31,1.32,1.305,1.305,2072878
SPT,20060216,4.97,5.12,4.87,5.1,278553
SRA,20060216,0.039,0.04,0.038,0.039,2056476
SRH,20060216,1.02,1.02,1.02,1.02,12500
SRI,20060216,0.063,0.065,0.062,0.062,323622
SRL,20060216,2.65,2.65,2.6,2.64,184247
SRV,20060216,5,5,5,5,1590
SRX,20060216,2,2,1.97,1.97,5500
SRZ,20060216,0.235,0.235,0.235,0.235,27112
SSN,20060216,0.37,0.405,0.365,0.39,165728
SSX,20060216,1.55,1.59,1.54,1.59,960313
STE,20060216,0.09,0.09,0.09,0.09,30000
STI,20060216,0.17,0.185,0.17,0.185,57750
STO,20060216,11.85,11.85,11.6,11.8,1518047
STP,20060216,0.096,0.097,0.096,0.096,195436
STR,20060216,0.345,0.35,0.34,0.34,242123
STS,20060216,1.06,1.06,1.01,1.01,51348
STU,20060216,1.17,1.18,1.16,1.17,56775
STW,20060216,48.41,48.41,47.4,47.88,20150
STX,20060216,0.29,0.29,0.27,0.275,2260249
SUL,20060216,2.46,2.55,2.46,2.5,366356
SUN,20060216,21.17,21.4,21,21.4,751717
SUR,20060216,0.165,0.17,0.165,0.165,422720
SWG,20060216,0.015,0.015,0.015,0.015,900000
SYB,20060216,3.46,3.51,3.45,3.51,2867764
SYG,20060216,0.008,0.008,0.007,0.007,1691459
SYL,20060216,4.7,4.7,4.7,4.7,2000
SYM,20060216,1.285,1.29,1.225,1.235,92749
SYN,20060216,2.4,2.4,2.38,2.38,2090
SYP,20060216,0.14,0.14,0.14,0.14,300000
TAA,20060216,0.025,0.028,0.025,0.027,13389566
TAH,20060216,15.31,15.47,15.3,15.47,928688
TAM,20060216,0.2,0.215,0.195,0.2,1471533
TAP,20060216,2.24,2.24,2.05,2.16,753395
TAS,20060216,0.105,0.12,0.105,0.12,410000
TAW,20060216,0.52,0.53,0.5,0.53,20390
TBC,20060216,0.385,0.385,0.385,0.385,598833
TBG,20060216,1.29,1.3,1.26,1.26,64975
TBR,20060216,0.83,0.85,0.83,0.85,27400
TCI,20060216,1.7,1.71,1.68,1.71,68939
TCL,20060216,6.85,6.92,6.83,6.92,2112869
TCQ,20060216,1.22,1.22,1.2,1.21,30000
TEE,20060216,0.049,0.052,0.049,0.052,5570490
TEL,20060216,4.96,4.96,4.86,4.89,6447892
TEN,20060216,2.88,2.89,2.84,2.86,1116209
TFC,20060216,0.4,0.4,0.4,0.4,18000
TFE,20060216,0.395,0.4,0.39,0.39,88663
TGD,20060216,0.085,0.085,0.085,0.085,18394
TGF,20060216,0.23,0.24,0.23,0.24,23000
TGG,20060216,1.53,1.56,1.53,1.55,101699
TGP,20060216,2.41,2.45,2.41,2.45,19503
TGR,20060216,1.32,1.33,1.3,1.305,116487
TGS,20060216,0.28,0.325,0.28,0.325,152594
THG,20060216,0.775,0.775,0.77,0.775,121285
THK,20060216,0.53,0.545,0.525,0.525,118818
THX,20060216,0.185,0.185,0.175,0.175,349116
TIM,20060216,3.09,3.13,3.06,3.1,400709
TIR,20060216,0.049,0.051,0.049,0.05,1004000
TKG,20060216,0.006,0.006,0.006,0.006,3070000
TKR,20060216,0.92,0.92,0.92,0.92,2500
TLM,20060216,0.2,0.2,0.2,0.2,10000
TLS,20060216,4.04,4.06,4.02,4.05,22767142
TLZ,20060216,0.385,0.4,0.385,0.385,13500
TMO,20060216,0.25,0.25,0.235,0.24,41000
TNE,20060216,0.54,0.55,0.54,0.545,168131
TNG,20060216,0.325,0.325,0.295,0.3,221077
TNL,20060216,0.43,0.43,0.43,0.43,79778
TNS,20060216,4.01,4.2,4,4.12,49835
TOL,20060216,11.02,11.07,10.86,10.88,1441929
TOX,20060216,0.13,0.13,0.125,0.13,2753027
TPI,20060216,5.48,5.48,5.43,5.44,567306
TPX,20060216,6,6,6,6,7045
TQH,20060216,0.245,0.245,0.235,0.235,49351
TRG,20060216,13.18,13.18,12.81,12.81,8560
TRO,20060216,0.12,0.12,0.12,0.12,45000
TRS,20060216,4.87,4.87,4.81,4.81,17592
TRU,20060216,9.7,9.7,9.7,9.7,3879
TRY,20060216,2.95,2.95,2.82,2.89,44405
TSE,20060216,7.64,7.65,7.57,7.6,242956
TSO,20060216,2.12,2.13,2.11,2.13,1801311
TSR,20060216,0.085,0.085,0.085,0.085,25034
TTH,20060216,0.061,0.061,0.061,0.061,1000
TTI,20060216,0.26,0.26,0.26,0.26,28840
TTR,20060216,0.185,0.185,0.175,0.185,120333
TTS,20060216,2.91,2.92,2.91,2.92,1335707
TTT,20060216,0.44,0.44,0.425,0.425,11200
TTV,20060216,0.4,0.4,0.4,0.4,10000
TWO,20060216,1.29,1.29,1.28,1.28,87000
TWR,20060216,1.91,1.91,1.865,1.89,211928
TYC,20060216,1.17,1.175,1.165,1.17,3863970
TZL,20060216,0.58,0.58,0.58,0.58,1000
TZN,20060216,0.73,0.73,0.675,0.68,354718
UCL,20060216,0.074,0.074,0.074,0.074,778461
UCW,20060216,1.95,1.975,1.95,1.975,31000
UGL,20060216,11.96,12.2,11.96,12.2,352136
UKD,20060216,0.125,0.125,0.125,0.125,152000
UNI,20060216,0.3,0.3,0.29,0.3,132070
UNW,20060216,0.47,0.475,0.47,0.47,132160
UNX,20060216,0.215,0.215,0.215,0.215,3290
URL,20060216,0.098,0.098,0.094,0.094,1591032
UTB,20060216,12.5,12.59,12.24,12.57,179721
UXA,20060216,0.135,0.135,0.13,0.13,82443
UXC,20060216,1.155,1.16,1.14,1.145,295168
VBA,20060216,1.73,1.73,1.68,1.68,260697
VCN,20060216,0.27,0.27,0.265,0.265,135000
VCR,20060216,1.165,1.175,1.12,1.13,1195967
VGH,20060216,4.44,4.48,4.14,4.26,74881
VGL,20060216,1.08,1.085,1.075,1.085,1144617
VGP,20060216,0.58,0.58,0.545,0.57,72500
VHL,20060216,0.14,0.14,0.135,0.135,50000
VIR,20060216,1.06,1.06,1.04,1.04,298670
VKI,20060216,0.6,0.6,0.6,0.6,11000
VMG,20060216,1.58,1.58,1.5,1.5,324602
VOF,20060216,0.97,0.97,0.97,0.97,3000
VPE,20060216,0.033,0.033,0.031,0.031,12746043
VPG,20060216,1.415,1.43,1.405,1.41,292704
VPH,20060216,0.145,0.145,0.145,0.145,47500
VRE,20060216,0.235,0.235,0.225,0.225,314700
VRL,20060216,2.29,2.3,2.29,2.29,149522
VSG,20060216,0.021,0.021,0.021,0.021,61251
VSL,20060216,2.07,2.08,2.05,2.08,185452
VTP,20060216,1.09,1.1,1.09,1.095,80313
VUL,20060216,0.7,0.7,0.67,0.675,110595
VWD,20060216,1.49,1.52,1.49,1.52,80344
VXS,20060216,0.027,0.027,0.027,0.027,2000
WAB,20060216,1.02,1.025,1.02,1.025,14500
WAG,20060216,0.027,0.027,0.027,0.027,226000
WAL,20060216,0.14,0.14,0.14,0.14,20000
WAM,20060216,1.53,1.54,1.53,1.54,14700
WAN,20060216,7.85,7.92,7.81,7.85,218830
WAS,20060216,0.025,0.025,0.025,0.025,500000
WAT,20060216,3.16,3.16,3.15,3.15,5000
WBA,20060216,0.765,0.78,0.765,0.77,46699
WBC,20060216,23.23,23.3,23.06,23.13,4404116
WCB,20060216,3.57,3.7,3.55,3.7,16478
WCG,20060216,1.22,1.24,1.22,1.24,9000
WCP,20060216,0.022,0.022,0.022,0.022,400000
WDC,20060216,17.31,17.4,17.13,17.18,7553006
WEB,20060216,0.335,0.35,0.325,0.325,319500
WES,20060216,36.09,36.39,36,36.2,828967
WEZ,20060216,0.215,0.22,0.21,0.22,389500
WFL,20060216,1.58,1.69,1.58,1.65,99672
WGP,20060216,0.12,0.125,0.11,0.125,65343
WHG,20060216,5.63,5.78,5.61,5.7,121429
WHS,20060216,3.44,3.44,3.44,3.44,1997
WIL,20060216,0.91,0.91,0.9,0.9,392014
WLL,20060216,1.54,1.56,1.48,1.48,72738
WLS,20060216,0.98,0.98,0.975,0.975,32000
WME,20060216,0.11,0.12,0.11,0.115,840030
WNS,20060216,0.09,0.1,0.09,0.1,11000
WOR,20060216,13.42,13.42,12.86,13,399799
WOW,20060216,17.35,17.6,17.15,17.5,2906774
WPL,20060216,38.6,39.75,38.6,39.7,2694584
WRF,20060216,0.425,0.425,0.425,0.425,694
WRL,20060216,0.3,0.31,0.3,0.3,360900
WSA,20060216,2.11,2.11,2.01,2.03,200551
WSP,20060216,0.23,0.23,0.23,0.23,8700
WSS,20060216,0.14,0.14,0.14,0.14,6972
WST,20060216,0.405,0.405,0.405,0.405,91941
WSY,20060216,0.021,0.021,0.02,0.02,64275
WTE,20060216,0.038,0.039,0.038,0.039,422467
WTP,20060216,2,2.01,1.99,2.01,62064
WWA,20060216,1.02,1.02,1.005,1.005,17050
WWM,20060216,0.025,0.032,0.025,0.028,17341404
WYL,20060216,3.56,3.57,3.5,3.55,628647
XAO,20060216,4781.5,4781.5,4739.9,4766.9,0
XBL,20060216,0.255,0.28,0.255,0.27,4251291
XBW,20060216,367.87,367.87,367.87,367.87,0
XDJ,20060216,2197.8,2203.7,2189.5,2201.8,0
XEJ,20060216,11171.5,11171.5,10895.2,11027.2,0
XFJ,20060216,5735.9,5735.9,5697,5726.3,0
XFL,20060216,4762.7,4762.7,4717.7,4749.8,0
XHJ,20060216,6424.5,6442.4,6381,6407.1,0
XIJ,20060216,446,446.9,441.2,446,0
XJO,20060216,4835,4835,4790.8,4820.6,0
XKO,20060216,4830.4,4830.4,4786.5,4815.4,0
XMD,20060216,4709.1,4709.1,4666.4,4686.8,0
XMJ,20060216,9581.9,9581.9,9412.3,9519.2,0
XNJ,20060216,5241.7,5252.8,5208.7,5234.9,0
XPJ,20060216,1911.3,1917.1,1905,1908.6,0
XSJ,20060216,5876.6,5897.2,5834.3,5873.1,0
XSO,20060216,2710,2714.3,2688.8,2698.8,0
XTE,20060216,50,50,49,49,2300
XTJ,20060216,1458.8,1462.3,1451.8,1458.3,0
XTL,20060216,2632,2632,2607,2627.6,0
XTO,20060216,3929.2,3929.2,3892.4,3917.5,0
XUJ,20060216,5780.1,5799.9,5736.8,5770.4,0
XXJ,20060216,5955,5955,5908.3,5944.7,0
YAM,20060216,0.007,0.007,0.006,0.006,664714
YGL,20060216,0.051,0.052,0.05,0.052,922595
ZBB,20060216,0.225,0.225,0.215,0.22,160780
ZCO,20060216,0.12,0.13,0.12,0.13,20000
ZFX,20060216,7.14,7.14,6.84,7.05,7167843
ZIM,20060216,6.5,6.5,6.35,6.4,33831
ZTL,20060216,0.52,0.53,0.52,0.52,39000
ZYL,20060216,0.002,0.003,0.002,0.002,16390000
