AAC,20060525,1.9,1.9,1.87,1.88,105108
AAE,20060525,0.47,0.575,0.47,0.53,1073022
AAM,20060525,0.225,0.225,0.21,0.225,414902
AAQ,20060525,0.39,0.39,0.38,0.38,9500
AAR,20060525,0.026,0.026,0.024,0.024,889190
AAU,20060525,0.555,0.555,0.55,0.55,35199
ABB,20060525,7.51,7.51,7.4,7.4,61815
ABC,20060525,2.38,2.44,2.38,2.4,388670
ABI,20060525,0.058,0.06,0.056,0.056,193700
ABJ,20060525,1.46,1.46,1.36,1.36,5700
ABP,20060525,1.455,1.455,1.45,1.45,468590
ABQ,20060525,0.13,0.13,0.13,0.13,10000
ABS,20060525,7.25,7.25,6.9,6.9,2466893
ABY,20060525,2.14,2.25,2.11,2.22,3558706
ACB,20060525,0.26,0.27,0.26,0.26,406250
ACE,20060525,0.105,0.105,0.105,0.105,1200
ACG,20060525,0.21,0.21,0.21,0.21,10000
ACL,20060525,1.25,1.25,1.25,1.25,11795
ACR,20060525,0.85,0.855,0.82,0.82,100352
ACS,20060525,0.13,0.13,0.13,0.13,100000
ACU,20060525,0.105,0.105,0.1,0.1,300575
ADA,20060525,0.46,0.46,0.44,0.44,7500
ADB,20060525,12.68,12.68,12.24,12.24,126848
ADG,20060525,2.95,2.95,2.95,2.95,1300
ADI,20060525,0.325,0.325,0.315,0.32,940893
ADL,20060525,0.06,0.06,0.06,0.06,317106
ADN,20060525,0.43,0.435,0.43,0.43,99796
ADU,20060525,0.7,0.7,0.66,0.66,402845
ADX,20060525,0.09,0.09,0.09,0.09,45000
ADY,20060525,0.095,0.095,0.09,0.091,3111748
ADZ,20060525,1.87,1.89,1.865,1.87,268899
AEC,20060525,3.6,3.6,3.51,3.51,22850
AED,20060525,1.34,1.43,1.32,1.4,1754756
AEI,20060525,0.54,0.58,0.54,0.58,62600
AEM,20060525,0.028,0.035,0.028,0.035,161785
AEO,20060525,1.635,1.635,1.63,1.63,37454
AET,20060525,0.68,0.68,0.68,0.68,5000
AEU,20060525,1.685,1.73,1.68,1.7,24085
AEX,20060525,0.049,0.05,0.045,0.045,5913240
AEZ,20060525,1.14,1.14,1.13,1.14,194314
AFI,20060525,4.5,4.57,4.49,4.57,255193
AFS,20060525,0.05,0.05,0.05,0.05,50000
AFT,20060525,0.016,0.017,0.016,0.017,587230
AGC,20060525,1.44,1.44,1.37,1.39,117952
AGG,20060525,12.12,12.12,11.9,11.9,5684
AGI,20060525,0.375,0.38,0.375,0.38,123553
AGL,20060525,17.01,17.09,16.61,16.75,744095
AGM,20060525,0.26,0.26,0.24,0.25,7084877
AGO,20060525,0.48,0.48,0.46,0.47,72550
AGS,20060525,0.255,0.27,0.255,0.27,454776
AGX,20060525,0.18,0.18,0.175,0.175,155535
AGZ,20060525,0.315,0.315,0.315,0.315,24238
AHD,20060525,4.85,4.85,4.85,4.85,203800
AHE,20060525,1.5,1.5,1.46,1.48,65149
AHS,20060525,0.95,0.96,0.94,0.96,224700
AIA,20060525,1.735,1.74,1.72,1.74,213952
AIE,20060525,0.335,0.345,0.335,0.34,20180
AII,20060525,0.295,0.295,0.295,0.295,16850
AIM,20060525,0.14,0.145,0.135,0.14,4154800
AIV,20060525,0.185,0.185,0.18,0.18,60000
AIX,20060525,2.13,2.18,2.12,2.16,1001843
AIZ,20060525,1.035,1.035,1.035,1.035,42090
AJL,20060525,0.85,0.86,0.85,0.86,31000
ALB,20060525,0.905,0.905,0.87,0.87,76772
ALD,20060525,0.545,0.55,0.52,0.55,4087708
ALK,20060525,0.18,0.18,0.175,0.175,493683
ALL,20060525,13.5,13.7,13.45,13.55,854581
ALN,20060525,10.29,10.37,10.2,10.3,477582
ALR,20060525,1.63,1.63,1.63,1.63,3375
ALS,20060525,9.84,9.85,9.75,9.85,137234
ALT,20060525,0.023,0.028,0.023,0.023,583330
ALZ,20060525,2.04,2.04,2,2,886145
AMC,20060525,6.81,6.87,6.75,6.75,2174228
AMG,20060525,0.085,0.085,0.08,0.08,359847
AMM,20060525,0.13,0.13,0.125,0.125,263984
AMO,20060525,0.52,0.52,0.52,0.52,46301
AMP,20060525,8.9,8.98,8.75,8.75,7407624
AMU,20060525,1.2,1.2,1.185,1.19,133700
ANC,20060525,6.05,6.14,6,6,4774
AND,20060525,0.325,0.335,0.32,0.335,447180
ANE,20060525,3.95,3.95,3.95,3.95,5000
ANG,20060525,0.385,0.385,0.36,0.36,55000
ANH,20060525,0.063,0.063,0.059,0.06,2897850
ANM,20060525,0.22,0.22,0.22,0.22,15836
ANN,20060525,10.38,10.57,10.34,10.35,857878
ANO,20060525,0.13,0.13,0.13,0.13,90000
ANP,20060525,0.028,0.028,0.028,0.028,315000
ANX,20060525,0.29,0.3,0.29,0.3,12000
ANZ,20060525,26.69,26.8,26.35,26.43,4838594
AOC,20060525,0.105,0.105,0.105,0.105,66000
AOD,20060525,9.55,9.9,9.55,9.9,5000
AOE,20060525,0.58,0.58,0.57,0.57,253744
AOI,20060525,0.086,0.089,0.086,0.089,602977
AOM,20060525,0.017,0.017,0.016,0.016,278440
AOP,20060525,0.45,0.45,0.44,0.44,199000
AOS,20060525,0.13,0.13,0.13,0.13,57500
APA,20060525,4.17,4.19,4.1,4.1,206066
API,20060525,2.33,2.35,2.33,2.33,246649
APN,20060525,5.15,5.16,5.12,5.13,1712101
APV,20060525,0.145,0.145,0.12,0.12,1476379
APZ,20060525,1.44,1.44,1.44,1.44,5064
AQA,20060525,6.65,6.68,6.6,6.6,3000
AQD,20060525,0.58,0.62,0.58,0.58,771425
AQP,20060525,17.05,17.05,16.61,16.8,117470
ARA,20060525,0.43,0.43,0.43,0.43,104700
ARE,20060525,0.135,0.135,0.13,0.13,453294
ARG,20060525,6.85,6.87,6.8,6.86,65647
ARM,20060525,0.22,0.24,0.22,0.24,21964
ARP,20060525,3.23,3.23,3.21,3.21,57818
ARQ,20060525,1.575,1.575,1.53,1.53,890132
ARU,20060525,0.37,0.375,0.345,0.35,202782
ARW,20060525,2.14,2.14,2.07,2.1,176309
ARX,20060525,0.056,0.056,0.055,0.055,1002072
ARZ,20060525,1,1,0.95,1,23473
ASB,20060525,2.65,2.65,2.5,2.62,446943
ASC,20060525,0.04,0.04,0.036,0.036,200000
ASL,20060525,1.475,1.475,1.415,1.415,94713
ASP,20060525,0.12,0.12,0.12,0.12,30000
ASX,20060525,31.05,31.85,29.86,29.9,874391
ASZ,20060525,0.67,0.7,0.67,0.7,806000
ATG,20060525,0.39,0.4,0.39,0.39,35000
ATP,20060525,0.285,0.285,0.28,0.285,83320
ATR,20060525,3.26,3.26,3.22,3.23,21000
ATV,20060525,0.15,0.15,0.15,0.15,36753
ATZ,20060525,0.2,0.2,0.195,0.2,85529
AUB,20060525,3.13,3.2,3.12,3.14,39100
AUH,20060525,0.057,0.057,0.055,0.055,30000
AUI,20060525,7.49,7.49,7.49,7.49,700
AUL,20060525,0.027,0.027,0.024,0.026,9830506
AUM,20060525,0.31,0.31,0.3,0.3,95135
AUN,20060525,1.165,1.18,1.165,1.175,1155787
AUS,20060525,1.235,1.235,1.17,1.17,81617
AUT,20060525,0.54,0.54,0.53,0.54,117250
AUW,20060525,2.28,2.33,2.26,2.27,220989
AUX,20060525,0.052,0.052,0.052,0.052,19173
AUZ,20060525,0.023,0.023,0.021,0.021,2541297
AVE,20060525,1.8,1.8,1.72,1.77,83730
AVJ,20060525,1.19,1.2,1.18,1.2,424265
AVM,20060525,1,1,0.95,0.955,182930
AVO,20060525,0.67,0.71,0.67,0.71,191640
AVR,20060525,1.5,1.5,1.48,1.48,31960
AVS,20060525,0.2,0.2,0.2,0.2,5000
AVU,20060525,0.745,0.75,0.73,0.75,71255
AVV,20060525,1.11,1.11,1.02,1.08,94468
AVX,20060525,0.245,0.25,0.24,0.24,175700
AWB,20060525,4.23,4.27,4.21,4.27,754150
AWC,20060525,6.87,6.87,6.75,6.77,8017240
AWE,20060525,2.99,3,2.93,2.95,1599254
AWG,20060525,0.205,0.205,0.205,0.205,50000
AWL,20060525,0.012,0.014,0.012,0.014,1100000
AXA,20060525,6.03,6.07,5.94,5.97,2966504
AXC,20060525,0.07,0.07,0.07,0.07,26000
AXI,20060525,0.17,0.17,0.17,0.17,230000
AXO,20060525,0.58,0.58,0.58,0.58,95146
AXQ,20060525,0.935,0.935,0.93,0.93,90638
AYR,20060525,0.185,0.185,0.165,0.17,440000
AZA,20060525,1.36,1.37,1.325,1.36,294842
AZC,20060525,0.2,0.2,0.19,0.195,260000
AZM,20060525,0.29,0.3,0.29,0.29,69400
AZR,20060525,0.19,0.195,0.185,0.185,699500
AZX,20060525,1.2,1.25,1.2,1.2,15500
AZZ,20060525,0.4,0.41,0.385,0.4,423336
BAR,20060525,0.28,0.295,0.28,0.29,223000
BAS,20060525,0.071,0.078,0.07,0.07,1061500
BAX,20060525,4,4.09,4,4.05,21693
BBB,20060525,0.1,0.1,0.098,0.1,942950
BBG,20060525,14.55,14.74,14.45,14.45,322566
BBI,20060525,1.475,1.535,1.475,1.505,18079293
BBW,20060525,1.6,1.61,1.58,1.6,2980167
BCA,20060525,3.11,3.14,3.07,3.1,139540
BCL,20060525,4.15,4.19,4.1,4.17,24970
BCM,20060525,4.06,4.06,4.02,4.04,468500
BDG,20060525,1.95,1.985,1.875,1.95,1656966
BDI,20060525,0.78,0.78,0.77,0.78,30232
BDL,20060525,0.145,0.145,0.14,0.14,944266
BDM,20060525,0.44,0.44,0.42,0.42,22501
BDS,20060525,2.65,2.65,2.65,2.65,10000
BEC,20060525,0.44,0.44,0.43,0.43,174397
BEI,20060525,2.8,2.8,2.73,2.73,60638
BEL,20060525,0.41,0.41,0.4,0.4,37000
BEN,20060525,13.3,13.3,12.96,12.96,109920
BGD,20060525,0.65,0.66,0.615,0.66,164000
BGF,20060525,0.3,0.315,0.295,0.31,10069039
BGL,20060525,0.175,0.175,0.17,0.17,10000
BGN,20060525,0.082,0.088,0.08,0.082,374000
BHP,20060525,27.77,27.85,27.45,27.45,21020074
BIL,20060525,10.53,10.56,10.46,10.52,3746506
BIT,20060525,0.235,0.235,0.235,0.235,19429
BIX,20060525,0.115,0.12,0.115,0.115,115000
BJT,20060525,1.735,1.74,1.71,1.71,1292577
BKG,20060525,0.17,0.175,0.17,0.17,176300
BKI,20060525,1.35,1.37,1.35,1.36,12944
BKM,20060525,0.013,0.013,0.013,0.013,90000
BKN,20060525,5.01,5.08,4.91,4.91,169252
BKP,20060525,0.26,0.275,0.26,0.275,265460
BKR,20060525,0.355,0.355,0.35,0.35,23000
BKW,20060525,12.35,12.4,12.3,12.3,26984
BKY,20060525,1,1,0.995,1,509500
BLD,20060525,9.28,9.35,9.24,9.3,1768252
BLR,20060525,0.064,0.064,0.059,0.059,4232760
BLT,20060525,0.068,0.068,0.067,0.067,342000
BLZ,20060525,0.031,0.031,0.028,0.029,303100
BMN,20060525,1.03,1.03,0.95,0.95,115000
BMO,20060525,0.335,0.34,0.325,0.33,967436
BMX,20060525,0.33,0.335,0.325,0.325,633001
BNB,20060525,18.33,18.92,18.27,18.8,1249471
BNT,20060525,0.32,0.32,0.3,0.3,155000
BOC,20060525,0.845,0.85,0.84,0.85,20000
BOL,20060525,4.06,4.27,4.06,4.16,256266
BON,20060525,0.1,0.105,0.1,0.1,105000
BOQ,20060525,14.5,14.5,13.95,13.95,115619
BOS,20060525,0.185,0.185,0.18,0.18,302060
BOW,20060525,0.22,0.23,0.22,0.23,14000
BPC,20060525,0.96,0.98,0.96,0.97,4578180
BPK,20060525,0.11,0.11,0.105,0.105,371133
BPO,20060525,0.016,0.016,0.016,0.016,60000
BPT,20060525,1.44,1.46,1.38,1.4,2085491
BQT,20060525,0.098,0.1,0.096,0.1,658436
BRO,20060525,0.029,0.029,0.029,0.029,200000
BRT,20060525,0.061,0.061,0.061,0.061,200000
BRW,20060525,0.065,0.065,0.062,0.062,1606266
BRZ,20060525,1.465,1.47,1.465,1.465,6025
BSA,20060525,0.25,0.25,0.23,0.23,75782
BSG,20060525,2.1,2.16,2.06,2.15,1097637
BSL,20060525,7.58,7.6,7.51,7.51,2193552
BSM,20060525,0.19,0.19,0.17,0.17,188357
BSO,20060525,2.1,2.1,2.09,2.09,4000
BTA,20060525,1.45,1.485,1.41,1.42,1348150
BTC,20060525,0.46,0.46,0.46,0.46,13546
BTV,20060525,0.061,0.066,0.06,0.064,6297510
BTX,20060525,0.225,0.23,0.22,0.23,221958
BUG,20060525,0.52,0.52,0.52,0.52,2428
BUR,20060525,0.225,0.225,0.21,0.21,27793
BUY,20060525,0.055,0.055,0.055,0.055,120000
BWP,20060525,1.97,1.97,1.91,1.91,132921
BXP,20060525,0.175,0.185,0.17,0.185,917757
BZI,20060525,0.45,0.48,0.45,0.48,28000
CAA,20060525,1.17,1.17,1.1,1.1,166246
CAB,20060525,6.1,6.12,6.08,6.1,210284
CAF,20060525,1,1.015,1,1,34833
CAG,20060525,0.012,0.014,0.012,0.013,1195000
CAL,20060525,0.55,0.55,0.55,0.55,23452
CAM,20060525,0.925,0.925,0.92,0.92,10500
CAT,20060525,6.1,6.1,6.1,6.1,68
CAZ,20060525,0.345,0.345,0.33,0.34,195803
CBA,20060525,44.15,44.35,43.85,43.99,2487597
CBH,20060525,0.415,0.43,0.405,0.43,1512519
CCE,20060525,0.145,0.15,0.14,0.14,4557040
CCI,20060525,0.011,0.011,0.009,0.01,9926000
CCL,20060525,7.05,7.07,6.98,7,2101995
CCP,20060525,6.4,6.4,6.2,6.35,26204
CCS,20060525,0.06,0.06,0.04,0.04,100917
CCV,20060525,0.42,0.44,0.42,0.42,105000
CDA,20060525,0.87,0.87,0.86,0.86,25600
CDD,20060525,4.21,4.21,4.18,4.18,23966
CDF,20060525,1.7,1.7,1.7,1.7,4167
CDO,20060525,3.45,3.47,3.4,3.42,1080615
CDP,20060525,3.66,3.71,3.65,3.65,15536
CDR,20060525,2,2.03,2,2.01,566025
CDT,20060525,0.3,0.3,0.3,0.3,90000
CDX,20060525,2.55,2.55,2.55,2.55,49400
CEG,20060525,1.4,1.44,1.4,1.44,39366
CEO,20060525,0.19,0.21,0.19,0.21,110000
CEQ,20060525,2.27,2.32,2.27,2.28,3996
CER,20060525,1.595,1.605,1.56,1.585,4176705
CEU,20060525,1.145,1.175,1.145,1.16,2697032
CEY,20060525,3.42,3.42,3.34,3.34,1047324
CFE,20060525,0.43,0.455,0.405,0.44,398437
CFI,20060525,0.585,0.585,0.57,0.57,85243
CFK,20060525,0.47,0.47,0.46,0.47,51186
CFR,20060525,0.016,0.017,0.015,0.017,1138702
CFU,20060525,0.64,0.64,0.62,0.635,33000
CFX,20060525,1.8,1.8,1.75,1.79,2450707
CGF,20060525,3.2,3.21,3.1,3.13,2850600
CGM,20060525,0.38,0.38,0.36,0.36,20000
CGS,20060525,0.275,0.275,0.26,0.26,20000
CGX,20060525,0.46,0.46,0.46,0.46,73442
CHB,20060525,37.5,38.8,37.5,38.8,1441
CHF,20060525,0.375,0.375,0.375,0.375,28965
CHL,20060525,0.225,0.225,0.225,0.225,145000
CHN,20060525,0.215,0.215,0.215,0.215,26654
CHO,20060525,5.55,5.55,5.5,5.55,55056
CHQ,20060525,0.495,0.52,0.495,0.52,19000
CHT,20060525,0.011,0.011,0.011,0.011,300000
CHX,20060525,1.475,1.5,1.465,1.475,170502
CIG,20060525,0.078,0.08,0.075,0.08,1315078
CII,20060525,0.1,0.1,0.1,0.1,50000
CIN,20060525,18.55,18.55,18.55,18.55,325
CIR,20060525,1.09,1.09,1.09,1.09,16450
CIX,20060525,0.42,0.425,0.42,0.42,77900
CIY,20060525,3.53,3.55,3.48,3.48,45205
CKL,20060525,0.485,0.485,0.485,0.485,4000
CKR,20060525,0.16,0.165,0.16,0.16,224324
CLF,20060525,0.27,0.27,0.265,0.265,14000
CLH,20060525,0.96,0.96,0.94,0.94,27641
CLO,20060525,0.405,0.41,0.405,0.405,167637
CLT,20060525,1.21,1.21,1.21,1.21,42919
CLV,20060525,0.1,0.105,0.1,0.1,751607
CMI,20060525,1.16,1.16,1.12,1.12,36098
CMK,20060525,0.35,0.35,0.35,0.35,11200
CML,20060525,11.28,11.35,11.22,11.24,7530565
CMO,20060525,0.01,0.01,0.01,0.01,8400000
CMP,20060525,0.06,0.06,0.06,0.06,10000
CMQ,20060525,0.42,0.425,0.405,0.405,242501
CMR,20060525,3.4,3.5,3.32,3.5,145275
CMS,20060525,0.034,0.034,0.034,0.034,13200
CMV,20060525,0.39,0.4,0.39,0.4,34000
CMW,20060525,0.88,0.9,0.88,0.89,45000
CMX,20060525,0.485,0.485,0.46,0.46,231169
CND,20060525,3.1,3.15,3.1,3.15,10850
CNN,20060525,0.032,0.032,0.03,0.03,1993000
CNP,20060525,6.4,6.48,6.37,6.39,2199373
CNT,20060525,0.72,0.74,0.67,0.7,61500
COA,20060525,5.95,6.1,5.95,5.98,398393
COE,20060525,0.635,0.635,0.58,0.59,907835
COF,20060525,2.79,2.82,2.78,2.8,42227
COH,20060525,53,53.29,51.77,51.8,175673
COI,20060525,0.33,0.355,0.33,0.355,206423
COK,20060525,0.175,0.175,0.17,0.17,96703
COM,20060525,0.145,0.145,0.145,0.145,5000
COS,20060525,0.15,0.15,0.15,0.15,30000
COU,20060525,2.15,2.2,2.12,2.19,69184
COZ,20060525,0.17,0.17,0.16,0.16,200000
CPA,20060525,1.33,1.345,1.32,1.32,10674705
CPB,20060525,15.25,15.45,15.16,15.45,7969
CPI,20060525,0.5,0.5,0.5,0.5,91125
CPK,20060525,3.65,3.65,3.65,3.65,8100
CPN,20060525,0.085,0.085,0.085,0.085,50000
CPR,20060525,1.3,1.3,1.3,1.3,40510
CPU,20060525,7.78,7.8,7.67,7.73,894396
CQT,20060525,0.15,0.15,0.14,0.15,134528
CRE,20060525,0.365,0.365,0.345,0.355,339345
CRG,20060525,12.77,12.79,12.3,12.3,66387
CRK,20060525,1.23,1.23,1.16,1.16,27380
CRT,20060525,0.69,0.69,0.69,0.69,2000
CRU,20060525,0.655,0.655,0.635,0.635,6221
CSE,20060525,0.23,0.23,0.23,0.23,158700
CSH,20060525,2.2,2.2,2.2,2.2,1773
CSL,20060525,51.53,52.41,50.46,50.51,1057737
CSM,20060525,2.13,2.13,2.04,2.08,638623
CSR,20060525,3.69,3.75,3.68,3.7,7660585
CSS,20060525,0.45,0.45,0.45,0.45,2000
CST,20060525,3.28,3.31,3.25,3.27,61291
CTF,20060525,0.2,0.2,0.2,0.2,10000
CTI,20060525,0.12,0.125,0.12,0.125,54000
CTN,20060525,1.24,1.245,1.22,1.245,97795
CTO,20060525,0.36,0.36,0.34,0.34,1750097
CTP,20060525,0.12,0.12,0.12,0.12,145000
CTX,20060525,19.3,19.47,19.1,19.45,553756
CUE,20060525,0.21,0.215,0.2,0.21,4240704
CUL,20060525,0.03,0.031,0.03,0.03,293333
CUS,20060525,0.235,0.235,0.23,0.23,843000
CUV,20060525,0.35,0.365,0.35,0.35,17513
CUY,20060525,0.37,0.37,0.37,0.37,46000
CVC,20060525,1.4,1.4,1.4,1.4,681700
CVI,20060525,0.049,0.049,0.044,0.044,378704
CVN,20060525,0.049,0.049,0.048,0.049,479672
CWP,20060525,4.1,4.1,4.1,4.1,7700
CWT,20060525,0.765,0.77,0.765,0.77,38555
CXD,20060525,1.5,1.5,1.5,1.5,29330
CXE,20060525,0.13,0.18,0.13,0.18,27400
CXP,20060525,6.18,6.18,6.02,6.02,93873
CXS,20060525,0.43,0.44,0.43,0.44,105773
CYA,20060525,1.17,1.18,1.16,1.18,138645
CYG,20060525,4.5,4.5,4.45,4.45,48468
CYN,20060525,0.33,0.33,0.33,0.33,4000
CYT,20060525,0.95,0.97,0.905,0.95,82650
DBS,20060525,0.55,0.55,0.55,0.55,46000
DCS,20060525,0.135,0.135,0.135,0.135,4375
DDT,20060525,0.465,0.465,0.435,0.435,158199
DEG,20060525,0.17,0.17,0.16,0.16,216700
DES,20060525,0.345,0.36,0.335,0.35,558784
DEX,20060525,1.16,1.16,1.155,1.16,25240
DGR,20060525,0.07,0.07,0.07,0.07,29809
DIA,20060525,0.07,0.07,0.07,0.07,664119
DIO,20060525,0.069,0.069,0.066,0.066,938000
DJS,20060525,2.76,2.82,2.76,2.8,3198505
DJW,20060525,4.47,4.5,4.45,4.49,65675
DKN,20060525,1.06,1.06,1.05,1.05,32600
DKS,20060525,7.03,7.03,7.03,7.03,6750
DLS,20060525,0.165,0.17,0.16,0.165,2056918
DMA,20060525,0.3,0.3,0.3,0.3,50000
DMP,20060525,3.91,3.92,3.9,3.91,15500
DMX,20060525,0.4,0.4,0.37,0.38,26500
DMY,20060525,0.065,0.065,0.065,0.065,5000
DNL,20060525,0.21,0.225,0.21,0.225,14750
DOM,20060525,1.29,1.3,1.25,1.27,58283
DOW,20060525,8.2,8.28,8.07,8.21,673586
DRA,20060525,0.14,0.14,0.135,0.135,298114
DRK,20060525,0.15,0.15,0.145,0.15,42947
DRN,20060525,0.069,0.075,0.065,0.069,2502235
DRT,20060525,1.46,1.46,1.435,1.455,13952199
DRX,20060525,0.23,0.23,0.23,0.23,5000
DTL,20060525,3.3,3.3,3.3,3.3,6000
DUE,20060525,2.68,2.78,2.66,2.74,599633
DUL,20060525,0.041,0.041,0.041,0.041,33211
DVC,20060525,2.83,2.84,2.76,2.78,1775224
DVM,20060525,0.055,0.057,0.055,0.057,372300
DVN,20060525,0.87,0.87,0.865,0.865,29928
DXL,20060525,2.47,2.48,2.46,2.47,4790336
DYE,20060525,0.73,0.74,0.73,0.74,2700
DYL,20060525,0.13,0.145,0.13,0.14,3620040
EAR,20060525,0.19,0.2,0.19,0.2,302000
EBB,20060525,5.41,5.75,5.41,5.74,340900
EBG,20060525,0.24,0.24,0.24,0.24,10000
EBR,20060525,0.068,0.068,0.066,0.066,609747
EBT,20060525,0.1,0.1,0.093,0.093,50000
ECH,20060525,0.42,0.42,0.42,0.42,9770
ECU,20060525,0.068,0.069,0.068,0.069,61000
EDM,20060525,0.14,0.15,0.14,0.15,59420
EDN,20060525,0.52,0.57,0.52,0.57,107200
EFT,20060525,0.06,0.065,0.06,0.06,63000
EGL,20060525,0.11,0.11,0.11,0.11,4280750
EGO,20060525,0.011,0.011,0.01,0.01,4668127
EGX,20060525,0.49,0.5,0.49,0.5,15200
EIG,20060525,0.99,1,0.99,1,10000
EIV,20060525,0.18,0.185,0.18,0.18,285000
ELK,20060525,0.66,0.66,0.61,0.61,280260
ELM,20060525,0.58,0.64,0.58,0.64,10331
ELX,20060525,0.585,0.585,0.58,0.585,18500
EME,20060525,1.55,1.55,1.55,1.55,17117
EMI,20060525,0.62,0.62,0.6,0.6,12000
EMP,20060525,0.46,0.5,0.45,0.5,65210
EMS,20060525,0.14,0.14,0.135,0.135,46113
ENB,20060525,0.225,0.225,0.195,0.195,70000
ENE,20060525,4.13,4.15,4.1,4.13,142848
ENG,20060525,0.38,0.38,0.37,0.375,260909
ENR,20060525,0.38,0.38,0.36,0.36,52233
ENV,20060525,1.12,1.13,1.11,1.115,423391
EON,20060525,0.7,0.7,0.68,0.68,204285
EOS,20060525,2.41,2.41,2.41,2.41,7850
EPE,20060525,0.045,0.045,0.04,0.043,1299483
EPF,20060525,0.195,0.195,0.19,0.19,101937
EPG,20060525,0.55,0.55,0.5,0.51,293091
EPR,20060525,0.036,0.036,0.036,0.036,317020
EPY,20060525,0.47,0.47,0.45,0.45,15000
EQI,20060525,1.55,1.55,1.49,1.54,390493
EQN,20060525,2.11,2.12,2.05,2.05,141585
EQX,20060525,0.19,0.19,0.19,0.19,10000
ERA,20060525,11.93,12,11.67,11.75,330391
ERG,20060525,0.11,0.11,0.105,0.11,1150999
ESG,20060525,0.12,0.12,0.12,0.12,606667
ESS,20060525,0.355,0.355,0.355,0.355,16000
ETE,20060525,0.14,0.14,0.14,0.14,139691
ETK,20060525,0.054,0.054,0.054,0.054,50000
ETR,20060525,2.45,2.53,2.45,2.52,98129
ETW,20060525,0.099,0.099,0.077,0.085,1293608
EUG,20060525,0.091,0.091,0.091,0.091,100000
EVE,20060525,0.13,0.13,0.12,0.12,171145
EVG,20060525,0.13,0.13,0.13,0.13,10000
EVZ,20060525,0.18,0.19,0.17,0.17,185689
EWC,20060525,0.034,0.034,0.034,0.034,34000
EXL,20060525,7.6,7.6,7.27,7.29,638418
EXR,20060525,0.435,0.435,0.43,0.43,65000
EXS,20060525,0.26,0.27,0.26,0.26,194760
EXT,20060525,0.089,0.09,0.084,0.084,9277178
EZE,20060525,0.13,0.13,0.13,0.13,1992
EZL,20060525,2.24,2.24,2.22,2.22,8200
EZY,20060525,0.068,0.09,0.068,0.09,374304
FAR,20060525,0.18,0.185,0.175,0.175,2568185
FAT,20060525,0.91,0.91,0.905,0.91,20030
FBU,20060525,7.65,7.7,7.59,7.65,314404
FCL,20060525,2.23,2.25,2.19,2.2,2490476
FCN,20060525,0.27,0.27,0.265,0.265,483406
FDL,20060525,0.027,0.028,0.026,0.026,2258000
FEA,20060525,0.68,0.68,0.68,0.68,122352
FGL,20060525,5.57,5.63,5.5,5.52,3303218
FKP,20060525,5.2,5.48,5.17,5.36,212107
FLK,20060525,0.53,0.53,0.53,0.53,6000
FLT,20060525,10.05,10.05,9.7,9.7,85804
FLX,20060525,1.88,1.9,1.85,1.895,74552
FMG,20060525,6.36,6.36,6,6.3,877224
FML,20060525,0.05,0.05,0.049,0.049,598323
FOF,20060525,0.49,0.49,0.49,0.49,10475
FPA,20060525,3.44,3.44,3.36,3.36,71493
FPH,20060525,3.59,3.61,3.59,3.61,5000
FRE,20060525,0.55,0.65,0.54,0.64,583150
FRI,20060525,0.915,0.915,0.86,0.86,53000
FRL,20060525,0.18,0.18,0.18,0.18,237688
FRM,20060525,0.41,0.41,0.41,0.41,3000
FRR,20060525,0.76,0.775,0.7,0.75,868695
FRS,20060525,0.59,0.59,0.57,0.58,87000
FSA,20060525,0.29,0.29,0.29,0.29,15519
FUN,20060525,1.6,1.625,1.59,1.61,402829
FUT,20060525,0.008,0.01,0.008,0.01,96205
FWD,20060525,6.29,6.3,6.19,6.19,128854
FXJ,20060525,3.83,3.87,3.8,3.82,3824583
FXR,20060525,0.775,0.775,0.725,0.74,401875
FZN,20060525,1.34,1.34,1.34,1.34,2250
GAA,20060525,1.19,1.19,1.17,1.17,59300
GAP,20060525,0.9,0.9,0.89,0.89,65750
GAS,20060525,2.35,2.35,2.31,2.31,113820
GAU,20060525,0.19,0.19,0.19,0.19,246540
GBA,20060525,0.08,0.08,0.075,0.075,71002
GBE,20060525,0.55,0.55,0.55,0.55,13250
GBG,20060525,0.55,0.55,0.525,0.53,2618291
GBL,20060525,0.05,0.054,0.05,0.054,208574
GBP,20060525,0.7,0.705,0.685,0.685,181490
GCL,20060525,3.16,3.2,3.05,3.06,91833
GCN,20060525,0.1,0.1,0.1,0.1,150000
GCR,20060525,0.07,0.07,0.067,0.067,232705
GDA,20060525,0.048,0.048,0.041,0.041,350364
GDM,20060525,0.56,0.56,0.54,0.54,153800
GDN,20060525,0.25,0.25,0.235,0.25,305939
GDR,20060525,0.355,0.355,0.34,0.345,271949
GDY,20060525,1.24,1.335,1.24,1.285,86450
GED,20060525,0.094,0.094,0.094,0.094,32720
GEN,20060525,0.215,0.215,0.215,0.215,5000
GFD,20060525,0.64,0.64,0.64,0.64,20000
GFF,20060525,2.06,2.06,2.04,2.05,5828130
GGP,20060525,0.46,0.49,0.46,0.485,191000
GGY,20060525,0.056,0.056,0.052,0.052,340569
GHG,20060525,0.85,0.85,0.85,0.85,33278
GHT,20060525,0.215,0.215,0.2,0.2,42632
GIA,20060525,0.46,0.46,0.46,0.46,10000
GIR,20060525,0.34,0.34,0.3,0.315,156200
GLB,20060525,0.215,0.215,0.2,0.205,440438
GLI,20060525,0.96,0.975,0.96,0.975,21215
GLN,20060525,0.37,0.37,0.365,0.365,233394
GLO,20060525,0.105,0.105,0.105,0.105,31000
GLS,20060525,1.5,1.54,1.5,1.54,119000
GLX,20060525,0.165,0.165,0.15,0.15,173191
GME,20060525,0.155,0.155,0.155,0.155,30000
GMI,20060525,1.36,1.38,1.36,1.38,60714
GML,20060525,0.195,0.195,0.18,0.19,222535
GNC,20060525,9.71,9.75,9.71,9.72,4243
GNL,20060525,0.054,0.054,0.054,0.054,22550
GNS,20060525,3.16,3.16,3.1,3.1,1217617
GOA,20060525,0.096,0.096,0.096,0.096,50000
GOG,20060525,0.285,0.3,0.285,0.3,207482
GOP,20060525,0.135,0.135,0.135,0.135,33704
GOW,20060525,3.1,3.1,3.1,3.1,3453
GPG,20060525,2.22,2.22,2.15,2.19,213947
GPN,20060525,0.014,0.015,0.014,0.014,606000
GPO,20060525,0.062,0.063,0.062,0.063,1985500
GPR,20060525,0.185,0.185,0.185,0.185,20000
GPT,20060525,4.1,4.1,4,4.04,5356602
GRD,20060525,2.22,2.33,2.22,2.25,2508609
GRK,20060525,0.12,0.12,0.12,0.12,17790
GRN,20060525,0.29,0.29,0.29,0.29,40714
GRR,20060525,1.55,1.6,1.54,1.6,91148
GRV,20060525,0.77,0.77,0.77,0.77,1000
GRY,20060525,0.28,0.28,0.25,0.26,274071
GSA,20060525,1.165,1.17,1.15,1.15,9434170
GSE,20060525,0.043,0.043,0.041,0.041,469749
GTG,20060525,0.35,0.37,0.345,0.36,248454
GTP,20060525,3.75,3.8,3.66,3.66,618559
GTV,20060525,0.72,0.72,0.72,0.72,5000
GUD,20060525,7.62,7.71,7.56,7.56,44263
GUL,20060525,0.043,0.043,0.043,0.043,108600
GUN,20060525,0.35,0.35,0.325,0.325,287140
GWE,20060525,0.34,0.34,0.3,0.31,395790
GWR,20060525,0.6,0.615,0.6,0.6,61970
GWT,20060525,3.19,3.25,3.17,3.17,145319
GWV,20060525,0.004,0.004,0.004,0.004,373334
HAN,20060525,16.1,16.1,15.75,16.1,1320
HAO,20060525,0.05,0.05,0.049,0.049,177126
HAP,20060525,1.045,1.065,1.045,1.065,49567
HAV,20060525,0.7,0.7,0.68,0.69,47000
HCC,20060525,1.15,1.18,1.1,1.105,85255
HCY,20060525,0.019,0.019,0.018,0.019,3069128
HDF,20060525,2.55,2.69,2.55,2.62,215546
HDN,20060525,0.195,0.195,0.195,0.195,53750
HDR,20060525,1.835,1.84,1.795,1.8,3712755
HEG,20060525,0.175,0.185,0.165,0.17,432166
HER,20060525,1.19,1.195,1.14,1.14,2318399
HFA,20060525,1.3,1.32,1.28,1.3,622552
HGI,20060525,1.885,1.91,1.885,1.9,2639401
HGL,20060525,0.045,0.045,0.045,0.045,40000
HGO,20060525,0.26,0.26,0.245,0.25,779678
HHL,20060525,8.2,8.22,8.2,8.22,900
HHM,20060525,0.145,0.145,0.115,0.115,23950
HHV,20060525,1.095,1.1,1.08,1.09,210020
HIC,20060525,0.865,0.865,0.86,0.86,21000
HIG,20060525,0.595,0.6,0.59,0.59,799963
HIL,20060525,4.62,4.62,4.52,4.52,34450
HJB,20060525,0.24,0.24,0.24,0.24,51000
HLD,20060525,0.225,0.225,0.225,0.225,30000
HLS,20060525,0.19,0.19,0.18,0.18,170000
HLT,20060525,0.099,0.099,0.091,0.091,8083
HLX,20060525,0.11,0.11,0.11,0.11,35000
HME,20060525,13.8,14,13.8,14,2268
HNG,20060525,1.95,2.05,1.95,2.01,33355
HNR,20060525,0.125,0.13,0.125,0.13,201596
HOM,20060525,0.4,0.4,0.4,0.4,2425
HPX,20060525,1.7,1.71,1.7,1.71,38244
HRD,20060525,0.15,0.15,0.145,0.145,120700
HRR,20060525,0.62,0.62,0.58,0.6,214692
HRS,20060525,0.135,0.145,0.135,0.145,15932
HSK,20060525,0.465,0.465,0.465,0.465,10000
HSP,20060525,4.31,4.34,4.28,4.29,1336187
HST,20060525,1.53,1.58,1.51,1.58,107171
HTA,20060525,0.255,0.26,0.25,0.25,260827
HTE,20060525,0.017,0.019,0.017,0.019,340000
HTW,20060525,1.06,1.08,1.06,1.07,115150
HTX,20060525,0.04,0.04,0.04,0.04,150000
HVN,20060525,3.77,3.87,3.75,3.84,1679969
HWG,20060525,0.215,0.215,0.21,0.21,33000
HWI,20060525,1.46,1.51,1.46,1.51,95868
HYO,20060525,0.08,0.08,0.08,0.08,245000
HZN,20060525,0.4,0.425,0.395,0.4,3940116
IAG,20060525,5.3,5.36,5.27,5.27,1470141
IAS,20060525,0.385,0.385,0.385,0.385,10510
IAT,20060525,0.07,0.08,0.07,0.08,73507
IBA,20060525,0.9,0.92,0.85,0.865,847962
IBC,20060525,0.59,0.59,0.59,0.59,296526
IBR,20060525,0.7,0.7,0.66,0.66,221605
IBT,20060525,1.995,2.05,1.995,2,27838
ICC,20060525,0.003,0.003,0.002,0.002,835000
ICD,20060525,0.48,0.48,0.48,0.48,3000
ICN,20060525,0.079,0.08,0.079,0.08,250000
ICP,20060525,0.041,0.041,0.041,0.041,107000
ICS,20060525,0.295,0.295,0.29,0.29,85500
ICV,20060525,0.27,0.27,0.25,0.25,160000
IDO,20060525,0.21,0.22,0.2,0.22,70000
IDT,20060525,1.18,1.2,1.18,1.2,14000
IEF,20060525,1.14,1.16,1.14,1.16,8947
IFL,20060525,7.97,8.02,7.95,7.95,44005
IFM,20060525,0.605,0.605,0.6,0.6,72800
IGC,20060525,0.22,0.23,0.215,0.23,117586
IGD,20060525,1.18,1.18,1.165,1.18,187265
IGO,20060525,2.72,2.8,2.63,2.8,112224
IGR,20060525,0.215,0.22,0.2,0.215,525446
IHF,20060525,1.11,1.125,1.11,1.125,16940
IHG,20060525,0.365,0.365,0.36,0.36,10150
IIF,20060525,2.06,2.07,2.02,2.02,1789042
ILF,20060525,1.165,1.17,1.16,1.165,122134
ILU,20060525,6.75,6.8,6.67,6.7,1343662
IMA,20060525,0.53,0.53,0.5,0.53,50500
IMD,20060525,0.49,0.49,0.485,0.49,47650
IMF,20060525,0.47,0.47,0.47,0.47,9500
IMI,20060525,0.012,0.012,0.011,0.011,3722000
IML,20060525,0.07,0.07,0.07,0.07,440000
IMP,20060525,0.025,0.025,0.022,0.023,9732871
IMU,20060525,0.13,0.135,0.13,0.13,74750
INL,20060525,0.15,0.15,0.145,0.15,983901
INP,20060525,0.315,0.315,0.315,0.315,10000
INT,20060525,0.048,0.048,0.047,0.047,958000
IOF,20060525,1.32,1.33,1.295,1.305,6824861
IOH,20060525,1.01,1.1,1,1.04,39000
IPA,20060525,0.74,0.75,0.73,0.74,35000
IPE,20060525,0.84,0.84,0.835,0.835,44640
IPG,20060525,2.05,2.05,2.01,2.03,6591080
IPL,20060525,21.95,22,21.9,21.94,560187
IPM,20060525,1.47,1.47,1.43,1.43,60248
IPN,20060525,0.145,0.145,0.145,0.145,300000
IRE,20060525,5.29,5.41,5.29,5.34,492163
IRI,20060525,0.42,0.425,0.42,0.425,15000
IRN,20060525,0.76,0.76,0.74,0.75,90971
ITC,20060525,0.085,0.085,0.08,0.08,595911
ITD,20060525,0.265,0.265,0.265,0.265,7000
ITE,20060525,0.069,0.069,0.065,0.068,1092337
ITF,20060525,1.355,1.36,1.355,1.355,615275
ITT,20060525,0.19,0.19,0.185,0.185,195000
IVC,20060525,4.56,4.58,4.47,4.51,123056
IVK,20060525,2,2,2,2,16000
IWF,20060525,1.835,1.86,1.835,1.86,78880
IWI,20060525,1.895,1.895,1.895,1.895,1
IWL,20060525,4.47,4.48,4.4,4.41,60116
JAG,20060525,0.2,0.24,0.2,0.24,112000
JAK,20060525,0.135,0.135,0.135,0.135,80000
JBH,20060525,4.92,4.99,4.86,4.86,116945
JBM,20060525,6.92,7.2,6.86,7.11,582807
JET,20060525,1.39,1.39,1.38,1.38,6316
JFM,20060525,1.25,1.26,1.25,1.25,330847
JGL,20060525,0.385,0.39,0.375,0.39,143195
JHX,20060525,8.47,8.72,8.46,8.7,1486050
JMB,20060525,2.05,2.05,2.05,2.05,2000
JML,20060525,0.37,0.37,0.36,0.36,379589
JMS,20060525,0.17,0.175,0.17,0.175,217200
JPR,20060525,0.13,0.135,0.13,0.13,162500
JRL,20060525,0.56,0.56,0.56,0.56,6000
JRV,20060525,0.017,0.017,0.016,0.016,962000
JST,20060525,3.44,3.5,3.42,3.5,1737445
JUI,20060525,1.04,1.04,1.03,1.03,85318
JUM,20060525,0.039,0.039,0.038,0.038,320771
JVG,20060525,0.21,0.225,0.21,0.225,102200
JYC,20060525,1.005,1.005,1.005,1.005,3300
KAL,20060525,0.16,0.17,0.16,0.165,130020
KAR,20060525,1.55,1.55,1.5,1.5,10000
KCN,20060525,4.7,5,4.62,4.9,300118
KDS,20060525,0.895,0.895,0.895,0.895,77000
KGL,20060525,0.2,0.22,0.2,0.22,24200
KHF,20060525,0.55,0.55,0.52,0.535,19350
KIM,20060525,1.36,1.365,1.335,1.335,1393646
KKT,20060525,0.45,0.45,0.45,0.45,45200
KLM,20060525,0.37,0.37,0.37,0.37,10000
KMN,20060525,0.21,0.21,0.205,0.205,185000
KOR,20060525,0.29,0.31,0.275,0.31,50000
KRS,20060525,0.16,0.165,0.16,0.165,218415
KYC,20060525,1.01,1.025,1,1.025,18500
KZL,20060525,3.25,3.38,3.16,3.32,1001907
LAF,20060525,0.105,0.11,0.1,0.1,2991159
LAU,20060525,0.18,0.185,0.18,0.185,17447
LCE,20060525,0.235,0.235,0.235,0.235,20000
LCL,20060525,0.555,0.555,0.55,0.55,39300
LCP,20060525,0.61,0.63,0.61,0.63,811785
LCT,20060525,0.2,0.2,0.2,0.2,2500
LEF,20060525,0.27,0.27,0.26,0.26,101668
LEG,20060525,0.052,0.053,0.051,0.053,1121644
LEI,20060525,17,17.62,16.91,17.23,592209
LEP,20060525,2.47,2.47,2.47,2.47,6847
LFE,20060525,1.71,1.71,1.68,1.7,64142
LGD,20060525,0.72,0.72,0.7,0.7,105313
LGO,20060525,0.029,0.03,0.029,0.03,857600
LHG,20060525,2.75,2.78,2.71,2.76,15483501
LIM,20060525,6.25,6.25,6.25,6.25,16885
LIO,20060525,0.004,0.004,0.004,0.004,9123107
LIP,20060525,0.7,0.705,0.7,0.7,50720
LKO,20060525,0.019,0.02,0.019,0.019,1903540
LLC,20060525,14,14.21,13.64,13.75,743134
LMC,20060525,3.12,3.12,3.1,3.12,73500
LMG,20060525,0.016,0.016,0.014,0.015,2822145
LNC,20060525,0.2,0.205,0.2,0.205,44000
LNG,20060525,0.77,0.77,0.75,0.75,59130
LNN,20060525,8.29,8.39,8.15,8.2,3358939
LOD,20060525,0.047,0.047,0.046,0.046,20000
LOK,20060525,5.15,5.2,5.15,5.2,1210
LOU,20060525,0.22,0.22,0.215,0.215,19001
LPL,20060525,0.41,0.41,0.41,0.41,13500
LRF,20060525,0.885,0.89,0.885,0.89,35000
LRL,20060525,0.405,0.41,0.405,0.405,27053
LRX,20060525,0.062,0.062,0.06,0.06,100000
LSG,20060525,1.97,1.97,1.92,1.93,150106
LSL,20060525,0.003,0.003,0.003,0.003,500000
LVR,20060525,0.74,0.74,0.7,0.73,279308
LWB,20060525,1.21,1.21,1.2,1.21,77000
LYC,20060525,0.29,0.29,0.29,0.29,50000
LYL,20060525,2.85,2.85,2.82,2.82,178728
MAC,20060525,0.045,0.045,0.045,0.045,50000
MAE,20060525,0.74,0.765,0.735,0.765,400392
MAH,20060525,0.74,0.74,0.725,0.725,328247
MAL,20060525,0.61,0.67,0.61,0.67,60200
MAP,20060525,2.94,2.98,2.94,2.96,4739131
MAR,20060525,0.18,0.2,0.18,0.18,122198
MBL,20060525,64.05,64.64,63.8,64,1000083
MBN,20060525,0.95,0.95,0.95,0.95,6451
MBP,20060525,0.42,0.425,0.415,0.425,26666
MBT,20060525,1.43,1.445,1.42,1.42,65981
MCC,20060525,4.89,4.89,4.65,4.65,512890
MCG,20060525,5.46,5.58,5.35,5.35,638426
MCK,20060525,2.5,2.5,2.5,2.5,2004
MCL,20060525,0.012,0.013,0.012,0.013,593158
MCP,20060525,1.495,1.5,1.47,1.495,114163
MCQ,20060525,3.31,3.34,3.3,3.34,142529
MCR,20060525,0.835,0.84,0.815,0.83,1268565
MCW,20060525,1.83,1.855,1.81,1.82,3062695
MDE,20060525,0.57,0.57,0.56,0.56,60000
MDL,20060525,1.35,1.35,1.29,1.35,438137
MDM,20060525,0.24,0.26,0.23,0.26,371895
MDS,20060525,0.086,0.1,0.086,0.1,7713
MDT,20060525,1.12,1.12,1.11,1.115,4422153
MDV,20060525,0.046,0.046,0.046,0.046,25000
MDX,20060525,0.2,0.2,0.18,0.18,72222
MEE,20060525,0.091,0.091,0.09,0.09,1149735
MEI,20060525,0.28,0.28,0.275,0.275,41174
MEL,20060525,0.3,0.3,0.3,0.3,50000
MEO,20060525,0.2,0.2,0.2,0.2,561357
MEP,20060525,0.72,0.72,0.67,0.69,14036
MFS,20060525,3.93,3.95,3.9,3.91,339387
MFT,20060525,0.99,0.99,0.955,0.955,27092
MGK,20060525,0.43,0.43,0.42,0.42,92017
MGO,20060525,0.35,0.35,0.35,0.35,10000
MGR,20060525,4.38,4.4,4.27,4.27,5034037
MGW,20060525,2.82,2.83,2.63,2.63,541701
MGX,20060525,0.83,0.83,0.815,0.82,795320
MGZ,20060525,0.077,0.077,0.077,0.077,1812
MHL,20060525,0.026,0.026,0.025,0.026,2012900
MIC,20060525,0.045,0.048,0.045,0.047,1710889
MIG,20060525,3.28,3.3,3.26,3.29,16734356
MIK,20060525,0.099,0.099,0.089,0.089,257061
MIR,20060525,1.75,1.77,1.75,1.75,27237
MIS,20060525,0.445,0.445,0.41,0.41,398000
MLB,20060525,1.73,1.75,1.73,1.74,355923
MLE,20060525,2.67,2.71,2.58,2.58,168876
MLI,20060525,0.27,0.29,0.26,0.275,1916550
MLM,20060525,0.235,0.24,0.235,0.235,43047
MLT,20060525,19.8,20,19.67,20,10479
MMA,20060525,0.93,0.93,0.92,0.925,327572
MML,20060525,0.66,0.665,0.61,0.66,54500
MMN,20060525,0.315,0.32,0.31,0.32,401356
MMS,20060525,3.2,3.2,3.15,3.15,10000
MMX,20060525,0.58,0.58,0.555,0.555,614239
MND,20060525,5.99,6,5.9,5.97,47006
MNF,20060525,0.18,0.18,0.17,0.18,150625
MOC,20060525,2.5,2.5,2.42,2.49,15000
MOE,20060525,1.35,1.35,1.225,1.295,69180
MOF,20060525,1.295,1.31,1.29,1.3,10218298
MOG,20060525,0.09,0.09,0.09,0.09,119946
MOL,20060525,1.6,1.72,1.6,1.72,5800
MOO,20060525,0.35,0.35,0.335,0.335,28000
MOS,20060525,0.15,0.15,0.145,0.145,2104538
MOX,20060525,0.21,0.21,0.2,0.2,40500
MPF,20060525,1.15,1.16,1.13,1.13,151771
MPG,20060525,0.86,0.86,0.85,0.85,74577
MPH,20060525,0.2,0.205,0.195,0.2,405441
MPI,20060525,0.057,0.057,0.057,0.057,215400
MPO,20060525,0.042,0.043,0.042,0.043,344000
MPR,20060525,1.175,1.185,1.17,1.17,4363133
MPS,20060525,1.04,1.045,1.04,1.04,61920
MRA,20060525,0.945,0.95,0.93,0.95,72367
MRE,20060525,2.2,2.2,2.1,2.14,962587
MRL,20060525,1.57,1.59,1.55,1.56,548197
MRM,20060525,0.44,0.44,0.44,0.44,18980
MRN,20060525,1.065,1.065,1.065,1.065,1000
MRS,20060525,0.26,0.265,0.255,0.255,274224
MRX,20060525,0.081,0.082,0.078,0.079,1452397
MSB,20060525,1.45,1.45,1.435,1.435,7464
MSC,20060525,0.02,0.02,0.019,0.019,340931
MST,20060525,0.145,0.15,0.145,0.15,125506
MSX,20060525,1.5,1.5,1.5,1.5,10000
MTB,20060525,0.11,0.11,0.1,0.1,252878
MTH,20060525,0.43,0.43,0.425,0.425,44785
MTI,20060525,0.25,0.25,0.24,0.24,160608
MTN,20060525,0.65,0.67,0.65,0.67,209850
MTR,20060525,0.135,0.135,0.135,0.135,64000
MTS,20060525,4.16,4.25,4.1,4.18,4967462
MTU,20060525,0.28,0.29,0.28,0.29,170860
MTX,20060525,0.95,1,0.95,1,46000
MUL,20060525,0.009,0.009,0.009,0.009,2545449
MUR,20060525,0.099,0.1,0.097,0.099,558500
MVP,20060525,0.35,0.35,0.35,0.35,40000
MVU,20060525,0.69,0.69,0.68,0.68,15000
MWS,20060525,0.16,0.19,0.16,0.19,1000141
MXG,20060525,3.05,3.07,3.03,3.05,3101322
MXI,20060525,0.68,0.7,0.68,0.685,250571
MXL,20060525,0.095,0.095,0.095,0.095,211000
MXR,20060525,0.17,0.17,0.16,0.16,48200
MYO,20060525,0.855,0.855,0.85,0.85,394776
MYP,20060525,2.71,2.73,2.61,2.65,2218762
NAB,20060525,35.61,35.61,35.11,35.23,3565141
NAD,20060525,0.042,0.044,0.041,0.044,3296101
NAL,20060525,0.3,0.305,0.29,0.3,187066
NAM,20060525,0.67,0.68,0.67,0.675,67600
NAV,20060525,0.2,0.2,0.185,0.185,220000
NBL,20060525,3.86,3.86,3.86,3.86,11681
NCI,20060525,1.6,1.6,1.6,1.6,2815
NCM,20060525,20,20.16,19.83,20.16,1561813
NDC,20060525,0.054,0.055,0.054,0.055,357950
NDL,20060525,0.14,0.165,0.14,0.165,64400
NDO,20060525,0.23,0.23,0.21,0.215,1817325
NEC,20060525,0.32,0.345,0.32,0.34,214121
NEL,20060525,1.35,1.35,1.27,1.27,22800
NEM,20060525,6.72,6.72,6.52,6.62,127636
NEO,20060525,0.024,0.024,0.024,0.024,1853330
NEU,20060525,0.505,0.505,0.505,0.505,1200
NGF,20060525,0.14,0.14,0.135,0.14,151000
NHC,20060525,1.32,1.32,1.295,1.295,151199
NHM,20060525,0.006,0.006,0.006,0.006,404443
NHR,20060525,1.8,1.8,1.8,1.8,20872
NIA,20060525,0.28,0.285,0.275,0.28,1527253
NKL,20060525,0.12,0.12,0.115,0.115,57737
NLG,20060525,0.36,0.36,0.35,0.35,20332
NLS,20060525,0.1,0.1,0.1,0.1,20000
NLX,20060525,0.048,0.052,0.047,0.049,16591636
NMB,20060525,0.016,0.016,0.016,0.016,2500
NMC,20060525,0.089,0.093,0.089,0.09,2955000
NMS,20060525,0.4,0.4,0.4,0.4,28000
NRL,20060525,0.1,0.1,0.1,0.1,993342
NRT,20060525,2.7,2.76,2.68,2.68,198710
NSA,20060525,0.037,0.037,0.036,0.036,195000
NST,20060525,0.15,0.15,0.145,0.145,20484
NTC,20060525,0.088,0.088,0.088,0.088,87731
NUF,20060525,10.76,10.88,10.7,10.7,305703
NWA,20060525,0.048,0.048,0.048,0.048,10000
NWE,20060525,0.11,0.11,0.105,0.11,276435
NWK,20060525,0.14,0.15,0.14,0.15,52000
NWR,20060525,0.2,0.2,0.2,0.2,100000
NWS,20060525,25.72,25.73,25.64,25.7,3596534
NXS,20060525,0.65,0.655,0.64,0.65,1502185
NZO,20060525,0.845,0.845,0.845,0.845,6906
OAK,20060525,1.66,1.66,1.66,1.66,10000
OBJ,20060525,0.056,0.056,0.056,0.056,20000
OCL,20060525,1.26,1.26,1.26,1.26,1500
OCO,20060525,0.064,0.064,0.064,0.064,21428
ODY,20060525,0.55,0.55,0.54,0.54,19085
OEC,20060525,0.093,0.093,0.092,0.092,290000
OEX,20060525,1.31,1.355,1.22,1.27,495924
OFM,20060525,2.31,2.31,2.29,2.29,13774
OGD,20060525,0.76,0.78,0.745,0.76,2072298
OHL,20060525,0.07,0.07,0.07,0.07,600
OIL,20060525,0.53,0.545,0.52,0.53,56732
OKN,20060525,3.01,3.13,3.01,3.1,57811
OLE,20060525,0.032,0.032,0.032,0.032,13294
OLP,20060525,0.59,0.6,0.59,0.6,4032
OLY,20060525,0.205,0.21,0.2,0.2,248850
OMC,20060525,0.56,0.56,0.525,0.54,179370
OMH,20060525,0.96,1.03,0.96,1.03,32623
OMI,20060525,0.58,0.6,0.58,0.6,1500
OMP,20060525,3.3,3.37,3.27,3.3,129925
ONQ,20060525,0.32,0.34,0.32,0.34,59921
OPC,20060525,0.12,0.12,0.115,0.115,408426
OPI,20060525,0.046,0.046,0.046,0.046,2500
OPL,20060525,0.63,0.64,0.62,0.63,172800
ORC,20060525,0.042,0.042,0.042,0.042,55000
ORG,20060525,7.06,7.06,6.98,7.04,1415013
ORI,20060525,23,23.4,23,23.02,858335
ORL,20060525,2.08,2.08,2.08,2.08,12604
ORO,20060525,0.029,0.029,0.029,0.029,59111
ORP,20060525,0.12,0.12,0.12,0.12,33000
ORT,20060525,0.024,0.024,0.024,0.024,42500
OSH,20060525,3.95,4.03,3.93,3.98,3585747
OST,20060525,3.75,3.79,3.74,3.79,645989
OTL,20060525,0.17,0.17,0.17,0.17,15960
OXR,20060525,2.76,2.82,2.72,2.8,17762473
PAA,20060525,0.155,0.155,0.155,0.155,50000
PBA,20060525,0.7,0.7,0.69,0.69,30000
PBB,20060525,2.3,2.31,2.28,2.3,260669
PBD,20060525,2.24,2.24,2.19,2.19,8000
PBG,20060525,2.13,2.15,2.12,2.13,2571192
PBI,20060525,0.225,0.23,0.22,0.225,505294
PBL,20060525,19,19.04,18.7,18.95,3553688
PBO,20060525,0.25,0.25,0.25,0.25,1000
PCC,20060525,0.058,0.058,0.058,0.058,60000
PCE,20060525,0.031,0.031,0.03,0.03,150000
PCG,20060525,0.785,0.795,0.78,0.78,232229
PCL,20060525,0.072,0.072,0.07,0.07,400000
PCP,20060525,0.093,0.093,0.093,0.093,700
PDL,20060525,2.3,2.4,2.3,2.4,87811
PDN,20060525,3.75,3.82,3.55,3.79,3451117
PDO,20060525,0.83,0.83,0.83,0.83,2461
PDZ,20060525,0.33,0.33,0.33,0.33,15000
PEL,20060525,0.062,0.062,0.062,0.062,70000
PEM,20060525,2.6,2.75,2.56,2.67,1334842
PEN,20060525,0.025,0.025,0.023,0.023,1645000
PEO,20060525,0.077,0.077,0.075,0.075,404000
PEP,20060525,0.75,0.76,0.74,0.76,205981
PET,20060525,0.85,0.85,0.85,0.85,808
PGA,20060525,4.2,4.2,4.2,4.2,22089
PGL,20060525,3.45,3.45,3.35,3.4,24200
PGN,20060525,0.88,0.88,0.88,0.88,9000
PGS,20060525,0.355,0.365,0.35,0.36,475000
PHK,20060525,0.15,0.15,0.15,0.15,697512
PHL,20060525,0.016,0.018,0.016,0.018,1440060
PIE,20060525,0.012,0.012,0.012,0.012,90000
PIO,20060525,0.18,0.18,0.18,0.18,4000
PLA,20060525,0.89,0.9,0.885,0.885,273414
PLD,20060525,0.44,0.45,0.425,0.425,85824
PLF,20060525,1.07,1.075,1.07,1.07,134234
PLT,20060525,0.056,0.056,0.048,0.048,96458
PMA,20060525,1.9,1.95,1.9,1.9,34553
PMC,20060525,2.2,2.22,2.19,2.19,49762
PME,20060525,1.42,1.42,1.4,1.4,46797
PMH,20060525,0.26,0.26,0.25,0.25,11884
PMM,20060525,5.7,5.7,5.46,5.55,35459
PMN,20060525,5.75,5.79,5.73,5.75,3661148
PMP,20060525,1.465,1.5,1.465,1.47,299006
PNN,20060525,0.38,0.4,0.38,0.4,83320
PNO,20060525,0.041,0.043,0.041,0.043,190000
POH,20060525,0.26,0.265,0.255,0.26,571277
POL,20060525,0.18,0.18,0.165,0.165,34170
PPC,20060525,3.45,3.53,3.45,3.5,82277
PPD,20060525,0.19,0.19,0.18,0.18,186781
PPG,20060525,0.33,0.33,0.32,0.33,67400
PPK,20060525,0.755,0.755,0.75,0.75,18135
PPR,20060525,0.94,0.945,0.925,0.945,139932
PPS,20060525,0.5,0.51,0.48,0.5,130119
PPT,20060525,69.8,70.45,69.68,69.8,34151
PPX,20060525,3.23,3.24,3.14,3.14,1892937
PQB,20060525,0.41,0.41,0.4,0.4,25000
PRE,20060525,0.031,0.032,0.031,0.032,3927868
PRG,20060525,3.8,3.83,3.77,3.8,112675
PRK,20060525,8.82,8.82,8.59,8.59,4175865
PRM,20060525,0.022,0.022,0.022,0.022,9000
PRO,20060525,0.13,0.13,0.13,0.13,50000
PRR,20060525,0.09,0.093,0.09,0.09,406000
PRT,20060525,3.5,3.5,3.47,3.5,52353
PRU,20060525,0.45,0.45,0.405,0.45,71670
PRV,20060525,1.03,1.04,1.03,1.04,52673
PRY,20060525,11.22,11.54,11.22,11.5,57963
PSA,20060525,2.99,3,2.85,2.88,198055
PSD,20060525,0.55,0.575,0.55,0.56,254150
PSG,20060525,0.022,0.022,0.022,0.022,2000
PSH,20060525,1.67,1.68,1.66,1.67,119058
PSV,20060525,0.42,0.42,0.395,0.4,4230719
PTD,20060525,1.26,1.29,1.24,1.29,323218
PTR,20060525,0.28,0.28,0.28,0.28,9800
PVE,20060525,1.52,1.55,1.52,1.55,113000
PWK,20060525,2.12,2.12,2.1,2.1,35312
PWR,20060525,0.53,0.53,0.53,0.53,45122
PWT,20060525,1.19,1.19,1.19,1.19,14421
PXL,20060525,0.32,0.335,0.315,0.335,95000
PXS,20060525,1.98,2,1.97,2,96249
PYC,20060525,0.82,0.86,0.815,0.855,269948
PYM,20060525,0.255,0.255,0.25,0.25,138106
QAD,20060525,0.056,0.056,0.056,0.056,20000
QAN,20060525,3.25,3.27,3.23,3.23,6501115
QBE,20060525,21.7,21.7,21.26,21.31,1855049
QCH,20060525,4.37,4.37,4.3,4.3,35876
QED,20060525,0.057,0.057,0.057,0.057,185000
QGC,20060525,0.7,0.715,0.695,0.705,296698
QHL,20060525,0.21,0.21,0.21,0.21,6492
QMG,20060525,0.41,0.45,0.41,0.45,17100
QMT,20060525,2.08,2.1,2.08,2.1,87375
QOL,20060525,0.28,0.28,0.28,0.28,40000
QPX,20060525,0.135,0.135,0.125,0.135,475000
QRS,20060525,0.055,0.055,0.052,0.053,1861462
QTK,20060525,0.165,0.175,0.16,0.17,162787
QTM,20060525,0.066,0.068,0.065,0.068,61000
QUR,20060525,0.053,0.054,0.053,0.053,502221
RAT,20060525,0.96,0.97,0.935,0.935,461621
RAU,20060525,0.088,0.088,0.088,0.088,58000
RAW,20060525,0.145,0.145,0.145,0.145,20000
RBM,20060525,0.12,0.12,0.12,0.12,8444
RBS,20060525,2.55,2.6,2.55,2.6,31476
RBY,20060525,0.027,0.028,0.025,0.026,1890962
RCD,20060525,9.75,9.87,9.7,9.8,377305
RCG,20060525,0.13,0.13,0.105,0.12,72264
RCI,20060525,0.205,0.205,0.165,0.17,294516
RCL,20060525,1.875,1.88,1.84,1.84,666907
RCM,20060525,0.05,0.05,0.05,0.05,744
RCR,20060525,1.92,1.945,1.9,1.945,49650
RCT,20060525,3.56,3.6,3.55,3.6,2069
RDF,20060525,1.925,1.95,1.925,1.95,223997
RDM,20060525,0.24,0.24,0.24,0.24,30000
RDR,20060525,0.48,0.48,0.475,0.48,234908
REA,20060525,3.7,3.7,3.6,3.6,20419
REB,20060525,3.45,3.5,3.45,3.5,13000
RED,20060525,0.11,0.115,0.11,0.115,118600
REF,20060525,2.32,2.34,2.31,2.34,360000
RER,20060525,0.2,0.21,0.2,0.2,53298
REU,20060525,0.97,0.975,0.96,0.965,415610
REX,20060525,1.05,1.07,1.04,1.04,2115258
RFE,20060525,0.25,0.25,0.225,0.25,101925
RGP,20060525,0.2,0.2,0.2,0.2,20000
RHC,20060525,10.39,10.39,10.02,10.02,253179
RHD,20060525,0.45,0.455,0.45,0.455,22000
RHI,20060525,0.85,0.85,0.82,0.85,20400
RHL,20060525,4,4,4,4,5000
RHT,20060525,0.055,0.055,0.055,0.055,3000
RIC,20060525,1.25,1.25,1.235,1.235,52946
RIM,20060525,0.053,0.056,0.051,0.055,702643
RIN,20060525,18.45,18.83,18.4,18.63,4631602
RIO,20060525,77.19,77.23,76.51,76.85,2973264
RIS,20060525,0.2,0.2,0.2,0.2,10000
RIV,20060525,1.03,1.03,1.01,1.03,92800
RKN,20060525,0.82,0.82,0.81,0.81,21502
RMA,20060525,0.135,0.135,0.13,0.13,78414
RMD,20060525,5.94,5.94,5.84,5.88,1101350
RMI,20060525,0.049,0.049,0.047,0.047,277950
RML,20060525,0.205,0.21,0.205,0.21,199300
RMS,20060525,0.16,0.16,0.155,0.16,100178
RNC,20060525,0.24,0.24,0.215,0.22,121564
RNG,20060525,0.185,0.185,0.17,0.185,224180
ROC,20060525,3.8,3.8,3.67,3.75,2006956
ROK,20060525,4.7,4.7,4.67,4.67,1200
ROY,20060525,0.185,0.185,0.18,0.18,23615
RPC,20060525,0.5,0.505,0.495,0.5,207924
RPM,20060525,0.066,0.07,0.066,0.07,164634
RPT,20060525,0.099,0.099,0.096,0.097,3458449
RRL,20060525,0.125,0.125,0.12,0.12,1358000
RRT,20060525,0.94,0.94,0.925,0.925,149531
RSG,20060525,1.84,1.84,1.79,1.79,307081
RSN,20060525,0.285,0.285,0.275,0.275,579051
RSP,20060525,0.905,0.91,0.89,0.89,749739
RTL,20060525,0.22,0.22,0.22,0.22,10000
RTM,20060525,0.026,0.027,0.026,0.027,603667
RUP,20060525,10.75,10.8,10.75,10.8,24589
RUR,20060525,0.21,0.21,0.21,0.21,300
RVR,20060525,0.14,0.145,0.14,0.145,32033
RWD,20060525,0.18,0.18,0.18,0.18,100000
RXL,20060525,0.365,0.4,0.355,0.39,307804
SAE,20060525,0.65,0.65,0.6,0.615,546211
SAF,20060525,0.05,0.05,0.049,0.049,100450
SAH,20060525,0.069,0.069,0.069,0.069,79
SAI,20060525,3.24,3.24,3.23,3.23,418225
SAQ,20060525,6.3,6.3,6.3,6.3,9175
SAR,20060525,0.475,0.475,0.46,0.47,125900
SAU,20060525,0.25,0.25,0.25,0.25,44432
SAX,20060525,0.105,0.105,0.1,0.1,325000
SBC,20060525,11.84,11.99,11.7,11.7,55012
SBM,20060525,0.525,0.54,0.515,0.54,2549949
SBP,20060525,0.084,0.084,0.083,0.083,300000
SBR,20060525,0.095,0.1,0.09,0.1,300000
SBS,20060525,0.085,0.085,0.084,0.085,2380823
SCB,20060525,0.86,0.87,0.86,0.86,23381
SCF,20060525,110.55,110.65,110.55,110.55,13146
SCV,20060525,0.605,0.605,0.605,0.605,3054
SCX,20060525,0.054,0.054,0.053,0.053,134700
SDG,20060525,2.3,2.3,2.27,2.28,283414
SDI,20060525,0.71,0.73,0.7,0.705,156766
SDL,20060525,0.056,0.056,0.053,0.056,750200
SDR,20060525,0.175,0.175,0.16,0.16,44520
SDS,20060525,1.125,1.125,1.125,1.125,10614
SEA,20060525,0.36,0.36,0.345,0.35,70000
SED,20060525,0.2,0.205,0.195,0.2,326000
SEE,20060525,0.058,0.061,0.058,0.061,520000
SEK,20060525,4.4,4.4,4.17,4.17,1553430
SEL,20060525,4.18,4.23,4.16,4.18,161511
SEM,20060525,7.9,8,7.9,7.9,4300
SEN,20060525,0.365,0.385,0.365,0.365,3419115
SEV,20060525,8.25,8.36,8.22,8.3,213229
SFC,20060525,4.95,4.95,4.94,4.94,2700
SFE,20060525,16,16.1,15.1,15.28,926966
SFR,20060525,0.42,0.42,0.405,0.405,58500
SFY,20060525,49.34,49.34,49.34,49.34,331
SGB,20060525,29.2,29.34,28.99,28.99,1648437
SGL,20060525,0.3,0.305,0.3,0.3,607350
SGM,20060525,18.39,18.94,18.13,18.94,192596
SGN,20060525,3,3,2.97,2.99,380628
SGP,20060525,6.74,6.75,6.65,6.68,3715169
SGT,20060525,2.13,2.14,2.11,2.11,3308145
SGX,20060525,4.36,4.65,4.35,4.51,350780
SHC,20060525,0.125,0.125,0.12,0.12,30000
SHG,20060525,0.38,0.39,0.38,0.39,135000
SHL,20060525,14,14.19,13.97,14,1340439
SHN,20060525,0.125,0.135,0.125,0.125,5235601
SHV,20060525,13.6,13.6,13.6,13.6,1737
SIM,20060525,0.31,0.31,0.3,0.3,60000
SIP,20060525,2.51,2.52,2.44,2.44,1219762
SIV,20060525,1.55,1.63,1.55,1.63,5000
SKC,20060525,4.5,4.51,4.5,4.5,3820
SKE,20060525,4.14,4.21,4.14,4.21,38732
SLA,20060525,0.185,0.185,0.18,0.18,60000
SLF,20060525,17.86,17.86,17.75,17.78,14070
SLM,20060525,2.71,2.75,2.56,2.61,191890
SLV,20060525,0.825,0.825,0.81,0.81,110000
SLX,20060525,3.22,3.24,3.05,3.1,461480
SMA,20060525,0.023,0.023,0.022,0.022,230000
SMM,20060525,1.16,1.185,1.08,1.15,460919
SMN,20060525,0.105,0.105,0.105,0.105,33160
SMO,20060525,0.092,0.098,0.092,0.093,405119
SMX,20060525,2.68,2.8,2.68,2.7,31810
SMY,20060525,1.135,1.2,1.11,1.15,775020
SNF,20060525,0.38,0.39,0.38,0.39,14221
SNL,20060525,0.375,0.375,0.375,0.375,29500
SNN,20060525,0.07,0.07,0.07,0.07,292042
SOE,20060525,0.185,0.185,0.175,0.18,1514309
SOL,20060525,8.17,8.17,8.05,8.11,53394
SOM,20060525,0.09,0.096,0.09,0.096,65300
SOO,20060525,0.225,0.225,0.225,0.225,7000
SOT,20060525,0.69,0.69,0.65,0.66,365799
SPH,20060525,1.085,1.15,1.05,1.05,132120
SPL,20060525,0.47,0.48,0.45,0.465,90000
SPN,20060525,1.23,1.245,1.205,1.205,5053906
SPR,20060525,0.93,0.93,0.93,0.93,2000
SPT,20060525,5,5,4.88,4.88,206255
SRA,20060525,0.034,0.034,0.034,0.034,300000
SRB,20060525,1.6,1.6,1.41,1.41,1621
SRH,20060525,1.27,1.27,1.26,1.26,18100
SRI,20060525,0.058,0.058,0.058,0.058,10000
SRK,20060525,0.47,0.5,0.46,0.49,1498286
SRL,20060525,3.85,3.9,3.77,3.89,159876
SRX,20060525,2.35,2.43,2.35,2.43,7000
SRZ,20060525,0.38,0.38,0.36,0.38,70000
SSI,20060525,3.37,3.38,3.33,3.37,20018
SSN,20060525,0.41,0.42,0.41,0.42,57000
SSX,20060525,1.365,1.385,1.35,1.365,1181005
STB,20060525,0.12,0.12,0.115,0.12,59000
STI,20060525,0.105,0.11,0.105,0.105,80146
STO,20060525,11.08,11.08,10.84,10.9,2476865
STP,20060525,0.09,0.094,0.09,0.094,16000
STR,20060525,0.345,0.345,0.345,0.345,42000
STU,20060525,1.55,1.575,1.46,1.575,130157
STV,20060525,10,10,10,10,100
STW,20060525,50.37,50.37,49.95,49.95,26356
STX,20060525,0.26,0.275,0.26,0.265,1093850
SUL,20060525,2.15,2.2,2.15,2.2,1031797
SUN,20060525,18.8,19.09,18.8,18.91,1795675
SUR,20060525,0.13,0.13,0.12,0.125,541371
SWG,20060525,0.017,0.017,0.017,0.017,70000
SYB,20060525,3.27,3.29,3.26,3.28,1804005
SYG,20060525,0.006,0.006,0.006,0.006,150000
SYL,20060525,4.8,4.8,4.75,4.75,8391
SYM,20060525,0.95,0.95,0.935,0.94,70402
SYN,20060525,2.35,2.5,2.2,2.5,61800
SYP,20060525,0.14,0.16,0.14,0.16,844143
TAA,20060525,0.042,0.042,0.042,0.042,40000
TAH,20060525,15.65,15.7,15.6,15.61,1167746
TAM,20060525,0.275,0.275,0.27,0.275,690852
TAP,20060525,1.815,1.825,1.79,1.79,1421071
TAS,20060525,0.13,0.135,0.13,0.135,33130
TAW,20060525,0.32,0.32,0.31,0.31,18400
TBG,20060525,1.7,1.7,1.69,1.69,360000
TCI,20060525,1,1.035,1,1.035,99541
TCL,20060525,6.87,6.91,6.83,6.91,3772056
TCN,20060525,0.05,0.059,0.05,0.059,125000
TCP,20060525,0.555,0.555,0.555,0.555,2500
TCQ,20060525,1.33,1.34,1.33,1.33,65000
TDR,20060525,0.022,0.022,0.021,0.022,278237
TEE,20060525,0.028,0.028,0.028,0.028,1530000
TEL,20060525,3.82,3.89,3.79,3.79,5814032
TEN,20060525,3.09,3.1,3.01,3.01,1815595
TFC,20060525,0.42,0.42,0.42,0.42,100
TFE,20060525,0.36,0.365,0.355,0.365,437648
TFS,20060525,0.05,0.05,0.05,0.05,18000
TGD,20060525,0.097,0.105,0.097,0.105,246250
TGF,20060525,0.26,0.26,0.25,0.26,596461
TGG,20060525,1.58,1.6,1.58,1.6,56400
TGP,20060525,2.08,2.08,2.02,2.02,81248
TGR,20060525,1.115,1.115,1.1,1.1,29206
TGS,20060525,0.27,0.27,0.27,0.27,53000
THG,20060525,0.76,0.775,0.755,0.775,191501
THK,20060525,0.51,0.51,0.5,0.5,209424
THX,20060525,0.2,0.2,0.19,0.19,84063
TIM,20060525,3.64,3.71,3.6,3.71,389904
TIR,20060525,0.077,0.077,0.074,0.076,1429000
TIS,20060525,0.46,0.47,0.45,0.47,41597
TJN,20060525,1.1,1.1,1.08,1.08,11500
TKG,20060525,0.01,0.01,0.009,0.01,1529176
TKR,20060525,1.55,1.55,1.535,1.535,36163
TLS,20060525,3.81,3.82,3.77,3.79,42170397
TLT,20060525,1.19,1.19,1.19,1.19,14103
TLZ,20060525,0.26,0.26,0.25,0.25,20596
TMO,20060525,0.22,0.24,0.22,0.23,178950
TMX,20060525,0.17,0.17,0.17,0.17,20000
TNE,20060525,0.63,0.64,0.63,0.64,64800
TNS,20060525,5.56,5.65,5.56,5.56,45642
TOE,20060525,0.66,0.7,0.655,0.655,364805
TOL,20060525,14.7,14.7,14.42,14.6,4227148
TOX,20060525,0.11,0.11,0.11,0.11,352200
TPI,20060525,8.15,8.55,8.15,8.18,379862
TPX,20060525,6.4,6.4,6.3,6.3,932
TRG,20060525,11.6,11.7,11.6,11.7,10985
TRO,20060525,0.265,0.27,0.245,0.245,26000
TRS,20060525,5.62,5.62,5.58,5.58,11400
TRU,20060525,11,11,11,11,1000
TRY,20060525,2.7,2.7,2.68,2.7,48115
TSE,20060525,7.16,7.31,7.15,7.3,1074560
TSH,20060525,0.47,0.47,0.47,0.47,31820
TSO,20060525,2.22,2.23,2.2,2.21,409276
TTH,20060525,0.073,0.073,0.072,0.072,64369
TTI,20060525,0.28,0.285,0.28,0.28,39792
TTR,20060525,0.17,0.17,0.165,0.17,467500
TTS,20060525,3.01,3.01,2.95,2.98,1338135
TTT,20060525,0.53,0.53,0.53,0.53,56304
TTV,20060525,0.35,0.5,0.35,0.45,6476207
TVL,20060525,0.29,0.29,0.28,0.29,31475
TWO,20060525,1.16,1.16,1.15,1.15,52500
TWR,20060525,2.44,2.55,2.4,2.55,3690162
TZL,20060525,0.55,0.555,0.55,0.55,71651
TZN,20060525,1.24,1.26,1.21,1.21,132715
UCL,20060525,0.062,0.062,0.06,0.06,1185000
UCM,20060525,0.71,0.71,0.71,0.71,11700
UCW,20060525,1.52,1.55,1.47,1.47,11030
UEQ,20060525,0.3,0.31,0.3,0.31,46000
UGL,20060525,13.18,13.25,13.03,13.1,315877
UKD,20060525,0.14,0.145,0.135,0.145,211087
UNI,20060525,0.205,0.205,0.2,0.2,96865
UNW,20060525,0.285,0.29,0.28,0.29,261656
UNX,20060525,0.645,0.645,0.635,0.645,45000
URL,20060525,0.165,0.17,0.16,0.16,1020030
UTB,20060525,14.99,14.99,14.68,14.68,444859
UTO,20060525,0.345,0.35,0.335,0.35,54060
UXA,20060525,0.235,0.235,0.21,0.21,269400
UXC,20060525,0.99,0.995,0.99,0.99,587311
VBA,20060525,1.62,1.63,1.59,1.605,89755
VCM,20060525,1.95,1.95,1.95,1.95,2266
VCN,20060525,0.27,0.27,0.26,0.26,100354
VCR,20060525,0.765,0.775,0.76,0.76,553855
VGH,20060525,4,4,3.92,3.93,60389
VGP,20060525,0.405,0.405,0.405,0.405,60000
VHL,20060525,0.092,0.092,0.09,0.092,44000
VIP,20060525,0.4,0.4,0.4,0.4,6200
VIR,20060525,0.925,0.93,0.92,0.93,200842
VLL,20060525,0.16,0.17,0.16,0.165,179464
VML,20060525,0.19,0.2,0.19,0.2,161009
VPE,20060525,0.028,0.028,0.027,0.028,1247837
VPG,20060525,1.305,1.315,1.3,1.31,2580637
VRE,20060525,0.185,0.19,0.175,0.175,340600
VRL,20060525,2.1,2.1,2.1,2.1,54700
VSG,20060525,0.025,0.025,0.024,0.024,151250
VSL,20060525,1.61,1.62,1.595,1.595,1061226
VTP,20060525,1.145,1.145,1.145,1.145,7000
VUL,20060525,0.98,1,0.97,0.995,48531
VXS,20060525,0.02,0.02,0.019,0.019,31000
WAB,20060525,0.99,1,0.985,1,39250
WAM,20060525,1.55,1.55,1.55,1.55,5000
WAN,20060525,8.67,8.79,8.5,8.79,264212
WAS,20060525,0.028,0.032,0.028,0.03,480000
WAT,20060525,2.7,2.84,2.7,2.84,2100
WBA,20060525,0.68,0.7,0.68,0.7,49447
WBB,20060525,9.15,9.15,9.1,9.1,1860
WBC,20060525,23.1,23.18,22.85,22.85,8187036
WCB,20060525,3.6,3.6,3.58,3.58,11695
WCG,20060525,1.44,1.45,1.44,1.45,94186
WCP,20060525,0.062,0.068,0.06,0.068,517073
WDC,20060525,16.39,16.57,16.3,16.39,3422042
WEB,20060525,0.315,0.315,0.305,0.31,983800
WES,20060525,34.96,35.07,34.51,34.67,1199347
WEZ,20060525,0.2,0.21,0.2,0.21,459095
WFL,20060525,1.865,1.865,1.86,1.86,33000
WGR,20060525,0.185,0.185,0.185,0.185,30000
WHF,20060525,4.28,4.28,4.25,4.25,42345
WHG,20060525,5.66,5.66,5.5,5.5,633885
WHS,20060525,3.03,3.05,3.03,3.05,5278
WIL,20060525,0.95,0.95,0.945,0.95,163500
WLL,20060525,1.63,1.63,1.63,1.63,4500
WLS,20060525,1.025,1.04,1.025,1.04,30722
WME,20060525,0.18,0.185,0.18,0.185,469600
WMG,20060525,0.078,0.078,0.075,0.078,225000
WMT,20060525,0.023,0.023,0.021,0.022,2776064
WNZ,20060525,7.23,7.23,7.2,7.2,500
WOR,20060525,21.4,21.4,20.95,21.25,643747
WOW,20060525,19,19.17,18.95,18.96,1865339
WPG,20060525,0.235,0.235,0.23,0.23,50000
WPL,20060525,43.43,43.6,42.5,43,1739460
WRF,20060525,0.52,0.52,0.49,0.5,372840
WRL,20060525,0.16,0.18,0.16,0.18,54628
WSA,20060525,2,2.1,1.95,2.07,76664
WSP,20060525,0.175,0.175,0.165,0.165,57115
WTE,20060525,0.035,0.036,0.035,0.035,3487745
WTP,20060525,2.35,2.35,2.33,2.33,7910
WWA,20060525,1.22,1.22,1.22,1.22,5000
WWM,20060525,0.022,0.022,0.021,0.022,3463597
WYL,20060525,3.51,3.53,3.47,3.47,268254
XAO,20060525,4995,4995,4939.4,4939.4,0
XBL,20060525,0.205,0.21,0.2,0.2,367575
XBW,20060525,376.75,376.75,376.75,376.75,0
XDJ,20060525,2351.9,2354,2335.8,2335.8,0
XEJ,20060525,12097.9,12097.9,11852.1,11917,0
XEN,20060525,0.09,0.1,0.086,0.1,148960
XFJ,20060525,5833.9,5838,5777.2,5777.2,0
XFL,20060525,4948.8,4948.8,4887.9,4887.9,0
XHJ,20060525,6519.4,6519.4,6381.5,6381.5,0
XIJ,20060525,483.4,483.4,476.1,478.2,0
XJO,20060525,5037.7,5037.7,4976.8,4976.8,0
XKO,20060525,5033.6,5033.6,4972.4,4972.4,0
XMD,20060525,5012.3,5012.6,4944.1,4950,0
XMJ,20060525,10653.1,10653.1,10425.3,10429,0
XNJ,20060525,5330.4,5331,5304.7,5310.1,0
XPJ,20060525,1889.7,1889.7,1871.9,1873.4,0
XSJ,20060525,6214.4,6218.9,6164.5,6166.2,0
XSO,20060525,2817.2,2817.2,2787.4,2787.4,0
XTE,20060525,32.5,32.5,32.5,32.5,453
XTJ,20060525,1336.1,1337.1,1322.1,1326.1,0
XTL,20060525,2760.8,2760.8,2725.5,2725.5,0
XTO,20060525,4096.4,4096.4,4045.9,4045.9,0
XUJ,20060525,5597.6,5606.6,5540.9,5546.2,0
XXJ,20060525,6102.3,6109.2,6041.3,6041.3,0
YAM,20060525,0.009,0.009,0.009,0.009,600000
YGL,20060525,0.105,0.115,0.105,0.115,740305
ZBB,20060525,0.2,0.21,0.2,0.2,96634
ZCO,20060525,0.185,0.185,0.18,0.185,48000
ZDX,20060525,0.235,0.25,0.23,0.24,630383
ZFX,20060525,10.2,10.33,10.03,10.26,7183231
ZIM,20060525,6.85,6.85,6.85,6.85,3000
ZTL,20060525,0.52,0.52,0.52,0.52,5000
ZYL,20060525,0.029,0.029,0.027,0.027,478000
