AAC,20061213,1.845,1.86,1.83,1.84,121386
AAE,20061213,0.385,0.385,0.38,0.385,113982
AAM,20061213,0.195,0.195,0.195,0.195,70000
AAN,20061213,10.51,10.93,10.51,10.82,2522768
AAO,20061213,0.14,0.145,0.14,0.145,16185
AAQ,20061213,0.57,0.57,0.57,0.57,27848
AAR,20061213,0.08,0.081,0.077,0.077,10074188
AAT,20061213,0.08,0.08,0.08,0.08,600000
AAU,20061213,0.53,0.535,0.53,0.53,35694
AAX,20061213,3.15,3.15,3.09,3.09,17220
ABB,20061213,6.71,6.71,6.61,6.7,2584323
ABC,20061213,2.7,2.79,2.7,2.79,439423
ABI,20061213,0.068,0.068,0.062,0.064,961080
ABJ,20061213,0.375,0.38,0.35,0.35,302725
ABP,20061213,1.755,1.765,1.735,1.735,419876
ABQ,20061213,0.335,0.345,0.33,0.33,176820
ABU,20061213,0.07,0.073,0.07,0.072,375000
ABY,20061213,2.35,2.35,2.29,2.3,983385
ACB,20061213,0.775,0.78,0.755,0.755,284040
ACE,20061213,0.205,0.22,0.2,0.21,241200
ACG,20061213,0.19,0.19,0.19,0.19,10000
ACL,20061213,0.9,0.905,0.87,0.905,55881
ACR,20061213,0.78,0.8,0.78,0.78,138500
ADA,20061213,0.7,0.7,0.68,0.68,17261
ADB,20061213,12.4,12.4,12.27,12.4,500249
ADI,20061213,0.78,0.78,0.725,0.74,721207
ADL,20061213,0.06,0.06,0.06,0.06,131500
ADN,20061213,0.485,0.485,0.46,0.485,321067
ADS,20061213,0.21,0.21,0.19,0.19,3350694
ADT,20061213,0.89,0.895,0.89,0.895,20000
ADU,20061213,0.63,0.66,0.63,0.66,98386
ADX,20061213,0.087,0.09,0.086,0.086,262000
ADY,20061213,0.093,0.094,0.093,0.094,1098589
ADZ,20061213,2.49,2.5,2.47,2.49,12174265
AEC,20061213,5.03,5.05,5.02,5.05,160831
AED,20061213,4.15,4.23,4.1,4.2,615219
AEE,20061213,0.245,0.25,0.245,0.25,10000
AEI,20061213,0.645,0.65,0.645,0.645,24540
AEO,20061213,2.17,2.17,2.13,2.16,125610
AEQ,20061213,4.49,4.49,4.37,4.37,629824
AET,20061213,0.99,1,0.955,1,58772
AEU,20061213,1.825,1.84,1.815,1.815,261686
AEX,20061213,0.042,0.043,0.042,0.042,2902755
AEZ,20061213,1.19,1.19,1.17,1.185,2135201
AFG,20061213,11.41,11.64,11.3,11.6,584083
AFI,20061213,5.09,5.12,5.08,5.1,224375
AFT,20061213,0.01,0.01,0.01,0.01,160000
AGC,20061213,1.335,1.38,1.335,1.36,329261
AGG,20061213,11.6,11.76,11.6,11.76,1236
AGI,20061213,0.44,0.45,0.44,0.45,175598
AGK,20061213,16.03,16.21,15.93,16,778079
AGM,20061213,0.46,0.465,0.43,0.44,3278935
AGO,20061213,0.54,0.55,0.53,0.53,453545
AGS,20061213,1.755,1.76,1.7,1.7,432252
AGX,20061213,0.14,0.14,0.135,0.135,55899
AHD,20061213,6,6,5.99,5.99,790
AHE,20061213,2.5,2.5,2.47,2.47,17010
AHN,20061213,0.28,0.28,0.28,0.28,55000
AHS,20061213,0.955,0.96,0.945,0.945,49844
AHU,20061213,4.75,5.95,4.5,5.11,12927
AIA,20061213,1.91,1.925,1.91,1.92,630377
AIE,20061213,0.38,0.38,0.375,0.38,397400
AII,20061213,0.235,0.235,0.23,0.23,16000
AIM,20061213,0.35,0.355,0.335,0.335,2456803
AIX,20061213,2.65,2.69,2.63,2.69,909082
AIZ,20061213,1.54,1.54,1.54,1.54,302637
AJL,20061213,1.15,1.15,1.115,1.15,42271
AKK,20061213,0.7,0.75,0.7,0.7,627085
ALB,20061213,1.69,1.695,1.67,1.69,77245
ALD,20061213,0.34,0.34,0.325,0.33,507075
ALE,20061213,0.03,0.03,0.03,0.03,600000
ALK,20061213,0.23,0.235,0.23,0.235,159290
ALL,20061213,16.01,16.28,16.01,16.17,1421236
ALR,20061213,1.825,1.825,1.825,1.825,2590
ALS,20061213,11.6,11.7,11.58,11.7,206502
ALU,20061213,0.84,0.85,0.84,0.84,25005
ALZ,20061213,1.97,2.01,1.97,1.99,1282324
AMA,20061213,0.39,0.39,0.38,0.385,93500
AMC,20061213,7.35,7.4,7.27,7.4,3892092
AMG,20061213,0.12,0.12,0.11,0.115,930124
AMH,20061213,0.62,0.625,0.62,0.625,45200
AMM,20061213,0.17,0.175,0.17,0.175,402000
AMP,20061213,9.49,9.55,9.45,9.5,3254279
AMU,20061213,1.01,1.02,0.99,0.99,8953024
AND,20061213,0.35,0.35,0.35,0.35,222039
ANE,20061213,4.35,4.35,4.3,4.3,13200
ANG,20061213,1.03,1.03,0.95,0.98,307747
ANH,20061213,0.058,0.059,0.058,0.059,218500
ANM,20061213,0.55,0.55,0.535,0.54,66683
ANN,20061213,11.35,11.57,11.35,11.37,415968
ANO,20061213,0.185,0.185,0.185,0.185,49164
ANP,20061213,0.038,0.042,0.038,0.04,3977312
ANX,20061213,0.245,0.245,0.245,0.245,8000
ANZ,20061213,28.06,28.28,28.06,28.18,4095537
AOD,20061213,9.9,10,9.9,10,1510
AOE,20061213,1.15,1.165,1.145,1.145,2394360
AOI,20061213,0.059,0.059,0.058,0.058,132607
AOP,20061213,0.425,0.435,0.425,0.425,908456
APA,20061213,4.27,4.28,4.25,4.27,226276
APD,20061213,3.14,3.14,3.08,3.09,19521
APG,20061213,0.056,0.057,0.051,0.055,1483063
API,20061213,2.29,2.33,2.27,2.33,1386201
APM,20061213,0.016,0.016,0.016,0.016,200000
APN,20061213,5.93,5.93,5.77,5.89,823998
APR,20061213,2.01,2.01,2.01,2.01,5000
APV,20061213,0.135,0.155,0.13,0.13,307888
APZ,20061213,1.85,1.87,1.84,1.84,149200
AQA,20061213,3.38,3.47,3.25,3.25,36702
AQD,20061213,0.185,0.185,0.18,0.185,180700
AQE,20061213,0.26,0.26,0.25,0.25,1000000
AQP,20061213,27.99,27.99,27.3,27.75,102900
ARA,20061213,0.56,0.57,0.56,0.57,62160
ARE,20061213,0.235,0.24,0.235,0.24,95467
ARG,20061213,7.98,8.03,7.97,7.98,57881
ARH,20061213,0.11,0.12,0.11,0.115,23349908
ARJ,20061213,0.011,0.011,0.011,0.011,1000000
ARM,20061213,0.28,0.295,0.28,0.295,200000
ARO,20061213,0.017,0.017,0.017,0.017,250000
ARP,20061213,3.7,3.7,3.65,3.65,8400
ARQ,20061213,1.39,1.4,1.385,1.395,728908
ARR,20061213,2.23,2.23,2.22,2.22,16400
ARU,20061213,0.465,0.48,0.465,0.47,391500
ARW,20061213,0.6,0.62,0.575,0.575,629234
ARX,20061213,0.026,0.026,0.025,0.025,2843000
ASB,20061213,3.61,3.76,3.61,3.62,270103
ASL,20061213,1.75,1.79,1.75,1.77,36197
ASP,20061213,0.28,0.28,0.27,0.27,209277
ASU,20061213,0.033,0.033,0.033,0.033,192666
ASV,20061213,0.03,0.031,0.03,0.031,252835
ASX,20061213,35.8,36.58,35.8,36.25,455976
ASZ,20061213,0.89,0.94,0.89,0.93,241778
ATG,20061213,0.28,0.28,0.275,0.28,187004
ATN,20061213,0.048,0.048,0.048,0.048,40000
ATP,20061213,0.38,0.38,0.38,0.38,21502
ATR,20061213,2.35,2.4,2.32,2.32,7558
ATV,20061213,0.12,0.12,0.12,0.12,80000
ATZ,20061213,0.125,0.13,0.125,0.13,208033
AUB,20061213,4.2,4.25,4.18,4.25,480365
AUN,20061213,1.29,1.295,1.275,1.29,1841173
AUS,20061213,1.185,1.185,1.165,1.165,72764
AUT,20061213,0.595,0.595,0.56,0.56,221753
AUW,20061213,2.4,2.47,2.4,2.44,1585283
AUX,20061213,0.042,0.043,0.04,0.041,2265000
AUZ,20061213,0.083,0.083,0.082,0.082,2181494
AVA,20061213,0.062,0.062,0.06,0.06,520000
AVD,20061213,0.64,0.66,0.62,0.66,116000
AVE,20061213,2.18,2.2,2.17,2.19,207403
AVJ,20061213,1.13,1.13,1.12,1.13,98000
AVM,20061213,1.33,1.33,1.315,1.32,176185
AVO,20061213,1.285,1.3,1.27,1.27,446668
AVQ,20061213,0.27,0.27,0.27,0.27,14800
AVR,20061213,1.615,1.615,1.61,1.61,19500
AVS,20061213,0.435,0.435,0.41,0.435,319000
AVU,20061213,1.29,1.29,1.28,1.29,27000
AVX,20061213,0.29,0.295,0.29,0.295,426097
AWB,20061213,2.57,2.58,2.53,2.58,1412490
AWC,20061213,6.18,6.23,6.16,6.2,3947792
AWE,20061213,2.81,2.87,2.81,2.84,2142042
AWL,20061213,0.01,0.01,0.01,0.01,200000
AXA,20061213,6.63,6.73,6.63,6.65,1651513
AXI,20061213,0.26,0.26,0.25,0.255,180891
AXM,20061213,0.4,0.4,0.39,0.39,120000
AXO,20061213,0.8,0.81,0.8,0.81,52235
AXQ,20061213,0.765,0.8,0.765,0.8,286290
AXT,20061213,0.29,0.29,0.275,0.275,397722
AYF,20061213,10.06,10.07,10.06,10.07,4371
AYR,20061213,0.165,0.165,0.165,0.165,77381
AZA,20061213,1.55,1.555,1.525,1.55,560154
AZC,20061213,0.2,0.205,0.2,0.2,372750
AZD,20061213,6.75,6.75,6.5,6.75,2662
AZR,20061213,0.28,0.285,0.28,0.28,2118424
AZZ,20061213,0.715,0.715,0.695,0.71,233412
BAS,20061213,0.076,0.076,0.076,0.076,10000
BAX,20061213,5.5,5.5,5.5,5.5,38000
BBG,20061213,15.86,16.35,15.86,16.1,1184413
BBI,20061213,1.805,1.82,1.8,1.805,2301779
BBL,20061213,0.205,0.205,0.205,0.205,2500
BBP,20061213,2.68,2.68,2.62,2.63,6551570
BBW,20061213,1.59,1.6,1.585,1.6,2137905
BBX,20061213,0.15,0.25,0.15,0.25,20000
BCF,20061213,0.59,0.59,0.59,0.59,50000
BCM,20061213,4.35,4.35,4.29,4.29,431747
BCN,20061213,0.2,0.21,0.2,0.205,359000
BDG,20061213,0.775,0.78,0.77,0.77,1319411
BDI,20061213,0.51,0.525,0.5,0.52,38389
BDL,20061213,0.225,0.225,0.225,0.225,150924
BDM,20061213,0.3,0.31,0.3,0.31,105548
BDS,20061213,4.1,4.15,4.06,4.1,917966
BEC,20061213,2.97,3,2.94,2.98,254756
BEI,20061213,1.665,1.685,1.645,1.65,254500
BEL,20061213,0.44,0.44,0.425,0.425,1539
BEN,20061213,13.8,13.82,13.68,13.72,198527
BET,20061213,1.95,1.95,1.95,1.95,1300
BGD,20061213,0.46,0.48,0.45,0.48,456000
BGF,20061213,0.27,0.27,0.265,0.265,1040992
BGL,20061213,0.14,0.14,0.13,0.13,29000
BHP,20061213,25.45,25.64,25.36,25.42,22691796
BIT,20061213,0.225,0.23,0.225,0.23,26429
BJT,20061213,1.92,1.95,1.915,1.92,425542
BKI,20061213,1.42,1.42,1.41,1.42,26569
BKL,20061213,16.85,16.9,16.8,16.9,2218
BKM,20061213,0.009,0.009,0.009,0.009,6757
BKN,20061213,7.65,7.8,7.65,7.7,840189
BKP,20061213,0.26,0.26,0.255,0.255,1396307
BKR,20061213,0.315,0.315,0.315,0.315,1900
BKW,20061213,12.25,12.25,12.19,12.25,89314
BKY,20061213,1.04,1.09,1.04,1.075,369300
BLD,20061213,7.99,8.03,7.89,7.95,1937028
BLG,20061213,0.38,0.39,0.38,0.38,189056
BLK,20061213,0.34,0.34,0.33,0.33,25716
BLP,20061213,0.86,0.865,0.86,0.86,197350
BLR,20061213,0.069,0.069,0.065,0.066,5189178
BLT,20061213,0.065,0.065,0.063,0.064,210000
BLZ,20061213,0.026,0.026,0.025,0.025,100000
BMN,20061213,1.6,1.6,1.5,1.55,293376
BMO,20061213,0.265,0.265,0.26,0.26,332944
BMX,20061213,0.285,0.285,0.275,0.275,1071051
BNB,20061213,23.4,23.72,23.3,23.3,655960
BNE,20061213,0.25,0.25,0.25,0.25,15099
BNL,20061213,0.22,0.22,0.215,0.215,33325
BNO,20061213,0.2,0.22,0.2,0.22,15000
BNT,20061213,0.175,0.18,0.17,0.18,1789394
BOL,20061213,4.09,4.13,4.03,4.13,640861
BON,20061213,0.12,0.125,0.11,0.12,467851
BOQ,20061213,15.32,15.5,15.32,15.41,294269
BOS,20061213,0.165,0.165,0.165,0.165,100000
BOW,20061213,0.215,0.215,0.2,0.2,842870
BPG,20061213,0.037,0.037,0.037,0.037,4000
BPH,20061213,0.13,0.13,0.13,0.13,10000
BPO,20061213,0.02,0.02,0.02,0.02,600507
BPT,20061213,1.42,1.44,1.415,1.435,2354845
BQF,20061213,3.59,3.59,3.59,3.59,4000
BQT,20061213,0.175,0.19,0.17,0.18,2313830
BRW,20061213,0.43,0.43,0.425,0.425,189440
BRZ,20061213,1.79,1.79,1.79,1.79,1116127
BSA,20061213,0.435,0.47,0.435,0.465,767307
BSG,20061213,3.02,3.09,3.01,3.07,982710
BSL,20061213,8.05,8.15,8,8.06,2326737
BSM,20061213,0.31,0.33,0.31,0.325,180000
BSO,20061213,1.295,1.34,1.28,1.325,361648
BTA,20061213,1.61,1.635,1.58,1.62,465537
BTC,20061213,0.38,0.39,0.375,0.39,25000
BTX,20061213,0.22,0.22,0.22,0.22,121799
BUG,20061213,0.585,0.585,0.585,0.585,4800
BUR,20061213,0.195,0.195,0.195,0.195,5000
BUY,20061213,0.05,0.05,0.05,0.05,100000
BVA,20061213,2.95,2.98,2.84,2.86,159230
BWP,20061213,2.14,2.18,2.13,2.16,402971
BXB,20061213,12.8,12.84,12.77,12.81,4103733
BXP,20061213,0.2,0.2,0.195,0.195,299253
BYI,20061213,0.9,0.9,0.9,0.9,5000
BZI,20061213,0.5,0.5,0.5,0.5,20000
CAA,20061213,1.06,1.08,1.06,1.075,70477
CAB,20061213,9.3,9.4,9.27,9.4,196536
CAF,20061213,1.06,1.1,1.055,1.1,90500
CAL,20061213,0.72,0.72,0.7,0.7,23101
CAM,20061213,1.025,1.025,1.02,1.02,7000
CAQ,20061213,0.23,0.235,0.23,0.235,7000
CAT,20061213,5.8,5.8,5.8,5.8,13
CAU,20061213,0.075,0.075,0.074,0.075,358871
CAZ,20061213,0.58,0.58,0.57,0.58,62350
CBA,20061213,47.4,47.71,47.3,47.4,2223303
CBH,20061213,0.76,0.775,0.76,0.775,2145134
CBM,20061213,2.83,2.83,2.8,2.8,4889
CCE,20061213,0.095,0.1,0.095,0.1,1796553
CCI,20061213,0.005,0.005,0.005,0.005,317550
CCL,20061213,7.75,7.76,7.64,7.68,2123628
CCP,20061213,7.75,7.87,7.65,7.87,88563
CCS,20061213,0.028,0.029,0.028,0.029,206000
CCU,20061213,0.36,0.36,0.36,0.36,20000
CCV,20061213,0.69,0.7,0.68,0.68,97729
CDA,20061213,1.38,1.38,1.38,1.38,2556
CDD,20061213,5.5,5.5,5.38,5.4,12650
CDF,20061213,1.79,1.82,1.79,1.82,62093
CDI,20061213,1.04,1.05,1.04,1.05,3002230
CDM,20061213,1.17,1.17,1.17,1.17,30900
CDO,20061213,4.05,4.05,3.97,4,1600
CDP,20061213,5.06,5.1,5.06,5.1,21377
CDR,20061213,2.17,2.2,2.16,2.16,936240
CDS,20061213,0.018,0.018,0.017,0.017,386743
CDU,20061213,4.75,4.75,4.57,4.59,694636
CDX,20061213,2.2,2.2,2.2,2.2,248609
CEC,20061213,0.64,0.645,0.64,0.64,79628
CEG,20061213,1.92,2,1.91,2,44443
CER,20061213,1.865,1.875,1.865,1.875,1102684
CEU,20061213,1.43,1.43,1.395,1.41,5322254
CEY,20061213,2.75,2.75,2.7,2.74,623183
CFE,20061213,0.315,0.325,0.31,0.325,978064
CFI,20061213,0.635,0.635,0.635,0.635,42601
CFK,20061213,0.32,0.325,0.31,0.325,162542
CFR,20061213,0.014,0.014,0.014,0.014,1311286
CFU,20061213,0.74,0.79,0.74,0.785,59275
CFX,20061213,2.07,2.12,2.07,2.1,2409419
CGF,20061213,3.92,4.05,3.9,3.98,4599097
CGJ,20061213,13.42,13.8,13.31,13.43,3946532
CGM,20061213,0.25,0.25,0.25,0.25,85800
CGS,20061213,0.2,0.2,0.2,0.2,143150
CGT,20061213,0.21,0.21,0.21,0.21,363428
CGX,20061213,0.54,0.54,0.53,0.53,251704
CHB,20061213,43,46.5,43,46.5,1040
CHC,20061213,2.03,2.05,2.02,2.05,382971
CHD,20061213,0.95,0.95,0.95,0.95,858
CHL,20061213,0.32,0.325,0.32,0.32,26538
CHN,20061213,0.12,0.12,0.12,0.12,7139
CHO,20061213,6.06,6.06,5.9,5.94,37030
CHQ,20061213,0.74,0.74,0.74,0.74,800711
CIF,20061213,3.69,3.7,3.65,3.65,154170
CIG,20061213,0.057,0.057,0.055,0.055,1516468
CII,20061213,0.14,0.14,0.14,0.14,50000
CIL,20061213,1.905,1.945,1.9,1.9,29807
CIR,20061213,1.52,1.53,1.52,1.52,9553
CIW,20061213,0.77,0.77,0.77,0.77,40144
CIX,20061213,0.47,0.47,0.465,0.465,136276
CIY,20061213,4.43,4.43,4.4,4.4,126480
CKK,20061213,0.175,0.18,0.175,0.18,262900
CKL,20061213,0.6,0.6,0.59,0.59,3840
CKR,20061213,0.195,0.2,0.195,0.2,25000
CLF,20061213,0.255,0.26,0.255,0.26,220000
CLH,20061213,1.11,1.11,1.08,1.08,42250
CLO,20061213,0.425,0.44,0.425,0.44,56700
CLT,20061213,1.32,1.35,1.305,1.35,526279
CLV,20061213,0.135,0.135,0.135,0.135,26020
CLX,20061213,2.71,2.71,2.7,2.7,9907
CME,20061213,0.037,0.044,0.036,0.04,4429576
CMI,20061213,1.23,1.26,1.23,1.26,204782
CMO,20061213,0.009,0.009,0.009,0.009,15078
CMP,20061213,0.16,0.16,0.16,0.16,111000
CMQ,20061213,0.17,0.17,0.165,0.165,126045
CMR,20061213,5.2,5.4,5.19,5.4,498093
CMV,20061213,0.315,0.315,0.315,0.315,1000
CND,20061213,3.32,3.32,3.26,3.28,92268
CNF,20061213,0.074,0.074,0.074,0.074,29523
CNM,20061213,0.032,0.032,0.031,0.031,275000
CNN,20061213,0.073,0.073,0.073,0.073,30000
CNP,20061213,8.54,8.56,8.4,8.47,1999806
CNT,20061213,0.775,0.78,0.775,0.78,12679
COA,20061213,5.75,5.82,5.75,5.79,1072678
COE,20061213,0.47,0.47,0.465,0.465,162280
COF,20061213,3.89,3.89,3.84,3.84,41237
COH,20061213,52.75,54.49,52.75,53.75,166100
COI,20061213,0.295,0.295,0.295,0.295,20000
COK,20061213,0.185,0.185,0.185,0.185,60000
COS,20061213,0.14,0.14,0.14,0.14,7000
COU,20061213,2.42,2.42,2.34,2.39,8033
CPA,20061213,1.405,1.42,1.4,1.41,2991898
CPB,20061213,21.29,21.4,21.15,21.39,88825
CPI,20061213,0.44,0.44,0.43,0.43,97670
CPK,20061213,0.8,0.8,0.78,0.78,147100
CPN,20061213,0.065,0.075,0.065,0.068,861250
CPR,20061213,2.66,2.67,2.65,2.67,29760
CPT,20061213,0.09,0.09,0.09,0.09,6000
CPU,20061213,8.8,8.81,8.74,8.76,1254988
CQT,20061213,0.445,0.445,0.425,0.425,1948067
CRC,20061213,0.215,0.215,0.195,0.195,110000
CRE,20061213,0.3,0.31,0.295,0.31,106793
CRG,20061213,13.35,13.41,13.15,13.34,185956
CRJ,20061213,0.39,0.415,0.39,0.415,988700
CRK,20061213,0.87,0.87,0.85,0.85,40000
CRL,20061213,0.17,0.17,0.17,0.17,25000
CRT,20061213,0.655,0.66,0.655,0.655,623615
CSE,20061213,0.37,0.39,0.37,0.39,165300
CSH,20061213,2.35,2.35,2.35,2.35,6000
CSL,20061213,61.25,63.04,60.8,62.75,1811617
CSM,20061213,2.26,2.3,2.21,2.23,2149478
CSR,20061213,3.4,3.4,3.35,3.36,4905345
CSS,20061213,0.74,0.75,0.72,0.72,44000
CST,20061213,3.94,3.95,3.75,3.75,71682
CTE,20061213,0.19,0.19,0.19,0.19,3433
CTF,20061213,0.12,0.12,0.115,0.12,254554
CTI,20061213,0.11,0.11,0.105,0.105,22120
CTN,20061213,1.65,1.665,1.65,1.65,59790
CTO,20061213,0.475,0.475,0.46,0.46,573023
CTP,20061213,0.165,0.17,0.165,0.17,135000
CTS,20061213,0.58,0.6,0.57,0.6,152500
CTX,20061213,21.6,21.6,21.41,21.5,322704
CUE,20061213,0.125,0.125,0.12,0.12,1705120
CUL,20061213,0.034,0.036,0.033,0.035,778934
CUO,20061213,0.49,0.49,0.475,0.49,470751
CUS,20061213,0.23,0.24,0.23,0.24,404957
CUV,20061213,0.61,0.61,0.575,0.575,478434
CUY,20061213,0.51,0.54,0.495,0.54,71469
CVC,20061213,1.76,1.79,1.76,1.79,14500
CVI,20061213,0.095,0.14,0.095,0.12,3485180
CVN,20061213,0.08,0.08,0.078,0.079,115900
CWG,20061213,0.2,0.2,0.2,0.2,4999
CWP,20061213,4.78,4.78,4.78,4.78,600
CWT,20061213,0.865,0.87,0.86,0.87,50158
CXD,20061213,2.38,2.38,2.3,2.3,36480
CXM,20061213,0.17,0.17,0.17,0.17,10000
CXP,20061213,5.88,5.99,5.88,5.93,451606
CXS,20061213,0.605,0.635,0.605,0.635,1085204
CYA,20061213,1.29,1.3,1.29,1.3,32790
CYG,20061213,4.3,4.3,4.28,4.28,128452
CYL,20061213,0.29,0.295,0.285,0.295,103200
CYN,20061213,0.3,0.3,0.3,0.3,5000
CYT,20061213,0.64,0.64,0.64,0.64,14441
CZP,20061213,0.19,0.19,0.19,0.19,65000
CZR,20061213,0.41,0.425,0.41,0.425,29010
DBS,20061213,0.72,0.73,0.72,0.73,22449319
DCS,20061213,0.1,0.1,0.1,0.1,3472
DDT,20061213,0.39,0.395,0.39,0.395,298162
DEG,20061213,0.155,0.155,0.15,0.155,113223
DES,20061213,0.22,0.22,0.215,0.22,225393
DEX,20061213,2.3,2.34,2.25,2.27,40332
DGR,20061213,0.12,0.14,0.12,0.12,2335416
DIA,20061213,0.06,0.061,0.06,0.06,448000
DIO,20061213,0.069,0.07,0.069,0.069,655000
DJS,20061213,3.82,3.87,3.82,3.86,918279
DJW,20061213,4.7,4.77,4.69,4.72,29489
DKS,20061213,7.78,7.78,7.75,7.75,1890
DLS,20061213,0.175,0.18,0.17,0.18,1293363
DMA,20061213,0.24,0.24,0.23,0.235,25220
DML,20061213,0.23,0.23,0.225,0.225,143780
DMP,20061213,3.05,3.08,3.03,3.04,659763
DMX,20061213,0.79,0.81,0.79,0.81,1941643
DOM,20061213,1.555,1.555,1.535,1.54,73905
DON,20061213,0.375,0.38,0.34,0.34,430000
DOW,20061213,7.1,7.12,7.05,7.07,1973823
DRA,20061213,0.16,0.165,0.16,0.165,617400
DRT,20061213,1.68,1.69,1.67,1.68,6134189
DRX,20061213,0.345,0.35,0.345,0.35,40370
DTL,20061213,4.68,4.7,4.68,4.7,12000
DUE,20061213,2.95,2.96,2.9,2.92,838739
DUI,20061213,3.38,3.4,3.35,3.4,9362
DVM,20061213,0.092,0.092,0.086,0.086,580000
DVN,20061213,1.035,1.05,1.03,1.05,114741
DWS,20061213,1.725,1.75,1.7,1.75,157326
DXL,20061213,2.28,2.28,2.23,2.24,5304132
DYE,20061213,0.61,0.63,0.6,0.63,110535
DYL,20061213,0.38,0.395,0.37,0.375,7829620
EAR,20061213,0.35,0.35,0.34,0.34,27000
EBB,20061213,1.85,1.86,1.82,1.85,48737
EBI,20061213,4.27,4.3,4.22,4.22,91428
EBR,20061213,0.059,0.059,0.059,0.059,150000
EBT,20061213,0.18,0.18,0.175,0.18,335620
ECH,20061213,0.37,0.37,0.37,0.37,61312
ECI,20061213,0.045,0.045,0.045,0.045,9000
ECU,20061213,0.056,0.056,0.055,0.055,296306
EDE,20061213,0.395,0.495,0.385,0.45,1936818
EDM,20061213,0.088,0.09,0.088,0.088,324000
EDN,20061213,0.49,0.495,0.49,0.495,35000
EFT,20061213,0.066,0.072,0.065,0.072,426031
EGL,20061213,0.145,0.145,0.145,0.145,50000
EGO,20061213,0.007,0.007,0.007,0.007,3430000
EGX,20061213,0.6,0.61,0.6,0.61,65000
EHL,20061213,1.86,1.865,1.83,1.85,1091796
EIV,20061213,0.15,0.165,0.15,0.165,890820
EKA,20061213,0.59,0.59,0.585,0.59,47200
EKM,20061213,0.27,0.27,0.255,0.26,191818
ELI,20061213,1.08,1.1,1.08,1.1,88000
ELL,20061213,0.099,0.105,0.098,0.105,1234118
ELM,20061213,0.425,0.425,0.425,0.425,40000
ELX,20061213,0.86,0.88,0.86,0.87,48844
EME,20061213,3.2,3.25,3.15,3.25,26065
EMI,20061213,1.4,1.4,1.375,1.39,185996
EMM,20061213,0.075,0.075,0.075,0.075,100000
EMP,20061213,0.2,0.2,0.17,0.18,4376369
EMR,20061213,0.13,0.15,0.125,0.13,936390
EMS,20061213,0.115,0.13,0.115,0.12,1154488
ENB,20061213,0.215,0.215,0.215,0.215,30522
ENE,20061213,4.91,4.95,4.86,4.9,477845
ENG,20061213,0.255,0.255,0.25,0.25,507000
ENR,20061213,0.425,0.45,0.4,0.45,132747
ENV,20061213,1.145,1.15,1.14,1.15,505226
EOS,20061213,1.36,1.4,1.36,1.4,15500
EPE,20061213,0.03,0.032,0.03,0.032,501176
EPF,20061213,0.205,0.205,0.205,0.205,30000
EPG,20061213,0.79,0.79,0.76,0.76,32229
EPR,20061213,0.032,0.032,0.032,0.032,61700
EPS,20061213,0.3,0.31,0.275,0.28,3527474
EPY,20061213,0.51,0.52,0.51,0.51,209866
EQI,20061213,1.595,1.6,1.56,1.57,201916
EQN,20061213,2.26,2.26,2.18,2.26,1182705
ERA,20061213,17.65,18.17,17.65,17.77,635354
ERG,20061213,0.28,0.28,0.27,0.28,1527022
ERN,20061213,0.435,0.44,0.415,0.44,312786
ERO,20061213,0.22,0.225,0.21,0.21,172360
ESG,20061213,0.275,0.28,0.265,0.28,1402868
ESI,20061213,0.29,0.3,0.275,0.275,331319
ESS,20061213,0.535,0.535,0.52,0.535,133000
ESV,20061213,0.67,0.67,0.67,0.67,545000
ETE,20061213,0.25,0.255,0.245,0.255,232452
ETR,20061213,3.04,3.08,3.03,3.05,120511
ETT,20061213,0.017,0.017,0.017,0.017,50000
ETW,20061213,0.23,0.235,0.23,0.23,228902
EUG,20061213,0.035,0.035,0.034,0.034,250000
EVE,20061213,0.17,0.185,0.17,0.175,1293826
EVG,20061213,0.092,0.092,0.09,0.09,23000
EVM,20061213,0.155,0.155,0.15,0.15,53158
EVZ,20061213,0.38,0.43,0.38,0.4,509480
EWC,20061213,0.735,0.735,0.68,0.685,1670916
EXR,20061213,0.38,0.38,0.35,0.38,249060
EXS,20061213,0.265,0.27,0.26,0.265,245734
EXT,20061213,0.1,0.1,0.096,0.099,10964566
EYE,20061213,0.25,0.26,0.24,0.25,606800
EZE,20061213,0.15,0.16,0.15,0.16,10710
EZL,20061213,3.54,3.57,3.5,3.5,6830
EZY,20061213,0.085,0.085,0.085,0.085,170115
FAN,20061213,3.35,3.4,3.35,3.4,135227
FAR,20061213,0.125,0.13,0.12,0.125,1388460
FAS,20061213,1.45,1.55,1.42,1.42,457140
FAT,20061213,0.975,0.98,0.97,0.98,37295
FBU,20061213,9.5,9.5,9.13,9.13,325436
FCL,20061213,1.945,1.945,1.9,1.93,1239384
FCN,20061213,0.34,0.35,0.33,0.33,295464
FDL,20061213,0.016,0.017,0.016,0.017,666764
FEA,20061213,0.64,0.64,0.63,0.63,178723
FER,20061213,1.12,1.12,1.01,1.03,1199830
FFF,20061213,0.075,0.075,0.073,0.073,250000
FGL,20061213,6.63,6.77,6.63,6.7,5092379
FIC,20061213,0.25,0.25,0.25,0.25,20000
FKP,20061213,6.18,6.2,6.15,6.19,328349
FLK,20061213,0.65,0.65,0.635,0.635,100000
FLT,20061213,16.77,16.82,16.75,16.8,425172
FLX,20061213,4.16,4.16,4.12,4.13,99557
FMG,20061213,10.81,11.5,10.81,11.45,1085225
FML,20061213,0.052,0.054,0.051,0.052,2709500
FNT,20061213,0.145,0.15,0.145,0.15,125000
FPA,20061213,3.45,3.5,3.45,3.47,231346
FPH,20061213,3.74,3.74,3.74,3.74,40300
FPS,20061213,2.45,2.5,2.45,2.5,83000
FRE,20061213,0.78,0.78,0.75,0.765,189346
FRI,20061213,0.95,0.95,0.95,0.95,35000
FRL,20061213,0.165,0.165,0.165,0.165,1000
FRM,20061213,0.33,0.33,0.33,0.33,4808
FRR,20061213,0.765,0.765,0.75,0.75,55000
FRS,20061213,0.385,0.385,0.385,0.385,11500
FRV,20061213,0.095,0.095,0.095,0.095,255589
FSA,20061213,0.5,0.5,0.5,0.5,200000
FUN,20061213,1.435,1.475,1.425,1.46,567667
FUT,20061213,0.007,0.007,0.007,0.007,489
FWD,20061213,7.7,7.72,7.63,7.63,70827
FWL,20061213,0.195,0.195,0.195,0.195,71880
FXJ,20061213,4.92,4.92,4.83,4.85,4483278
FXL,20061213,2.61,2.65,2.58,2.58,2966427
FXR,20061213,1.83,1.84,1.765,1.78,309594
FZN,20061213,1.18,1.18,1.15,1.15,585200
GAA,20061213,1.035,1.035,1.015,1.02,209400
GAP,20061213,0.58,0.6,0.58,0.59,51053
GAU,20061213,0.15,0.15,0.145,0.145,95952
GBE,20061213,0.8,0.825,0.8,0.825,177448
GBG,20061213,0.605,0.65,0.605,0.65,2984124
GBL,20061213,0.034,0.039,0.034,0.039,200000
GBP,20061213,0.67,0.68,0.645,0.65,207302
GBT,20061213,3,3.01,2.97,3.01,15090
GCL,20061213,4.03,4.03,4,4.01,134504
GCN,20061213,0.061,0.061,0.061,0.061,11475
GCR,20061213,0.05,0.051,0.048,0.049,1294000
GDA,20061213,0.013,0.013,0.012,0.012,332864
GDM,20061213,0.56,0.57,0.545,0.55,128600
GDN,20061213,0.655,0.655,0.6,0.64,2879952
GDR,20061213,0.69,0.695,0.68,0.68,155942
GDY,20061213,0.89,0.89,0.88,0.88,138573
GEP,20061213,0.1,0.1,0.1,0.1,100000
GFD,20061213,0.875,0.875,0.875,0.875,9260932
GFF,20061213,2.13,2.16,2.12,2.16,4188965
GFL,20061213,0.98,1,0.95,0.95,12470
GGP,20061213,0.45,0.49,0.435,0.435,459123
GGY,20061213,0.065,0.065,0.062,0.063,684500
GHG,20061213,1.355,1.355,1.35,1.35,534774
GIA,20061213,0.45,0.45,0.44,0.44,35000
GIP,20061213,0.096,0.096,0.095,0.096,164200
GIR,20061213,0.52,0.535,0.51,0.535,339500
GLA,20061213,0.16,0.16,0.155,0.155,39312
GLC,20061213,0.76,0.76,0.76,0.76,10000
GLE,20061213,1.15,1.15,1.15,1.15,1130
GLI,20061213,1.015,1.015,0.995,0.995,28704
GLN,20061213,0.265,0.265,0.26,0.265,277670
GLO,20061213,0.045,0.045,0.045,0.045,10000
GLX,20061213,0.17,0.17,0.155,0.155,135235
GMI,20061213,1.26,1.265,1.25,1.25,176532
GML,20061213,0.245,0.255,0.24,0.255,305918
GNC,20061213,9.12,9.4,9.1,9.27,125561
GNL,20061213,0.048,0.049,0.048,0.049,656407
GNS,20061213,3.01,3.04,2.91,3.03,1708039
GOA,20061213,0.091,0.099,0.09,0.09,788412
GOG,20061213,0.29,0.29,0.285,0.285,254019
GOP,20061213,0.24,0.24,0.23,0.23,145415
GPG,20061213,2.14,2.17,2.14,2.15,702721
GPN,20061213,0.02,0.02,0.019,0.019,8441425
GPR,20061213,0.66,0.66,0.66,0.66,7500
GPT,20061213,5,5.02,4.96,4.97,12115872
GQH,20061213,0.84,0.84,0.84,0.84,2500
GRB,20061213,0.42,0.42,0.39,0.4,540900
GRD,20061213,2.04,2.09,2.04,2.07,349154
GRL,20061213,0.26,0.26,0.26,0.26,35000
GRN,20061213,0.26,0.26,0.26,0.26,146000
GRR,20061213,1.55,1.57,1.55,1.55,186541
GRT,20061213,0.095,0.095,0.095,0.095,10000
GRV,20061213,1.15,1.15,1.15,1.15,4844
GRY,20061213,0.29,0.31,0.29,0.3,4533027
GSA,20061213,1.23,1.23,1.22,1.225,4895619
GSE,20061213,0.05,0.05,0.047,0.047,341509
GSF,20061213,0.016,0.016,0.016,0.016,250000
GTG,20061213,0.36,0.365,0.355,0.355,93917
GTP,20061213,2.77,2.79,2.63,2.79,3906717
GTV,20061213,1.025,1.025,1.02,1.02,37840
GUD,20061213,8.42,8.45,8.35,8.39,59697
GUL,20061213,0.061,0.062,0.061,0.062,162002
GUN,20061213,0.26,0.265,0.26,0.265,109500
GWR,20061213,2.93,3.1,2.93,3.01,196108
GWT,20061213,3.86,3.86,3.75,3.83,485265
GYN,20061213,0.33,0.335,0.33,0.335,80000
GZL,20061213,2.2,2.2,2.2,2.2,400
HAP,20061213,0.93,0.94,0.93,0.94,126881
HAV,20061213,1.18,1.185,1.16,1.16,66185
HAZ,20061213,0.22,0.22,0.21,0.21,240000
HCY,20061213,0.018,0.018,0.017,0.018,8261400
HDF,20061213,3.18,3.19,3.14,3.18,178671
HDG,20061213,0.195,0.195,0.19,0.19,125000
HDR,20061213,2.08,2.09,2.08,2.08,2845705
HEG,20061213,0.115,0.115,0.105,0.115,1075000
HER,20061213,1.08,1.08,1.06,1.07,363505
HFA,20061213,1.94,2.01,1.94,1.95,283300
HGI,20061213,3.44,3.55,3.44,3.51,4251203
HGO,20061213,0.27,0.27,0.265,0.265,421287
HHL,20061213,11.61,11.61,11.61,11.61,11
HHV,20061213,1.07,1.07,1.065,1.07,359759
HHY,20061213,1.875,1.89,1.86,1.89,75400
HIC,20061213,0.88,0.895,0.88,0.88,61500
HIG,20061213,0.39,0.39,0.38,0.39,590127
HIL,20061213,5.02,5.06,4.97,5.01,185502
HLD,20061213,0.235,0.235,0.235,0.235,15650
HLT,20061213,0.089,0.09,0.089,0.09,110000
HLX,20061213,0.13,0.135,0.125,0.13,1095000
HMC,20061213,0.082,0.089,0.082,0.087,3472202
HME,20061213,14.52,14.8,14.52,14.65,49160
HNG,20061213,2.06,2.06,2.02,2.02,15000
HNR,20061213,0.345,0.345,0.33,0.33,143900
HOM,20061213,0.55,0.57,0.55,0.57,514
HPX,20061213,1.855,1.87,1.855,1.87,142725
HRD,20061213,0.21,0.21,0.205,0.205,55000
HRR,20061213,0.855,0.87,0.83,0.86,214661
HRS,20061213,0.155,0.155,0.145,0.145,145000
HSK,20061213,0.85,0.85,0.845,0.845,22285
HSN,20061213,0.3,0.305,0.3,0.305,44840
HSP,20061213,5.31,5.6,5.17,5.6,1107951
HST,20061213,2.43,2.5,2.4,2.48,104950
HTA,20061213,0.24,0.24,0.235,0.235,822500
HTM,20061213,0.027,0.027,0.027,0.027,62500
HTW,20061213,0.69,0.69,0.69,0.69,5739
HVN,20061213,3.75,3.84,3.75,3.8,2578820
HWG,20061213,0.155,0.155,0.15,0.15,349000
HWI,20061213,1.88,1.91,1.86,1.9,444889
HYO,20061213,0.265,0.265,0.265,0.265,64000
HZL,20061213,0.58,0.58,0.58,0.58,10000
HZN,20061213,0.3,0.31,0.3,0.31,158504
IAG,20061213,6.12,6.15,5.89,5.89,7944388
IAS,20061213,0.28,0.28,0.275,0.275,61200
IAT,20061213,0.07,0.072,0.07,0.07,510000
IAU,20061213,0.88,0.88,0.83,0.85,199458
IBA,20061213,1.23,1.265,1.205,1.23,2142979
IBC,20061213,0.64,0.64,0.63,0.63,6550
IBG,20061213,1,1.05,1,1.05,5500
IBR,20061213,0.72,0.72,0.71,0.71,153550
IBT,20061213,1.86,1.86,1.85,1.85,17000
ICD,20061213,0.55,0.55,0.55,0.55,1000
ICN,20061213,0.06,0.062,0.06,0.06,269624
ICP,20061213,0.054,0.054,0.049,0.052,973500
ICS,20061213,0.27,0.27,0.265,0.265,8100
IDL,20061213,0.27,0.28,0.27,0.28,3445830
IDM,20061213,0.245,0.26,0.245,0.26,2538951
IDO,20061213,0.3,0.31,0.3,0.31,353732
IDT,20061213,1.92,1.94,1.9,1.9,60600
IEF,20061213,1.145,1.145,1.14,1.14,106110
IFL,20061213,10.46,10.46,10.3,10.31,85187
IFM,20061213,0.855,0.86,0.85,0.85,398018
IGC,20061213,0.205,0.205,0.2,0.205,80910
IGD,20061213,1.17,1.17,1.15,1.15,147000
IGO,20061213,4.14,4.16,4.04,4.08,500617
IGR,20061213,0.125,0.125,0.125,0.125,303020
IHF,20061213,1.065,1.065,1.065,1.065,160
IHG,20061213,0.26,0.26,0.26,0.26,4261
IIF,20061213,2.32,2.33,2.31,2.33,2168945
III,20061213,0.265,0.265,0.26,0.26,90086
IIN,20061213,0.89,0.9,0.89,0.895,128344
ILF,20061213,1.26,1.27,1.26,1.26,145711
ILU,20061213,6.7,6.77,6.62,6.65,857311
IMA,20061213,1.85,1.85,1.76,1.8,65445
IMD,20061213,0.79,0.795,0.785,0.79,131250
IMF,20061213,0.76,0.76,0.75,0.75,30000
IMI,20061213,0.027,0.027,0.023,0.023,25888082
IML,20061213,0.05,0.055,0.05,0.055,97600
IMP,20061213,0.019,0.019,0.019,0.019,3091737
IMU,20061213,0.2,0.2,0.2,0.2,42771
INL,20061213,0.26,0.275,0.25,0.26,15676656
INP,20061213,0.29,0.29,0.285,0.29,179000
IOF,20061213,1.51,1.51,1.495,1.5,7894486
IOH,20061213,0.94,0.94,0.94,0.94,3483
IPA,20061213,0.82,0.82,0.82,0.82,35600
IPE,20061213,0.96,0.96,0.96,0.96,50000
IPG,20061213,2.45,2.49,2.43,2.47,5449923
IPL,20061213,32.37,32.74,32.01,32.4,160349
IPM,20061213,1.43,1.43,1.4,1.4,197234
IPN,20061213,0.215,0.215,0.21,0.21,395556
IPR,20061213,0.074,0.074,0.074,0.074,10000
IPT,20061213,0.315,0.35,0.28,0.28,489806
IRC,20061213,0.25,0.27,0.25,0.26,346542
IRE,20061213,7.55,7.6,7.35,7.4,249894
IRI,20061213,0.505,0.51,0.505,0.51,50000
IRN,20061213,0.73,0.73,0.73,0.73,699706
ISS,20061213,0.235,0.24,0.235,0.24,150000
ITC,20061213,0.082,0.084,0.082,0.082,561570
ITD,20061213,0.415,0.415,0.41,0.415,91100
ITE,20061213,0.17,0.17,0.16,0.17,447500
IUL,20061213,0.18,0.2,0.18,0.2,7000
IVC,20061213,5.38,5.4,5.33,5.38,85317
IVK,20061213,3.9,4,3.9,3.91,13052
IWF,20061213,1.95,1.98,1.95,1.95,363261
IWI,20061213,1.95,1.95,1.95,1.95,2550
IWL,20061213,4.6,4.67,4.55,4.65,72736
JAG,20061213,0.18,0.18,0.18,0.18,3000
JAK,20061213,0.17,0.175,0.165,0.175,110000
JBH,20061213,6.2,6.41,6.2,6.25,983840
JBM,20061213,13.68,13.86,13.65,13.76,425354
JET,20061213,1.515,1.63,1.515,1.63,95144
JFM,20061213,1.42,1.425,1.41,1.415,116297
JGL,20061213,0.22,0.24,0.22,0.235,1288488
JHX,20061213,8.3,8.5,8.25,8.45,3086489
JMB,20061213,1.65,1.72,1.65,1.7,24526
JML,20061213,0.92,0.93,0.915,0.93,1011905
JMS,20061213,0.395,0.41,0.36,0.36,12799471
JRL,20061213,1.08,1.1,1.08,1.1,13500
JRV,20061213,0.01,0.01,0.01,0.01,150000
JST,20061213,3.6,3.61,3.57,3.6,1687508
JUM,20061213,0.04,0.04,0.039,0.04,362745
JVG,20061213,0.21,0.21,0.21,0.21,36577
JYC,20061213,1.15,1.15,1.15,1.15,1000
KAL,20061213,0.155,0.155,0.145,0.155,233750
KAR,20061213,1.9,1.94,1.9,1.925,13626
KCN,20061213,4.1,4.1,4,4,217789
KIM,20061213,0.895,0.895,0.87,0.87,909415
KIS,20061213,1.16,1.16,1.16,1.16,50000
KLM,20061213,0.64,0.64,0.605,0.605,42900
KME,20061213,1.06,1.06,1.06,1.06,12030
KMN,20061213,0.73,0.73,0.7,0.7,670320
KNH,20061213,0.07,0.07,0.07,0.07,3334
KOR,20061213,0.375,0.375,0.365,0.365,20000
KOV,20061213,5.3,5.3,5.3,5.3,664
KRS,20061213,0.345,0.345,0.345,0.345,60000
KSC,20061213,3.64,3.64,3.62,3.62,8800
KSX,20061213,0.045,0.045,0.045,0.045,4770
KYC,20061213,0.79,0.8,0.78,0.79,50362
KZL,20061213,7.32,7.38,7.2,7.2,626223
LAF,20061213,0.09,0.091,0.089,0.091,2285824
LAT,20061213,0.06,0.06,0.06,0.06,145500
LAU,20061213,0.2,0.2,0.2,0.2,64002
LBT,20061213,0.18,0.2,0.18,0.2,89960
LBY,20061213,0.15,0.15,0.15,0.15,150000
LCL,20061213,0.55,0.555,0.54,0.55,238800
LDW,20061213,6.7,6.85,6.65,6.65,8623
LEF,20061213,0.285,0.285,0.275,0.275,168000
LEG,20061213,0.081,0.081,0.079,0.079,1614727
LEI,20061213,20.4,20.45,20.23,20.4,278625
LEP,20061213,4.3,4.52,4.29,4.52,72631
LFE,20061213,1.58,1.6,1.545,1.56,121669
LGD,20061213,0.79,0.79,0.79,0.79,40000
LGO,20061213,0.025,0.025,0.025,0.025,132300
LHG,20061213,3.04,3.05,2.98,2.98,9037097
LIM,20061213,13.3,13.7,13.3,13.7,21780
LIN,20061213,0.35,0.35,0.33,0.35,137000
LIO,20061213,0.36,0.36,0.36,0.36,3450
LIP,20061213,0.79,0.81,0.78,0.81,80958
LKE,20061213,0.115,0.115,0.115,0.115,100000
LKO,20061213,0.017,0.018,0.017,0.017,7568500
LLC,20061213,17.75,18,17.65,17.94,821457
LMC,20061213,2.3,2.3,2.3,2.3,1500
LMG,20061213,0.012,0.012,0.012,0.012,250000
LNC,20061213,0.18,0.18,0.175,0.18,386776
LNG,20061213,0.55,0.6,0.53,0.57,201200
LNN,20061213,7.95,8.19,7.95,8.18,1051852
LOD,20061213,0.046,0.046,0.042,0.042,356538
LOK,20061213,6.13,6.25,6.13,6.25,3707
LPL,20061213,0.35,0.38,0.35,0.38,47633
LRF,20061213,1.06,1.06,1.06,1.06,36720
LRL,20061213,0.59,0.59,0.565,0.59,31000
LSG,20061213,1.685,1.7,1.68,1.68,152370
LSL,20061213,0.003,0.003,0.003,0.003,5149041
LVL,20061213,0.041,0.041,0.041,0.041,1000
LVR,20061213,0.615,0.625,0.615,0.625,111331
LWB,20061213,1.48,1.48,1.44,1.44,22250
LYC,20061213,0.415,0.415,0.395,0.395,1556764
LYL,20061213,3.19,3.2,3.17,3.2,18500
MAC,20061213,0.033,0.033,0.033,0.033,111172
MAE,20061213,0.79,0.79,0.77,0.79,154030
MAH,20061213,0.88,0.885,0.87,0.875,506903
MAL,20061213,0.63,0.63,0.61,0.63,84250
MAP,20061213,3.59,3.61,3.57,3.59,4140646
MAQ,20061213,1.01,1.06,1.01,1.06,1800
MAR,20061213,0.23,0.245,0.23,0.245,61500
MBA,20061213,0.105,0.115,0.105,0.11,5224573
MBI,20061213,0.007,0.007,0.007,0.007,1014300
MBL,20061213,74.99,75.01,73.71,73.75,460638
MBN,20061213,2.4,2.4,2.35,2.38,604287
MBP,20061213,0.77,0.775,0.755,0.755,575101
MBR,20061213,2.2,2.2,2.1,2.16,1165260
MBT,20061213,1.13,1.14,1.11,1.135,43464
MCC,20061213,4.91,4.95,4.91,4.95,344407
MCG,20061213,6.29,6.34,6.24,6.27,1021424
MCK,20061213,3.2,3.3,3.2,3.3,13300
MCO,20061213,0.42,0.42,0.37,0.37,323840
MCP,20061213,2.56,2.65,2.53,2.65,177530
MCQ,20061213,3.74,3.82,3.71,3.75,618726
MCR,20061213,2.23,2.23,2.19,2.19,542593
MCW,20061213,2.09,2.1,2.07,2.1,4854612
MDE,20061213,0.68,0.68,0.65,0.65,59000
MDG,20061213,0.27,0.27,0.27,0.27,24433
MDL,20061213,1.5,1.51,1.49,1.51,484585
MDS,20061213,0.165,0.165,0.145,0.15,1519300
MDT,20061213,1.24,1.25,1.23,1.24,5454620
MDX,20061213,0.17,0.17,0.17,0.17,1846
MEE,20061213,0.083,0.085,0.083,0.085,170000
MEI,20061213,0.295,0.295,0.295,0.295,50000
MEL,20061213,0.49,0.565,0.49,0.545,2516031
MEO,20061213,0.44,0.45,0.44,0.44,241851
MEP,20061213,0.75,0.8,0.75,0.78,77306
MFG,20061213,2.3,2.48,2.3,2.48,49551
MFI,20061213,1.44,1.45,1.43,1.45,44773
MFS,20061213,4.43,4.64,4.43,4.59,2990385
MFT,20061213,0.93,0.93,0.925,0.93,26840
MGK,20061213,0.13,0.13,0.12,0.12,85500
MGO,20061213,0.24,0.24,0.24,0.24,42500
MGQ,20061213,6.8,6.99,6.7,6.74,3033192
MGR,20061213,5.25,5.31,5.18,5.27,5075048
MGU,20061213,0.25,0.25,0.25,0.25,55707
MGW,20061213,3.18,3.25,3.18,3.24,206495
MGX,20061213,0.83,0.84,0.82,0.835,967813
MHI,20061213,0.24,0.27,0.24,0.27,54597
MHL,20061213,0.014,0.014,0.014,0.014,1110000
MIC,20061213,0.026,0.026,0.025,0.025,1370886
MIG,20061213,3.53,3.53,3.5,3.51,13398829
MIK,20061213,0.23,0.23,0.22,0.23,54950
MIN,20061213,1.7,1.7,1.7,1.7,8900
MIR,20061213,2.15,2.15,2.15,2.15,19300
MIS,20061213,0.86,0.895,0.835,0.895,748763
MIT,20061213,2.1,2.11,2.1,2.1,32966
MIX,20061213,1.06,1.065,1.055,1.06,399256
MKY,20061213,0.055,0.055,0.051,0.053,10001395
MLB,20061213,3,3.05,3,3.04,106501
MLE,20061213,3.1,3.14,3.1,3.1,586084
MLM,20061213,0.56,0.56,0.555,0.555,62902
MLS,20061213,0.085,0.086,0.08,0.082,45114735
MLT,20061213,21.2,21.2,21,21.05,4674
MMA,20061213,1.055,1.055,1.05,1.055,285403
MMB,20061213,0.14,0.14,0.135,0.135,150000
MMG,20061213,4.89,4.93,4.88,4.9,850823
MML,20061213,0.71,0.73,0.71,0.71,146840
MMN,20061213,0.37,0.37,0.365,0.365,286500
MMS,20061213,3.9,3.91,3.9,3.9,51977
MMX,20061213,1.22,1.3,1.215,1.265,3263114
MND,20061213,8.4,8.59,8.39,8.54,165600
MNF,20061213,0.165,0.165,0.15,0.15,73000
MNM,20061213,0.225,0.225,0.225,0.225,28000
MOC,20061213,2.75,2.75,2.75,2.75,146238
MOD,20061213,0.022,0.022,0.022,0.022,45000
MOF,20061213,1.485,1.5,1.48,1.48,7348864
MOG,20061213,0.076,0.076,0.076,0.076,40000
MOL,20061213,1.25,1.25,1.2,1.2,84500
MON,20061213,0.245,0.245,0.24,0.245,188500
MOO,20061213,0.255,0.255,0.255,0.255,4800
MOS,20061213,0.155,0.16,0.15,0.16,428000
MOX,20061213,1.35,1.35,1.3,1.325,898553
MPA,20061213,0.021,0.021,0.021,0.021,10000
MPB,20061213,6.8,6.8,6.8,6.8,770
MPD,20061213,0.028,0.032,0.028,0.032,117858
MPF,20061213,1.18,1.18,1.175,1.175,55876
MPG,20061213,0.84,0.845,0.83,0.83,57250
MPH,20061213,0.225,0.23,0.225,0.225,114801
MPI,20061213,0.155,0.16,0.09,0.1,2832623
MPJ,20061213,0.007,0.007,0.007,0.007,1321827
MPO,20061213,0.048,0.048,0.046,0.046,2045805
MPR,20061213,1.23,1.25,1.23,1.25,1113678
MPS,20061213,1.11,1.12,1.11,1.12,169154
MPY,20061213,0.92,0.94,0.91,0.94,298049
MRA,20061213,0.99,0.99,0.98,0.98,40000
MRC,20061213,0.14,0.14,0.14,0.14,40000
MRE,20061213,6.1,6.12,5.96,6.1,981443
MRI,20061213,0.24,0.24,0.24,0.24,28000
MRM,20061213,0.98,0.98,0.87,0.92,241607
MRO,20061213,1.59,1.59,1.59,1.59,25000
MRU,20061213,0.51,0.55,0.51,0.52,84500
MRX,20061213,0.097,0.097,0.096,0.096,1074811
MRY,20061213,0.081,0.081,0.081,0.081,715
MSB,20061213,1.65,1.67,1.65,1.65,30153
MSC,20061213,0.026,0.026,0.024,0.025,13521480
MSH,20061213,0.077,0.078,0.077,0.078,135000
MSO,20061213,0.035,0.035,0.03,0.03,2897498
MST,20061213,0.15,0.155,0.15,0.15,262417
MSX,20061213,1.5,1.5,1.5,1.5,281516
MTB,20061213,0.07,0.071,0.07,0.07,204000
MTD,20061213,0.17,0.17,0.17,0.17,45000
MTN,20061213,1.405,1.5,1.405,1.49,333622
MTS,20061213,4.51,4.65,4.48,4.56,3296489
MTU,20061213,0.47,0.495,0.435,0.495,209504
MTX,20061213,1.15,1.15,1.1,1.1,21465
MUN,20061213,0.32,0.32,0.31,0.32,227753
MUR,20061213,0.072,0.072,0.071,0.071,845489
MVP,20061213,0.55,0.56,0.55,0.56,35400
MVU,20061213,0.32,0.32,0.31,0.31,5600
MWE,20061213,0.26,0.27,0.255,0.26,928075
MWG,20061213,0.9,0.9,0.9,0.9,66115
MWS,20061213,0.125,0.125,0.125,0.125,70000
MXG,20061213,3.9,3.93,3.87,3.9,1224723
MXI,20061213,0.52,0.525,0.51,0.525,7308255
MXL,20061213,0.079,0.08,0.079,0.08,731303
MXR,20061213,0.14,0.15,0.14,0.15,60000
MYO,20061213,1.115,1.12,1.115,1.115,532440
MYP,20061213,4.15,4.15,4.11,4.12,1713323
MZM,20061213,0.16,0.16,0.155,0.155,78350
NAB,20061213,39.09,39.18,38.9,39.02,2639884
NAD,20061213,0.044,0.044,0.044,0.044,403760
NAE,20061213,0.25,0.25,0.245,0.25,95000
NAL,20061213,0.052,0.058,0.052,0.058,6786812
NAM,20061213,0.56,0.56,0.56,0.56,50000
NAV,20061213,0.395,0.4,0.395,0.4,333717
NBL,20061213,4.3,4.3,4.27,4.27,2000
NCK,20061213,1.9,1.9,1.9,1.9,155850
NCM,20061213,25.35,25.66,25.2,25.66,1090727
NDL,20061213,0.17,0.17,0.17,0.17,50000
NDO,20061213,0.18,0.18,0.175,0.175,708592
NEL,20061213,2.6,2.62,2.6,2.6,284850
NEM,20061213,6,6.08,6,6.05,74783
NEO,20061213,0.014,0.015,0.014,0.014,3732917
NEU,20061213,0.375,0.375,0.355,0.355,47500
NGM,20061213,0.18,0.18,0.18,0.18,145000
NHC,20061213,1.295,1.315,1.295,1.3,820347
NHM,20061213,0.004,0.005,0.004,0.004,2451667
NIA,20061213,0.27,0.27,0.25,0.25,842152
NKL,20061213,0.105,0.105,0.105,0.105,139491
NKP,20061213,1.01,1.01,0.97,1.01,48000
NLB,20061213,0.88,0.88,0.88,0.88,14320
NLG,20061213,0.43,0.43,0.42,0.43,36000
NLS,20061213,0.083,0.083,0.083,0.083,25000
NLX,20061213,0.051,0.053,0.05,0.051,4526535
NMB,20061213,0.027,0.027,0.027,0.027,6000
NMI,20061213,0.16,0.165,0.16,0.165,10000
NMR,20061213,0.35,0.35,0.35,0.35,35000
NMS,20061213,0.33,0.345,0.31,0.31,1505285
NOD,20061213,1.58,1.6,1.58,1.58,113072
NPH,20061213,4.5,4.5,4.5,4.5,1000
NRT,20061213,2.53,2.63,2.53,2.63,10606
NRU,20061213,0.265,0.29,0.265,0.29,49000
NSA,20061213,0.025,0.028,0.025,0.028,225922
NSX,20061213,0.57,0.605,0.57,0.605,20200
NTC,20061213,0.084,0.084,0.083,0.083,357023
NTU,20061213,0.41,0.415,0.4,0.415,90122
NUF,20061213,9.88,10.17,9.85,10.17,573050
NWA,20061213,0.029,0.029,0.025,0.025,1385453
NWE,20061213,0.12,0.12,0.12,0.12,272000
NWR,20061213,0.35,0.35,0.335,0.335,461584
NWS,20061213,28.35,28.37,28.15,28.35,462721
NWT,20061213,0.011,0.011,0.009,0.009,31855620
NXS,20061213,1.35,1.35,1.3,1.31,441530
NZO,20061213,0.8,0.8,0.795,0.795,7000
OBJ,20061213,0.065,0.065,0.059,0.06,1020000
OBL,20061213,0.11,0.11,0.11,0.11,10000
OCL,20061213,0.895,0.91,0.895,0.91,12000
OCO,20061213,0.04,0.042,0.036,0.04,3509347
ODY,20061213,0.59,0.59,0.59,0.59,40000
OEC,20061213,0.19,0.2,0.19,0.2,1024405
OEL,20061213,0.18,0.18,0.18,0.18,249000
OEQ,20061213,1.155,1.175,1.14,1.14,22004
OEX,20061213,1.42,1.42,1.35,1.41,125091
OFG,20061213,2.51,2.51,2.51,2.51,24739
OGD,20061213,0.65,0.655,0.645,0.65,2600126
OIL,20061213,0.465,0.465,0.465,0.465,10000
OKN,20061213,4.64,4.64,4.51,4.55,208667
OLE,20061213,0.021,0.021,0.02,0.02,252489
OLH,20061213,0.82,0.82,0.82,0.82,41000
OLY,20061213,0.16,0.16,0.16,0.16,40000
OMC,20061213,1.145,1.145,1.13,1.145,858176
OMH,20061213,0.19,0.205,0.19,0.205,373000
OMI,20061213,0.44,0.44,0.44,0.44,5000
ONT,20061213,2.46,2.46,2.46,2.46,1700
OPC,20061213,0.081,0.081,0.081,0.081,84000
OPI,20061213,0.038,0.038,0.038,0.038,271
OPL,20061213,0.79,0.79,0.79,0.79,1560034
ORD,20061213,0.6,0.62,0.59,0.62,301571
ORG,20061213,7.62,7.71,7.6,7.69,3240559
ORI,20061213,24.35,24.54,24.26,24.3,1399187
ORL,20061213,2.1,2.1,2.1,2.1,7323
ORO,20061213,0.022,0.023,0.022,0.022,1270000
OSH,20061213,3.15,3.16,3.11,3.13,5395509
OST,20061213,4.51,4.62,4.5,4.6,1485720
OVR,20061213,0.23,0.23,0.23,0.23,5000
OXR,20061213,3.19,3.22,3.13,3.14,7740165
PAA,20061213,0.13,0.135,0.13,0.13,394117
PAU,20061213,0.165,0.17,0.165,0.17,110000
PBA,20061213,1.27,1.27,1.265,1.27,124700
PBB,20061213,2.16,2.17,2.16,2.17,62795
PBD,20061213,4.38,4.55,4.36,4.36,138310
PBG,20061213,2.62,2.62,2.57,2.6,1962447
PBI,20061213,0.21,0.21,0.2,0.2,223680
PBL,20061213,21.4,21.72,21.37,21.47,2244854
PBO,20061213,0.31,0.31,0.31,0.31,9665
PBP,20061213,1.1,1.12,1.1,1.12,37500
PBT,20061213,0.365,0.365,0.35,0.35,189000
PCE,20061213,0.024,0.024,0.024,0.024,50000
PCG,20061213,0.675,0.685,0.67,0.685,241162
PCL,20061213,0.077,0.077,0.075,0.075,427477
PCP,20061213,0.074,0.074,0.067,0.067,34500
PDL,20061213,3.4,3.51,3.4,3.51,28374
PDM,20061213,0.11,0.115,0.11,0.115,213017
PDN,20061213,7,7.14,6.94,7.04,3728978
PDO,20061213,0.74,0.74,0.73,0.73,19789
PDZ,20061213,0.415,0.435,0.415,0.435,241250
PEK,20061213,0.175,0.19,0.175,0.19,51500
PEL,20061213,0.073,0.073,0.073,0.073,19608
PEM,20061213,4.91,4.95,4.88,4.95,325582
PEN,20061213,0.058,0.066,0.054,0.057,58707684
PEP,20061213,0.85,0.87,0.84,0.85,1093555
PES,20061213,0.255,0.255,0.255,0.255,49000
PFL,20061213,1.94,1.94,1.93,1.93,52760
PGA,20061213,5.9,6,5.82,6,198354
PGL,20061213,4.5,5,4.11,4.99,989771
PGM,20061213,0.36,0.36,0.34,0.36,350408
PGS,20061213,0.3,0.315,0.3,0.315,204313
PHA,20061213,0.21,0.21,0.21,0.21,2596
PHK,20061213,0.38,0.38,0.355,0.36,268914
PIE,20061213,0.05,0.057,0.05,0.055,2722000
PIO,20061213,0.24,0.24,0.235,0.24,152990
PKT,20061213,0.018,0.018,0.018,0.018,26436
PLA,20061213,1.4,1.4,1.36,1.38,229700
PLD,20061213,0.385,0.43,0.38,0.41,371616
PLF,20061213,1.22,1.23,1.19,1.19,76951
PLT,20061213,0.096,0.096,0.096,0.096,85000
PMA,20061213,2.5,2.5,2.21,2.28,157726
PMC,20061213,2.42,2.42,2.39,2.42,40738
PME,20061213,1.35,1.35,1.35,1.35,5000
PMH,20061213,0.49,0.49,0.46,0.47,679126
PMM,20061213,4.95,4.97,4.95,4.95,17030
PMN,20061213,6.72,6.74,6.7,6.73,9122648
PMP,20061213,1.915,1.915,1.88,1.89,1979982
PMV,20061213,5.55,5.55,5.55,5.55,4000
PNA,20061213,0.33,0.33,0.325,0.325,1913901
PNW,20061213,0.056,0.056,0.056,0.056,20000
POH,20061213,0.33,0.33,0.32,0.33,557821
POL,20061213,0.3,0.3,0.29,0.3,386500
PPC,20061213,4,4.11,4,4.09,269932
PPD,20061213,0.13,0.13,0.12,0.12,58475
PPI,20061213,0.525,0.525,0.51,0.51,97000
PPK,20061213,0.77,0.77,0.77,0.77,10000
PPP,20061213,0.155,0.155,0.155,0.155,69700
PPR,20061213,1.55,1.55,1.5,1.5,157842
PPS,20061213,0.85,0.87,0.85,0.87,204550
PPT,20061213,74,74.41,74,74.3,90064
PPX,20061213,3.92,3.92,3.87,3.9,1153924
PPY,20061213,0.39,0.39,0.39,0.39,20000
PRE,20061213,0.023,0.024,0.023,0.023,8978974
PRG,20061213,5.1,5.14,5.08,5.14,35372
PRO,20061213,0.42,0.42,0.42,0.42,600
PRR,20061213,0.053,0.053,0.051,0.051,166490
PRT,20061213,3.64,3.7,3.64,3.7,255118
PRU,20061213,0.43,0.43,0.43,0.43,10000
PRV,20061213,1.11,1.14,1.1,1.14,138773
PRW,20061213,0.245,0.245,0.23,0.24,185250
PRY,20061213,12.86,12.96,12.86,12.95,194713
PRZ,20061213,0.135,0.17,0.135,0.17,223346
PSA,20061213,2.35,2.37,2.3,2.31,134891
PSD,20061213,0.255,0.255,0.25,0.25,387037
PSH,20061213,1.955,1.99,1.955,1.975,30225
PSP,20061213,0.08,0.08,0.08,0.08,75000
PSV,20061213,0.37,0.375,0.365,0.375,925128
PSX,20061213,0.14,0.145,0.14,0.14,263831
PTD,20061213,1.535,1.615,1.535,1.59,1505842
PTR,20061213,0.38,0.385,0.38,0.385,52778
PTS,20061213,0.145,0.145,0.135,0.14,326840
PVE,20061213,1.65,1.7,1.65,1.7,13000
PWK,20061213,3.16,3.16,3.16,3.16,1060
PWR,20061213,0.52,0.52,0.515,0.515,3790
PWT,20061213,1.71,1.72,1.71,1.72,55666
PXL,20061213,0.27,0.27,0.26,0.26,2000500
PXS,20061213,3.03,3.08,3.03,3.06,694558
PYC,20061213,0.345,0.36,0.345,0.35,547456
PYM,20061213,0.635,0.635,0.6,0.61,301762
QAD,20061213,0.099,0.115,0.098,0.115,3699618
QAN,20061213,5.04,5.12,4.93,5.09,37396371
QBE,20061213,26.31,26.46,26.13,26.3,1714587
QCH,20061213,3.25,3.3,3.23,3.26,39724
QED,20061213,0.034,0.034,0.034,0.034,400000
QFX,20061213,0.195,0.195,0.195,0.195,26000
QGC,20061213,1.39,1.39,1.375,1.38,428691
QHL,20061213,0.675,0.73,0.675,0.725,102736
QMG,20061213,0.3,0.31,0.295,0.295,190600
QML,20061213,0.15,0.15,0.15,0.15,50000
QMT,20061213,3.18,3.18,3.18,3.18,24250
QOL,20061213,0.27,0.27,0.265,0.265,80000
QRS,20061213,0.575,0.58,0.55,0.58,62500
QTK,20061213,0.185,0.185,0.18,0.18,152000
QUR,20061213,0.041,0.041,0.04,0.04,80000
QXQ,20061213,0.03,0.03,0.03,0.03,680000
RAB,20061213,1.8,1.8,1.8,1.8,5000
RAT,20061213,1.115,1.12,1.11,1.115,927271
RAU,20061213,0.051,0.051,0.049,0.049,114204
RBM,20061213,0.077,0.078,0.077,0.078,55000
RBY,20061213,0.025,0.026,0.024,0.026,909279
RCI,20061213,0.15,0.15,0.15,0.15,50000
RCL,20061213,1.705,1.71,1.7,1.705,3874385
RCO,20061213,0.52,0.525,0.52,0.525,20542
RCR,20061213,2.05,2.07,2.04,2.04,79520
RCT,20061213,4.35,4.38,4.27,4.27,3617
RDF,20061213,2.96,2.96,2.8,2.93,61508
RDM,20061213,0.3,0.3,0.29,0.3,1054000
RDR,20061213,0.52,0.525,0.52,0.52,79100
RDS,20061213,0.7,0.72,0.7,0.72,83700
REA,20061213,5.5,5.5,5.5,5.5,4000
REB,20061213,4.49,4.52,4.49,4.49,114012
RED,20061213,0.105,0.105,0.105,0.105,70200
REF,20061213,3.46,3.5,3.4,3.46,778274
REU,20061213,1.09,1.09,1.075,1.08,402122
REX,20061213,1.49,1.56,1.49,1.5,640630
REY,20061213,0.14,0.145,0.14,0.145,190000
RFE,20061213,0.395,0.395,0.385,0.39,222000
RFG,20061213,1.24,1.29,1.2,1.22,1290225
RHC,20061213,11.01,11.39,11.01,11.22,395842
RHD,20061213,0.655,0.655,0.65,0.65,60147
RHI,20061213,1.39,1.4,1.35,1.4,13000
RHL,20061213,3.65,3.65,3.65,3.65,4500
RHT,20061213,0.024,0.024,0.023,0.023,443500
RIA,20061213,0.3,0.3,0.3,0.3,25000
RIC,20061213,1.16,1.16,1.12,1.16,579393
RIM,20061213,0.03,0.03,0.03,0.03,521100
RIN,20061213,18.15,18.16,18.01,18.01,4345748
RIO,20061213,75,76.23,74.85,75.7,2295949
RIS,20061213,0.14,0.14,0.14,0.14,95000
RIV,20061213,1.95,1.97,1.935,1.955,336019
RJT,20061213,1.075,1.075,1.07,1.07,581940
RKN,20061213,1,1.01,1,1,136278
RLA,20061213,0.3,0.3,0.3,0.3,8000
RMA,20061213,0.081,0.081,0.077,0.08,144865
RMD,20061213,6.35,6.38,6.26,6.28,2460139
RMI,20061213,0.052,0.052,0.041,0.041,23569350
RML,20061213,0.2,0.2,0.195,0.195,61780
RMS,20061213,0.42,0.42,0.41,0.415,180457
RNC,20061213,0.16,0.165,0.16,0.165,64250
RNG,20061213,0.125,0.125,0.12,0.125,111000
RNI,20061213,0.325,0.325,0.325,0.325,4000
RNY,20061213,1.15,1.155,1.13,1.15,772058
ROC,20061213,3.03,3.07,3.03,3.07,683072
ROK,20061213,6.1,6.1,6,6,3032
ROY,20061213,0.205,0.24,0.205,0.235,202825
RPC,20061213,0.145,0.145,0.145,0.145,1119625
RRA,20061213,0.71,0.77,0.71,0.74,33323164
RRL,20061213,0.11,0.11,0.1,0.1,3179996
RRS,20061213,0.028,0.028,0.026,0.027,13804200
RRT,20061213,0.965,0.965,0.96,0.965,566488
RSG,20061213,1.62,1.63,1.59,1.6,172130
RSN,20061213,0.16,0.16,0.135,0.14,1324487
RSP,20061213,1.36,1.365,1.34,1.34,454694
RTL,20061213,0.082,0.082,0.081,0.081,31620
RTM,20061213,0.036,0.037,0.036,0.037,1815158
RUP,20061213,13.45,13.45,13.44,13.44,54729
RUR,20061213,0.215,0.215,0.215,0.215,16750
RWD,20061213,0.26,0.26,0.26,0.26,7477
RXL,20061213,0.38,0.385,0.38,0.385,176000
SAE,20061213,0.34,0.345,0.33,0.33,136170
SAF,20061213,0.049,0.05,0.047,0.047,1111500
SAI,20061213,3.55,3.59,3.53,3.55,1220955
SAQ,20061213,5.74,5.74,5.72,5.72,9000
SAR,20061213,0.33,0.35,0.33,0.33,160500
SAU,20061213,0.325,0.36,0.325,0.36,1403441
SBC,20061213,15.82,15.82,15.4,15.7,149650
SBI,20061213,0.535,0.56,0.535,0.56,81000
SBM,20061213,0.58,0.585,0.57,0.585,906763
SBP,20061213,0.04,0.04,0.04,0.04,12500
SBS,20061213,0.092,0.095,0.091,0.095,1037668
SCB,20061213,1,1,0.975,0.975,19750
SCX,20061213,0.07,0.07,0.07,0.07,20000
SDG,20061213,3.27,3.29,3.23,3.25,1003287
SDI,20061213,0.85,0.85,0.835,0.835,31250
SDL,20061213,0.093,0.093,0.089,0.089,5616931
SDM,20061213,1.68,1.69,1.62,1.62,45338
SDR,20061213,0.2,0.2,0.2,0.2,65160
SEA,20061213,0.35,0.35,0.33,0.335,114567
SEK,20061213,5.8,5.81,5.64,5.64,264886
SEL,20061213,5.23,5.4,5.23,5.3,121560
SEN,20061213,0.415,0.42,0.405,0.42,1648498
SEV,20061213,10.64,10.67,10.56,10.63,798259
SFC,20061213,6.26,6.26,6.26,6.26,8024
SFH,20061213,1.565,1.57,1.545,1.56,652497
SFP,20061213,0.33,0.37,0.33,0.37,193588
SFR,20061213,0.82,0.85,0.82,0.85,216049
SGB,20061213,32.01,32.21,32.01,32.2,960940
SGL,20061213,0.385,0.385,0.375,0.38,589550
SGM,20061213,19.69,19.8,19.61,19.8,201866
SGN,20061213,3.23,3.28,3.22,3.28,732162
SGP,20061213,7.9,7.96,7.83,7.93,2906471
SGT,20061213,2.67,2.7,2.57,2.62,2993383
SGV,20061213,0.08,0.08,0.08,0.08,70
SGX,20061213,5.69,5.74,5.64,5.7,475549
SHA,20061213,0.59,0.59,0.57,0.57,41543
SHC,20061213,0.18,0.18,0.18,0.18,1042
SHG,20061213,0.395,0.395,0.385,0.385,196580
SHL,20061213,13.13,13.3,13.06,13.26,1087801
SHV,20061213,12.86,12.92,12.7,12.88,49989
SHX,20061213,0.195,0.195,0.19,0.19,55984
SIM,20061213,0.59,0.595,0.57,0.57,72000
SIP,20061213,2.7,2.74,2.67,2.74,3675171
SKC,20061213,4.46,4.48,4.45,4.45,214173
SKE,20061213,5.46,5.62,5.42,5.5,23110
SKT,20061213,5.5,5.5,5.5,5.5,307662
SLA,20061213,0.37,0.37,0.365,0.37,95898
SLF,20061213,21.2,21.31,21.1,21.28,3958
SLM,20061213,3.85,3.93,3.85,3.91,26610
SLT,20061213,0.031,0.034,0.03,0.033,1198000
SLX,20061213,4.95,5.02,4.92,5.02,194231
SMA,20061213,0.03,0.032,0.029,0.032,614343
SMC,20061213,0.155,0.155,0.145,0.145,1069762
SML,20061213,0.05,0.055,0.049,0.05,1935307
SMM,20061213,2.7,2.73,2.65,2.67,358764
SMX,20061213,4.35,4.42,4.19,4.22,169080
SMY,20061213,2.15,2.2,2.15,2.2,557589
SNN,20061213,0.076,0.076,0.066,0.067,479900
SOE,20061213,0.215,0.215,0.21,0.21,386758
SOL,20061213,8.67,8.71,8.65,8.69,232072
SOM,20061213,0.027,0.027,0.023,0.023,1750000
SOT,20061213,0.84,0.855,0.84,0.845,159934
SPD,20061213,0.26,0.26,0.26,0.26,20000
SPH,20061213,1.32,1.32,1.3,1.3,42000
SPL,20061213,0.475,0.48,0.47,0.47,100700
SPN,20061213,1.355,1.365,1.345,1.35,2826266
SPR,20061213,0.95,0.95,0.95,0.95,5200
SPT,20061213,4.4,4.44,4.38,4.4,342452
SRA,20061213,0.046,0.047,0.045,0.045,566000
SRB,20061213,1.12,1.12,1.08,1.08,14554
SRH,20061213,1.85,1.85,1.85,1.85,924700
SRI,20061213,0.062,0.062,0.061,0.061,30000
SRK,20061213,1.525,1.55,1.52,1.52,97470
SRL,20061213,3.74,3.74,3.63,3.74,429469
SRM,20061213,0.225,0.23,0.21,0.215,962914
SRV,20061213,5.41,5.55,5.41,5.55,179826
SRX,20061213,2.76,2.77,2.72,2.72,11940
SRZ,20061213,0.28,0.295,0.28,0.295,60500
SSI,20061213,1.92,1.93,1.92,1.93,2000
SSN,20061213,0.31,0.315,0.305,0.31,813668
SST,20061213,7,7,7,7,1539
SSX,20061213,1.78,1.795,1.765,1.765,1069742
STB,20061213,0.21,0.21,0.205,0.205,22000
STI,20061213,0.074,0.074,0.069,0.07,1547840
STO,20061213,9.65,9.73,9.59,9.72,3616390
STP,20061213,0.086,0.087,0.085,0.085,113624
STR,20061213,0.555,0.555,0.555,0.555,10000
STS,20061213,1.835,1.85,1.835,1.85,22600
STU,20061213,1.17,1.17,1.16,1.16,29000
STW,20061213,54.66,54.9,54.66,54.66,9850
STX,20061213,0.25,0.25,0.25,0.25,104980
SUL,20061213,2.86,2.86,2.8,2.83,58904
SUN,20061213,19.98,20.04,19.89,19.92,2222094
SUR,20061213,0.105,0.105,0.098,0.098,1195000
SWK,20061213,0.34,0.34,0.33,0.34,86197
SWN,20061213,0.26,0.26,0.25,0.25,20000
SYB,20061213,3.48,3.54,3.47,3.52,2937875
SYG,20061213,0.005,0.005,0.005,0.005,320000
SYL,20061213,5.04,5.04,5.04,5.04,4016
SYM,20061213,0.585,0.59,0.585,0.585,64278
SYN,20061213,2.02,2.14,2.02,2.14,30315
SYP,20061213,0.39,0.39,0.36,0.385,296600
TAG,20061213,0.355,0.355,0.355,0.355,38987
TAH,20061213,16.55,16.66,16.5,16.62,1450610
TAL,20061213,2.92,3.12,2.92,3.08,2507039
TAM,20061213,0.15,0.15,0.14,0.145,583917
TAP,20061213,1.41,1.425,1.405,1.415,521771
TAS,20061213,0.21,0.215,0.195,0.205,3238262
TAW,20061213,0.175,0.175,0.17,0.17,25000
TBG,20061213,1.5,1.5,1.5,1.5,30000
TCI,20061213,1.33,1.34,1.33,1.34,271000
TDR,20061213,0.028,0.029,0.028,0.029,217995
TEL,20061213,4.16,4.2,4.14,4.16,7647882
TEN,20061213,3.45,3.47,3.43,3.44,1300467
TEX,20061213,0.25,0.25,0.245,0.245,573358
TFC,20061213,0.425,0.425,0.415,0.415,415717
TFE,20061213,0.35,0.35,0.34,0.34,86429
TFS,20061213,0.185,0.185,0.185,0.185,1000
TGG,20061213,1.68,1.7,1.66,1.66,93243
TGP,20061213,2.55,2.55,2.46,2.53,90156
TGR,20061213,1.775,1.805,1.76,1.77,137971
TGS,20061213,0.48,0.48,0.475,0.48,180000
THG,20061213,0.905,0.905,0.9,0.905,48629
THK,20061213,0.29,0.29,0.29,0.29,35000
THO,20061213,0.85,0.85,0.85,0.85,75000
THR,20061213,0.245,0.255,0.23,0.245,440009
THX,20061213,0.4,0.4,0.385,0.39,160446
TIM,20061213,3,3,2.94,2.95,888060
TJN,20061213,1.2,1.2,1.2,1.2,10830
TKG,20061213,0.013,0.014,0.013,0.013,2031250
TKL,20061213,0.2,0.2,0.2,0.2,20000
TLM,20061213,0.17,0.2,0.17,0.2,18100
TLS,20061213,4.04,4.04,3.98,4.03,47138298
TLT,20061213,1.3,1.3,1.3,1.3,7000
TLZ,20061213,0.26,0.295,0.26,0.295,19305
TMO,20061213,0.28,0.285,0.28,0.285,466833
TMR,20061213,0.195,0.2,0.19,0.2,658314
TNC,20061213,0.035,0.035,0.031,0.032,2821891
TNE,20061213,0.88,0.94,0.84,0.9,433618
TNG,20061213,0.525,0.555,0.5,0.555,2299249
TOE,20061213,0.685,0.685,0.67,0.67,110778
TOL,20061213,18.75,19.22,18.52,19.15,7342340
TOX,20061213,1.41,1.41,1.39,1.4,18939
TPI,20061213,8.8,9,8.79,8.99,283710
TPX,20061213,6.89,7,6.89,7,30000
TRF,20061213,0.34,0.355,0.34,0.34,44714
TRG,20061213,13.42,13.61,13.42,13.6,20395
TRO,20061213,1.395,1.4,1.33,1.38,149559
TRS,20061213,8.4,8.49,8.4,8.49,16982
TRU,20061213,11.92,11.92,11.92,11.92,2000
TRY,20061213,2.65,2.66,2.65,2.66,13331
TSE,20061213,9.5,9.5,9.35,9.4,825947
TSH,20061213,0.7,0.7,0.68,0.68,928922
TSO,20061213,2.52,2.52,2.51,2.52,1335812
TTI,20061213,0.275,0.275,0.27,0.27,30250
TTR,20061213,0.12,0.125,0.12,0.12,349077
TTS,20061213,3.88,3.91,3.86,3.87,3541596
TTV,20061213,0.39,0.39,0.39,0.39,2000
TVL,20061213,0.33,0.33,0.33,0.33,54000
TWO,20061213,1.78,1.84,1.78,1.84,54510
TWR,20061213,1.9,1.945,1.88,1.94,955102
TZL,20061213,0.45,0.45,0.44,0.44,30000
TZN,20061213,1.915,1.94,1.9,1.9,197620
UBI,20061213,0.805,1.2,0.805,1,1636368
UCL,20061213,0.033,0.041,0.033,0.037,18132202
UCM,20061213,0.82,0.82,0.76,0.76,10000
UCW,20061213,1.18,1.2,1.18,1.2,10000
UEQ,20061213,0.48,0.5,0.47,0.5,72000
UGL,20061213,13.74,13.75,13.47,13.5,965798
UKL,20061213,0.49,0.5,0.47,0.49,75179
UMC,20061213,0.24,0.245,0.235,0.235,142667
UNI,20061213,0.26,0.28,0.23,0.23,2237279
UNW,20061213,0.29,0.3,0.29,0.29,117700
UNX,20061213,0.925,1.01,0.91,1,444565
UOG,20061213,0.165,0.17,0.165,0.17,78800
UOS,20061213,1.76,1.76,1.76,1.76,7800
URA,20061213,0.76,0.785,0.73,0.76,126570
URL,20061213,0.14,0.14,0.135,0.135,1139975
USA,20061213,0.35,0.355,0.34,0.34,72000
UTO,20061213,0.525,0.555,0.505,0.55,335834
UXA,20061213,0.38,0.38,0.36,0.365,447316
UXC,20061213,1.78,1.785,1.75,1.785,123688
VBA,20061213,2.21,2.24,2.15,2.18,550581
VCN,20061213,0.25,0.265,0.24,0.24,100000
VCR,20061213,0.805,0.81,0.795,0.8,423464
VEA,20061213,2.69,2.72,2.69,2.69,1248038
VGH,20061213,4.39,4.45,4.3,4.39,52938
VHL,20061213,0.205,0.205,0.195,0.205,478000
VIL,20061213,0.11,0.12,0.11,0.115,286500
VIR,20061213,0.965,0.995,0.965,0.975,249962
VLL,20061213,0.125,0.125,0.12,0.12,255169
VMG,20061213,2.45,2.47,2.45,2.47,5000
VML,20061213,0.56,0.56,0.54,0.54,227703
VMS,20061213,0.29,0.3,0.28,0.3,776120
VPG,20061213,1.575,1.59,1.575,1.585,1568083
VRE,20061213,0.21,0.22,0.205,0.215,1913507
VRL,20061213,3.07,3.09,3.05,3.08,54122
VSG,20061213,0.012,0.012,0.012,0.012,70000
VSL,20061213,3.77,3.77,3.74,3.77,14085
VTP,20061213,1.24,1.245,1.24,1.245,35477
WAB,20061213,1.05,1.05,1.05,1.05,12500
WAL,20061213,0.19,0.19,0.185,0.185,30000
WAM,20061213,1.75,1.76,1.74,1.75,27569
WAN,20061213,11.23,11.33,11.1,11.2,264417
WAS,20061213,0.028,0.028,0.027,0.027,1760611
WAT,20061213,2.6,2.6,2.6,2.6,1000
WBA,20061213,0.87,0.87,0.87,0.87,10400
WBB,20061213,12.5,12.69,12.5,12.69,1001
WBC,20061213,23.99,24.01,23.79,23.87,4313306
WCB,20061213,3.7,3.75,3.7,3.7,6500
WCP,20061213,0.185,0.185,0.185,0.185,91500
WDC,20061213,19.06,19.21,19.01,19.15,9605549
WDS,20061213,1.66,1.69,1.66,1.675,1141086
WEB,20061213,0.355,0.355,0.35,0.35,917935
WEC,20061213,1.52,1.52,1.51,1.52,28167
WES,20061213,35.44,35.75,35.37,35.48,902401
WEZ,20061213,0.155,0.155,0.15,0.15,64450
WFL,20061213,1.365,1.37,1.35,1.355,11800
WGP,20061213,0.082,0.082,0.082,0.082,30000
WGR,20061213,0.25,0.25,0.25,0.25,20000
WHE,20061213,1,1.06,0.99,1.06,141625
WHF,20061213,4.3,4.36,4.3,4.36,20012
WHG,20061213,2.17,2.25,2.17,2.21,502718
WHS,20061213,6.18,6.18,6,6,9737
WIL,20061213,1.055,1.06,1.05,1.05,202953
WLL,20061213,2.51,2.51,2.51,2.51,1200
WLS,20061213,1.085,1.09,1.08,1.09,72096
WME,20061213,0.165,0.17,0.165,0.17,399530
WMT,20061213,0.085,0.094,0.085,0.086,32612527
WOR,20061213,19.25,19.39,19.14,19.3,656621
WOW,20061213,22.15,22.57,22.15,22.42,2496403
WPG,20061213,0.22,0.25,0.215,0.24,950000
WPL,20061213,37.11,37.41,36.75,37.36,1881760
WRL,20061213,0.2,0.2,0.2,0.2,14720
WSA,20061213,3.78,3.79,3.69,3.69,218121
WSS,20061213,0.055,0.055,0.05,0.05,30000
WST,20061213,0.45,0.45,0.45,0.45,158
WTE,20061213,0.27,0.275,0.25,0.27,301756
WTF,20061213,4.3,4.3,4.25,4.28,241402
WTN,20061213,0.35,0.355,0.35,0.355,12609
WTP,20061213,3.43,3.48,3.42,3.44,8570
WWA,20061213,2.18,2.2,2.18,2.18,26417
WYL,20061213,2.99,3,2.98,3,221000
XAO,20061213,5451.1,5485.5,5450.3,5471.4,0
XBL,20061213,0.225,0.225,0.225,0.225,2769
XDJ,20061213,2720.7,2737,2718.8,2729.8,0
XEJ,20061213,11398.2,11507.1,11382.7,11493.2,0
XFJ,20061213,6496.2,6540.5,6495.6,6509.5,0
XFL,20061213,5315.1,5351.1,5314.3,5332.2,0
XGD,20061213,4662.2,4662.2,4662.2,4662.2,0
XHJ,20061213,7201,7427.1,7201,7407.2,0
XIJ,20061213,546.7,550.4,543.3,546.5,0
XJO,20061213,5467.8,5505.1,5467.1,5488.2,0
XKO,20061213,5476.3,5512.4,5475.6,5496.2,0
XMD,20061213,5549.7,5594.2,5549.7,5576.3,0
XMJ,20061213,10522.6,10596.8,10513.7,10547.6,0
XMM,20061213,3504.8,3504.8,3504.8,3504.8,0
XNJ,20061213,6190.4,6221.8,6181.4,6200.1,0
XPJ,20061213,2251.1,2273.4,2250.8,2259.4,0
XRF,20061213,0.18,0.18,0.17,0.17,142883
XSJ,20061213,7012,7108.1,7010.8,7077.3,0
XSO,20061213,3287.4,3304.7,3285.8,3304.7,0
XTJ,20061213,1442,1442.2,1423.7,1440.2,0
XTL,20061213,2882.9,2900.1,2882.6,2889.5,0
XTO,20061213,4419.3,4449.4,4418.7,4434.5,0
XUJ,20061213,6684.7,6772.8,6684.7,6734.3,0
XXJ,20061213,6671.4,6712.7,6670.8,6681.9,0
YGL,20061213,0.096,0.098,0.094,0.094,402766
YML,20061213,0.2,0.205,0.2,0.2,63692
ZDX,20061213,0.175,0.175,0.175,0.175,5000
ZFX,20061213,18.4,18.5,18.02,18.3,5397199
ZGL,20061213,0.165,0.165,0.16,0.16,75044
ZIM,20061213,10.25,10.25,10.2,10.2,5500
ZYL,20061213,0.034,0.038,0.034,0.037,2294722
