AAC,20060907,1.8,1.82,1.8,1.8,239580
AAE,20060907,0.525,0.53,0.525,0.53,31710
AAM,20060907,0.255,0.255,0.245,0.25,163464
AAO,20060907,0.14,0.14,0.14,0.14,5000
AAQ,20060907,0.52,0.52,0.5,0.52,24711
AAR,20060907,0.041,0.042,0.04,0.04,865046
AAU,20060907,0.57,0.57,0.555,0.555,427690
AAX,20060907,2.26,2.45,2.26,2.45,130720
ABB,20060907,6.72,6.74,6.6,6.73,77872
ABC,20060907,2.28,2.3,2.17,2.22,1352235
ABI,20060907,0.035,0.035,0.034,0.035,269734
ABJ,20060907,0.71,0.725,0.71,0.725,48000
ABP,20060907,1.565,1.58,1.56,1.57,3525405
ABS,20060907,6.28,6.34,6.16,6.19,1854344
ABU,20060907,0.066,0.066,0.064,0.064,592054
ABW,20060907,9.74,9.74,9.74,9.74,52
ABY,20060907,2.41,2.57,2.38,2.56,5175921
ACB,20060907,0.345,0.36,0.34,0.35,302855
ACG,20060907,0.2,0.2,0.19,0.19,71818
ACL,20060907,0.52,0.52,0.51,0.52,51160
ACR,20060907,0.775,0.775,0.77,0.77,28191
ACU,20060907,0.051,0.051,0.051,0.051,4520
ADA,20060907,0.5,0.5,0.5,0.5,19000
ADB,20060907,13.45,13.51,13.3,13.5,122405
ADG,20060907,3.04,3.08,3.04,3.08,12700
ADI,20060907,0.335,0.335,0.335,0.335,34999
ADL,20060907,0.068,0.068,0.068,0.068,38000
ADN,20060907,0.5,0.5,0.48,0.49,130406
ADU,20060907,0.71,0.71,0.7,0.7,10000
ADX,20060907,0.079,0.08,0.079,0.08,36000
ADY,20060907,0.079,0.079,0.078,0.078,1036306
ADZ,20060907,2.29,2.3,2.29,2.29,126806
AEC,20060907,4.24,4.25,4.2,4.2,4940
AED,20060907,3.1,3.23,3.03,3.2,909145
AEE,20060907,0.15,0.16,0.15,0.15,281500
AEF,20060907,29.76,29.76,29.76,29.76,107
AEI,20060907,0.47,0.51,0.47,0.51,146425
AEM,20060907,0.03,0.03,0.03,0.03,290000
AEO,20060907,1.85,1.88,1.85,1.87,24683
AET,20060907,0.69,0.69,0.69,0.69,13004
AEU,20060907,1.63,1.65,1.62,1.645,34800
AEX,20060907,0.044,0.045,0.042,0.043,2315680
AFG,20060907,10.5,10.64,10.45,10.53,811672
AFI,20060907,4.67,4.73,4.67,4.72,184150
AFS,20060907,0.07,0.072,0.07,0.072,582000
AFT,20060907,0.007,0.008,0.007,0.007,297500
AGC,20060907,1.15,1.15,1.14,1.14,334210
AGI,20060907,0.39,0.39,0.38,0.385,79800
AGL,20060907,20.59,20.62,20.26,20.52,644776
AGM,20060907,0.33,0.33,0.32,0.33,1379857
AGO,20060907,0.59,0.59,0.59,0.59,25000
AGS,20060907,0.89,0.895,0.83,0.83,6199570
AGX,20060907,0.15,0.155,0.15,0.155,125000
AGY,20060907,0.066,0.066,0.066,0.066,28230
AHD,20060907,4.98,4.98,4.8,4.8,28899
AHE,20060907,2.06,2.09,2.06,2.09,1500
AHO,20060907,0.635,0.635,0.635,0.635,4057
AHS,20060907,0.93,0.935,0.92,0.935,56017
AHU,20060907,3.55,3.55,3.55,3.55,250
AIA,20060907,1.655,1.665,1.65,1.65,65412
AIE,20060907,0.4,0.4,0.39,0.39,104000
AII,20060907,0.345,0.36,0.25,0.28,512008
AIM,20060907,0.115,0.145,0.115,0.145,6940403
AIV,20060907,0.15,0.15,0.145,0.15,56685
AIX,20060907,2.17,2.21,2.15,2.17,1302113
AIZ,20060907,0.96,0.97,0.96,0.96,7480
AJL,20060907,0.8,0.85,0.8,0.8,169835
AKK,20060907,0.245,0.245,0.235,0.235,100000
ALB,20060907,1.495,1.5,1.495,1.5,18000
ALD,20060907,0.47,0.475,0.47,0.47,618335
ALK,20060907,0.225,0.23,0.225,0.23,280700
ALL,20060907,12.94,12.94,12.72,12.88,900029
ALN,20060907,10.96,11.04,10.9,10.9,499696
ALR,20060907,1.62,1.62,1.62,1.62,1375
ALS,20060907,8.9,9.04,8.86,8.9,192167
ALT,20060907,0.031,0.031,0.031,0.031,24000
ALU,20060907,0.54,0.555,0.525,0.555,113545
ALZ,20060907,1.805,1.815,1.79,1.81,1269452
AMA,20060907,0.4,0.41,0.4,0.41,155500
AMB,20060907,0.93,0.93,0.93,0.93,6500
AMC,20060907,6.61,6.68,6.57,6.59,2372284
AMH,20060907,0.59,0.595,0.59,0.595,63341
AMM,20060907,0.155,0.16,0.155,0.16,117000
AMO,20060907,0.49,0.49,0.49,0.49,1025
AMP,20060907,8.99,9.03,8.92,8.98,4673612
AMU,20060907,1.08,1.08,1.03,1.05,179329
ANC,20060907,5.4,5.4,5.3,5.3,2975
AND,20060907,0.325,0.34,0.325,0.335,581654
ANE,20060907,4.25,4.25,4.2,4.2,28009
ANG,20060907,0.5,0.52,0.49,0.52,611218
ANH,20060907,0.068,0.068,0.068,0.068,400000
ANM,20060907,0.22,0.23,0.22,0.22,29201
ANN,20060907,9.2,9.39,9.06,9.3,642529
ANO,20060907,0.135,0.135,0.135,0.135,3705
ANX,20060907,0.26,0.26,0.25,0.25,40000
ANZ,20060907,27.13,27.4,26.94,27.23,2385832
AOC,20060907,0.08,0.08,0.08,0.08,40000
AOD,20060907,9.8,9.8,9.8,9.8,2344
AOE,20060907,0.645,0.65,0.64,0.64,894608
AOI,20060907,0.06,0.06,0.06,0.06,100446
AOP,20060907,0.31,0.31,0.31,0.31,3050
AOS,20060907,0.085,0.085,0.085,0.085,100000
APA,20060907,4.58,4.6,4.45,4.57,965933
APD,20060907,2.85,2.9,2.85,2.9,51972
APG,20060907,0.041,0.045,0.034,0.036,9193750
API,20060907,1.95,2,1.92,1.98,391149
APM,20060907,0.028,0.028,0.028,0.028,70000
APN,20060907,5.01,5.12,5,5.11,321669
APP,20060907,0.54,0.54,0.54,0.54,930
APV,20060907,0.11,0.11,0.1,0.1,475500
APZ,20060907,1.68,1.68,1.65,1.67,643576
AQA,20060907,6.72,6.72,6.72,6.72,10000
AQD,20060907,0.29,0.3,0.29,0.3,52800
AQL,20060907,0.051,0.051,0.051,0.051,32367
AQP,20060907,22.88,23.49,22.88,23.4,202896
ARA,20060907,0.43,0.43,0.43,0.43,50
ARE,20060907,0.135,0.135,0.13,0.13,221875
ARG,20060907,7.06,7.1,7.05,7.05,102251
ARH,20060907,0.135,0.135,0.12,0.125,5209571
ARM,20060907,0.2,0.2,0.2,0.2,22759
ARO,20060907,0.019,0.019,0.018,0.018,44000
ARP,20060907,3.43,3.43,3.4,3.4,17458
ARQ,20060907,1.51,1.515,1.49,1.505,733385
ARU,20060907,0.41,0.41,0.4,0.405,81250
ARW,20060907,1.09,1.09,1.08,1.09,11000
ARX,20060907,0.045,0.045,0.044,0.044,200772
ASB,20060907,3.25,3.27,3.2,3.22,213485
ASC,20060907,0.03,0.03,0.03,0.03,55850
ASL,20060907,1.43,1.46,1.43,1.46,85764
ASP,20060907,0.24,0.24,0.24,0.24,2083
ASU,20060907,0.035,0.035,0.034,0.035,1419302
ASV,20060907,0.039,0.039,0.036,0.036,180000
ASX,20060907,33,33.27,32.28,33.24,290542
ASZ,20060907,0.73,0.73,0.73,0.73,10000
ATP,20060907,0.305,0.305,0.305,0.305,13000
ATR,20060907,2.98,3.04,2.97,3.04,4187
ATV,20060907,0.115,0.115,0.115,0.115,30073
AUB,20060907,3.47,3.49,3.4,3.45,154824
AUI,20060907,7.26,7.26,7.25,7.25,1500
AUL,20060907,0.02,0.02,0.02,0.02,436000
AUN,20060907,1.155,1.155,1.125,1.14,624900
AUS,20060907,1.3,1.3,1.23,1.245,87502
AUW,20060907,2.18,2.39,2.15,2.39,2115557
AUX,20060907,0.053,0.054,0.053,0.054,75000
AUZ,20060907,0.03,0.031,0.03,0.03,13636324
AVA,20060907,0.066,0.068,0.066,0.068,118168
AVD,20060907,0.34,0.34,0.34,0.34,20000
AVE,20060907,1.65,1.65,1.65,1.65,87500
AVJ,20060907,1.085,1.09,1.085,1.09,99421
AVM,20060907,1.07,1.08,1.07,1.07,106000
AVO,20060907,1.27,1.27,1.205,1.205,478111
AVP,20060907,0.01,0.01,0.01,0.01,50000
AVR,20060907,1.76,1.765,1.75,1.755,64398
AVU,20060907,0.77,0.77,0.745,0.745,53800
AVV,20060907,1.09,1.09,1.085,1.09,47988
AVX,20060907,0.22,0.22,0.22,0.22,20000
AWB,20060907,3.55,3.55,3.46,3.52,2081301
AWC,20060907,6.58,6.58,6.5,6.52,4257525
AWE,20060907,3.29,3.3,3.26,3.28,948224
AWG,20060907,0.19,0.19,0.185,0.19,40800
AXA,20060907,6.5,6.57,6.45,6.55,2493198
AXI,20060907,0.315,0.315,0.315,0.315,28555
AXM,20060907,0.36,0.37,0.36,0.37,76500
AXO,20060907,1.07,1.07,1.01,1.01,215810
AXQ,20060907,0.86,0.86,0.84,0.845,253867
AYR,20060907,0.16,0.16,0.16,0.16,6467
AZA,20060907,1.48,1.48,1.455,1.475,224841
AZC,20060907,0.225,0.23,0.215,0.23,105000
AZD,20060907,6.2,6.25,6.2,6.25,9080
AZR,20060907,0.24,0.24,0.235,0.24,1554650
AZX,20060907,1.25,1.25,1.25,1.25,15000
AZZ,20060907,0.42,0.43,0.415,0.43,473674
BAR,20060907,0.265,0.27,0.26,0.26,404000
BAS,20060907,0.055,0.06,0.055,0.06,560000
BAX,20060907,3.64,3.64,3.63,3.63,8100
BBB,20060907,0.092,0.093,0.092,0.093,35889
BBG,20060907,14.44,14.56,14.35,14.49,462237
BBI,20060907,1.59,1.595,1.58,1.58,1804930
BBL,20060907,0.2,0.2,0.2,0.2,50000
BBW,20060907,1.39,1.46,1.39,1.46,4249221
BBX,20060907,0.255,0.26,0.255,0.255,92246
BCA,20060907,2.88,2.9,2.85,2.88,190942
BCL,20060907,2.15,2.15,2.1,2.1,23000
BCM,20060907,3.86,3.89,3.85,3.87,199415
BDG,20060907,1.74,1.745,1.665,1.7,3132035
BDI,20060907,0.615,0.655,0.615,0.655,30616
BDL,20060907,0.215,0.22,0.215,0.22,886120
BDM,20060907,0.35,0.35,0.34,0.35,39300
BDS,20060907,2.69,2.69,2.69,2.69,5783
BEC,20060907,0.53,0.53,0.53,0.53,22068
BEI,20060907,2.2,2.2,2.2,2.2,68000
BEN,20060907,13.5,13.6,13.35,13.51,114307
BGD,20060907,0.525,0.525,0.51,0.52,145000
BGF,20060907,0.245,0.245,0.23,0.23,7003183
BGL,20060907,0.17,0.175,0.17,0.175,22945
BGN,20060907,0.135,0.135,0.135,0.135,500000
BHP,20060907,27.55,27.57,27.36,27.48,13905399
BIL,20060907,11.87,11.97,11.83,11.96,5399095
BIT,20060907,0.215,0.225,0.215,0.225,104000
BIX,20060907,0.175,0.185,0.175,0.18,22523
BJT,20060907,1.9,1.905,1.86,1.905,1232461
BKG,20060907,0.18,0.18,0.17,0.17,10000
BKI,20060907,1.32,1.37,1.32,1.37,76154
BKL,20060907,14.59,14.59,14.5,14.5,9153
BKN,20060907,6.01,6.14,5.89,6.08,505238
BKP,20060907,0.195,0.195,0.19,0.19,1236100
BKW,20060907,11.25,11.28,11.25,11.28,61774
BKY,20060907,0.925,0.97,0.92,0.97,157800
BLD,20060907,7.26,7.28,7.05,7.19,4054181
BLP,20060907,0.825,0.855,0.825,0.825,114800
BLR,20060907,0.061,0.062,0.057,0.057,2752406
BLS,20060907,0.1,0.12,0.1,0.12,19933
BLT,20060907,0.028,0.03,0.028,0.03,340000
BLZ,20060907,0.034,0.034,0.034,0.034,198833
BMN,20060907,0.82,0.94,0.82,0.925,1815859
BMO,20060907,0.28,0.285,0.265,0.27,745767
BMX,20060907,0.29,0.305,0.29,0.305,871200
BNB,20060907,19.9,20.26,19.75,19.76,427125
BNT,20060907,0.235,0.25,0.235,0.25,270500
BOC,20060907,0.68,0.68,0.68,0.68,15740
BOL,20060907,4,4.03,3.93,3.99,1012554
BON,20060907,0.091,0.091,0.09,0.09,150000
BOQ,20060907,14.98,15.07,14.84,14.9,150691
BOS,20060907,0.18,0.18,0.18,0.18,247895
BOW,20060907,0.23,0.26,0.225,0.25,1042599
BPC,20060907,1.08,1.09,1.08,1.08,4732055
BPH,20060907,0.135,0.135,0.13,0.135,101111
BPO,20060907,0.017,0.017,0.017,0.017,500000
BPT,20060907,1.555,1.585,1.55,1.585,4353192
BQT,20060907,0.082,0.082,0.078,0.078,211000
BRO,20060907,0.006,0.007,0.006,0.007,2012000
BRW,20060907,0.39,0.415,0.39,0.41,1161944
BRZ,20060907,1.28,1.29,1.265,1.27,15160
BSA,20060907,0.24,0.24,0.24,0.24,186100
BSG,20060907,2.83,2.88,2.76,2.84,1037644
BSL,20060907,6.92,7.05,6.89,7.02,3958129
BSM,20060907,0.24,0.24,0.23,0.235,94255
BSO,20060907,0.95,0.95,0.93,0.93,3700
BTA,20060907,1.22,1.23,1.21,1.22,161008
BTC,20060907,0.44,0.44,0.43,0.43,12000
BTV,20060907,0.049,0.05,0.048,0.048,1098783
BTX,20060907,0.205,0.205,0.185,0.19,639756
BUG,20060907,0.515,0.545,0.515,0.545,85110
BUR,20060907,0.21,0.21,0.21,0.21,25000
BUY,20060907,0.03,0.03,0.03,0.03,93500
BWP,20060907,2.12,2.13,2.08,2.13,118515
BXP,20060907,0.16,0.17,0.16,0.17,344547
CAA,20060907,1.25,1.25,1.25,1.25,166516
CAB,20060907,7.58,7.6,7.58,7.6,160128
CAF,20060907,1.295,1.33,1.28,1.33,42609
CAG,20060907,0.004,0.004,0.004,0.004,3500200
CAJ,20060907,0.2,0.2,0.2,0.2,2500
CAL,20060907,0.75,0.75,0.73,0.73,25000
CAM,20060907,1.05,1.05,1.05,1.05,480
CAQ,20060907,0.18,0.18,0.18,0.18,54500
CAU,20060907,0.098,0.098,0.096,0.096,24735
CAZ,20060907,0.765,0.765,0.735,0.735,1200552
CBA,20060907,45.65,46.15,45.56,45.99,1344329
CBH,20060907,0.485,0.49,0.475,0.485,1022030
CBM,20060907,3.4,3.4,3.01,3.2,3067
CBR,20060907,3.47,3.47,3.47,3.47,6450
CCE,20060907,0.105,0.105,0.097,0.099,1224120
CCI,20060907,0.009,0.01,0.009,0.01,14888959
CCL,20060907,6.4,6.49,6.4,6.47,2128584
CCP,20060907,7.93,8,7.92,8,43363
CCS,20060907,0.065,0.065,0.065,0.065,249500
CCU,20060907,0.39,0.395,0.39,0.39,22000
CCV,20060907,0.52,0.525,0.51,0.51,144171
CDA,20060907,1.25,1.28,1.25,1.28,26600
CDD,20060907,4.71,4.71,4.65,4.65,16130
CDF,20060907,1.68,1.68,1.68,1.68,2000
CDO,20060907,4.67,4.69,4.67,4.69,350470
CDP,20060907,4.1,4.1,4.1,4.1,912
CDR,20060907,1.89,1.925,1.87,1.925,95053
CDT,20060907,0.48,0.49,0.48,0.49,10225
CDU,20060907,4.3,4.5,4.25,4.36,1879038
CDX,20060907,1.65,1.65,1.65,1.65,3625
CEO,20060907,0.05,0.06,0.05,0.06,11600
CER,20060907,1.685,1.71,1.685,1.71,415591
CEU,20060907,1.18,1.195,1.175,1.185,2679228
CEY,20060907,3.41,3.48,3.41,3.47,789518
CFE,20060907,0.355,0.38,0.35,0.38,462700
CFI,20060907,0.59,0.59,0.585,0.585,12111
CFK,20060907,0.36,0.36,0.355,0.355,11000
CFR,20060907,0.016,0.016,0.015,0.015,85500
CFU,20060907,0.68,0.69,0.68,0.68,37000
CFX,20060907,1.92,1.96,1.92,1.94,7180594
CGF,20060907,3.51,3.62,3.45,3.6,2028434
CGM,20060907,0.41,0.46,0.41,0.43,844130
CGO,20060907,0.68,0.68,0.68,0.68,20082
CGS,20060907,0.23,0.23,0.22,0.22,135443
CGX,20060907,0.445,0.445,0.44,0.44,384000
CHB,20060907,40.69,40.82,40.69,40.82,323
CHC,20060907,1.52,1.52,1.51,1.52,492429
CHD,20060907,0.875,0.875,0.86,0.86,36501
CHF,20060907,0.38,0.38,0.375,0.375,100000
CHL,20060907,0.355,0.355,0.35,0.35,67184
CHN,20060907,0.155,0.16,0.155,0.16,45399
CHP,20060907,0.02,0.02,0.02,0.02,25000
CHQ,20060907,0.74,0.745,0.74,0.74,97653
CHR,20060907,2.9,2.9,2.9,2.9,384
CIF,20060907,3.16,3.16,3.11,3.14,76974
CIG,20060907,0.077,0.077,0.074,0.075,304590
CII,20060907,0.13,0.13,0.12,0.12,69500
CIL,20060907,1.845,1.845,1.825,1.825,40175
CIR,20060907,1.35,1.37,1.35,1.35,4000
CIX,20060907,0.405,0.405,0.4,0.4,555068
CIY,20060907,4.66,4.67,4.64,4.66,218357
CKK,20060907,0.2,0.21,0.195,0.2,95330
CKL,20060907,0.54,0.54,0.53,0.53,47200
CKR,20060907,0.13,0.15,0.13,0.15,218732
CLF,20060907,0.27,0.27,0.27,0.27,2000
CLH,20060907,0.96,0.995,0.96,0.995,6797172
CLO,20060907,0.45,0.46,0.45,0.45,159882
CLT,20060907,1.37,1.37,1.36,1.36,10900
CLV,20060907,0.135,0.135,0.135,0.135,3000
CMI,20060907,1.21,1.21,1.2,1.2,47012
CMK,20060907,0.3,0.3,0.3,0.3,55000
CML,20060907,13.6,13.81,13.46,13.65,16735770
CMO,20060907,0.009,0.01,0.009,0.01,2750000
CMQ,20060907,0.35,0.36,0.345,0.36,38304
CMR,20060907,4.5,4.5,4.37,4.45,111238
CMV,20060907,0.36,0.36,0.35,0.35,100500
CMW,20060907,1.09,1.1,1.09,1.1,94298
CMX,20060907,0.485,0.51,0.485,0.51,2203726
CNA,20060907,79,79,79,79,120
CNB,20060907,1.44,1.44,1.44,1.44,12752
CND,20060907,3.32,3.42,3.3,3.42,58415
CNM,20060907,0.03,0.03,0.03,0.03,241516
CNN,20060907,0.027,0.027,0.026,0.026,300000
CNP,20060907,7.82,7.83,7.73,7.8,2453782
CNT,20060907,0.71,0.73,0.71,0.73,83500
COA,20060907,5.87,5.87,5.72,5.74,958807
COE,20060907,0.56,0.56,0.535,0.54,1192548
COF,20060907,3.18,3.25,3.18,3.24,99311
COH,20060907,52,52,51.13,52,131457
COI,20060907,0.305,0.305,0.28,0.28,156500
COK,20060907,0.165,0.165,0.165,0.165,75000
COS,20060907,0.13,0.13,0.13,0.13,4349
COU,20060907,2.2,2.23,2.19,2.23,68920
COZ,20060907,0.2,0.205,0.2,0.205,19000
CPA,20060907,1.43,1.45,1.415,1.45,3052467
CPB,20060907,18.76,18.92,18.75,18.75,49379
CPI,20060907,0.46,0.46,0.46,0.46,24525
CPK,20060907,0.845,0.855,0.845,0.855,47542
CPR,20060907,1.8,1.85,1.8,1.85,225500
CPT,20060907,0.12,0.12,0.12,0.12,4170
CPU,20060907,7.66,7.68,7.51,7.59,571640
CQT,20060907,0.42,0.425,0.41,0.42,979113
CRE,20060907,0.34,0.34,0.33,0.33,140052
CRG,20060907,10.92,11.16,10.92,11.03,58754
CRJ,20060907,0.37,0.37,0.36,0.365,113270
CRK,20060907,1.04,1.055,1.04,1.05,155197
CRL,20060907,0.145,0.16,0.145,0.15,550000
CRT,20060907,0.605,0.605,0.6,0.605,279070
CSE,20060907,0.205,0.205,0.205,0.205,63500
CSH,20060907,2.55,2.55,2.55,2.55,26376
CSL,20060907,51,51.02,50.56,50.62,599562
CSM,20060907,1.77,1.78,1.75,1.76,797692
CSR,20060907,3.22,3.23,2.89,2.95,15379013
CSS,20060907,0.53,0.53,0.53,0.53,1245
CST,20060907,3.15,3.15,3.03,3.1,43680
CTN,20060907,1.435,1.44,1.42,1.42,28800
CTO,20060907,0.505,0.505,0.49,0.49,664826
CTP,20060907,0.11,0.115,0.11,0.115,85000
CTS,20060907,0.48,0.48,0.46,0.46,32240
CTX,20060907,21.7,21.9,21.35,21.77,1024981
CUE,20060907,0.16,0.165,0.155,0.16,1394346
CUL,20060907,0.036,0.036,0.035,0.035,357000
CUO,20060907,0.425,0.445,0.425,0.44,536903
CUS,20060907,0.215,0.215,0.21,0.215,138900
CUV,20060907,0.41,0.41,0.395,0.4,332218
CVB,20060907,0.09,0.1,0.09,0.1,52500
CVC,20060907,1.435,1.435,1.435,1.435,20000
CVI,20060907,0.047,0.047,0.046,0.046,300000
CVN,20060907,0.057,0.064,0.056,0.063,6522093
CWG,20060907,0.145,0.145,0.145,0.145,10117
CWP,20060907,4.6,4.7,4.6,4.6,40840
CWT,20060907,0.8,0.8,0.8,0.8,12500
CXD,20060907,1.35,1.35,1.35,1.35,651
CXM,20060907,0.17,0.175,0.165,0.17,247270
CXN,20060907,0.175,0.175,0.175,0.175,39000
CXP,20060907,4.9,4.95,4.78,4.9,171841
CXS,20060907,0.435,0.435,0.43,0.43,6500
CYA,20060907,1.19,1.19,1.17,1.175,454273
CYG,20060907,4.51,4.55,4.47,4.48,34407
CYL,20060907,0.255,0.27,0.25,0.25,121855
CYN,20060907,0.24,0.245,0.24,0.245,60000
CYT,20060907,0.67,0.685,0.67,0.685,9000
CZP,20060907,0.275,0.275,0.26,0.275,420172
CZR,20060907,0.235,0.235,0.225,0.235,83000
DBS,20060907,0.6,0.6,0.6,0.6,40000
DCS,20060907,0.11,0.11,0.11,0.11,3250
DDT,20060907,0.315,0.335,0.315,0.32,92020
DEG,20060907,0.125,0.125,0.125,0.125,334500
DES,20060907,0.225,0.23,0.22,0.22,158000
DEX,20060907,1.285,1.285,1.28,1.28,12000
DGH,20060907,0.78,0.82,0.78,0.82,700
DGR,20060907,0.062,0.062,0.062,0.062,2914
DIA,20060907,0.053,0.053,0.05,0.052,1465000
DIO,20060907,0.064,0.064,0.062,0.062,163300
DJS,20060907,3.51,3.58,3.49,3.55,732271
DJW,20060907,4.55,4.55,4.5,4.5,94354
DKN,20060907,1.12,1.145,1.12,1.12,74500
DKS,20060907,6.7,6.7,6.7,6.7,1000
DLS,20060907,0.14,0.15,0.14,0.145,1092606
DMA,20060907,0.195,0.2,0.195,0.2,98500
DMP,20060907,3.88,3.88,3.71,3.79,52205
DMX,20060907,0.6,0.62,0.6,0.62,235997
DMY,20060907,0.053,0.053,0.053,0.053,21620
DNL,20060907,0.3,0.305,0.3,0.3,576580
DOM,20060907,1.23,1.25,1.23,1.23,137690
DON,20060907,0.27,0.27,0.26,0.27,108595
DOW,20060907,5.35,5.37,5.28,5.31,1528105
DRA,20060907,0.145,0.15,0.145,0.15,1302000
DRT,20060907,1.58,1.62,1.58,1.6,14589838
DRX,20060907,0.305,0.32,0.3,0.32,52000
DTL,20060907,4.4,4.4,4.3,4.3,24932
DUE,20060907,2.73,2.75,2.68,2.72,327885
DUI,20060907,3.25,3.25,3.25,3.25,16250
DVC,20060907,2.5,2.6,2.42,2.6,5906085
DVM,20060907,0.041,0.045,0.041,0.045,285000
DVN,20060907,1.04,1.055,1.03,1.055,50400
DWS,20060907,1.295,1.295,1.255,1.29,21857
DXL,20060907,2.4,2.44,2.4,2.42,2146840
DYE,20060907,0.68,0.68,0.68,0.68,11000
DYL,20060907,0.14,0.14,0.135,0.14,605104
EAR,20060907,0.34,0.345,0.34,0.34,105820
EBB,20060907,1.68,1.71,1.66,1.69,142185
EBI,20060907,3.55,3.58,3.53,3.54,79161
EBR,20060907,0.056,0.056,0.055,0.055,150000
EBT,20060907,0.115,0.115,0.11,0.115,105783
ECH,20060907,0.47,0.48,0.47,0.47,130932
ECI,20060907,0.05,0.05,0.05,0.05,100000
ECU,20060907,0.065,0.066,0.065,0.066,500000
EDE,20060907,0.115,0.12,0.115,0.12,29170
EDN,20060907,0.585,0.59,0.575,0.575,1363162
EGL,20060907,0.1,0.11,0.1,0.11,741921
EGO,20060907,0.007,0.007,0.007,0.007,805000
EHL,20060907,1.94,1.96,1.94,1.955,9696030
EIF,20060907,0.011,0.011,0.011,0.011,3000
EIV,20060907,0.19,0.195,0.185,0.195,190000
EKA,20060907,0.19,0.19,0.19,0.19,10000
EKM,20060907,0.225,0.23,0.225,0.23,52175
ELI,20060907,1.095,1.095,1.095,1.095,30000
ELK,20060907,0.285,0.285,0.28,0.28,20000
ELM,20060907,0.5,0.5,0.5,0.5,73000
ELX,20060907,0.62,0.62,0.62,0.62,2500
EME,20060907,1.93,1.95,1.925,1.925,5820
EMI,20060907,0.98,0.985,0.955,0.98,3171286
EMP,20060907,0.335,0.335,0.33,0.33,97500
EMR,20060907,0.092,0.092,0.092,0.092,25000
EMS,20060907,0.125,0.125,0.125,0.125,10000
ENE,20060907,4.47,4.51,4.39,4.47,343377
ENG,20060907,0.27,0.28,0.255,0.27,240000
ENR,20060907,0.405,0.415,0.405,0.415,4500
ENV,20060907,1.155,1.16,1.15,1.15,225467
EON,20060907,0.58,0.58,0.57,0.57,98750
EOS,20060907,0.76,0.89,0.73,0.89,282365
EPF,20060907,0.195,0.195,0.195,0.195,7332
EPG,20060907,0.51,0.52,0.5,0.52,180084
EPR,20060907,0.037,0.037,0.037,0.037,150000
EPY,20060907,0.385,0.4,0.385,0.4,67000
EQI,20060907,1.48,1.485,1.46,1.46,151147
EQN,20060907,2.02,2.06,1.95,2.06,268487
EQT,20060907,17.5,17.5,17.5,17.5,2864
EQX,20060907,0.13,0.13,0.13,0.13,40353
ERA,20060907,12.9,13.13,12.82,13.13,192350
ERG,20060907,0.135,0.145,0.13,0.135,3752549
ERH,20060907,0.14,0.15,0.14,0.15,35000
ESG,20060907,0.125,0.125,0.12,0.12,1106350
ESI,20060907,0.39,0.39,0.36,0.375,374000
ESS,20060907,0.37,0.37,0.36,0.36,3740
ETR,20060907,2.25,2.26,2.25,2.26,56684
ETW,20060907,0.145,0.145,0.145,0.145,20000
EUG,20060907,0.042,0.042,0.042,0.042,29412
EVE,20060907,0.13,0.135,0.115,0.12,8709387
EVG,20060907,0.075,0.09,0.07,0.085,221000
EVM,20060907,0.14,0.145,0.14,0.145,69567
EWC,20060907,0.31,0.335,0.29,0.3,3289354
EXL,20060907,8.52,8.54,8.51,8.51,784016
EXR,20060907,0.4,0.4,0.4,0.4,120000
EXS,20060907,0.27,0.28,0.265,0.265,1660433
EXT,20060907,0.085,0.085,0.083,0.084,2550891
EZE,20060907,0.14,0.145,0.14,0.145,16896
EZL,20060907,2.98,3.02,2.97,3.02,20151
FAN,20060907,3.03,3.05,3.02,3.05,56186
FAR,20060907,0.14,0.14,0.135,0.14,427000
FAT,20060907,0.91,0.915,0.905,0.915,42624
FBU,20060907,7.25,7.25,7.25,7.25,329299
FCL,20060907,2.1,2.15,2.1,2.14,1368017
FCN,20060907,0.53,0.54,0.525,0.525,271350
FDL,20060907,0.016,0.017,0.016,0.017,3216229
FEA,20060907,0.59,0.6,0.575,0.6,437000
FGL,20060907,5.97,5.97,5.87,5.89,6088676
FIC,20060907,0.44,0.44,0.44,0.44,1324
FKP,20060907,5.72,5.85,5.58,5.7,200512
FLK,20060907,0.69,0.69,0.69,0.69,7073
FLR,20060907,0.195,0.195,0.195,0.195,2565
FLT,20060907,12.01,12.22,12,12.05,154090
FLX,20060907,2.8,2.82,2.75,2.75,143732
FMG,20060907,9.22,9.47,9.05,9.05,388468
FML,20060907,0.051,0.055,0.051,0.054,6750590
FNT,20060907,0.17,0.17,0.16,0.16,612635
FPA,20060907,3.19,3.19,3.19,3.19,19500
FPG,20060907,1.05,1.05,1.05,1.05,10500
FRE,20060907,0.46,0.485,0.43,0.455,883911
FRI,20060907,0.82,0.83,0.82,0.83,11950
FRM,20060907,0.37,0.37,0.37,0.37,75000
FRR,20060907,0.75,0.75,0.745,0.75,145641
FRS,20060907,0.42,0.42,0.42,0.42,30000
FUN,20060907,1.565,1.62,1.54,1.62,2843851
FWD,20060907,6.94,6.99,6.92,6.99,85919
FWL,20060907,0.21,0.21,0.21,0.21,2385
FXJ,20060907,4,4.06,3.96,4.03,4097614
FXR,20060907,1.31,1.36,1.285,1.29,334274
FZN,20060907,1.255,1.255,1.215,1.215,57000
GAA,20060907,1.005,1.01,1,1.01,105000
GAP,20060907,0.95,0.95,0.95,0.95,7726
GAS,20060907,3.03,3.04,3.03,3.04,127890
GAU,20060907,0.2,0.2,0.2,0.2,110000
GBE,20060907,0.48,0.48,0.48,0.48,609
GBG,20060907,0.495,0.5,0.49,0.495,2461800
GBL,20060907,0.04,0.04,0.04,0.04,40000
GBP,20060907,0.7,0.73,0.695,0.715,66500
GBT,20060907,2.46,2.46,2.45,2.45,3600
GCA,20060907,0.908,0.908,0.908,0.908,2000
GCL,20060907,3.63,3.7,3.61,3.65,262637
GCN,20060907,0.063,0.063,0.063,0.063,140000
GCR,20060907,0.075,0.075,0.071,0.071,1024217
GDA,20060907,0.021,0.021,0.019,0.019,136102
GDM,20060907,0.51,0.54,0.51,0.54,51393
GDN,20060907,0.24,0.24,0.23,0.24,637396
GDR,20060907,0.43,0.45,0.43,0.45,352815
GDY,20060907,1.08,1.08,1.045,1.045,63010
GEN,20060907,0.205,0.205,0.205,0.205,38220
GFF,20060907,2.16,2.23,2.16,2.21,1966467
GGG,20060907,0.285,0.285,0.27,0.27,11755
GGP,20060907,0.47,0.47,0.47,0.47,48000
GGX,20060907,0.073,0.073,0.073,0.073,45000
GGY,20060907,0.053,0.053,0.052,0.053,263334
GHG,20060907,0.96,0.96,0.96,0.96,300000
GIA,20060907,0.35,0.35,0.35,0.35,1430
GIL,20060907,0.44,0.44,0.44,0.44,10000
GIP,20060907,0.085,0.085,0.082,0.085,403640
GIR,20060907,0.29,0.29,0.285,0.285,24999
GLA,20060907,0.16,0.16,0.16,0.16,3130
GLB,20060907,0.24,0.24,0.23,0.23,85000
GLC,20060907,0.98,0.99,0.98,0.985,45250
GLE,20060907,1.035,1.035,1.035,1.035,12170
GLF,20060907,0.18,0.19,0.18,0.19,15000
GLI,20060907,1.01,1.01,1,1,80400
GLN,20060907,0.4,0.41,0.39,0.4,1209182
GLO,20060907,0.1,0.1,0.1,0.1,20000
GME,20060907,0.27,0.31,0.27,0.285,1143224
GMI,20060907,1.265,1.265,1.25,1.25,252564
GML,20060907,0.145,0.15,0.145,0.15,43000
GNC,20060907,7.45,7.49,7.4,7.4,47593
GNS,20060907,2.78,2.82,2.78,2.8,468829
GOA,20060907,0.069,0.084,0.069,0.077,298628
GOG,20060907,0.38,0.38,0.365,0.365,161252
GOP,20060907,0.175,0.18,0.17,0.17,61800
GPG,20060907,2.09,2.1,2.08,2.08,550790
GPN,20060907,0.016,0.016,0.016,0.016,350000
GPO,20060907,0.135,0.14,0.135,0.14,2480940
GPR,20060907,0.33,0.45,0.33,0.45,395466
GPT,20060907,4.49,4.5,4.42,4.49,11399557
GQH,20060907,0.88,0.9,0.87,0.875,58800
GRD,20060907,2.2,2.25,2.19,2.25,386447
GRN,20060907,0.22,0.22,0.22,0.22,3457
GRO,20060907,2,2.01,2,2.01,64195
GRR,20060907,1.38,1.38,1.38,1.38,23465
GRV,20060907,1.3,1.3,1.25,1.25,13000
GRY,20060907,0.3,0.31,0.3,0.31,337000
GSA,20060907,1.165,1.17,1.145,1.17,4981014
GTG,20060907,0.345,0.355,0.345,0.355,31100
GTP,20060907,2.64,2.65,2.58,2.63,1317681
GTV,20060907,0.775,0.8,0.775,0.8,63200
GUD,20060907,6.96,7.06,6.92,6.92,77722
GUL,20060907,0.05,0.05,0.05,0.05,130000
GUN,20060907,0.325,0.325,0.31,0.31,249704
GVM,20060907,0.265,0.265,0.265,0.265,70500
GWR,20060907,1.91,1.91,1.81,1.81,83877
GWT,20060907,3.1,3.13,3.1,3.11,161443
GWV,20060907,0.004,0.004,0.004,0.004,5954
GYN,20060907,0.41,0.41,0.375,0.375,211811
HAN,20060907,16.05,16.05,16.05,16.05,200
HAP,20060907,0.96,1,0.96,1,37964
HAV,20060907,0.64,0.64,0.64,0.64,69000
HCC,20060907,1.465,1.465,1.465,1.465,5000
HDF,20060907,2.99,3.03,2.97,3.02,227660
HDN,20060907,0.115,0.12,0.115,0.115,60000
HDR,20060907,1.415,1.415,1.39,1.395,4114663
HER,20060907,1.145,1.145,1.14,1.14,28000
HFA,20060907,1.885,1.95,1.885,1.9,352222
HGI,20060907,2.29,2.31,2.28,2.29,3360949
HGO,20060907,0.23,0.24,0.23,0.235,177602
HGR,20060907,0.069,0.071,0.069,0.071,71951
HHL,20060907,9.3,9.3,9.3,9.3,1000
HHM,20060907,0.175,0.175,0.175,0.175,33122
HHV,20060907,1.07,1.07,1.06,1.065,564342
HHY,20060907,1.83,1.83,1.8,1.82,69629
HIG,20060907,0.46,0.46,0.455,0.455,74000
HIL,20060907,4.68,4.69,4.65,4.65,110066
HLD,20060907,0.205,0.205,0.205,0.205,41000
HLX,20060907,0.083,0.083,0.082,0.082,250000
HME,20060907,14.44,14.6,14.43,14.6,9042
HNR,20060907,0.2,0.21,0.195,0.2,280228
HPX,20060907,1.575,1.6,1.575,1.58,31000
HRD,20060907,0.16,0.16,0.16,0.16,100000
HRR,20060907,0.655,0.665,0.65,0.65,295511
HSK,20060907,0.5,0.51,0.5,0.5,354200
HSP,20060907,4.83,4.89,4.79,4.88,2331218
HST,20060907,2.02,2.08,1.96,2.03,1954983
HTA,20060907,0.24,0.24,0.235,0.24,219556
HTE,20060907,0.026,0.026,0.026,0.026,94000
HTM,20060907,0.036,0.036,0.035,0.035,660000
HTW,20060907,0.84,0.84,0.83,0.84,6215
HTX,20060907,0.04,0.04,0.04,0.04,12500
HVN,20060907,3.44,3.49,3.41,3.49,1761928
HWI,20060907,1.65,1.68,1.65,1.68,46101
HYO,20060907,0.13,0.135,0.13,0.135,130000
HZG,20060907,0.052,0.052,0.052,0.052,10000
HZN,20060907,0.34,0.35,0.34,0.345,69285
IAG,20060907,5.26,5.37,5.22,5.36,4576373
IAS,20060907,0.3,0.3,0.3,0.3,22000
IAT,20060907,0.065,0.075,0.065,0.075,137500
IAU,20060907,1.12,1.14,1.12,1.12,412536
IBA,20060907,0.93,0.93,0.9,0.92,1140738
IBG,20060907,0.485,0.485,0.48,0.48,203850
IBR,20060907,0.78,0.81,0.78,0.78,100333
IBT,20060907,1.8,1.9,1.8,1.8,106200
ICC,20060907,0.001,0.002,0.001,0.002,5203600
ICE,20060907,0.009,0.01,0.009,0.01,490000
ICN,20060907,0.065,0.07,0.065,0.068,840669
ICP,20060907,0.037,0.037,0.037,0.037,20000
ICS,20060907,0.23,0.235,0.22,0.235,108051
IDO,20060907,0.175,0.175,0.175,0.175,24000
IDT,20060907,1.46,1.46,1.46,1.46,2500
IEF,20060907,1.14,1.14,1.14,1.14,10850
IEQ,20060907,0.045,0.045,0.045,0.045,55102
IFL,20060907,9.04,9.5,9.01,9.5,154192
IFM,20060907,0.77,0.77,0.76,0.76,198686
IGC,20060907,0.155,0.155,0.155,0.155,6706
IGD,20060907,1.46,1.47,1.46,1.47,41100
IGO,20060907,3.44,3.75,3.43,3.73,516117
IGR,20060907,0.175,0.175,0.17,0.17,100540
IHF,20060907,1.09,1.09,1.09,1.09,16000
IHG,20060907,0.425,0.425,0.425,0.425,28232
IIF,20060907,2.24,2.29,2.24,2.27,10190644
III,20060907,0.15,0.155,0.15,0.155,70000
IIN,20060907,0.645,0.645,0.63,0.63,110500
ILF,20060907,1.17,1.17,1.15,1.17,489774
ILU,20060907,7.25,7.53,7.23,7.45,1268653
IMA,20060907,0.6,0.6,0.6,0.6,40000
IMD,20060907,0.675,0.675,0.665,0.675,310999
IMF,20060907,0.655,0.655,0.65,0.65,108700
IMI,20060907,0.01,0.01,0.009,0.009,3169555
IML,20060907,0.07,0.07,0.07,0.07,14645
IMP,20060907,0.02,0.02,0.019,0.02,7347075
IMU,20060907,0.13,0.13,0.125,0.125,94445
INL,20060907,0.115,0.12,0.115,0.12,130455
INP,20060907,0.27,0.275,0.27,0.275,176226
IOF,20060907,1.535,1.545,1.52,1.545,3762031
IOH,20060907,1.02,1.09,1.02,1.045,67900
IPA,20060907,0.865,0.88,0.865,0.88,29360
IPE,20060907,0.94,0.94,0.935,0.935,66500
IPG,20060907,2.36,2.37,2.33,2.37,1993439
IPL,20060907,24.59,24.6,24.21,24.25,258309
IPM,20060907,1.71,1.71,1.67,1.71,70950
IPN,20060907,0.145,0.145,0.145,0.145,350000
IRC,20060907,0.14,0.15,0.14,0.145,171155
IRE,20060907,5.99,6.22,5.95,6.1,176893
IRI,20060907,0.5,0.5,0.5,0.5,7276
IRN,20060907,0.82,0.835,0.81,0.835,204340
ISS,20060907,0.175,0.175,0.175,0.175,60000
ITC,20060907,0.076,0.077,0.076,0.077,121160
ITD,20060907,0.39,0.395,0.39,0.395,27000
ITE,20060907,0.08,0.08,0.08,0.08,850000
ITT,20060907,0.155,0.17,0.155,0.16,110100
IVC,20060907,5.19,5.25,5.19,5.23,66049
IVK,20060907,3.05,3.05,3.05,3.05,5000
IWF,20060907,2.25,2.25,2.16,2.16,122573
IWL,20060907,4.64,4.64,4.57,4.59,126076
JAK,20060907,0.135,0.14,0.135,0.14,153000
JBH,20060907,4.88,5,4.88,4.92,232870
JBM,20060907,9.15,9.71,9.15,9.6,896008
JET,20060907,1.33,1.33,1.33,1.33,40170
JFM,20060907,1.27,1.27,1.25,1.27,202595
JGL,20060907,0.26,0.27,0.26,0.27,333647
JHX,20060907,6.73,6.96,6.71,6.88,1563395
JMB,20060907,2.01,2.02,2.01,2.02,18500
JML,20060907,0.65,0.65,0.615,0.64,1895424
JMS,20060907,0.185,0.185,0.165,0.17,1535687
JPR,20060907,0.205,0.205,0.2,0.2,481105
JRL,20060907,0.65,0.66,0.65,0.65,11500
JRV,20060907,0.013,0.013,0.012,0.012,5090247
JST,20060907,3.53,3.61,3.49,3.6,904529
JUI,20060907,1.02,1.03,1.015,1.02,160817
JUM,20060907,0.035,0.036,0.035,0.036,136668
KAL,20060907,0.135,0.135,0.135,0.135,5000
KAR,20060907,1.67,1.75,1.67,1.73,37058
KCN,20060907,5.19,5.3,5.17,5.18,108998
KHF,20060907,0.62,0.62,0.62,0.62,17000
KIM,20060907,1.025,1.03,1,1.005,787783
KIS,20060907,1,1,1,1,1000
KLM,20060907,0.42,0.42,0.42,0.42,1195
KMN,20060907,0.345,0.345,0.34,0.34,452679
KOR,20060907,0.235,0.24,0.23,0.235,145000
KOV,20060907,5.13,5.13,5.13,5.13,1244
KRS,20060907,0.225,0.225,0.22,0.22,142000
KSC,20060907,3.64,3.64,3.6,3.6,8952
KTL,20060907,0.022,0.022,0.022,0.022,50000
KYC,20060907,0.91,0.91,0.88,0.9,22650
KZL,20060907,5.5,5.62,5.44,5.47,685554
LAF,20060907,0.083,0.083,0.081,0.083,1633514
LAT,20060907,0.071,0.071,0.067,0.07,603366
LAU,20060907,0.17,0.17,0.17,0.17,116000
LBT,20060907,0.135,0.135,0.135,0.135,3705
LCL,20060907,0.5,0.5,0.485,0.485,33200
LCP,20060907,0.7,0.7,0.7,0.7,14000
LCT,20060907,0.22,0.22,0.2,0.2,278200
LDW,20060907,7,7,7,7,1125
LEG,20060907,0.044,0.044,0.042,0.043,329202
LEI,20060907,20.19,20.2,20.09,20.18,489861
LEP,20060907,2.94,2.96,2.83,2.95,43213
LFE,20060907,1.545,1.59,1.545,1.59,128968
LGD,20060907,0.68,0.68,0.67,0.68,38420
LGO,20060907,0.031,0.031,0.031,0.031,300000
LHG,20060907,3.11,3.18,3.09,3.17,7041957
LIM,20060907,8.47,8.55,8.47,8.52,149450
LIO,20060907,0.004,0.004,0.004,0.004,4775000
LIP,20060907,0.77,0.77,0.75,0.755,43412
LKO,20060907,0.014,0.015,0.014,0.014,1218900
LLC,20060907,15.69,15.78,15.6,15.6,2252229
LMG,20060907,0.01,0.011,0.009,0.011,150000
LMW,20060907,0.61,0.61,0.6,0.6,4000
LNC,20060907,0.185,0.185,0.185,0.185,91100
LNG,20060907,0.67,0.69,0.67,0.69,23363
LNN,20060907,7.92,8.05,7.87,8,858420
LOK,20060907,3.3,3.5,3.3,3.5,3979
LOU,20060907,0.295,0.295,0.27,0.295,572250
LPL,20060907,0.33,0.34,0.315,0.33,86678
LRF,20060907,0.91,0.91,0.905,0.905,422980
LSG,20060907,1.83,1.83,1.79,1.8,91999
LUM,20060907,0.023,0.025,0.023,0.025,256880
LVL,20060907,0.036,0.038,0.036,0.038,182000
LVR,20060907,0.5,0.5,0.48,0.495,334000
LYC,20060907,0.37,0.37,0.355,0.37,720000
LYL,20060907,3.05,3.09,3.05,3.09,9600
MAA,20060907,0.21,0.21,0.21,0.21,10000
MAE,20060907,0.905,0.965,0.905,0.94,442048
MAH,20060907,0.855,0.855,0.83,0.835,503483
MAL,20060907,0.63,0.635,0.6,0.62,193700
MAP,20060907,2.97,2.97,2.93,2.94,3915370
MAR,20060907,0.24,0.24,0.235,0.235,140334
MBA,20060907,0.068,0.068,0.068,0.068,30000
MBL,20060907,64.5,64.5,63.52,63.68,1323119
MBN,20060907,1.795,1.9,1.795,1.89,96707
MBP,20060907,0.43,0.44,0.425,0.425,435000
MBT,20060907,1.38,1.38,1.38,1.38,10000
MCC,20060907,5,5,4.95,4.98,309815
MCG,20060907,6.02,6.1,6.01,6.1,666903
MCO,20060907,0.15,0.15,0.15,0.15,36533
MCP,20060907,1.845,2,1.845,2,225666
MCQ,20060907,3.48,3.53,3.48,3.52,78043
MCR,20060907,1.27,1.32,1.26,1.305,2995611
MCW,20060907,1.965,1.965,1.93,1.955,9936437
MDL,20060907,1.4,1.42,1.4,1.41,98988
MDM,20060907,0.195,0.195,0.195,0.195,35250
MDT,20060907,1.19,1.205,1.18,1.2,6897129
MDX,20060907,0.18,0.185,0.18,0.185,275879
MEE,20060907,0.069,0.069,0.069,0.069,59500
MEI,20060907,0.23,0.23,0.23,0.23,10000
MEL,20060907,0.23,0.23,0.22,0.22,77658
MEO,20060907,0.185,0.19,0.185,0.19,830000
MEP,20060907,0.61,0.61,0.605,0.605,32388
MFI,20060907,1.74,1.75,1.72,1.72,29420
MFS,20060907,3.95,4.04,3.89,4,1153769
MFT,20060907,0.995,0.995,0.995,0.995,6686
MGK,20060907,0.145,0.145,0.14,0.14,16890
MGN,20060907,1.705,1.705,1.705,1.705,2626
MGO,20060907,0.27,0.27,0.27,0.27,20000
MGQ,20060907,6.21,6.31,6.1,6.3,5058184
MGR,20060907,4.6,4.64,4.57,4.58,6808801
MGW,20060907,1.95,1.97,1.94,1.96,253456
MGX,20060907,0.76,0.77,0.745,0.745,566698
MHL,20060907,0.02,0.021,0.02,0.021,2182452
MIC,20060907,0.03,0.03,0.03,0.03,216500
MIG,20060907,3.07,3.11,3.07,3.11,4824474
MIK,20060907,0.091,0.091,0.09,0.09,170000
MIN,20060907,1.4,1.41,1.38,1.4,122106
MIR,20060907,1.89,1.9,1.89,1.9,6922
MIS,20060907,0.555,0.555,0.54,0.55,105681
MLB,20060907,2.27,2.28,2.2,2.2,140566
MLE,20060907,2.84,2.84,2.8,2.8,304010
MLI,20060907,0.28,0.28,0.275,0.28,463743
MLM,20060907,0.33,0.33,0.33,0.33,33722
MLT,20060907,20.25,20.25,20.2,20.21,10136
MMA,20060907,0.935,0.94,0.93,0.94,629951
MMN,20060907,0.38,0.38,0.375,0.375,382580
MMS,20060907,3.9,3.9,3.79,3.79,309000
MMX,20060907,0.8,0.835,0.8,0.81,1229820
MND,20060907,6.44,6.5,6.4,6.4,62449
MNF,20060907,0.125,0.14,0.125,0.14,52500
MOC,20060907,2.64,2.64,2.62,2.62,16200
MOE,20060907,1.46,1.48,1.46,1.48,43450
MOF,20060907,1.445,1.47,1.445,1.46,6225221
MOL,20060907,1.55,1.6,1.5,1.5,313746
MON,20060907,0.27,0.28,0.27,0.27,126800
MOO,20060907,0.24,0.24,0.24,0.24,3000
MOS,20060907,0.145,0.145,0.14,0.145,1023135
MOX,20060907,0.315,0.315,0.31,0.315,54400
MPA,20060907,0.04,0.04,0.04,0.04,130100
MPD,20060907,0.033,0.033,0.03,0.03,80000
MPF,20060907,1.165,1.165,1.165,1.165,14536
MPG,20060907,0.84,0.84,0.83,0.83,49000
MPH,20060907,0.215,0.22,0.215,0.215,158209
MPI,20060907,0.068,0.068,0.068,0.068,513500
MPJ,20060907,0.009,0.01,0.009,0.01,3060000
MPO,20060907,0.034,0.034,0.033,0.033,894312
MPR,20060907,1.19,1.21,1.19,1.205,2570818
MPS,20060907,1.03,1.03,1.02,1.02,654844
MPY,20060907,0.82,0.825,0.815,0.82,190000
MRA,20060907,0.955,0.96,0.95,0.95,51600
MRC,20060907,0.19,0.19,0.18,0.185,72000
MRE,20060907,3.67,3.7,3.54,3.63,1263594
MRL,20060907,1.56,1.56,1.545,1.545,168430
MRM,20060907,0.675,0.68,0.665,0.665,57904
MRN,20060907,1.155,1.155,1.15,1.155,21000
MRO,20060907,1.1,1.13,1.1,1.13,36807
MRT,20060907,0.225,0.23,0.22,0.23,379488
MRX,20060907,0.056,0.057,0.056,0.056,474077
MRY,20060907,0.115,0.115,0.115,0.115,50000
MSB,20060907,1.26,1.26,1.24,1.24,15672
MSC,20060907,0.012,0.012,0.011,0.011,1277144
MSF,20060907,12,12,12,12,2500
MSH,20060907,0.053,0.053,0.053,0.053,15000
MST,20060907,0.135,0.135,0.13,0.13,540885
MSX,20060907,1.58,1.58,1.58,1.58,12500
MTB,20060907,0.085,0.085,0.082,0.082,45530
MTH,20060907,0.28,0.28,0.275,0.275,50670
MTI,20060907,0.2,0.23,0.15,0.15,276647
MTN,20060907,0.79,0.84,0.775,0.835,255308
MTS,20060907,4.22,4.32,4.2,4.25,857984
MTU,20060907,0.325,0.325,0.32,0.32,54590
MTY,20060907,0.215,0.215,0.215,0.215,74100
MUL,20060907,0.008,0.008,0.007,0.007,3718200
MUR,20060907,0.074,0.074,0.073,0.073,130000
MUT,20060907,0.06,0.06,0.06,0.06,394761
MVL,20060907,0.092,0.125,0.092,0.105,2916665
MVU,20060907,0.49,0.49,0.46,0.49,22500
MWE,20060907,0.225,0.225,0.21,0.215,266202
MWG,20060907,0.9,0.9,0.9,0.9,29000
MWM,20060907,0.35,0.37,0.35,0.37,637610
MWS,20060907,0.15,0.15,0.15,0.15,30000
MXG,20060907,3.48,3.53,3.45,3.5,6455035
MXI,20060907,0.55,0.56,0.545,0.545,98576
MXL,20060907,0.1,0.1,0.1,0.1,80000
MXR,20060907,0.135,0.135,0.135,0.135,30000
MYG,20060907,0.17,0.17,0.17,0.17,2945
MYO,20060907,0.94,0.945,0.935,0.945,582378
MYP,20060907,2.93,3,2.91,2.98,2337765
NAB,20060907,36.1,36.36,35.91,36.2,2620258
NAD,20060907,0.052,0.053,0.05,0.052,4569003
NAM,20060907,0.62,0.62,0.61,0.61,209389
NAV,20060907,0.305,0.31,0.3,0.305,725528
NBL,20060907,4.1,4.11,4.1,4.11,5150
NCI,20060907,1.75,1.75,1.75,1.75,211202
NCK,20060907,1.59,1.63,1.59,1.63,6400
NCM,20060907,21.55,22.05,21.3,21.8,1722509
NDC,20060907,0.039,0.039,0.039,0.039,896260
NDL,20060907,0.18,0.18,0.175,0.175,107000
NDO,20060907,0.2,0.215,0.2,0.21,1423945
NEC,20060907,0.3,0.3,0.295,0.295,34070
NEL,20060907,1.22,1.25,1.22,1.25,14000
NEM,20060907,6.72,6.72,6.62,6.7,450737
NEO,20060907,0.019,0.019,0.018,0.018,1565000
NGM,20060907,0.12,0.12,0.12,0.12,75000
NHC,20060907,1.3,1.315,1.29,1.3,86091
NHM,20060907,0.007,0.007,0.007,0.007,7105000
NHR,20060907,2.06,2.06,1.96,1.96,43264
NIA,20060907,0.465,0.465,0.45,0.46,644600
NKL,20060907,0.11,0.11,0.105,0.105,189150
NKP,20060907,0.85,1.025,0.85,1.025,134550
NLB,20060907,1.32,1.32,1.3,1.3,20000
NLG,20060907,0.395,0.395,0.395,0.395,20000
NLX,20060907,0.05,0.05,0.049,0.05,684960
NMB,20060907,0.019,0.019,0.019,0.019,110000
NMS,20060907,0.29,0.29,0.29,0.29,20000
NPH,20060907,4.01,4.3,4.01,4.3,24542
NRL,20060907,0.165,0.165,0.165,0.165,5000
NRT,20060907,2.66,2.66,2.61,2.66,118449
NRU,20060907,0.255,0.255,0.245,0.245,52805
NSA,20060907,0.019,0.019,0.019,0.019,36135
NST,20060907,0.17,0.17,0.165,0.165,81875
NSX,20060907,0.605,0.605,0.605,0.605,2000
NUF,20060907,9.89,10.5,9.89,10.2,404098
NWA,20060907,0.049,0.05,0.045,0.05,338500
NWE,20060907,0.115,0.12,0.11,0.11,1743292
NWK,20060907,0.14,0.14,0.14,0.14,32800
NWR,20060907,0.27,0.27,0.27,0.27,67500
NWS,20060907,25.5,25.54,25.44,25.48,1253452
NXS,20060907,0.685,0.71,0.675,0.68,2221106
NZO,20060907,0.75,0.765,0.75,0.765,17103
OBJ,20060907,0.07,0.07,0.069,0.069,75008
OBL,20060907,0.1,0.11,0.1,0.1,411317
OCO,20060907,0.056,0.056,0.056,0.056,232992
ODY,20060907,0.71,0.71,0.655,0.69,34000
OEC,20060907,0.097,0.097,0.097,0.097,1270
OEL,20060907,0.19,0.19,0.185,0.185,323000
OEX,20060907,1.11,1.15,1.11,1.11,224500
OFM,20060907,2.29,2.39,2.29,2.39,237946
OGD,20060907,0.78,0.79,0.78,0.785,1237926
OIL,20060907,0.47,0.47,0.45,0.46,112850
OKN,20060907,3.5,3.59,3.5,3.55,66934
OLH,20060907,0.93,0.93,0.92,0.92,35437
OMC,20060907,0.65,0.66,0.625,0.66,276303
OMH,20060907,0.61,0.61,0.6,0.6,31800
OMI,20060907,0.4,0.405,0.4,0.4,15460
OMP,20060907,4.52,4.53,4.51,4.51,1438708
OPC,20060907,0.095,0.095,0.095,0.095,50000
OPI,20060907,0.039,0.039,0.039,0.039,1500
OPL,20060907,0.55,0.55,0.545,0.55,189803
ORD,20060907,0.3,0.3,0.29,0.29,101601
ORG,20060907,6.38,6.53,6.36,6.51,4371104
ORI,20060907,22.35,22.45,22.17,22.3,734917
ORO,20060907,0.017,0.017,0.016,0.017,728074
ORP,20060907,0.093,0.093,0.093,0.093,1400
OSH,20060907,3.42,3.44,3.36,3.36,4607538
OST,20060907,4.15,4.28,4.15,4.25,762984
OTL,20060907,0.22,0.22,0.22,0.22,10000
OXR,20060907,3.08,3.17,3.06,3.11,12926625
PAA,20060907,0.13,0.13,0.11,0.11,333045
PAU,20060907,0.115,0.12,0.115,0.115,104170
PBA,20060907,0.92,0.92,0.92,0.92,550
PBB,20060907,1.575,1.58,1.51,1.55,286470
PBD,20060907,3.39,3.4,3.39,3.39,17670
PBG,20060907,2.5,2.58,2.47,2.55,2872550
PBI,20060907,0.23,0.23,0.225,0.225,4575
PBL,20060907,18.35,18.5,18.17,18.49,842307
PBT,20060907,0.435,0.45,0.42,0.42,189461
PCC,20060907,0.059,0.059,0.058,0.058,110000
PCG,20060907,0.71,0.72,0.695,0.7,1003085
PCL,20060907,0.058,0.064,0.058,0.064,198108
PDL,20060907,2.55,2.55,2.55,2.55,16474
PDN,20060907,5.1,5.16,5.02,5.09,1677093
PDO,20060907,0.81,0.81,0.8,0.8,34035
PDZ,20060907,0.41,0.41,0.4,0.4,94751
PEM,20060907,3.04,3.08,3.03,3.06,848024
PEN,20060907,0.02,0.023,0.02,0.023,8129000
PEO,20060907,0.06,0.06,0.059,0.059,233814
PEP,20060907,0.635,0.64,0.635,0.635,56000
PET,20060907,0.87,0.87,0.87,0.87,12500
PGL,20060907,2.68,2.71,2.68,2.71,45567
PGM,20060907,0.18,0.18,0.18,0.18,15000
PGN,20060907,1,1.34,1,1.32,2070599
PGS,20060907,0.43,0.435,0.425,0.425,169099
PHI,20060907,0.5,0.5,0.5,0.5,1000
PHK,20060907,0.19,0.195,0.19,0.195,224805
PIE,20060907,0.014,0.014,0.014,0.014,508000
PIO,20060907,0.145,0.145,0.13,0.13,249945
PKT,20060907,0.018,0.018,0.018,0.018,300000
PLA,20060907,0.97,0.97,0.95,0.95,26788
PLD,20060907,0.34,0.34,0.335,0.335,43775
PLF,20060907,1.27,1.28,1.265,1.265,74040
PLT,20060907,0.13,0.13,0.125,0.125,15651
PMA,20060907,1.58,1.63,1.58,1.62,52900
PMC,20060907,2.36,2.37,2.33,2.37,65444
PME,20060907,1.29,1.29,1.27,1.27,13028
PMH,20060907,0.22,0.22,0.205,0.205,73878
PMM,20060907,4.91,5,4.91,5,40865
PMN,20060907,5.76,5.76,5.65,5.72,1740856
PMP,20060907,1.485,1.52,1.48,1.52,499952
PMV,20060907,6,6,6,6,10000
PMX,20060907,0.025,0.025,0.024,0.024,151022
PNA,20060907,0.315,0.315,0.3,0.31,1985724
PNN,20060907,0.44,0.49,0.44,0.49,270268
PNO,20060907,0.026,0.03,0.026,0.028,2272079
PNW,20060907,0.092,0.095,0.09,0.095,1574229
POH,20060907,0.42,0.42,0.41,0.41,126056
POL,20060907,0.185,0.19,0.185,0.19,120219
PPC,20060907,3.96,4.06,3.96,4.01,172175
PPD,20060907,0.135,0.15,0.135,0.15,20000
PPG,20060907,0.305,0.305,0.305,0.305,4000
PPI,20060907,0.55,0.57,0.55,0.57,4880
PPK,20060907,0.74,0.755,0.74,0.755,10833
PPP,20060907,0.16,0.165,0.16,0.165,61500
PPS,20060907,0.73,0.73,0.72,0.72,67000
PPT,20060907,70.58,71.99,70.58,71,83861
PPX,20060907,3.35,3.42,3.35,3.41,649566
PPY,20060907,0.295,0.295,0.29,0.29,30420
PRE,20060907,0.018,0.018,0.016,0.018,5560000
PRG,20060907,4.43,4.43,4.36,4.36,45629
PRO,20060907,0.235,0.24,0.23,0.235,93105
PRR,20060907,0.071,0.071,0.068,0.068,296669
PRT,20060907,3.6,3.6,3.51,3.51,10000
PRU,20060907,0.49,0.5,0.49,0.5,30000
PRV,20060907,1.02,1.025,1.02,1.025,125304
PRY,20060907,11.18,11.32,11.15,11.2,30084
PSA,20060907,2.53,2.55,2.5,2.54,156275
PSD,20060907,0.295,0.31,0.285,0.305,246266
PSG,20060907,0.013,0.015,0.013,0.015,1509130
PSH,20060907,1.78,1.78,1.78,1.78,71000
PSP,20060907,0.08,0.08,0.08,0.08,20000
PSV,20060907,0.365,0.37,0.365,0.37,702357
PSX,20060907,0.14,0.14,0.14,0.14,538150
PTD,20060907,1.25,1.265,1.25,1.25,160318
PTR,20060907,0.285,0.32,0.285,0.31,298930
PTS,20060907,0.079,0.081,0.079,0.081,41500
PUR,20060907,0.043,0.043,0.043,0.043,100000
PWK,20060907,2.04,2.08,2.03,2.08,38485
PWR,20060907,0.45,0.45,0.45,0.45,1830
PWT,20060907,1.11,1.11,1.11,1.11,165346
PXL,20060907,0.31,0.32,0.3,0.32,214784
PXS,20060907,2.01,2.09,1.99,2.08,145349
PYC,20060907,0.43,0.43,0.43,0.43,25000
PYM,20060907,0.47,0.47,0.425,0.44,60063
QAD,20060907,0.07,0.07,0.067,0.07,688240
QAN,20060907,3.45,3.48,3.43,3.46,10630405
QBE,20060907,23.7,23.84,23.55,23.74,2069085
QCH,20060907,3.45,3.45,3.4,3.41,2080
QED,20060907,0.041,0.041,0.041,0.041,70000
QFX,20060907,0.155,0.165,0.15,0.16,156166
QGC,20060907,1,1.03,0.985,1.02,1090034
QHL,20060907,0.505,0.52,0.505,0.52,100338
QMT,20060907,2.43,2.44,2.41,2.41,37752
QOL,20060907,0.24,0.24,0.24,0.24,30000
QRS,20060907,0.52,0.52,0.515,0.52,43200
QTI,20060907,0.535,0.535,0.535,0.535,10024
QTK,20060907,0.13,0.135,0.13,0.135,466850
RAT,20060907,1,1,0.99,1,1294021
RAU,20060907,0.072,0.072,0.071,0.071,130000
RBM,20060907,0.095,0.1,0.095,0.1,134112
RBY,20060907,0.018,0.018,0.017,0.017,650000
RCG,20060907,0.15,0.15,0.15,0.15,22000
RCL,20060907,1.29,1.32,1.255,1.3,3583395
RCO,20060907,0.59,0.62,0.59,0.62,253813
RCR,20060907,2.2,2.22,2.19,2.2,70964
RCT,20060907,3.82,3.82,3.82,3.82,265
RDF,20060907,2.17,2.2,2.17,2.2,41983
RDM,20060907,0.275,0.275,0.26,0.26,22000
RDR,20060907,0.49,0.51,0.49,0.51,36731
RDS,20060907,0.68,0.695,0.655,0.695,106786
REA,20060907,4,4,3.99,3.99,32418
REB,20060907,3.55,3.61,3.55,3.6,43285
RED,20060907,0.13,0.135,0.13,0.135,110000
REF,20060907,2.7,2.85,2.7,2.8,17000
REH,20060907,16.25,16.26,16.25,16.25,410557
REU,20060907,1.03,1.03,1.02,1.03,673211
REX,20060907,1.04,1.05,1.04,1.05,131000
REY,20060907,0.17,0.175,0.17,0.175,331424
RFG,20060907,0.84,0.86,0.83,0.84,183047
RGP,20060907,0.19,0.19,0.19,0.19,50000
RHC,20060907,9.61,9.74,9.61,9.69,358969
RHD,20060907,0.53,0.53,0.53,0.53,12462
RHI,20060907,0.99,0.99,0.99,0.99,10389
RHL,20060907,3.8,3.8,3.8,3.8,604
RHT,20060907,0.027,0.027,0.027,0.027,260000
RIA,20060907,0.34,0.34,0.34,0.34,1475
RIC,20060907,1.155,1.16,1.155,1.16,136646
RIM,20060907,0.025,0.04,0.025,0.04,22568669
RIN,20060907,13.8,13.85,13.62,13.7,5230420
RIO,20060907,74.6,74.75,74.21,74.41,1863642
RIS,20060907,0.2,0.2,0.2,0.2,2500
RIV,20060907,1.23,1.26,1.22,1.24,236800
RKN,20060907,0.87,0.87,0.87,0.87,17510
RMA,20060907,0.1,0.1,0.1,0.1,58082
RMC,20060907,0.07,0.075,0.07,0.075,15000
RMD,20060907,5.27,5.32,5.22,5.29,2452348
RMI,20060907,0.035,0.037,0.035,0.036,1450000
RML,20060907,0.2,0.21,0.2,0.205,93474
RMS,20060907,0.24,0.255,0.24,0.25,289600
RNC,20060907,0.145,0.145,0.14,0.14,357200
RNG,20060907,0.145,0.145,0.14,0.145,292390
ROC,20060907,3.71,3.73,3.64,3.66,1247753
ROK,20060907,5.29,5.29,5.29,5.29,90
RPC,20060907,0.57,0.57,0.565,0.565,263000
RPM,20060907,0.053,0.053,0.053,0.053,20000
RPT,20060907,0.155,0.16,0.15,0.155,1141229
RRL,20060907,0.13,0.135,0.125,0.135,2935625
RRS,20060907,0.034,0.034,0.032,0.033,3414100
RRT,20060907,1.025,1.08,1.025,1.08,194400
RSG,20060907,1.6,1.6,1.54,1.56,353079
RSN,20060907,0.24,0.24,0.235,0.235,233618
RSP,20060907,1.165,1.17,1.15,1.15,49445
RTL,20060907,0.165,0.165,0.16,0.16,24538
RTM,20060907,0.024,0.024,0.022,0.022,345000
RUP,20060907,11.17,11.19,11.13,11.19,31261
RUR,20060907,0.24,0.24,0.24,0.24,245000
RVR,20060907,0.17,0.17,0.17,0.17,118696
RWD,20060907,0.25,0.25,0.22,0.22,121000
RXL,20060907,0.305,0.32,0.305,0.32,101250
SAE,20060907,0.52,0.52,0.515,0.515,14543
SAF,20060907,0.054,0.054,0.054,0.054,80000
SAH,20060907,0.05,0.05,0.05,0.05,200
SAI,20060907,3.51,3.55,3.5,3.55,497373
SAQ,20060907,5.6,5.6,5.6,5.6,3000
SAR,20060907,0.35,0.35,0.35,0.35,30000
SAU,20060907,0.225,0.235,0.225,0.235,63490
SBC,20060907,11.31,11.54,11.3,11.54,81034
SBM,20060907,0.54,0.545,0.535,0.545,1185266
SBP,20060907,0.063,0.063,0.063,0.063,81333
SBR,20060907,0.078,0.078,0.078,0.078,50000
SBS,20060907,0.095,0.1,0.095,0.1,6911841
SCB,20060907,0.885,0.885,0.885,0.885,500
SCC,20060907,0.36,0.36,0.36,0.36,34918
SCE,20060907,0.015,0.016,0.014,0.014,346326
SCF,20060907,110,110,110,110,13
SCV,20060907,0.69,0.69,0.69,0.69,9000
SDG,20060907,2.3,2.34,2.29,2.33,936418
SDI,20060907,0.77,0.785,0.77,0.78,1011358
SDL,20060907,0.088,0.089,0.087,0.089,1205806
SDM,20060907,1.5,1.5,1.45,1.5,107007
SEA,20060907,0.32,0.32,0.31,0.31,25000
SED,20060907,0.26,0.26,0.245,0.255,3390347
SEK,20060907,5.2,5.2,5.13,5.14,674534
SEL,20060907,4.06,4.2,4.02,4.17,646591
SEN,20060907,0.435,0.465,0.435,0.46,6183968
SEV,20060907,9.13,9.37,9.13,9.33,154351
SFC,20060907,6.8,6.89,6.8,6.85,36175
SFR,20060907,0.64,0.64,0.615,0.63,271663
SFY,20060907,50.15,50.15,50.15,50.15,100
SGB,20060907,29.9,30.17,29.8,30.07,1131211
SGL,20060907,0.3,0.3,0.285,0.285,1306244
SGM,20060907,20.5,21,20.5,21,289146
SGN,20060907,2.74,2.83,2.73,2.76,262031
SGP,20060907,7.23,7.23,7.13,7.19,5062697
SGV,20060907,0.062,0.062,0.062,0.062,447708
SGX,20060907,4.98,4.98,4.8,4.8,66143
SHA,20060907,0.42,0.42,0.42,0.42,30454
SHC,20060907,0.145,0.165,0.13,0.165,1058780
SHG,20060907,0.3,0.3,0.29,0.29,185000
SHL,20060907,12.49,12.64,12.08,12.45,945005
SHV,20060907,13.29,13.29,13.1,13.15,22269
SIE,20060907,0.074,0.076,0.074,0.076,17196
SIM,20060907,0.45,0.46,0.45,0.45,41330
SIP,20060907,2.43,2.46,2.42,2.46,625031
SKC,20060907,4.21,4.23,4.21,4.23,3665
SKE,20060907,5.47,5.55,5.4,5.54,163840
SKS,20060907,0.62,0.62,0.62,0.62,11500
SLA,20060907,0.22,0.225,0.21,0.21,115000
SLF,20060907,19.82,19.92,19.75,19.9,10070
SLM,20060907,3.28,3.28,3.21,3.28,22603
SLT,20060907,0.066,0.066,0.066,0.066,80000
SLV,20060907,0.8,0.83,0.79,0.83,120701
SLX,20060907,3.68,3.73,3.65,3.66,72236
SML,20060907,0.039,0.039,0.039,0.039,145000
SMM,20060907,1.545,1.555,1.53,1.54,248679
SMN,20060907,0.099,0.1,0.097,0.1,435714
SMO,20060907,0.12,0.12,0.115,0.115,551886
SMX,20060907,3.62,3.63,3.61,3.61,98830
SMY,20060907,1.185,1.255,1.185,1.24,1124476
SNN,20060907,0.058,0.06,0.058,0.059,856000
SNO,20060907,0.6,0.62,0.6,0.6,219558
SOE,20060907,0.19,0.19,0.19,0.19,130351
SOL,20060907,7.79,7.79,7.63,7.7,42322
SOT,20060907,0.71,0.715,0.71,0.71,82338
SPH,20060907,1,1,0.97,1,379433
SPL,20060907,0.46,0.49,0.46,0.46,223065
SPN,20060907,1.295,1.3,1.29,1.3,2371983
SPT,20060907,4.36,4.5,4.32,4.5,304645
SRA,20060907,0.03,0.032,0.03,0.03,1142757
SRB,20060907,1.23,1.23,1.23,1.23,12420
SRG,20060907,1.085,1.085,1.07,1.085,6238974
SRH,20060907,1.53,1.55,1.5,1.55,29900
SRI,20060907,0.06,0.06,0.06,0.06,281398
SRK,20060907,0.89,0.905,0.88,0.905,81779
SRL,20060907,4.04,4.09,4.04,4.05,44025
SRV,20060907,5.58,5.65,5.58,5.65,8302
SRX,20060907,2.32,2.32,2.32,2.32,10000
SRZ,20060907,0.27,0.29,0.27,0.285,123000
SSI,20060907,3.22,3.25,3.02,3.25,20485
SSN,20060907,0.325,0.325,0.325,0.325,186349
SSX,20060907,1.715,1.725,1.69,1.71,766822
STB,20060907,0.215,0.215,0.215,0.215,45000
STI,20060907,0.096,0.096,0.096,0.096,1875
STO,20060907,11.33,11.43,11.21,11.31,3258920
STP,20060907,0.089,0.09,0.089,0.09,5560
STR,20060907,0.515,0.515,0.5,0.5,455908
STS,20060907,1.23,1.28,1.22,1.23,199930
STU,20060907,1.275,1.285,1.27,1.27,33526
STW,20060907,50.49,50.59,50.25,50.52,27060
STX,20060907,0.25,0.26,0.25,0.255,746340
SUL,20060907,2.3,2.32,2.29,2.32,46347
SUN,20060907,20.73,20.97,20.6,20.93,2159258
SYB,20060907,3.08,3.2,3.08,3.17,2902336
SYG,20060907,0.006,0.006,0.006,0.006,6000
SYM,20060907,0.81,0.825,0.8,0.825,109650
SYN,20060907,3.6,3.65,3.6,3.65,21019
SYP,20060907,0.345,0.35,0.325,0.325,299322
TAH,20060907,15.06,15.2,15.05,15.15,951156
TAM,20060907,0.255,0.26,0.25,0.25,381218
TAP,20060907,1.73,1.74,1.71,1.72,354418
TAS,20060907,0.093,0.094,0.09,0.094,164609
TAW,20060907,0.22,0.22,0.205,0.21,107276
TBG,20060907,1.68,1.7,1.66,1.68,36935
TCI,20060907,1.22,1.25,1.2,1.25,336033
TCL,20060907,6.98,7.02,6.91,7.02,2721477
TCN,20060907,0.053,0.053,0.053,0.053,234922
TCQ,20060907,1.49,1.49,1.4,1.4,1058178
TEE,20060907,0.019,0.019,0.019,0.019,440000
TEL,20060907,3.57,3.62,3.56,3.62,1208435
TEN,20060907,2.8,2.83,2.76,2.83,747508
TFC,20060907,0.375,0.375,0.37,0.37,134500
TFE,20060907,0.32,0.33,0.31,0.33,154070
TGF,20060907,0.305,0.31,0.305,0.31,9500
TGG,20060907,1.5,1.5,1.495,1.5,36200
TGP,20060907,2.41,2.43,2.4,2.43,34271
TGR,20060907,1.25,1.275,1.25,1.27,241652
TGS,20060907,0.52,0.55,0.52,0.55,384260
THG,20060907,0.825,0.83,0.825,0.83,73715
THK,20060907,0.29,0.29,0.28,0.285,89992
THO,20060907,0.61,0.62,0.6,0.62,66188
THX,20060907,0.375,0.415,0.37,0.395,3820099
TIM,20060907,2.81,2.82,2.6,2.62,2234873
TJN,20060907,1.14,1.2,1.14,1.15,40000
TKG,20060907,0.009,0.009,0.009,0.009,90000
TKR,20060907,1.75,1.75,1.75,1.75,580
TLS,20060907,3.57,3.61,3.57,3.58,16301562
TLZ,20060907,0.23,0.24,0.23,0.24,22000
TMO,20060907,0.16,0.16,0.15,0.16,153735
TMX,20060907,0.14,0.14,0.14,0.14,160000
TNE,20060907,0.77,0.825,0.77,0.8,982188
TNG,20060907,0.29,0.3,0.29,0.3,139770
TNL,20060907,0.38,0.38,0.38,0.38,5000
TOE,20060907,0.76,0.76,0.75,0.75,99165
TOL,20060907,13.77,13.87,13.74,13.79,1323217
TOX,20060907,0.14,0.14,0.135,0.14,795000
TQH,20060907,0.24,0.24,0.24,0.24,7000
TRF,20060907,0.24,0.24,0.24,0.24,12085
TRG,20060907,10.9,11.15,10.9,11.15,88682
TRO,20060907,0.26,0.26,0.26,0.26,2230
TRS,20060907,7.15,7.15,7.1,7.12,120543
TRU,20060907,11.55,11.55,11.55,11.55,257
TRY,20060907,2.6,2.6,2.59,2.59,6863
TSE,20060907,8.39,8.45,8.36,8.36,360628
TSO,20060907,2.35,2.35,2.33,2.35,409844
TSV,20060907,0.022,0.022,0.022,0.022,800000
TTH,20060907,0.057,0.057,0.057,0.057,325
TTI,20060907,0.3,0.305,0.3,0.3,229000
TTR,20060907,0.145,0.145,0.14,0.14,313603
TTS,20060907,3.23,3.26,3.22,3.25,3502233
TTV,20060907,0.48,0.48,0.48,0.48,6250
TVL,20060907,0.255,0.28,0.25,0.28,594981
TWD,20060907,1.59,1.59,1.59,1.59,4000
TWO,20060907,1.64,1.645,1.63,1.63,27876
TWR,20060907,2.68,2.7,2.64,2.67,348043
TZL,20060907,0.52,0.56,0.515,0.56,124699
TZN,20060907,1.58,1.59,1.48,1.51,667918
UCL,20060907,0.041,0.041,0.04,0.04,414173
UCM,20060907,0.39,0.39,0.39,0.39,2000
UCW,20060907,0.99,1,0.96,1,48000
UEQ,20060907,0.29,0.29,0.28,0.29,71000
UGL,20060907,13.85,14.16,13.85,14.03,153658
UKD,20060907,0.17,0.17,0.15,0.15,125250
UKL,20060907,0.435,0.435,0.42,0.43,174201
UNI,20060907,0.23,0.23,0.215,0.22,243521
UNW,20060907,0.375,0.38,0.365,0.38,469995
UNX,20060907,0.575,0.575,0.555,0.56,82000
UOS,20060907,1.71,1.71,1.71,1.71,2000
URA,20060907,0.265,0.265,0.245,0.245,181000
URL,20060907,0.21,0.215,0.21,0.215,895848
UTB,20060907,14.01,14.2,14,14.2,154065
UTO,20060907,0.495,0.5,0.47,0.5,82120
UXA,20060907,0.36,0.36,0.355,0.36,107000
UXC,20060907,1.25,1.26,1.22,1.245,314803
VBA,20060907,1.57,1.62,1.55,1.62,193488
VCM,20060907,2.24,2.26,2.22,2.26,103280
VCN,20060907,0.23,0.23,0.23,0.23,43300
VCR,20060907,0.82,0.835,0.82,0.83,669585
VGH,20060907,3.9,3.93,3.9,3.93,41462
VGP,20060907,0.46,0.46,0.44,0.44,65044
VHL,20060907,0.185,0.23,0.185,0.2,3119185
VIA,20060907,0.072,0.08,0.072,0.08,11107
VIL,20060907,0.059,0.059,0.057,0.057,849165
VIR,20060907,0.89,0.895,0.885,0.89,137150
VKI,20060907,0.9,0.9,0.9,0.9,18435
VLL,20060907,0.155,0.195,0.155,0.175,1518390
VMG,20060907,1.74,1.74,1.74,1.74,6000
VML,20060907,0.4,0.4,0.375,0.375,403598
VPE,20060907,0.025,0.026,0.024,0.025,4596897
VPG,20060907,1.56,1.62,1.55,1.62,1231641
VPH,20060907,0.285,0.285,0.285,0.285,109800
VRE,20060907,0.205,0.205,0.2,0.2,906656
VRL,20060907,2.41,2.43,2.4,2.4,5300
VSL,20060907,2.11,2.12,2.1,2.11,943633
VTP,20060907,1.15,1.155,1.14,1.155,106700
VUL,20060907,1.55,1.64,1.54,1.62,64391
VWD,20060907,1.74,1.78,1.74,1.78,57555
WAB,20060907,1.03,1.04,1.03,1.04,227337
WAL,20060907,0.16,0.16,0.16,0.16,6550
WAM,20060907,1.8,1.84,1.8,1.84,13093
WAN,20060907,9.6,9.6,9.48,9.55,436938
WAS,20060907,0.025,0.025,0.025,0.025,70000
WAT,20060907,2.18,2.3,2.18,2.3,19396
WBA,20060907,0.73,0.73,0.72,0.73,67891
WBC,20060907,23.16,23.3,23.05,23.22,2191570
WCP,20060907,0.08,0.09,0.08,0.085,269002
WDC,20060907,18.2,18.28,18.11,18.28,3964227
WEB,20060907,0.34,0.34,0.335,0.335,207800
WEC,20060907,1.01,1.01,1.01,1.01,25
WES,20060907,33.65,33.72,33.52,33.55,791157
WEZ,20060907,0.145,0.145,0.14,0.14,293230
WFL,20060907,1.41,1.41,1.41,1.41,29241
WGP,20060907,0.12,0.12,0.12,0.12,11035
WGR,20060907,0.2,0.205,0.2,0.205,310000
WHF,20060907,3.95,3.95,3.95,3.95,66999
WHG,20060907,5.83,5.87,5.83,5.83,6469
WHS,20060907,4.38,4.38,4.38,4.38,1000
WIL,20060907,0.995,0.995,0.99,0.99,68195
WLL,20060907,2,2,2,2,7500
WME,20060907,0.125,0.14,0.125,0.14,286000
WMT,20060907,0.023,0.024,0.022,0.024,1985000
WOR,20060907,17.59,18.01,17.42,17.85,1752048
WOW,20060907,20.25,20.58,20.22,20.5,3252703
WPG,20060907,0.24,0.24,0.24,0.24,18500
WPL,20060907,40.6,40.89,40.41,40.68,1565683
WRL,20060907,0.17,0.17,0.17,0.17,37533
WSA,20060907,2.99,3.04,2.98,3.04,201553
WSP,20060907,0.18,0.18,0.17,0.17,61369
WSS,20060907,0.069,0.069,0.069,0.069,14117
WST,20060907,0.45,0.45,0.45,0.45,9000
WTF,20060907,3.79,3.79,3.67,3.67,19435
WTP,20060907,2.46,2.46,2.46,2.46,11000
WWA,20060907,1.8,1.8,1.8,1.8,6600
WWM,20060907,0.026,0.026,0.025,0.026,912583
WYL,20060907,2.74,2.79,2.73,2.79,588133
XAO,20060907,5078.7,5079.8,5046.8,5075.8,0
XBW,20060907,390.31,390.31,390.31,390.31,0
XDJ,20060907,2348.3,2364,2339,2363,0
XEJ,20060907,11641.2,11641.2,11500.2,11590.5,0
XFJ,20060907,6106.8,6125.2,6072.1,6117.8,0
XFL,20060907,5011.8,5013.1,4978.5,5007,0
XGD,20060907,4525.8,4525.8,4525.8,4525.8,0
XHJ,20060907,6250.1,6250.1,6150,6230.2,0
XIJ,20060907,478.5,478.9,470.2,476.1,0
XJO,20060907,5113.8,5113.8,5078.2,5108.7,0
XKO,20060907,5113.9,5114.3,5079.1,5109.5,0
XMD,20060907,5062.8,5072.2,5019.3,5060.1,0
XMJ,20060907,10291.3,10291.3,10186,10222.2,0
XMM,20060907,3502.9,3502.9,3502.9,3502.9,0
XNJ,20060907,5351.8,5362.5,5329.3,5340.2,0
XPJ,20060907,2100.6,2108.4,2087.4,2108.4,0
XSJ,20060907,6671.2,6679.7,6610.1,6662.5,0
XSO,20060907,2953.9,2953.9,2934.7,2952.4,0
XTE,20060907,22,23,22,23,11590
XTJ,20060907,1254.7,1262.2,1248.7,1254.6,0
XTL,20060907,2790,2790,2770.2,2783.8,0
XTO,20060907,4146.6,4147.3,4118,4142.9,0
XUJ,20060907,6272.8,6272.8,6200,6242.9,0
XXJ,20060907,6284.9,6306.2,6246.9,6292.8,0
YGL,20060907,0.11,0.115,0.11,0.115,208283
ZBB,20060907,0.155,0.165,0.155,0.165,10000
ZCO,20060907,0.18,0.18,0.17,0.17,70000
ZDX,20060907,0.18,0.18,0.18,0.18,5000
ZFX,20060907,12.02,12.2,12.02,12.07,6645597
ZIM,20060907,11.5,11.6,11.5,11.5,18177
ZTL,20060907,0.825,0.825,0.825,0.825,34000
ZYL,20060907,0.029,0.034,0.028,0.028,698397
