AAC,20060502,1.87,1.88,1.825,1.83,113627
AAE,20060502,0.76,0.76,0.635,0.64,3115929
AAM,20060502,0.275,0.275,0.275,0.275,44275
AAO,20060502,0.25,0.25,0.24,0.24,19000
AAQ,20060502,0.43,0.43,0.4,0.405,106000
AAR,20060502,0.034,0.035,0.033,0.034,1955394
AAT,20060502,0.125,0.125,0.125,0.125,5000
AAU,20060502,0.575,0.58,0.575,0.575,88400
ABB,20060502,7.51,7.54,7.45,7.54,166825
ABC,20060502,2.41,2.43,2.35,2.36,547675
ABI,20060502,0.064,0.064,0.062,0.062,250660
ABJ,20060502,1.53,1.55,1.5,1.5,143671
ABP,20060502,1.49,1.53,1.48,1.5,2487582
ABQ,20060502,0.125,0.14,0.125,0.14,20365
ABS,20060502,7.85,8.12,7.81,7.82,2170443
ACE,20060502,0.11,0.12,0.11,0.12,448233
ACG,20060502,0.28,0.28,0.28,0.28,17000
ACL,20060502,1.28,1.34,1.28,1.32,121978
ACR,20060502,0.68,0.68,0.67,0.68,29300
ACS,20060502,0.17,0.17,0.17,0.17,7000
ACU,20060502,0.115,0.115,0.115,0.115,118000
ADA,20060502,0.51,0.52,0.505,0.505,109788
ADB,20060502,13.16,13.3,13.15,13.2,179206
ADG,20060502,3.01,3.01,3,3,12342
ADI,20060502,0.265,0.265,0.26,0.26,13890
ADL,20060502,0.068,0.069,0.068,0.069,136000
ADN,20060502,0.5,0.5,0.49,0.49,161000
ADT,20060502,0.97,0.97,0.97,0.97,5000
ADU,20060502,0.75,0.76,0.75,0.76,41625
ADX,20060502,0.125,0.125,0.12,0.12,328000
ADY,20060502,0.097,0.097,0.095,0.096,1017812
ADZ,20060502,2.04,2.04,1.975,1.98,1098633
AEC,20060502,4.37,4.38,4.36,4.37,56080
AED,20060502,1,1,0.95,0.95,453900
AEF,20060502,27,27,25,25,639
AEI,20060502,0.625,0.625,0.625,0.625,4000
AEO,20060502,1.635,1.635,1.635,1.635,37121
AET,20060502,0.77,0.9,0.77,0.9,8000
AEU,20060502,1.695,1.73,1.695,1.73,135259
AEX,20060502,0.048,0.049,0.047,0.049,3079923
AEZ,20060502,1.12,1.135,1.12,1.135,1043968
AFI,20060502,4.74,4.76,4.72,4.72,246145
AFT,20060502,0.017,0.017,0.016,0.016,1872472
AGC,20060502,1.75,1.75,1.74,1.75,177300
AGG,20060502,14.3,14.3,14.26,14.3,1994
AGI,20060502,0.455,0.46,0.455,0.455,118298
AGL,20060502,19.4,19.5,19.35,19.4,1303671
AGO,20060502,0.62,0.62,0.6,0.6,281934
AGS,20060502,0.43,0.43,0.4,0.405,629031
AGX,20060502,0.185,0.19,0.185,0.185,302863
AGY,20060502,0.06,0.06,0.06,0.06,18518
AGZ,20060502,0.365,0.375,0.365,0.365,41276
AHD,20060502,4.75,4.75,4.75,4.75,3559
AHE,20060502,1.5,1.5,1.5,1.5,19812
AHS,20060502,1.16,1.16,1.14,1.14,25783
AHU,20060502,5.08,5.12,5.08,5.12,706
AIA,20060502,1.68,1.68,1.675,1.675,91169
AIE,20060502,0.41,0.42,0.385,0.385,189848
AII,20060502,0.255,0.255,0.255,0.255,3612
AIM,20060502,0.145,0.15,0.14,0.14,8248675
AIV,20060502,0.19,0.19,0.19,0.19,112317
AIX,20060502,2.25,2.26,2.23,2.23,742596
AIZ,20060502,1.065,1.08,1.065,1.07,2132
AJL,20060502,1.02,1.025,1.01,1.02,92320
ALB,20060502,1,1,0.99,1,18343
ALD,20060502,0.625,0.625,0.6,0.615,1096559
ALK,20060502,0.27,0.275,0.255,0.255,1014775
ALL,20060502,14.03,14.58,13.82,14,6826688
ALN,20060502,11.33,11.44,11.32,11.37,547275
ALR,20060502,1.61,1.67,1.61,1.67,25000
ALS,20060502,9.91,9.91,9.7,9.7,152047
ALU,20060502,0.38,0.405,0.38,0.39,100400
ALZ,20060502,2.07,2.07,2.05,2.05,572260
AMB,20060502,0.87,0.87,0.87,0.87,9246
AMC,20060502,6.95,6.99,6.89,6.97,3194656
AMG,20060502,0.1,0.1,0.1,0.1,10830
AMH,20060502,0.605,0.61,0.59,0.61,85019
AMM,20060502,0.145,0.145,0.145,0.145,1979351
AMO,20060502,0.68,0.68,0.67,0.67,32000
AMP,20060502,9.06,9.16,9.03,9.07,4407783
AMU,20060502,1.12,1.35,1.12,1.27,4071334
ANC,20060502,7,7,6.99,6.99,15000
AND,20060502,0.425,0.44,0.415,0.415,2309210
ANE,20060502,4,4,4,4,73375
ANG,20060502,0.34,0.34,0.3,0.34,81585
ANH,20060502,0.073,0.073,0.069,0.069,6159700
ANM,20060502,0.23,0.27,0.23,0.25,831803
ANN,20060502,11.25,11.39,11.19,11.22,591587
ANP,20060502,0.032,0.032,0.031,0.031,2346504
ANX,20060502,0.325,0.325,0.325,0.325,10000
ANZ,20060502,28.3,28.32,28.02,28.12,3632346
AOC,20060502,0.11,0.11,0.11,0.11,135651
AOD,20060502,9.5,10,9.5,10,1250
AOE,20060502,0.62,0.625,0.6,0.61,712147
AOI,20060502,0.098,0.1,0.095,0.099,562500
AOM,20060502,0.019,0.019,0.019,0.019,326268
APA,20060502,4.44,4.57,4.44,4.57,142416
APD,20060502,2.4,2.4,2.4,2.4,202929
APG,20060502,0.019,0.02,0.018,0.019,2047256
API,20060502,2.51,2.51,2.48,2.48,1341272
APM,20060502,0.02,0.021,0.02,0.021,300000
APN,20060502,5.1,5.12,4.94,5.02,2257734
APZ,20060502,1.41,1.43,1.41,1.425,93349
AQA,20060502,7.79,7.79,7.49,7.49,16517
AQD,20060502,0.73,0.85,0.72,0.78,1362908
AQL,20060502,0.026,0.026,0.025,0.025,120000
AQP,20060502,19.12,19.2,18.95,19.08,93539
ARA,20060502,0.45,0.46,0.45,0.46,215200
ARE,20060502,0.155,0.155,0.15,0.155,628250
ARG,20060502,6.93,7.01,6.92,6.98,72580
ARM,20060502,0.22,0.22,0.22,0.22,67000
ARO,20060502,0.031,0.031,0.031,0.031,80000
ARP,20060502,3.27,3.27,3.27,3.27,31020
ARQ,20060502,1.585,1.62,1.575,1.575,994207
ARU,20060502,0.455,0.46,0.435,0.44,659903
ARW,20060502,1.99,1.99,1.91,1.92,196368
ARX,20060502,0.06,0.061,0.06,0.06,297889
ARZ,20060502,1.03,1.03,1.03,1.03,425
ASB,20060502,2.66,2.66,2.6,2.64,203062
ASC,20060502,0.044,0.044,0.042,0.042,70000
ASL,20060502,1.65,1.67,1.65,1.66,677691
ASP,20060502,0.13,0.13,0.13,0.13,797000
ASQ,20060502,0.4,0.4,0.4,0.4,2735
ASV,20060502,0.058,0.058,0.055,0.055,200694
ASX,20060502,32.49,32.49,31.8,31.81,383398
ASZ,20060502,0.685,0.7,0.685,0.7,62065
ATG,20060502,0.41,0.41,0.395,0.4,461405
ATP,20060502,0.33,0.33,0.33,0.33,37500
ATR,20060502,3.5,3.5,3.42,3.45,25521
ATV,20060502,0.155,0.16,0.155,0.155,131667
ATZ,20060502,0.215,0.225,0.215,0.225,79100
AUB,20060502,2.85,2.88,2.8,2.86,39250
AUH,20060502,0.06,0.06,0.06,0.06,200000
AUL,20060502,0.03,0.03,0.029,0.029,4250633
AUM,20060502,0.335,0.34,0.335,0.335,51250
AUN,20060502,1.27,1.275,1.25,1.265,6030839
AUS,20060502,1.55,1.63,1.55,1.57,79492
AUT,20060502,0.48,0.485,0.48,0.48,396006
AUW,20060502,2.46,2.49,2.45,2.47,1114330
AUX,20060502,0.053,0.053,0.053,0.053,26789
AUZ,20060502,0.022,0.022,0.021,0.021,3240353
AVA,20060502,0.058,0.06,0.058,0.06,450000
AVE,20060502,1.81,1.81,1.785,1.785,70970
AVJ,20060502,1.29,1.29,1.28,1.28,48616
AVM,20060502,0.97,0.985,0.96,0.985,168500
AVO,20060502,0.8,0.8,0.765,0.78,572797
AVP,20060502,0.027,0.027,0.027,0.027,20000
AVR,20060502,1.545,1.55,1.54,1.54,25760
AVU,20060502,0.72,0.73,0.68,0.68,490288
AVV,20060502,1.1,1.12,1.09,1.1,133465
AVX,20060502,0.275,0.28,0.275,0.275,240847
AWB,20060502,4.61,4.61,4.34,4.38,1499196
AWC,20060502,7.35,7.42,7.3,7.36,5860863
AWE,20060502,2.94,2.98,2.86,2.86,2089309
AWS,20060502,0.027,0.027,0.027,0.027,125000
AXA,20060502,6.38,6.42,6.26,6.34,1645597
AXD,20060502,0.28,0.3,0.28,0.3,25643
AXI,20060502,0.125,0.14,0.12,0.135,1667000
AXM,20060502,0.28,0.28,0.275,0.28,115516
AXO,20060502,0.6,0.6,0.6,0.6,26386
AXQ,20060502,0.975,0.985,0.965,0.97,338273
AYR,20060502,0.175,0.185,0.175,0.185,744916
AZA,20060502,1.5,1.5,1.47,1.48,797572
AZC,20060502,0.25,0.25,0.24,0.24,64150
AZD,20060502,2.4,2.55,2,2.55,14800
AZM,20060502,0.33,0.34,0.315,0.33,306776
AZR,20060502,0.22,0.22,0.215,0.22,1201525
AZX,20060502,1.3,1.3,1.25,1.3,66197
AZZ,20060502,0.47,0.475,0.47,0.47,75320
BAR,20060502,0.33,0.355,0.33,0.35,4191434
BAS,20060502,0.07,0.07,0.068,0.07,1055547
BAX,20060502,4.76,4.76,4.75,4.75,3500
BBB,20060502,0.14,0.145,0.13,0.13,386775
BBG,20060502,15.42,15.69,15.42,15.6,531818
BBI,20060502,1.545,1.545,1.53,1.53,3656918
BBW,20060502,1.675,1.675,1.65,1.65,561068
BCA,20060502,3.21,3.26,3.21,3.23,292348
BCL,20060502,5.46,5.46,5.38,5.43,14129
BCM,20060502,4.18,4.18,4.14,4.17,349944
BDG,20060502,2.41,2.41,2.35,2.36,1410763
BDI,20060502,0.94,0.94,0.86,0.86,600562
BDL,20060502,0.17,0.175,0.17,0.17,2185696
BDM,20060502,0.48,0.48,0.47,0.47,10000
BDS,20060502,2.57,2.57,2.57,2.57,11000
BEC,20060502,0.52,0.52,0.515,0.515,191709
BEI,20060502,2.64,2.69,2.64,2.66,732690
BEL,20060502,0.415,0.415,0.405,0.41,338338
BEN,20060502,13.85,13.85,13.5,13.5,186434
BER,20060502,0.335,0.335,0.335,0.335,87000
BGD,20060502,0.66,0.7,0.63,0.7,335750
BGF,20060502,0.445,0.445,0.425,0.43,2814044
BGL,20060502,0.23,0.23,0.23,0.23,12000
BGN,20060502,0.09,0.09,0.09,0.09,48000
BHP,20060502,30.66,30.78,30.25,30.38,14506312
BIL,20060502,11.32,11.34,11.13,11.16,8100373
BIT,20060502,0.25,0.25,0.25,0.25,500
BIX,20060502,0.09,0.09,0.09,0.09,946
BJT,20060502,1.78,1.79,1.765,1.79,1664441
BKA,20060502,0.36,0.36,0.36,0.36,2000
BKG,20060502,0.2,0.2,0.2,0.2,107400
BKI,20060502,1.42,1.43,1.42,1.42,57126
BKL,20060502,14.5,14.58,14.39,14.4,16699
BKN,20060502,5.6,5.64,5.34,5.4,385566
BKP,20060502,0.31,0.31,0.305,0.305,467690
BKR,20060502,0.345,0.345,0.33,0.33,41500
BKW,20060502,12.27,12.32,12.27,12.3,5948
BKY,20060502,1.395,1.395,1.245,1.245,314726
BLD,20060502,9.6,9.62,9.31,9.42,3247334
BLN,20060502,0.5,0.5,0.48,0.49,292750
BLR,20060502,0.083,0.088,0.083,0.085,3009266
BLT,20060502,0.085,0.085,0.083,0.083,306000
BLZ,20060502,0.032,0.032,0.03,0.03,260000
BMN,20060502,1,1.1,0.83,0.915,1401849
BMO,20060502,0.36,0.36,0.35,0.355,961845
BMX,20060502,0.38,0.385,0.38,0.385,958653
BNB,20060502,18.15,18.19,17.91,18.18,527032
BNE,20060502,0.2,0.2,0.2,0.2,200
BNO,20060502,0.21,0.21,0.21,0.21,215000
BNT,20060502,0.365,0.365,0.36,0.36,157200
BOC,20060502,0.885,0.9,0.86,0.86,50000
BOD,20060502,0.06,0.06,0.06,0.06,70000
BOL,20060502,4.62,4.64,4.35,4.57,1046764
BON,20060502,0.11,0.11,0.11,0.11,61100
BOQ,20060502,15.4,15.4,14.85,14.94,259497
BOS,20060502,0.18,0.18,0.175,0.175,565000
BOW,20060502,0.185,0.185,0.18,0.185,190000
BPC,20060502,0.965,0.98,0.965,0.98,10719999
BPH,20060502,0.145,0.15,0.145,0.15,86779
BPK,20060502,0.13,0.13,0.13,0.13,97160
BPO,20060502,0.018,0.018,0.018,0.018,758444
BPT,20060502,1.51,1.58,1.51,1.575,2978186
BQT,20060502,0.125,0.135,0.125,0.13,737199
BRO,20060502,0.039,0.044,0.039,0.042,15774713
BRT,20060502,0.09,0.1,0.09,0.1,150000
BRW,20060502,0.075,0.075,0.072,0.072,2222952
BRZ,20060502,1.67,1.69,1.67,1.68,91323
BSA,20060502,0.265,0.265,0.265,0.265,11500
BSG,20060502,2.77,2.77,2.67,2.69,1689329
BSL,20060502,7.8,7.85,7.75,7.78,3800337
BSM,20060502,0.245,0.255,0.245,0.255,17500
BSO,20060502,2.1,2.12,2.1,2.11,17125
BTA,20060502,1.67,1.68,1.655,1.655,321370
BTC,20060502,0.48,0.5,0.48,0.49,241600
BTV,20060502,0.075,0.081,0.073,0.076,22246643
BTX,20060502,0.325,0.325,0.3,0.315,1968743
BUG,20060502,0.54,0.54,0.53,0.53,2900
BUY,20060502,0.065,0.065,0.063,0.063,410145
BWP,20060502,1.945,1.945,1.925,1.925,284514
BXP,20060502,0.205,0.205,0.19,0.19,1822336
BZI,20060502,0.52,0.52,0.52,0.52,18000
CAA,20060502,1.3,1.36,1.3,1.33,157509
CAB,20060502,6.33,6.47,6.3,6.3,282875
CAF,20060502,0.97,1.1,0.97,1,147045
CAG,20060502,0.017,0.018,0.017,0.017,717410
CAL,20060502,0.58,0.58,0.54,0.57,95400
CAM,20060502,0.96,0.96,0.96,0.96,13142
CAQ,20060502,0.25,0.26,0.25,0.26,144000
CAS,20060502,0.33,0.33,0.3,0.31,216720
CAU,20060502,0.095,0.095,0.091,0.091,131134
CAZ,20060502,0.5,0.55,0.495,0.5,7962428
CBA,20060502,47.1,47.1,46.53,46.63,3191306
CBD,20060502,0.037,0.037,0.037,0.037,5300
CBH,20060502,0.43,0.46,0.43,0.46,2758442
CCE,20060502,0.155,0.16,0.15,0.15,575666
CCI,20060502,0.014,0.014,0.014,0.014,2325000
CCK,20060502,0.19,0.19,0.19,0.19,1500
CCL,20060502,7.32,7.34,7.23,7.3,2313648
CCP,20060502,6.7,6.84,6.69,6.8,65061
CCS,20060502,0.065,0.065,0.063,0.063,100000
CCV,20060502,0.345,0.345,0.345,0.345,28696
CDA,20060502,0.9,0.9,0.85,0.85,97519
CDD,20060502,4.84,4.84,4.63,4.68,4105
CDF,20060502,1.8,1.8,1.771,1.771,1170
CDO,20060502,3.79,3.82,3.77,3.77,982151
CDP,20060502,3.72,3.72,3.72,3.72,1432
CDR,20060502,2.24,2.25,2.19,2.19,1001662
CDT,20060502,0.305,0.35,0.3,0.31,324422
CDX,20060502,2.65,2.68,2.65,2.65,10180
CEG,20060502,1.44,1.44,1.41,1.41,90365
CEO,20060502,0.185,0.185,0.175,0.175,71220
CEQ,20060502,2.36,2.39,2.36,2.39,538556
CER,20060502,1.59,1.59,1.56,1.56,1171223
CEU,20060502,1.175,1.19,1.155,1.17,1796690
CEY,20060502,3.45,3.46,3.36,3.42,6063189
CFE,20060502,0.645,0.645,0.57,0.59,1147589
CFI,20060502,0.595,0.595,0.59,0.59,833457
CFK,20060502,0.46,0.47,0.455,0.47,103882
CFR,20060502,0.017,0.017,0.017,0.017,1359000
CFU,20060502,0.655,0.685,0.65,0.685,69661
CGF,20060502,3.67,3.71,3.58,3.6,2063884
CGM,20060502,0.44,0.46,0.44,0.45,102095
CGO,20060502,0.605,0.605,0.605,0.605,250000
CGS,20060502,0.19,0.19,0.19,0.19,50513
CGX,20060502,0.48,0.48,0.48,0.48,20000
CHB,20060502,41.26,41.41,41.26,41.41,146
CHD,20060502,0.72,0.72,0.72,0.72,2380200
CHF,20060502,0.41,0.41,0.41,0.41,20000
CHL,20060502,0.23,0.23,0.22,0.22,108096
CHN,20060502,0.275,0.28,0.275,0.28,250000
CHO,20060502,5.55,5.55,5.55,5.55,1722
CHQ,20060502,0.59,0.59,0.57,0.585,156000
CHT,20060502,0.011,0.012,0.011,0.012,3943333
CHX,20060502,1.46,1.46,1.45,1.46,93980
CIG,20060502,0.086,0.089,0.085,0.089,591461
CII,20060502,0.13,0.13,0.13,0.13,75000
CIR,20060502,1.1,1.115,1.09,1.09,106200
CIX,20060502,0.49,0.49,0.48,0.485,99850
CIY,20060502,3.8,3.8,3.7,3.7,119988
CKL,20060502,0.535,0.535,0.535,0.535,6000
CKR,20060502,0.18,0.18,0.175,0.175,79000
CLF,20060502,0.255,0.265,0.255,0.265,48000
CLH,20060502,0.9,0.9,0.895,0.895,302042
CLO,20060502,0.46,0.46,0.45,0.46,111898
CLT,20060502,1.24,1.24,1.21,1.21,14000
CLV,20060502,0.135,0.135,0.13,0.13,168700
CMI,20060502,1.24,1.24,1.21,1.23,43456
CMK,20060502,0.42,0.42,0.41,0.41,50800
CML,20060502,10.65,10.9,10.65,10.83,4069143
CMO,20060502,0.008,0.008,0.008,0.008,1000000
CMP,20060502,0.076,0.08,0.076,0.08,49688
CMQ,20060502,0.585,0.585,0.52,0.54,682099
CMR,20060502,2.75,2.75,2.5,2.64,277992
CMS,20060502,0.033,0.033,0.033,0.033,35000
CMV,20060502,0.38,0.39,0.37,0.39,251094
CMW,20060502,0.805,0.83,0.8,0.83,153974
CMX,20060502,0.62,0.62,0.59,0.59,359996
CND,20060502,3.33,3.33,3.21,3.29,107897
CNF,20060502,0.105,0.115,0.105,0.115,456527
CNM,20060502,0.045,0.045,0.041,0.041,1414611
CNN,20060502,0.023,0.025,0.023,0.023,730000
CNP,20060502,6.57,6.57,6.47,6.47,3587669
CNR,20060502,0.63,0.63,0.63,0.63,3500
CNT,20060502,0.88,0.89,0.88,0.88,86685
COA,20060502,6.12,6.25,6,6.01,1735097
COE,20060502,0.72,0.725,0.7,0.715,560104
COF,20060502,3.13,3.15,3.12,3.12,685510
COH,20060502,52.5,52.61,51.1,51.67,341889
COI,20060502,0.32,0.32,0.32,0.32,26800
COK,20060502,0.165,0.185,0.165,0.18,1889550
COO,20060502,0.14,0.14,0.13,0.13,29000
COS,20060502,0.18,0.18,0.165,0.165,110000
COU,20060502,2.04,2.04,2.02,2.02,68862
COZ,20060502,0.25,0.25,0.25,0.25,196495
CPA,20060502,1.355,1.355,1.34,1.34,3209083
CPB,20060502,14.75,14.84,14.7,14.84,112735
CPI,20060502,0.545,0.545,0.545,0.545,104500
CPK,20060502,3.85,3.85,3.84,3.84,17250
CPR,20060502,1.345,1.345,1.345,1.345,2000
CPU,20060502,8,8.03,7.95,7.98,1320795
CQT,20060502,0.16,0.17,0.155,0.16,1973835
CRC,20060502,0.335,0.335,0.325,0.325,198350
CRE,20060502,0.51,0.52,0.45,0.48,4754782
CRG,20060502,13.18,13.24,12.9,12.92,445686
CRK,20060502,0.91,0.91,0.91,0.91,7500
CRT,20060502,0.77,0.775,0.76,0.775,333000
CRU,20060502,0.685,0.7,0.68,0.695,100000
CSE,20060502,0.2,0.215,0.2,0.21,439000
CSL,20060502,59.2,59.35,57.71,58,389990
CSM,20060502,2.62,2.64,2.6,2.61,504011
CSR,20060502,4,4,3.87,3.9,5036825
CSS,20060502,0.43,0.43,0.425,0.425,110000
CST,20060502,3.95,3.95,3.9,3.93,13000
CTF,20060502,0.22,0.23,0.22,0.23,92874
CTN,20060502,1.405,1.405,1.37,1.39,101814
CTO,20060502,0.41,0.46,0.395,0.43,11323378
CTP,20060502,0.14,0.14,0.135,0.135,70000
CTS,20060502,0.47,0.5,0.36,0.445,590500
CTX,20060502,20.45,20.5,20.39,20.5,972611
CUE,20060502,0.235,0.245,0.235,0.24,2050030
CUL,20060502,0.039,0.039,0.038,0.038,785000
CUO,20060502,0.04,0.041,0.039,0.04,4006169
CUS,20060502,0.285,0.285,0.265,0.27,2992216
CUV,20060502,0.45,0.46,0.44,0.46,330100
CUY,20060502,0.5,0.5,0.45,0.45,76000
CVB,20060502,0.125,0.125,0.125,0.125,113000
CVC,20060502,1.39,1.4,1.38,1.4,13500
CVN,20060502,0.059,0.059,0.057,0.058,1313029
CWH,20060502,0.075,0.075,0.075,0.075,2500
CWP,20060502,3.72,3.72,3.72,3.72,13119
CWT,20060502,0.77,0.77,0.765,0.77,299975
CXD,20060502,1.65,1.65,1.65,1.65,2000
CXE,20060502,0.19,0.19,0.175,0.175,25400
CXN,20060502,0.17,0.17,0.17,0.17,25000
CXP,20060502,5.9,5.9,5.73,5.73,165398
CYA,20060502,1.19,1.195,1.185,1.185,131035
CYG,20060502,5.26,5.26,4.9,5.1,211299
CYT,20060502,1.02,1.02,0.99,1.02,160430
DBS,20060502,0.7,0.705,0.69,0.705,132623
DCS,20060502,0.2,0.2,0.195,0.195,215746
DDT,20060502,0.495,0.495,0.46,0.485,956151
DEG,20060502,0.17,0.175,0.165,0.17,262764
DES,20060502,0.305,0.315,0.305,0.315,286388
DEX,20060502,1.24,1.24,1.24,1.24,22814
DGR,20060502,0.08,0.08,0.08,0.08,189
DIA,20060502,0.07,0.07,0.07,0.07,33336
DIO,20060502,0.079,0.081,0.077,0.077,2812052
DJS,20060502,2.65,2.69,2.65,2.65,1314709
DJW,20060502,4.46,4.52,4.43,4.52,54500
DKN,20060502,1.09,1.09,1.06,1.07,15794
DLS,20060502,0.125,0.13,0.12,0.12,905020
DMA,20060502,0.31,0.38,0.31,0.375,251938
DMP,20060502,3.92,4.29,3.92,4.2,97283
DMY,20060502,0.074,0.074,0.074,0.074,2667
DNL,20060502,0.225,0.23,0.22,0.22,364656
DOM,20060502,1.46,1.46,1.4,1.4,328876
DON,20060502,0.235,0.235,0.23,0.23,150000
DOW,20060502,8.6,8.62,8.41,8.5,867516
DRA,20060502,0.19,0.19,0.18,0.18,529134
DRD,20060502,1.98,2.04,1.98,1.985,32403
DRK,20060502,0.165,0.195,0.165,0.195,75000
DRT,20060502,1.485,1.495,1.48,1.485,7847657
DRX,20060502,0.285,0.3,0.28,0.29,227000
DTL,20060502,3.38,3.38,3.38,3.38,5000
DUE,20060502,2.81,2.89,2.81,2.85,526776
DUI,20060502,3.35,3.4,3.35,3.4,18380
DVC,20060502,3.74,3.77,3.72,3.77,1190403
DVM,20060502,0.07,0.071,0.07,0.071,552385
DVN,20060502,0.93,0.93,0.915,0.925,198217
DXL,20060502,2.59,2.59,2.56,2.58,2719559
DYE,20060502,0.87,0.87,0.84,0.84,42500
DYL,20060502,0.155,0.16,0.15,0.155,2318319
EBB,20060502,5.13,5.25,5.13,5.2,125490
EBG,20060502,0.245,0.245,0.245,0.245,20000
EBR,20060502,0.069,0.069,0.065,0.065,708765
EBT,20060502,0.11,0.11,0.11,0.11,528000
ECH,20060502,0.39,0.42,0.39,0.4,57000
ECM,20060502,0.11,0.12,0.11,0.12,157995
ECU,20060502,0.074,0.075,0.071,0.075,1996097
EDN,20060502,0.655,0.655,0.625,0.625,22434
EFT,20060502,0.092,0.092,0.085,0.09,287233
EGL,20060502,0.125,0.13,0.125,0.13,67000
EGO,20060502,0.008,0.008,0.007,0.007,3064000
EGX,20060502,0.39,0.39,0.39,0.39,1000
EIF,20060502,0.016,0.016,0.016,0.016,494461
EIG,20060502,1.01,1.01,1.01,1.01,27000
EIV,20060502,0.17,0.17,0.17,0.17,10000
ELK,20060502,0.865,0.89,0.8,0.8,90235
ELL,20060502,0.078,0.08,0.078,0.08,182043
ELX,20060502,0.715,0.715,0.7,0.7,22200
EME,20060502,2.18,2.18,2.15,2.15,9100
EMI,20060502,0.565,0.565,0.56,0.56,43700
EMM,20060502,0.054,0.054,0.051,0.051,414280
EMP,20060502,0.6,0.615,0.555,0.58,249232
EMS,20060502,0.15,0.155,0.15,0.155,100762
ENB,20060502,0.27,0.31,0.26,0.295,278855
ENE,20060502,4.27,4.28,4.2,4.21,2585631
ENG,20060502,0.41,0.435,0.4,0.42,2445133
ENR,20060502,0.41,0.415,0.4,0.415,116250
ENV,20060502,1.185,1.19,1.175,1.18,635543
EON,20060502,0.72,0.72,0.71,0.71,91200
EOS,20060502,2.56,2.56,2.56,2.56,3400
EPE,20060502,0.061,0.061,0.061,0.061,230000
EPG,20060502,0.55,0.575,0.55,0.55,275777
EPR,20060502,0.047,0.05,0.044,0.044,1184165
EPY,20060502,0.405,0.405,0.345,0.4,252286
EQI,20060502,1.65,1.69,1.615,1.65,548906
EQM,20060502,7.3,7.3,7.3,7.3,2600
EQN,20060502,2.16,2.16,2.07,2.11,167704
EQX,20060502,0.195,0.195,0.195,0.195,500000
ERA,20060502,14.22,14.91,14.22,14.9,401939
ERG,20060502,0.125,0.13,0.12,0.125,755650
ESG,20060502,0.13,0.135,0.13,0.13,127000
ESI,20060502,0.775,0.775,0.74,0.74,37539
ESV,20060502,0.78,0.78,0.78,0.78,20617
ETE,20060502,0.11,0.11,0.105,0.105,90000
ETK,20060502,0.05,0.05,0.05,0.05,840000
ETR,20060502,2.4,2.47,2.4,2.42,164500
ETW,20060502,0.14,0.145,0.14,0.145,174494
EUG,20060502,0.098,0.098,0.096,0.096,17000
EVE,20060502,0.13,0.135,0.13,0.135,114500
EVM,20060502,0.14,0.14,0.14,0.14,19685
EVZ,20060502,0.165,0.17,0.165,0.17,217000
EWC,20060502,0.035,0.035,0.033,0.033,73378
EXL,20060502,8.23,8.23,8.03,8.03,586966
EXR,20060502,0.42,0.43,0.42,0.43,22500
EXS,20060502,0.315,0.315,0.31,0.315,174690
EXT,20060502,0.13,0.13,0.12,0.125,5764573
EZE,20060502,0.15,0.155,0.15,0.15,145000
EZL,20060502,2.28,2.28,2.24,2.26,20000
EZY,20060502,0.08,0.08,0.08,0.08,99500
FAN,20060502,3.26,3.26,3.2,3.2,16069
FAR,20060502,0.155,0.155,0.15,0.15,1786109
FAT,20060502,0.94,0.955,0.935,0.955,10327
FBU,20060502,7.55,7.57,7.5,7.5,501608
FCL,20060502,2.23,2.26,2.21,2.21,1134472
FCN,20060502,0.33,0.345,0.33,0.335,785283
FDL,20060502,0.025,0.025,0.023,0.025,5192009
FEA,20060502,0.6,0.61,0.59,0.59,219466
FGL,20060502,5.9,5.94,5.75,5.81,6979021
FKP,20060502,5.3,5.34,5.3,5.3,168261
FLK,20060502,0.545,0.545,0.545,0.545,7000
FLT,20060502,10.32,10.34,10.2,10.25,1856520
FLX,20060502,1.855,1.855,1.78,1.85,192851
FMG,20060502,9,9.05,8.75,8.75,1340397
FML,20060502,0.068,0.068,0.063,0.063,3398128
FPA,20060502,3.93,3.96,3.76,3.77,13866
FPH,20060502,3.47,3.47,3.42,3.42,24664
FPS,20060502,1.17,1.19,1.17,1.19,20442
FRE,20060502,0.7,0.7,0.685,0.685,276932
FRI,20060502,0.585,0.585,0.58,0.58,18700
FRR,20060502,0.835,0.84,0.835,0.84,24991
FRS,20060502,0.54,0.54,0.51,0.53,158665
FSA,20060502,0.23,0.23,0.23,0.23,56000
FUN,20060502,1.75,1.75,1.73,1.73,356820
FUT,20060502,0.01,0.01,0.01,0.01,4000
FWD,20060502,6.2,6.23,6.14,6.14,283428
FXJ,20060502,3.93,3.94,3.89,3.89,1727311
FZN,20060502,1.13,1.15,1.12,1.15,115000
GAA,20060502,1.29,1.29,1.27,1.28,25450
GAN,20060502,1.84,1.855,1.835,1.845,5751218
GAP,20060502,1.275,1.275,1.27,1.27,50205
GAS,20060502,2.45,2.49,2.44,2.45,303070
GAU,20060502,0.27,0.29,0.27,0.27,1972705
GBE,20060502,0.62,0.62,0.59,0.6,236701
GBG,20060502,0.76,0.765,0.735,0.735,6411089
GBL,20060502,0.05,0.05,0.048,0.05,200000
GBP,20060502,0.6,0.61,0.6,0.61,120057
GBT,20060502,2.44,2.71,2.44,2.65,58255
GCA,20060502,1.182,1.182,1.182,1.182,20000
GCL,20060502,3.26,3.33,3.25,3.25,264310
GCN,20060502,0.11,0.115,0.11,0.11,635665
GCR,20060502,0.068,0.082,0.065,0.082,4992233
GDA,20060502,0.05,0.05,0.049,0.049,190060
GDM,20060502,0.605,0.605,0.555,0.58,786882
GDN,20060502,0.225,0.23,0.22,0.22,1304450
GDR,20060502,0.48,0.48,0.465,0.465,139945
GDY,20060502,1.505,1.53,1.49,1.53,345583
GFD,20060502,0.625,0.625,0.625,0.625,5127
GFF,20060502,2.21,2.26,2.2,2.25,1700631
GGP,20060502,0.56,0.56,0.55,0.555,229054
GGX,20060502,0.11,0.11,0.1,0.1,44170
GGY,20060502,0.062,0.065,0.062,0.064,520417
GHG,20060502,0.88,0.89,0.87,0.89,89807
GHT,20060502,0.3,0.3,0.3,0.3,18526
GIA,20060502,0.49,0.49,0.46,0.46,50000
GIP,20060502,0.14,0.14,0.135,0.135,120501
GIR,20060502,0.485,0.485,0.42,0.435,1335723
GLB,20060502,0.285,0.29,0.28,0.28,60700
GLC,20060502,0.72,0.745,0.72,0.74,82600
GLI,20060502,0.9,0.92,0.895,0.905,861067
GLN,20060502,0.47,0.495,0.47,0.48,259643
GLS,20060502,1.52,1.52,1.52,1.52,33877
GME,20060502,0.18,0.185,0.175,0.185,274481
GMI,20060502,1.445,1.445,1.42,1.42,164883
GML,20060502,0.175,0.24,0.175,0.215,1718420
GNC,20060502,10.45,10.5,10.4,10.4,96350
GNL,20060502,0.057,0.059,0.057,0.058,622133
GNS,20060502,3.17,3.21,3.15,3.16,797535
GOG,20060502,0.32,0.32,0.31,0.31,586041
GOP,20060502,0.125,0.13,0.12,0.12,75000
GPE,20060502,0.009,0.009,0.009,0.009,226877
GPG,20060502,2.21,2.22,2.18,2.18,773246
GPN,20060502,0.023,0.024,0.023,0.023,5027500
GPO,20060502,0.064,0.064,0.061,0.064,903000
GPT,20060502,4.21,4.24,4.2,4.21,6207114
GRD,20060502,2.39,2.39,2.26,2.32,593143
GRK,20060502,0.155,0.155,0.155,0.155,10000
GRN,20060502,0.31,0.31,0.31,0.31,130000
GRO,20060502,1.64,1.64,1.6,1.62,90700
GRR,20060502,1.81,1.82,1.8,1.82,231055
GRV,20060502,0.68,0.68,0.68,0.68,3000
GRY,20060502,0.34,0.34,0.335,0.335,328812
GSA,20060502,1.185,1.19,1.17,1.17,3360863
GSE,20060502,0.039,0.039,0.037,0.038,744285
GTG,20060502,0.345,0.35,0.34,0.35,141880
GTP,20060502,3.93,3.94,3.83,3.86,1236769
GTV,20060502,0.82,0.86,0.815,0.86,27240
GTX,20060502,0.3,0.3,0.3,0.3,100
GUD,20060502,7.73,7.76,7.7,7.7,71969
GUL,20060502,0.058,0.058,0.055,0.055,545000
GUN,20060502,0.32,0.34,0.315,0.335,701235
GVM,20060502,0.465,0.465,0.44,0.44,121390
GWE,20060502,0.125,0.125,0.12,0.12,50000
GWR,20060502,0.465,0.47,0.465,0.465,15900
GWT,20060502,3.27,3.33,3.25,3.27,442590
GWV,20060502,0.005,0.005,0.004,0.004,323495
GYN,20060502,0.31,0.31,0.29,0.29,187934
GZL,20060502,2.69,2.69,2.69,2.69,5000
HAN,20060502,16.91,16.99,16.91,16.99,1822
HAO,20060502,0.051,0.058,0.051,0.058,120000
HAP,20060502,1.07,1.07,1.065,1.065,57000
HAV,20060502,0.77,0.77,0.75,0.75,108188
HCC,20060502,1.2,1.2,1.17,1.2,105200
HCY,20060502,0.015,0.016,0.015,0.016,1271000
HDF,20060502,2.66,2.67,2.62,2.65,216667
HDG,20060502,0.21,0.28,0.21,0.25,317521
HDR,20060502,2.44,2.44,2.26,2.3,15449747
HEG,20060502,0.145,0.15,0.135,0.14,431513
HER,20060502,1.305,1.31,1.28,1.3,632020
HFA,20060502,1.42,1.42,1.38,1.38,1338823
HGI,20060502,2.01,2.02,1.975,1.98,694927
HGL,20060502,0.04,0.04,0.04,0.04,28655
HGO,20060502,0.295,0.315,0.29,0.315,2967381
HGR,20060502,0.065,0.065,0.065,0.065,8000
HHL,20060502,7.92,7.92,7.91,7.91,1300
HHM,20060502,0.14,0.14,0.14,0.14,3500
HHV,20060502,1.105,1.11,1.1,1.1,465315
HIC,20060502,0.86,0.86,0.86,0.86,11512
HIG,20060502,0.73,0.73,0.705,0.71,1020728
HIL,20060502,4.76,4.76,4.66,4.66,154508
HJB,20060502,0.25,0.25,0.22,0.22,80000
HLD,20060502,0.26,0.26,0.26,0.26,123230
HLT,20060502,0.11,0.11,0.105,0.105,36300
HLX,20060502,0.14,0.145,0.135,0.135,183527
HMR,20060502,1.41,1.46,1.41,1.46,58238
HNG,20060502,2,2,2,2,1960
HNR,20060502,0.13,0.15,0.13,0.135,471016
HPX,20060502,1.69,1.71,1.68,1.71,173338
HRR,20060502,0.685,0.69,0.67,0.67,218127
HRS,20060502,0.12,0.16,0.11,0.15,349536
HSK,20060502,0.48,0.48,0.47,0.47,30000
HSN,20060502,0.15,0.155,0.15,0.155,50000
HSP,20060502,4.42,4.42,4.31,4.35,2148727
HST,20060502,1.69,1.7,1.66,1.66,67710
HTA,20060502,0.255,0.265,0.255,0.255,358928
HTE,20060502,0.015,0.015,0.013,0.013,2838944
HTM,20060502,0.048,0.05,0.048,0.048,150000
HTW,20060502,1.095,1.14,1.05,1.14,575673
HTX,20060502,0.04,0.04,0.04,0.04,35000
HVN,20060502,3.77,3.79,3.71,3.72,863237
HWG,20060502,0.235,0.24,0.235,0.24,111000
HWI,20060502,1.8,1.82,1.785,1.81,665089
HYO,20060502,0.066,0.068,0.066,0.068,150000
HZG,20060502,0.047,0.047,0.04,0.04,419300
HZN,20060502,0.235,0.25,0.235,0.24,3372190
IAG,20060502,5.71,5.72,5.65,5.67,4681018
IAS,20060502,0.44,0.44,0.415,0.415,36500
IAT,20060502,0.077,0.077,0.077,0.077,55200
IBA,20060502,1.2,1.27,1.14,1.15,4005027
IBC,20060502,0.595,0.6,0.595,0.6,16030
IBR,20060502,0.865,0.865,0.815,0.83,302900
IBT,20060502,2.29,2.29,2.29,2.29,62100
ICC,20060502,0.003,0.003,0.003,0.003,13708660
ICD,20060502,0.64,0.64,0.6,0.6,1260
ICN,20060502,0.078,0.08,0.069,0.069,1227197
ICP,20060502,0.041,0.043,0.04,0.04,1342927
ICS,20060502,0.305,0.32,0.305,0.305,67801
IDO,20060502,0.165,0.165,0.165,0.165,4850
IDT,20060502,1.33,1.34,1.33,1.33,18441
IEF,20060502,1.19,1.19,1.18,1.18,74270
IFL,20060502,7.94,7.98,7.88,7.88,33145
IFM,20060502,0.61,0.63,0.6,0.63,485054
IGC,20060502,0.26,0.26,0.22,0.23,4647575
IGD,20060502,1.24,1.265,1.24,1.255,100794
IGO,20060502,2.95,2.98,2.93,2.98,984984
IGR,20060502,0.235,0.24,0.225,0.225,1557928
IHG,20060502,0.4,0.41,0.38,0.41,133441
IIF,20060502,2.18,2.19,2.16,2.17,1391311
ILF,20060502,1.17,1.17,1.145,1.15,505099
ILU,20060502,7.45,7.49,7.36,7.39,804669
IMA,20060502,0.535,0.545,0.53,0.545,62780
IMD,20060502,0.58,0.585,0.545,0.545,653958
IMF,20060502,0.53,0.53,0.53,0.53,56250
IMI,20060502,0.013,0.013,0.013,0.013,2601166
IML,20060502,0.09,0.09,0.085,0.085,262051
IMP,20060502,0.02,0.02,0.018,0.018,8906718
IMU,20060502,0.155,0.16,0.155,0.16,26690
INL,20060502,0.12,0.12,0.11,0.11,3954600
INP,20060502,0.35,0.35,0.34,0.34,57000
INT,20060502,0.057,0.059,0.056,0.058,1410000
IOF,20060502,1.37,1.375,1.36,1.37,13405090
IOH,20060502,1.45,1.45,1.42,1.42,27788
IPA,20060502,0.91,0.91,0.91,0.91,12900
IPE,20060502,0.85,0.85,0.85,0.85,28000
IPG,20060502,2.18,2.28,2.17,2.28,4340505
IPL,20060502,19.56,19.65,19.5,19.6,133211
IPM,20060502,1.51,1.54,1.51,1.54,113259
IRE,20060502,5.68,5.73,5.66,5.66,102944
IRI,20060502,0.465,0.47,0.465,0.47,39846
IRN,20060502,0.91,1.03,0.91,0.96,1617258
ISS,20060502,0.18,0.18,0.18,0.18,25000
ITC,20060502,0.105,0.11,0.105,0.105,4502601
ITD,20060502,0.25,0.25,0.25,0.25,10000
ITE,20060502,0.075,0.075,0.075,0.075,157605
ITF,20060502,1.13,1.13,1.1,1.105,85139
ITT,20060502,0.235,0.25,0.235,0.235,658201
IVC,20060502,4.39,4.42,4.36,4.36,121775
IVK,20060502,0.025,0.027,0.024,0.025,4640268
IWF,20060502,1.8,1.85,1.8,1.82,234365
IWI,20060502,1.79,1.79,1.79,1.79,1459
IWL,20060502,4.8,4.9,4.8,4.88,17900
JAG,20060502,0.205,0.205,0.19,0.2,138789
JAK,20060502,0.145,0.15,0.145,0.15,40000
JBH,20060502,4.98,5,4.87,4.87,163727
JBM,20060502,8.03,8.04,7.79,7.79,392434
JFM,20060502,1.25,1.255,1.25,1.255,249554
JGL,20060502,0.445,0.45,0.44,0.45,158965
JHX,20060502,9.38,9.38,9.04,9.15,1431479
JMB,20060502,2.08,2.08,2.08,2.08,1355
JML,20060502,0.48,0.48,0.465,0.47,3522545
JMS,20060502,0.15,0.175,0.15,0.17,2470452
JPR,20060502,0.13,0.13,0.12,0.125,1239150
JRL,20060502,0.655,0.7,0.655,0.655,47830
JRV,20060502,0.016,0.016,0.015,0.015,12431951
JST,20060502,3.16,3.24,3.14,3.14,1089645
JUI,20060502,1.045,1.045,1.045,1.045,341861
JUM,20060502,0.042,0.042,0.039,0.042,2819011
JYC,20060502,1.05,1.05,1.05,1.05,3172
KAL,20060502,0.225,0.265,0.22,0.23,3036956
KAR,20060502,1.69,1.69,1.62,1.62,112550
KCN,20060502,5.7,5.75,5.43,5.44,307647
KDS,20060502,0.885,0.885,0.885,0.885,1008422
KHF,20060502,0.78,0.78,0.775,0.78,122183
KIM,20060502,1.685,1.695,1.685,1.685,754141
KKT,20060502,0.455,0.455,0.44,0.44,20000
KME,20060502,0.85,0.85,0.8,0.8,64500
KMN,20060502,0.275,0.275,0.245,0.245,1146518
KOR,20060502,0.31,0.31,0.31,0.31,100000
KOV,20060502,4.54,4.56,4.53,4.56,6676
KRS,20060502,0.205,0.205,0.205,0.205,69974
KSC,20060502,3.74,3.74,3.7,3.7,11700
KYC,20060502,1.2,1.2,1.08,1.1,173221
KZL,20060502,4.22,4.36,4.15,4.36,898412
LAF,20060502,0.145,0.15,0.14,0.145,1576477
LAS,20060502,0.064,0.064,0.064,0.064,800
LAU,20060502,0.195,0.195,0.195,0.195,57185
LCL,20060502,0.57,0.57,0.57,0.57,23000
LCP,20060502,0.64,0.64,0.64,0.64,9000
LDW,20060502,8.2,8.2,8.2,8.2,4000
LEF,20060502,0.33,0.33,0.315,0.33,162000
LEG,20060502,0.055,0.056,0.055,0.056,576076
LEI,20060502,16.45,16.64,16.2,16.27,269183
LEP,20060502,2.75,2.8,2.75,2.79,30805
LFE,20060502,1.725,1.725,1.67,1.7,63658
LGD,20060502,0.73,0.74,0.71,0.74,82385
LGO,20060502,0.018,0.019,0.018,0.019,450620
LHG,20060502,3.28,3.29,3.22,3.23,9066993
LIM,20060502,6.56,6.6,6.55,6.58,36174
LIO,20060502,0.004,0.004,0.004,0.004,2994127
LIP,20060502,1.31,1.325,1.3,1.325,163500
LKE,20060502,0.135,0.16,0.135,0.16,212475
LKO,20060502,0.02,0.021,0.019,0.019,5810377
LLC,20060502,14.12,14.15,13.89,13.94,951113
LMC,20060502,3.3,3.3,3.3,3.3,5352
LMG,20060502,0.016,0.016,0.015,0.015,2047283
LMW,20060502,0.65,0.67,0.65,0.65,116000
LNG,20060502,0.92,0.93,0.88,0.89,162671
LNN,20060502,8.3,8.3,8.1,8.1,682210
LOK,20060502,6.5,6.55,6.5,6.55,1015
LOU,20060502,0.24,0.24,0.235,0.235,95000
LPL,20060502,0.43,0.43,0.415,0.415,37034
LRF,20060502,0.9,0.9,0.895,0.9,24964
LRL,20060502,0.34,0.35,0.34,0.35,3625000
LSG,20060502,2.19,2.24,2.18,2.2,408718
LUM,20060502,0.025,0.028,0.025,0.026,394180
LVL,20060502,0.038,0.038,0.038,0.038,50000
LVR,20060502,0.94,0.94,0.92,0.925,186506
LWB,20060502,1.22,1.22,1.2,1.2,36000
LYC,20060502,0.375,0.39,0.36,0.385,1112350
MAE,20060502,0.78,0.78,0.755,0.755,1307874
MAG,20060502,1.98,2.1,1.98,2.1,61156
MAH,20060502,0.865,0.865,0.805,0.825,5723545
MAL,20060502,0.72,0.725,0.71,0.725,54492
MAP,20060502,3.25,3.25,3.21,3.21,4387176
MAR,20060502,0.16,0.16,0.16,0.16,264622
MBA,20060502,0.105,0.105,0.099,0.099,207438
MBL,20060502,70,71,69.49,69.71,655557
MBN,20060502,0.92,0.92,0.91,0.91,41305
MBP,20060502,0.43,0.44,0.43,0.43,539847
MCC,20060502,5.43,5.45,5.35,5.4,385492
MCG,20060502,5.54,5.55,5.49,5.5,1233373
MCL,20060502,0.01,0.01,0.01,0.01,1250000
MCO,20060502,0.23,0.23,0.23,0.23,10000
MCP,20060502,1.77,1.81,1.77,1.8,40668
MCQ,20060502,3.48,3.51,3.47,3.5,2774514
MCR,20060502,0.87,0.87,0.85,0.87,861162
MCW,20060502,1.94,1.95,1.925,1.925,3327186
MDE,20060502,0.57,0.6,0.57,0.6,2491
MDL,20060502,1.67,1.68,1.63,1.63,234509
MDM,20060502,0.18,0.185,0.175,0.18,306500
MDS,20060502,0.12,0.12,0.12,0.12,131037
MDT,20060502,1.175,1.175,1.16,1.165,6946283
MDV,20060502,0.061,0.061,0.061,0.061,68050
MDX,20060502,0.2,0.2,0.19,0.19,254700
MEE,20060502,0.086,0.086,0.084,0.084,115883
MEI,20060502,0.27,0.29,0.27,0.29,200000
MEL,20060502,0.375,0.375,0.37,0.37,46500
MEO,20060502,0.275,0.275,0.275,0.275,30000
MEP,20060502,0.73,0.77,0.73,0.76,107223
MFI,20060502,1.37,1.37,1.37,1.37,5000
MFS,20060502,3.35,3.35,3.31,3.35,144987
MFT,20060502,0.98,0.98,0.98,0.98,56140
MGK,20060502,0.515,0.54,0.515,0.54,22916
MGN,20060502,2.8,2.8,2.8,2.8,360000
MGO,20060502,0.35,0.37,0.35,0.365,394473
MGQ,20060502,5.13,5.15,5.09,5.13,3384673
MGR,20060502,4.23,4.32,4.22,4.32,5593212
MGU,20060502,0.19,0.19,0.185,0.185,59642
MGW,20060502,3.15,3.2,3.14,3.16,274499
MGX,20060502,0.89,0.915,0.89,0.89,2318447
MGZ,20060502,0.08,0.08,0.08,0.08,12000
MHL,20060502,0.028,0.03,0.028,0.03,656020
MIC,20060502,0.05,0.054,0.05,0.054,8619502
MIG,20060502,3.54,3.55,3.51,3.54,20806821
MIK,20060502,0.08,0.082,0.08,0.08,1017111
MIR,20060502,1.81,1.83,1.8,1.8,35389
MIS,20060502,0.53,0.555,0.525,0.53,420999
MLB,20060502,1.85,1.85,1.82,1.82,26896
MLE,20060502,2.88,2.93,2.88,2.93,54575
MLI,20060502,0.385,0.385,0.37,0.375,1987950
MLM,20060502,0.245,0.25,0.245,0.25,43500
MLT,20060502,21.45,21.5,21.44,21.45,10845
MMA,20060502,0.94,0.945,0.935,0.94,662599
MML,20060502,0.945,0.945,0.85,0.85,213750
MMN,20060502,0.41,0.41,0.4,0.4,538292
MMS,20060502,2.95,3,2.9,2.95,177520
MMX,20060502,0.6,0.6,0.57,0.57,532011
MND,20060502,6.39,6.39,6.16,6.28,59608
MOC,20060502,2.53,2.53,2.53,2.53,1000
MOD,20060502,0.028,0.028,0.028,0.028,1318519
MOE,20060502,1.62,1.63,1.62,1.63,495723
MOF,20060502,1.36,1.37,1.34,1.345,13505188
MOG,20060502,0.087,0.087,0.082,0.082,164737
MOL,20060502,1.54,1.54,1.5,1.5,90823
MOO,20060502,0.36,0.36,0.36,0.36,20000
MOS,20060502,0.17,0.17,0.165,0.165,2486579
MOX,20060502,0.255,0.255,0.25,0.25,219281
MPB,20060502,5.8,5.8,5.62,5.62,7651
MPD,20060502,0.048,0.048,0.048,0.048,125000
MPF,20060502,1.17,1.17,1.165,1.17,91925
MPG,20060502,0.84,0.84,0.835,0.835,44750
MPH,20060502,0.225,0.23,0.215,0.215,970559
MPI,20060502,0.059,0.059,0.058,0.059,739296
MPO,20060502,0.044,0.044,0.043,0.044,2286000
MPR,20060502,1.225,1.23,1.22,1.225,2215522
MPS,20060502,1.05,1.05,1.04,1.04,87533
MRA,20060502,0.97,0.975,0.97,0.975,174676
MRC,20060502,0.29,0.29,0.29,0.29,354715
MRE,20060502,2.5,2.53,2.5,2.51,1626526
MRL,20060502,1.68,1.7,1.62,1.65,1087594
MRM,20060502,0.43,0.43,0.415,0.415,83956
MRN,20060502,1.24,1.24,1.24,1.24,1000
MRO,20060502,0.98,1,0.96,0.98,31000
MRS,20060502,0.32,0.325,0.315,0.325,293796
MRT,20060502,0.15,0.15,0.15,0.15,99934
MRX,20060502,0.097,0.105,0.097,0.105,11179649
MRY,20060502,0.009,0.009,0.009,0.009,116200
MSB,20060502,1.56,1.56,1.48,1.49,64075
MSC,20060502,0.019,0.02,0.018,0.018,1009827
MSF,20060502,13.53,13.75,13.53,13.6,3250
MSI,20060502,0.05,0.05,0.05,0.05,30000
MSO,20060502,0.076,0.077,0.065,0.065,175794
MST,20060502,0.16,0.17,0.16,0.165,1064851
MSX,20060502,1.61,1.61,1.6,1.6,5200
MTB,20060502,0.105,0.105,0.1,0.105,109431
MTH,20060502,0.37,0.375,0.37,0.375,85500
MTI,20060502,0.34,0.34,0.34,0.34,42750
MTN,20060502,0.965,0.97,0.88,0.88,465600
MTR,20060502,0.135,0.14,0.135,0.14,593928
MTS,20060502,4.67,4.68,4.52,4.55,1990486
MTU,20060502,0.265,0.265,0.255,0.255,97500
MTX,20060502,1.2,1.2,1.175,1.19,990176
MTY,20060502,0.37,0.375,0.37,0.375,60000
MUL,20060502,0.01,0.012,0.01,0.011,34221194
MUR,20060502,0.091,0.092,0.085,0.085,2051740
MVP,20060502,0.365,0.425,0.365,0.425,28100
MVU,20060502,0.885,0.96,0.88,0.96,19657
MWE,20060502,0.12,0.12,0.115,0.12,102500
MWG,20060502,0.97,0.97,0.97,0.97,41
MWR,20060502,0.05,0.05,0.05,0.05,10500
MWS,20060502,0.195,0.2,0.19,0.2,113895
MXG,20060502,3.07,3.09,3.06,3.07,1235823
MXI,20060502,0.82,0.825,0.81,0.81,245745
MXL,20060502,0.11,0.11,0.11,0.11,524047
MXR,20060502,0.205,0.215,0.2,0.205,726800
MYO,20060502,0.95,0.95,0.935,0.94,1568382
MYP,20060502,2.96,3,2.96,2.96,1054417
NAB,20060502,37.68,37.69,37.25,37.37,4155699
NAD,20060502,0.05,0.05,0.047,0.047,3049600
NAL,20060502,0.355,0.36,0.345,0.35,104121
NAM,20060502,0.68,0.68,0.67,0.67,126079
NAV,20060502,0.27,0.275,0.24,0.245,1153449
NCI,20060502,1.6,1.6,1.6,1.6,357944
NCK,20060502,1.7,1.7,1.67,1.7,43500
NCM,20060502,23.35,23.35,22.53,22.61,2084251
NDC,20060502,0.07,0.07,0.064,0.064,630142
NDL,20060502,0.16,0.16,0.16,0.16,24000
NDO,20060502,0.25,0.3,0.25,0.3,9230399
NEC,20060502,0.385,0.385,0.385,0.385,98564
NEL,20060502,1.65,1.7,1.65,1.66,61643
NEM,20060502,7.73,7.73,7.67,7.67,51448
NEO,20060502,0.027,0.028,0.025,0.025,8752618
NEU,20060502,0.57,0.585,0.57,0.575,19800
NGM,20060502,0.15,0.15,0.15,0.15,351
NHC,20060502,1.28,1.29,1.28,1.29,88114
NHM,20060502,0.006,0.006,0.006,0.006,1025000
NHR,20060502,1.77,1.77,1.75,1.755,18546
NIA,20060502,0.435,0.45,0.43,0.435,1170069
NKL,20060502,0.125,0.13,0.125,0.13,411266
NKP,20060502,0.8,0.835,0.8,0.835,78000
NLB,20060502,0.48,0.48,0.48,0.48,20275
NLG,20060502,0.42,0.42,0.42,0.42,50000
NLS,20060502,0.115,0.115,0.115,0.115,18000
NLX,20060502,0.115,0.115,0.11,0.11,2429353
NMB,20060502,0.023,0.023,0.023,0.023,80000
NMC,20060502,0.12,0.12,0.11,0.12,14152615
NMS,20060502,0.47,0.47,0.44,0.445,159680
NOP,20060502,0.08,0.08,0.08,0.08,47000
NPH,20060502,3,3,3,3,9831
NRL,20060502,0.1,0.11,0.1,0.11,60000
NRT,20060502,3.63,3.63,3.53,3.53,76114
NSA,20060502,0.031,0.031,0.03,0.03,245000
NST,20060502,0.2,0.2,0.185,0.19,117393
NSX,20060502,0.88,0.89,0.87,0.89,19450
NTC,20060502,0.11,0.11,0.11,0.11,27200
NUF,20060502,10.9,10.95,10.83,10.9,210918
NWA,20060502,0.048,0.048,0.048,0.048,100000
NWE,20060502,0.094,0.094,0.092,0.094,897050
NWK,20060502,0.115,0.13,0.115,0.13,107193
NWR,20060502,0.235,0.235,0.2,0.215,452000
NWS,20060502,23.97,24.08,23.97,24.08,515963
NXS,20060502,0.77,0.825,0.77,0.8,3165433
NZO,20060502,0.92,0.92,0.92,0.92,10000
OBJ,20060502,0.07,0.07,0.066,0.07,919546
OCE,20060502,0.43,0.43,0.43,0.43,5020
OCO,20060502,0.061,0.061,0.061,0.061,92858
OEC,20060502,0.089,0.091,0.089,0.091,373273
OEQ,20060502,0.68,0.68,0.68,0.68,10000
OEX,20060502,0.96,0.965,0.93,0.955,243908
OFM,20060502,2.34,2.35,2.34,2.35,37473
OGD,20060502,0.78,0.78,0.76,0.78,390555
OIL,20060502,0.54,0.56,0.51,0.51,115406
OKN,20060502,3.57,3.57,3.51,3.51,69120
OLE,20060502,0.039,0.039,0.039,0.039,80000
OLY,20060502,0.25,0.27,0.25,0.26,666924
OMC,20060502,0.85,0.86,0.8,0.815,1469523
OMH,20060502,1.06,1.06,1.01,1.01,45500
OMI,20060502,0.78,0.78,0.73,0.73,15775
OMP,20060502,3.2,3.24,3.1,3.2,297028
ONQ,20060502,0.4,0.4,0.4,0.4,9333
ONT,20060502,1.61,1.61,1.6,1.6,3600
OPC,20060502,0.13,0.13,0.12,0.13,1006000
OPI,20060502,0.044,0.044,0.044,0.044,2000
OPL,20060502,0.795,0.8,0.78,0.8,571490
ORC,20060502,0.044,0.044,0.044,0.044,30000
ORD,20060502,0.14,0.14,0.13,0.13,261000
ORG,20060502,7.1,7.13,7.08,7.13,3160965
ORI,20060502,24.47,24.87,24.39,24.45,473908
ORL,20060502,2.13,2.15,2.13,2.15,4300
ORO,20060502,0.038,0.038,0.035,0.037,556920
ORP,20060502,0.14,0.155,0.135,0.155,81833
ORT,20060502,0.105,0.105,0.098,0.098,221258
OSH,20060502,4.46,4.48,4.35,4.35,5085454
OST,20060502,3.82,3.84,3.81,3.83,5195667
OTL,20060502,0.135,0.15,0.135,0.15,122844
OTT,20060502,0.145,0.15,0.14,0.15,34447
OXR,20060502,3.6,3.6,3.47,3.5,12987492
PAA,20060502,0.19,0.19,0.18,0.19,339055
PBA,20060502,0.75,0.76,0.75,0.76,27000
PBB,20060502,2.71,2.72,2.63,2.68,310360
PBD,20060502,2.16,2.17,2.16,2.17,5304
PBG,20060502,2.28,2.3,2.27,2.28,559253
PBI,20060502,0.22,0.22,0.215,0.215,56048
PBL,20060502,18.38,18.46,18.21,18.33,1847077
PBO,20060502,0.27,0.27,0.255,0.255,147000
PCC,20060502,0.066,0.07,0.066,0.067,357236
PCE,20060502,0.034,0.034,0.034,0.034,159691
PCG,20060502,0.9,0.9,0.8,0.835,4562177
PCP,20060502,0.105,0.105,0.105,0.105,100009
PDL,20060502,2.14,2.14,2.14,2.14,695
PDM,20060502,0.095,0.095,0.085,0.085,67040
PDN,20060502,4.79,4.79,4.66,4.75,2305833
PDO,20060502,0.91,0.92,0.91,0.92,1500
PDZ,20060502,0.415,0.415,0.39,0.39,63324
PEL,20060502,0.09,0.093,0.09,0.092,601731
PEM,20060502,2.96,3.1,2.96,3.07,1521657
PEN,20060502,0.027,0.029,0.026,0.027,6303000
PEO,20060502,0.082,0.082,0.075,0.075,349057
PEP,20060502,0.98,1.02,0.88,0.9,2475070
PET,20060502,0.9,0.9,0.89,0.89,116261
PGA,20060502,3.95,4,3.95,4,92889
PGL,20060502,3.34,3.34,3.3,3.34,43697
PGN,20060502,0.87,0.87,0.87,0.87,1000
PGS,20060502,0.37,0.37,0.36,0.36,312940
PHK,20060502,0.155,0.155,0.15,0.15,80000
PHL,20060502,0.018,0.019,0.018,0.019,350000
PIE,20060502,0.013,0.013,0.013,0.013,1000000
PIO,20060502,0.165,0.165,0.16,0.16,177249
PLA,20060502,0.87,0.87,0.8,0.85,160456
PLD,20060502,0.38,0.39,0.38,0.38,25215
PLF,20060502,1.025,1.07,1.025,1.07,165563
PLT,20060502,0.064,0.066,0.06,0.062,276459
PMA,20060502,2.57,2.59,2.57,2.58,99788
PMC,20060502,2.16,2.2,2.15,2.2,61464
PME,20060502,1.44,1.44,1.415,1.43,25300
PMH,20060502,0.34,0.355,0.34,0.355,128701
PMM,20060502,5.88,5.88,5.85,5.85,15104
PMN,20060502,5.62,5.74,5.61,5.69,5112819
PMP,20060502,1.44,1.47,1.425,1.455,851553
PMV,20060502,4.54,4.54,4.54,4.54,2087
PNA,20060502,0.375,0.38,0.365,0.37,11587265
PNN,20060502,0.42,0.46,0.42,0.45,652216
PNO,20060502,0.05,0.05,0.048,0.05,1582650
PNW,20060502,0.031,0.031,0.031,0.031,99400
POH,20060502,0.24,0.245,0.24,0.245,80000
POL,20060502,0.18,0.185,0.18,0.185,129398
PPC,20060502,3.1,3.1,3.07,3.09,28734
PPD,20060502,0.225,0.23,0.225,0.23,88600
PPG,20060502,0.365,0.365,0.36,0.36,81760
PPK,20060502,0.805,0.805,0.8,0.8,83600
PPP,20060502,0.135,0.135,0.13,0.13,213250
PPR,20060502,1.475,1.52,1.47,1.475,106724
PPT,20060502,70.29,71.02,69.81,69.9,64578
PPX,20060502,3.38,3.4,3.24,3.27,2103230
PQB,20060502,0.37,0.375,0.36,0.375,87112
PRE,20060502,0.037,0.038,0.034,0.036,39665178
PRG,20060502,3.66,3.66,3.6,3.61,268396
PRK,20060502,8.56,8.57,8.51,8.56,6453227
PRR,20060502,0.087,0.088,0.085,0.088,2703500
PRU,20060502,0.525,0.525,0.52,0.52,59500
PRV,20060502,1.03,1.04,1.03,1.03,325483
PRY,20060502,11.65,11.75,11.58,11.67,51692
PRZ,20060502,0.235,0.235,0.235,0.235,10000
PSA,20060502,2.57,2.59,2.52,2.53,129382
PSD,20060502,0.64,0.645,0.56,0.57,1003994
PSG,20060502,0.025,0.025,0.024,0.024,64500
PSH,20060502,2.22,2.22,2.19,2.19,94768
PSP,20060502,0.099,0.099,0.099,0.099,10000
PSV,20060502,0.45,0.465,0.44,0.45,6295072
PTD,20060502,1.365,1.39,1.365,1.38,330969
PTR,20060502,0.275,0.29,0.27,0.29,99242
PTS,20060502,0.18,0.18,0.16,0.16,207000
PVE,20060502,1.72,1.72,1.71,1.71,7995
PWK,20060502,2.25,2.3,2.25,2.3,14379
PWR,20060502,0.54,0.54,0.54,0.54,6547
PWT,20060502,1.19,1.25,1.19,1.23,68012
PXL,20060502,0.34,0.35,0.34,0.35,45000
PXS,20060502,2.39,2.48,2.39,2.44,146577
PYC,20060502,0.58,0.64,0.58,0.64,131500
PYM,20060502,0.25,0.275,0.25,0.26,326997
QAD,20060502,0.05,0.055,0.05,0.055,145000
QAN,20060502,3.42,3.43,3.4,3.4,11146565
QBE,20060502,22.49,22.8,22.49,22.52,1456472
QCH,20060502,4.2,4.2,4.17,4.17,22491
QED,20060502,0.06,0.062,0.057,0.062,602463
QGC,20060502,0.73,0.73,0.695,0.705,641374
QHL,20060502,0.225,0.24,0.225,0.225,463142
QMG,20060502,0.57,0.6,0.57,0.6,103750
QMT,20060502,2.39,2.39,2.35,2.37,49000
QOL,20060502,0.33,0.37,0.32,0.33,260890
QPX,20060502,0.165,0.165,0.16,0.16,342229
QRS,20060502,0.065,0.065,0.063,0.064,332500
QST,20060502,0.39,0.39,0.38,0.38,5000
QTK,20060502,0.19,0.19,0.18,0.18,102500
QUR,20060502,0.06,0.06,0.06,0.06,40000
QXQ,20060502,0.025,0.025,0.025,0.025,525000
RAB,20060502,1.35,1.35,1.35,1.35,3374
RAT,20060502,1.02,1.02,1.01,1.015,1198936
RAU,20060502,0.087,0.087,0.087,0.087,20000
RAW,20060502,0.15,0.15,0.15,0.15,90000
RBM,20060502,0.13,0.135,0.125,0.125,86681
RBS,20060502,2.46,2.5,2.46,2.5,67736
RBY,20060502,0.034,0.034,0.031,0.031,420000
RCD,20060502,10.52,10.75,10.45,10.5,541923
RCI,20060502,0.19,0.195,0.185,0.185,399667
RCL,20060502,1.905,1.93,1.9,1.92,1694850
RCR,20060502,2.02,2.08,2.01,2.07,42409
RCT,20060502,3.51,3.51,3.51,3.51,5000
RDF,20060502,2.12,2.15,2.11,2.15,82199
RDM,20060502,0.32,0.32,0.32,0.32,24287
RDR,20060502,0.445,0.495,0.44,0.495,352600
REA,20060502,3.59,3.6,3.49,3.5,42399
REB,20060502,3.42,3.47,3.4,3.4,26080
RED,20060502,0.125,0.13,0.115,0.115,1025965
REF,20060502,2.06,2.06,2.04,2.05,96493
RER,20060502,0.19,0.19,0.19,0.19,60000
REU,20060502,1,1,1,1,587649
REX,20060502,0.97,0.99,0.96,0.99,68840
RFE,20060502,0.235,0.235,0.225,0.225,275000
RHC,20060502,10.9,10.93,10.72,10.79,544999
RHD,20060502,0.51,0.515,0.505,0.51,52962
RHI,20060502,0.92,0.92,0.75,0.89,174659
RHL,20060502,4,4,4,4,1000
RHT,20060502,0.067,0.068,0.063,0.064,200000
RIC,20060502,1.26,1.265,1.24,1.265,333729
RIM,20060502,0.078,0.08,0.07,0.074,1462211
RIN,20060502,20.99,21.25,20.93,20.93,2107948
RIO,20060502,81.55,82.97,80.89,81.55,1498207
RIS,20060502,0.22,0.22,0.2,0.2,13000
RIV,20060502,1.16,1.17,1.14,1.15,135369
RKN,20060502,0.86,0.87,0.86,0.87,108909
RMA,20060502,0.15,0.15,0.15,0.15,96598
RMD,20060502,5.72,5.77,5.67,5.67,1235190
RMI,20060502,0.054,0.055,0.051,0.051,762000
RML,20060502,0.16,0.22,0.16,0.2,2354194
RMS,20060502,0.15,0.165,0.15,0.165,398733
RNC,20060502,0.275,0.275,0.25,0.25,321961
RND,20060502,0.34,0.34,0.34,0.34,10000
RNG,20060502,0.155,0.16,0.155,0.155,339122
ROC,20060502,3.39,3.52,3.37,3.4,1424720
ROK,20060502,4.73,4.73,4.73,4.73,1563
ROY,20060502,0.26,0.26,0.25,0.25,422770
RPC,20060502,0.555,0.565,0.555,0.56,115980
RPM,20060502,0.085,0.085,0.085,0.085,396500
RPT,20060502,0.125,0.13,0.125,0.13,2954170
RRL,20060502,0.145,0.155,0.145,0.145,2692405
RRS,20060502,0.042,0.043,0.041,0.041,5439634
RSG,20060502,2.38,2.38,2.29,2.32,354397
RSN,20060502,0.32,0.32,0.31,0.32,493279
RSP,20060502,1.11,1.11,1.07,1.1,127549
RTL,20060502,0.205,0.21,0.205,0.21,30498
RTM,20060502,0.029,0.029,0.028,0.028,79742
RUP,20060502,11.01,11.2,10.9,10.9,32518
RVR,20060502,0.19,0.19,0.18,0.18,31277
RWD,20060502,0.2,0.2,0.2,0.2,37601
RXL,20060502,0.52,0.525,0.46,0.46,1138493
SAE,20060502,0.72,0.73,0.7,0.73,1195813
SAF,20060502,0.063,0.063,0.05,0.05,542000
SAH,20060502,0.059,0.06,0.057,0.057,105400
SAQ,20060502,6.7,6.75,6.7,6.75,31326
SAR,20060502,0.515,0.57,0.51,0.56,968640
SAU,20060502,0.285,0.3,0.28,0.285,328265
SAX,20060502,0.105,0.105,0.105,0.105,2000
SBC,20060502,11.8,11.8,11.65,11.77,119752
SBM,20060502,0.69,0.69,0.67,0.68,683086
SBP,20060502,0.083,0.083,0.083,0.083,43364
SBR,20060502,0.135,0.135,0.125,0.125,33925
SBS,20060502,0.115,0.115,0.1,0.1,4064262
SCB,20060502,0.81,0.82,0.81,0.82,16500
SCC,20060502,0.34,0.36,0.34,0.36,130000
SCD,20060502,0.04,0.04,0.04,0.04,100000
SCE,20060502,0.02,0.02,0.019,0.019,40400
SCF,20060502,110.3,110.3,110.25,110.26,486
SCX,20060502,0.06,0.06,0.06,0.06,45024
SDG,20060502,2.28,2.34,2.2,2.28,268866
SDI,20060502,0.765,0.79,0.765,0.79,120525
SDL,20060502,0.073,0.076,0.069,0.069,19108700
SDR,20060502,0.18,0.18,0.18,0.18,298000
SDS,20060502,1.125,1.125,1.12,1.12,2483308
SEA,20060502,0.455,0.455,0.43,0.43,152614
SED,20060502,0.245,0.245,0.235,0.24,586520
SEE,20060502,0.051,0.052,0.051,0.052,165000
SEK,20060502,3.96,3.99,3.96,3.98,544763
SEL,20060502,4.02,4.07,4,4.05,112554
SEM,20060502,8.44,8.44,8.4,8.4,11130
SEN,20060502,0.435,0.45,0.425,0.425,2244198
SEV,20060502,9.23,9.47,9.21,9.3,126593
SFC,20060502,4.74,4.75,4.72,4.75,16154
SFE,20060502,16.1,16.24,15.8,15.91,549292
SFR,20060502,0.425,0.425,0.395,0.4,223442
SFY,20060502,52.37,52.45,52.37,52.45,221
SGB,20060502,30.67,30.73,30.3,30.37,3161380
SGL,20060502,0.35,0.355,0.345,0.345,640958
SGM,20060502,18.7,18.99,18.69,18.84,510664
SGN,20060502,3.38,3.38,3.28,3.3,676628
SGP,20060502,6.94,6.95,6.89,6.92,3778739
SGT,20060502,2.27,2.29,2.27,2.28,5065620
SGV,20060502,0.055,0.055,0.055,0.055,12000
SGX,20060502,5.4,5.8,5.4,5.62,769643
SHC,20060502,0.2,0.2,0.19,0.19,30000
SHG,20060502,0.36,0.38,0.36,0.37,812559
SHL,20060502,14.95,15.08,14.8,14.82,432313
SHN,20060502,0.16,0.175,0.16,0.165,18618178
SHV,20060502,14,14,13.92,13.92,6910
SIE,20060502,0.095,0.115,0.09,0.09,4117539
SIM,20060502,0.33,0.33,0.32,0.32,28000
SIP,20060502,2.64,2.68,2.62,2.65,1760753
SKC,20060502,4.56,4.57,4.55,4.55,111092
SKE,20060502,4.75,4.75,4.75,4.75,7876
SKW,20060502,0.24,0.245,0.24,0.245,612312
SLF,20060502,18.46,18.46,18.36,18.39,14641
SLM,20060502,4.23,4.23,4.22,4.23,20877
SLV,20060502,0.95,0.95,0.935,0.95,86850
SLX,20060502,3.95,3.95,3.64,3.69,424904
SMA,20060502,0.026,0.028,0.026,0.028,144000
SMC,20060502,0.18,0.195,0.18,0.19,217950
SML,20060502,0.045,0.046,0.045,0.046,30500
SMM,20060502,1.54,1.63,1.52,1.63,729074
SMN,20060502,0.115,0.115,0.1,0.1,354000
SMO,20060502,0.125,0.125,0.115,0.115,2175724
SMX,20060502,3,3.04,3,3.04,18737
SMY,20060502,1.375,1.375,1.255,1.34,571893
SNF,20060502,0.4,0.42,0.4,0.41,87657
SNN,20060502,0.08,0.089,0.078,0.079,642500
SNO,20060502,0.57,0.57,0.57,0.57,1
SOE,20060502,0.205,0.205,0.205,0.205,587495
SOL,20060502,8.77,8.8,8.73,8.8,46156
SOM,20060502,0.125,0.125,0.12,0.12,105500
SOO,20060502,0.25,0.25,0.25,0.25,79202
SOT,20060502,0.895,0.91,0.87,0.87,639913
SPD,20060502,0.27,0.27,0.27,0.27,10000
SPH,20060502,1.1,1.105,1.1,1.105,83211
SPL,20060502,0.505,0.51,0.5,0.5,195130
SPN,20060502,1.285,1.295,1.285,1.29,2535193
SPT,20060502,4.81,4.87,4.81,4.85,258559
SRA,20060502,0.037,0.039,0.037,0.038,1727065
SRH,20060502,1.175,1.175,1.175,1.175,10000
SRI,20060502,0.072,0.072,0.071,0.071,447568
SRK,20060502,0.37,0.41,0.37,0.41,457592
SRL,20060502,4.28,4.38,4.28,4.35,663939
SRV,20060502,5.35,5.35,5.35,5.35,1000
SRX,20060502,2.75,2.75,2.55,2.55,23198
SRZ,20060502,0.49,0.49,0.45,0.465,730049
SSI,20060502,4.2,4.3,4.1,4.3,61085
SSN,20060502,0.44,0.44,0.44,0.44,265812
SSX,20060502,1.51,1.51,1.465,1.48,1431155
STB,20060502,0.13,0.13,0.13,0.13,19041
STE,20060502,0.086,0.086,0.085,0.085,60000
STI,20060502,0.11,0.12,0.11,0.12,14150
STO,20060502,12.14,12.14,11.89,11.93,2801448
STP,20060502,0.084,0.085,0.084,0.085,95261
STR,20060502,0.39,0.39,0.38,0.38,63330
STS,20060502,0.985,0.985,0.98,0.98,14150
STU,20060502,1.85,1.85,1.79,1.81,173479
STW,20060502,53.14,53.22,52.73,52.84,44486
STX,20060502,0.33,0.34,0.325,0.34,815314
SUL,20060502,2.28,2.28,2.2,2.2,25507
SUN,20060502,20.22,20.3,20.1,20.2,1630442
SUR,20060502,0.15,0.155,0.15,0.15,678990
SWG,20060502,0.02,0.02,0.02,0.02,125000
SYB,20060502,3.48,3.52,3.44,3.48,2282741
SYM,20060502,0.92,0.95,0.915,0.92,1045292
SYN,20060502,3.25,3.25,3.25,3.25,4898
SYP,20060502,0.1,0.1,0.1,0.1,494000
TAA,20060502,0.056,0.056,0.052,0.053,759409
TAG,20060502,0.36,0.38,0.35,0.36,355709
TAH,20060502,15.21,15.52,15.21,15.42,1515762
TAM,20060502,0.33,0.33,0.32,0.32,3395247
TAN,20060502,1.03,1.03,1,1,15800
TAP,20060502,2.18,2.18,2.11,2.12,2315867
TAS,20060502,0.145,0.145,0.14,0.14,98814
TAW,20060502,0.335,0.335,0.33,0.33,47924
TBC,20060502,0.4,0.4,0.395,0.4,121640
TBG,20060502,1.63,1.64,1.63,1.63,560000
TBR,20060502,0.8,0.83,0.8,0.82,53200
TCI,20060502,1.16,1.16,1.135,1.15,67939
TCL,20060502,6.69,6.71,6.62,6.64,2085951
TCN,20060502,0.06,0.06,0.06,0.06,14410
TCP,20060502,0.65,0.65,0.65,0.65,7500
TCQ,20060502,1.265,1.27,1.26,1.26,20196
TDR,20060502,0.023,0.023,0.022,0.023,607472
TEE,20060502,0.026,0.026,0.026,0.026,542000
TEL,20060502,4.77,4.79,4.73,4.76,2189567
TEN,20060502,3.17,3.19,3.13,3.13,1237799
TFC,20060502,0.455,0.46,0.455,0.46,15337
TFE,20060502,0.39,0.39,0.385,0.39,392087
TFS,20060502,0.067,0.067,0.067,0.067,109460
TGD,20060502,0.15,0.15,0.15,0.15,14090
TGF,20060502,0.29,0.3,0.285,0.3,94500
TGG,20060502,1.63,1.635,1.6,1.635,123292
TGP,20060502,2.41,2.42,2.41,2.42,29910
TGR,20060502,1.18,1.19,1.175,1.18,61040
TGS,20060502,0.455,0.46,0.445,0.45,81172
THG,20060502,0.76,0.765,0.76,0.76,102791
THK,20060502,0.69,0.69,0.665,0.69,89895
THO,20060502,0.65,0.65,0.65,0.65,15000
THX,20060502,0.185,0.19,0.185,0.185,211000
TIM,20060502,3.42,3.45,3.35,3.36,502960
TIR,20060502,0.073,0.074,0.072,0.072,989144
TIS,20060502,0.58,0.58,0.58,0.58,13000
TKG,20060502,0.014,0.015,0.013,0.014,7720500
TKL,20060502,0.19,0.19,0.18,0.19,33500
TKR,20060502,1.25,1.27,1.2,1.25,176000
TLC,20060502,0.19,0.19,0.19,0.19,1915
TLS,20060502,3.97,4,3.89,3.92,41877207
TLT,20060502,1.1,1.1,1.1,1.1,17000
TLZ,20060502,0.3,0.35,0.3,0.35,77339
TMO,20060502,0.27,0.27,0.255,0.265,41743
TMX,20060502,0.215,0.23,0.205,0.22,251893
TNE,20060502,0.66,0.67,0.66,0.67,171594
TNG,20060502,0.25,0.26,0.25,0.26,40000
TNL,20060502,0.385,0.385,0.385,0.385,3500
TNS,20060502,5.18,5.31,5.18,5.29,68671
TOE,20060502,0.785,0.8,0.7,0.73,1712024
TOL,20060502,14.02,14.05,13.82,13.85,3711700
TOX,20060502,0.13,0.13,0.125,0.13,1457501
TPI,20060502,9.84,9.85,9.31,9.45,605218
TPX,20060502,6.75,6.75,6.7,6.7,3734
TQH,20060502,0.26,0.29,0.26,0.29,418280
TRG,20060502,11.91,11.91,11.8,11.9,12550
TRO,20060502,0.215,0.215,0.2,0.2,146978
TRS,20060502,5.42,5.55,5.4,5.5,12200
TRU,20060502,11,11.1,11,11.1,17066
TRY,20060502,3.2,3.24,3.1,3.1,63963
TSE,20060502,7.62,7.62,7.44,7.52,1001778
TSH,20060502,0.45,0.45,0.45,0.45,8000
TSO,20060502,2.28,2.3,2.27,2.28,5129447
TSR,20060502,0.043,0.043,0.043,0.043,879
TTI,20060502,0.255,0.27,0.255,0.26,255527
TTR,20060502,0.19,0.19,0.185,0.185,198094
TTS,20060502,3.19,3.19,3.14,3.14,5194432
TTT,20060502,0.495,0.505,0.495,0.505,2385941
TTV,20060502,0.4,0.4,0.4,0.4,110000
TVL,20060502,0.32,0.32,0.3,0.3,277302
TWD,20060502,1.525,1.57,1.525,1.57,19000
TWO,20060502,1.29,1.29,1.28,1.28,11900
TWR,20060502,2.28,2.29,2.27,2.28,1474969
TYC,20060502,1.39,1.39,1.38,1.38,5780
TZL,20060502,0.585,0.585,0.55,0.55,143840
TZN,20060502,1.595,1.595,1.435,1.46,761836
UCL,20060502,0.072,0.075,0.072,0.075,3006349
UCM,20060502,0.72,0.72,0.7,0.71,69170
UCW,20060502,1.7,1.7,1.7,1.7,8000
UGL,20060502,13.26,13.29,13.02,13.02,365705
UKD,20060502,0.14,0.14,0.14,0.14,96647
UNI,20060502,0.225,0.23,0.225,0.23,21450
UNW,20060502,0.375,0.38,0.37,0.37,112160
UNX,20060502,0.77,0.77,0.72,0.72,503248
UOS,20060502,1.8,2,1.8,2,2765
URL,20060502,0.15,0.155,0.15,0.155,682849
UTB,20060502,14.52,14.69,14.52,14.59,610578
UXA,20060502,0.37,0.37,0.355,0.355,312700
UXC,20060502,1.04,1.04,1.02,1.025,109862
VBA,20060502,1.76,1.77,1.745,1.745,37789
VCM,20060502,1.37,1.37,1.37,1.37,15000
VCN,20060502,0.255,0.265,0.255,0.255,40000
VCR,20060502,0.905,0.94,0.895,0.9,2616098
VGH,20060502,4.32,4.38,4.29,4.29,49536
VGL,20060502,1.045,1.045,1.045,1.045,15000
VGP,20060502,0.425,0.43,0.425,0.43,38000
VHL,20060502,0.1,0.1,0.1,0.1,7750
VII,20060502,0.067,0.067,0.067,0.067,7300
VIL,20060502,0.27,0.27,0.27,0.27,100000
VIP,20060502,0.355,0.355,0.355,0.355,112
VIR,20060502,0.97,0.975,0.97,0.97,69952
VKI,20060502,0.635,0.635,0.6,0.6,10302
VLL,20060502,0.265,0.265,0.26,0.26,184522
VMG,20060502,1.66,1.69,1.65,1.69,13000
VML,20060502,0.19,0.19,0.185,0.19,189000
VPE,20060502,0.03,0.031,0.029,0.029,5064445
VPG,20060502,1.33,1.33,1.32,1.32,832092
VPH,20060502,0.435,0.435,0.435,0.435,6000
VRE,20060502,0.245,0.245,0.24,0.24,227071
VRL,20060502,2.15,2.2,2.15,2.15,361871
VSG,20060502,0.026,0.026,0.026,0.026,743075
VSL,20060502,1.9,1.91,1.88,1.9,523209
VTP,20060502,1.185,1.185,1.16,1.16,30000
VUL,20060502,1.26,1.28,1.25,1.25,119506
VWD,20060502,1.72,1.72,1.705,1.705,59973
VXS,20060502,0.02,0.02,0.018,0.018,8000
WAB,20060502,1.075,1.075,1.07,1.075,60200
WAL,20060502,0.155,0.155,0.15,0.15,200000
WAM,20060502,1.57,1.58,1.56,1.56,63920
WAN,20060502,8.43,8.43,8.21,8.24,457089
WAS,20060502,0.027,0.029,0.027,0.029,2038457
WBA,20060502,0.7,0.7,0.695,0.7,58417
WBB,20060502,9.5,9.5,9.5,9.5,62
WBC,20060502,25.25,25.35,25.07,25.15,3553850
WCB,20060502,3.86,3.86,3.75,3.75,13109
WCG,20060502,1.07,1.09,1.01,1.05,188685
WCP,20060502,0.081,0.085,0.08,0.085,456037
WDC,20060502,17,17.05,16.85,16.86,2961860
WEB,20060502,0.36,0.365,0.36,0.36,3507566
WES,20060502,36.27,36.39,36,36,593011
WEZ,20060502,0.19,0.19,0.185,0.185,193101
WFL,20060502,1.94,1.95,1.935,1.94,20026
WGP,20060502,0.12,0.12,0.12,0.12,4000
WGR,20060502,0.23,0.25,0.21,0.24,200975
WHF,20060502,4.07,4.1,4.07,4.1,3536
WHG,20060502,5.71,5.77,5.71,5.76,588912
WHS,20060502,3.23,3.23,3.23,3.23,11777
WIL,20060502,0.965,0.97,0.95,0.955,130236
WLL,20060502,1.8,1.8,1.8,1.8,18674
WLS,20060502,1.04,1.04,1.04,1.04,147967
WME,20060502,0.17,0.175,0.17,0.175,553500
WMG,20060502,0.085,0.085,0.082,0.082,702000
WMT,20060502,0.034,0.035,0.033,0.035,2430667
WNZ,20060502,7.19,7.19,7.19,7.19,1500
WOR,20060502,19.45,19.8,19,19.26,746701
WOW,20060502,18.8,18.8,18.6,18.7,1640344
WPL,20060502,48.38,48.93,47.8,48.4,1130912
WRL,20060502,0.21,0.21,0.2,0.2,152616
WSA,20060502,2.32,2.38,2.3,2.35,158576
WSP,20060502,0.2,0.21,0.2,0.21,291800
WSS,20060502,0.083,0.083,0.082,0.082,80000
WST,20060502,0.47,0.47,0.47,0.47,5165
WTE,20060502,0.033,0.034,0.032,0.033,2960643
WTP,20060502,2.08,2.09,2.01,2.01,164857
WWA,20060502,1.195,1.2,1.195,1.2,96200
WWM,20060502,0.024,0.024,0.023,0.023,4786500
WYL,20060502,3.54,3.54,3.49,3.5,427878
XAO,20060502,5255.2,5259.9,5214.9,5222.4,0
XBL,20060502,0.24,0.24,0.24,0.24,12300
XBW,20060502,378.52,378.52,378.52,378.52,0
XDJ,20060502,2386.7,2386.7,2353.9,2356.5,0
XEJ,20060502,12890.2,13088,12864.8,12931.7,0
XFJ,20060502,6132.7,6135.1,6079.4,6090.8,0
XFL,20060502,5228.1,5234.1,5186.5,5195.1,0
XHJ,20060502,7026.1,7030.6,6924.3,6938.4,0
XIJ,20060502,505.2,505.2,501,501.8,0
XJO,20060502,5310.4,5313.6,5265.1,5273.1,0
XKO,20060502,5309.9,5313.3,5265.6,5273.4,0
XMD,20060502,5236.4,5236.4,5179.9,5186.2,0
XMJ,20060502,11475.3,11551,11406.6,11410,0
XNJ,20060502,5528.8,5532.1,5464.6,5467.1,0
XPJ,20060502,1947.9,1947.9,1930.7,1935.1,0
XSJ,20060502,6268,6277.6,6199.7,6218.8,0
XSO,20060502,2974.7,2981.4,2949.9,2952.3,0
XTE,20060502,35,36,32,36,128504
XTJ,20060502,1431.3,1433.9,1402.4,1412.9,0
XTL,20060502,2921.7,2929.2,2901.9,2906.2,0
XTO,20060502,4320.7,4323.1,4284.6,4291.4,0
XUJ,20060502,6116,6121.5,6097.6,6106.4,0
XXJ,20060502,6447.1,6450.4,6390.8,6402.8,0
YAM,20060502,0.011,0.011,0.01,0.01,3312851
YGL,20060502,0.096,0.1,0.094,0.094,1494100
YML,20060502,0.25,0.25,0.24,0.245,60000
ZBB,20060502,0.24,0.24,0.225,0.225,49200
ZFX,20060502,10.77,11.16,10.77,11,12655876
ZIM,20060502,6.4,6.4,6.4,6.4,2000
ZTL,20060502,0.58,0.585,0.58,0.58,95350
