AAP,20000209,5.16,5.22,5.16,5.2,234938
AAR,20000209,0.055,0.056,0.053,0.054,1147000
AAT,20000209,1.14,1.19,1.14,1.17,326171
AAU,20000209,1.45,1.46,1.45,1.46,30000
ABC,20000209,0.65,0.65,0.6,0.61,258477
ABD,20000209,0.26,0.26,0.26,0.26,18815
ABG,20000209,2,2,1.97,1.99,23925
ACC,20000209,0.84,0.85,0.82,0.82,695860
ACI,20000209,0.15,0.15,0.13,0.13,160484
ACY,20000209,0.77,0.77,0.77,0.77,16457
ADA,20000209,3.63,3.98,3.63,3.88,107303
ADB,20000209,4.9,5.04,4.9,4.97,118461
ADF,20000209,0.28,0.285,0.255,0.255,1920813
ADG,20000209,2,2,2,2,5000
ADH,20000209,0.18,0.18,0.165,0.165,61022
ADM,20000209,0.13,0.15,0.13,0.145,1088959
ADN,20000209,0.125,0.13,0.125,0.13,100200
ADP,20000209,2.18,2.25,2.18,2.25,783859
ADS,20000209,0.054,0.059,0.054,0.056,250000
ADT,20000209,1.52,1.52,1.52,1.52,2270
ADX,20000209,0.18,0.19,0.18,0.19,74000
ADZ,20000209,2.26,2.28,2.21,2.27,47925
AEC,20000209,0.92,0.94,0.92,0.94,24250
AET,20000209,0.95,0.95,0.95,0.95,14358
AEX,20000209,0.12,0.12,0.11,0.115,739325
AFD,20000209,0.47,0.47,0.46,0.46,41200
AFF,20000209,0.239,0.239,0.239,0.239,2338
AFI,20000209,2.75,2.78,2.72,2.76,286744
AGG,20000209,81.542,83,81.542,82.05,9684
AGH,20000209,0.6,0.62,0.6,0.62,304086
AGL,20000209,8.9,8.98,8.88,8.94,499688
AGM,20000209,0.153,0.153,0.13,0.14,782350
AGR,20000209,0.105,0.105,0.105,0.105,101000
AGS,20000209,0.17,0.17,0.17,0.17,231750
AGT,20000209,0.27,0.285,0.27,0.285,106380
AGY,20000209,0.34,0.34,0.29,0.31,166964
AHA,20000209,3.82,3.82,3.82,3.82,2222
AHD,20000209,3.69,3.76,3.69,3.69,114348
AHL,20000209,1.12,1.12,1.12,1.12,25000
AHX,20000209,0.66,0.67,0.66,0.67,39082
AIE,20000209,0.44,0.453,0.43,0.453,791088
AIP,20000209,0.99,1,0.99,0.99,177747
AIU,20000209,0.07,0.071,0.07,0.071,1140800
AIX,20000209,2,2.04,2,2.04,114301
AIZ,20000209,1.7,1.72,1.7,1.72,5000
AJL,20000209,1.09,1.09,1.06,1.06,4000
AJN,20000209,1.34,1.37,1.33,1.36,581400
AJP,20000209,1.06,1.08,1.05,1.08,509926
AJR,20000209,0.78,0.79,0.78,0.79,143639
AKD,20000209,0.067,0.067,0.064,0.064,1429400
ALA,20000209,0.335,0.35,0.32,0.32,251394
ALK,20000209,0.21,0.21,0.2,0.2,30000
ALL,20000209,22.65,22.65,19.9,20.463,467763
ALX,20000209,0.81,0.81,0.8,0.8,23234
ALZ,20000209,1.44,1.44,1.43,1.43,26900
AMC,20000209,6.368,6.4,6.23,6.3,1724072
AMG,20000209,0.23,0.235,0.22,0.235,411454
AMI,20000209,0.065,0.065,0.064,0.064,236677
AML,20000209,0.79,0.79,0.78,0.79,41200
AMP,20000209,14.95,15.05,14.8,14.85,1112401
AMS,20000209,0.227,0.227,0.2,0.2,108300
AMU,20000209,0.16,0.16,0.15,0.15,106008
AMW,20000209,26,26,25.8,25.8,194
ANC,20000209,3.1,3.1,3.1,3.1,498
ANE,20000209,2.216,2.25,2.2,2.25,32580
ANK,20000209,0.59,0.61,0.59,0.6,21890
ANL,20000209,2.5,2.5,2.45,2.48,72186
ANX,20000209,0.52,0.53,0.51,0.53,140207
ANZ,20000209,10.6,10.75,10.59,10.71,3480775
AOF,20000209,1.07,1.08,1.07,1.08,169734
AOG,20000209,1.51,1.55,1.51,1.53,20645
AOL,20000209,0.19,0.255,0.19,0.24,36127416
AOV,20000209,0.2,0.2,0.2,0.2,282660
APE,20000209,4.24,4.25,4.24,4.25,4708
APF,20000209,1.37,1.39,1.37,1.38,123134
APG,20000209,0.135,0.135,0.125,0.13,375390
API,20000209,2.12,2.15,2.12,2.15,6200
APN,20000209,4.2,4.29,4.2,4.25,675871
APU,20000209,0.19,0.2,0.19,0.2,90000
APY,20000209,0.796,0.796,0.78,0.78,21800
AQP,20000209,2.8,2.8,2.61,2.75,183700
ARA,20000209,0.53,0.55,0.53,0.54,68413
ARC,20000209,0.125,0.13,0.12,0.13,219550
ARG,20000209,3.39,3.4,3.37,3.4,101218
ARL,20000209,2.957,2.957,2.9,2.9,1257730
ARO,20000209,0.5,0.66,0.5,0.55,336842
ARQ,20000209,0.18,0.185,0.175,0.175,275000
ASB,20000209,2.45,2.45,2.45,2.45,4550
ASC,20000209,1.3,1.3,1.27,1.27,60908
ASH,20000209,0.77,0.79,0.77,0.79,203249
ASX,20000209,13.205,13.48,13.205,13.3,218391
ATE,20000209,0.12,0.12,0.11,0.115,132350
ATN,20000209,0.067,0.068,0.066,0.068,1463213
ATP,20000209,0.29,0.31,0.29,0.3,50880
AUA,20000209,0.71,0.71,0.71,0.71,24200
AUD,20000209,2.6,2.62,2.58,2.58,223460
AUG,20000209,0.355,0.355,0.33,0.33,314333
AUI,20000209,3.44,3.44,3.44,3.44,1418
AUL,20000209,0.1,0.105,0.093,0.1,2270760
AUM,20000209,0.091,0.091,0.09,0.09,367777
AUN,20000209,7.6,7.88,7.6,7.85,589137
AUO,20000209,0.135,0.135,0.135,0.135,48000
AUY,20000209,0.43,0.44,0.425,0.425,366000
AVJ,20000209,0.5,0.51,0.5,0.51,128500
AVL,20000209,0.069,0.069,0.06,0.06,266005
AVR,20000209,0.275,0.275,0.27,0.27,177563
AWE,20000209,0.7,0.71,0.7,0.71,145424
AWH,20000209,1.9,1.9,1.89,1.9,16512
AXI,20000209,0.08,0.08,0.08,0.08,10000
AXR,20000209,0.385,0.385,0.36,0.36,4624832
AYO,20000209,0.25,0.25,0.25,0.25,71690
AZL,20000209,0.13,0.13,0.12,0.12,144809
BAE,20000209,0.18,0.18,0.17,0.175,2928461
BAH,20000209,0.35,0.35,0.35,0.35,50000
BAM,20000209,13.6,13.6,13.44,13.45,25671
BCD,20000209,0.9,0.9,0.9,0.9,17000
BCH,20000209,0.424,0.45,0.42,0.45,140019
BDA,20000209,3.291,3.291,3,3.05,335431
BDG,20000209,0.19,0.195,0.18,0.19,119525
BDL,20000209,0.37,0.37,0.36,0.365,172509
BDS,20000209,2.4,2.4,2.4,2.4,25500
BEN,20000209,5.07,5.07,5,5,30954
BGD,20000209,0.24,0.24,0.24,0.24,40000
BGF,20000209,0.185,0.23,0.18,0.23,9363439
BGN,20000209,1.25,1.3,1.21,1.21,34000
BHL,20000209,2.9,2.9,2.9,2.9,17038
BHP,20000209,19,19,18.3,18.35,2948080
BIC,20000209,0.29,0.29,0.29,0.29,2000
BII,20000209,0.345,0.35,0.34,0.34,150441
BIL,20000209,38,38,37.29,37.5,301651
BIR,20000209,0.66,0.67,0.65,0.66,307777
BKA,20000209,0.2,0.2,0.2,0.2,8000
BKL,20000209,5.15,5.15,5.15,5.15,2750
BKR,20000209,0.23,0.235,0.23,0.235,23000
BKS,20000209,0.295,0.3,0.27,0.275,7262042
BKW,20000209,40,40,40,40,3739
BLO,20000209,0.185,0.185,0.17,0.17,1695724
BLR,20000209,0.38,0.38,0.36,0.37,493114
BLV,20000209,2.75,2.75,2.75,2.75,5000
BMC,20000209,5.6,5.86,5.6,5.8,300647
BMX,20000209,0.21,0.21,0.19,0.19,81651
BNA,20000209,0.1,0.105,0.098,0.099,7689192
BNO,20000209,0.82,0.86,0.75,0.85,604380
BOA,20000209,0.84,0.85,0.81,0.85,22856
BOC,20000209,0.18,0.18,0.175,0.175,31367
BOR,20000209,2.16,2.17,2.11,2.13,3476129
BPC,20000209,0.37,0.45,0.36,0.45,2851560
BPT,20000209,0.05,0.05,0.049,0.05,1104229
BQD,20000209,5.06,5.15,5.05,5.112,132075
BRI,20000209,0.265,0.27,0.265,0.27,19500
BRL,20000209,7.21,7.28,7.2,7.23,98074
BRS,20000209,1.12,1.12,1.11,1.12,318311
BRY,20000209,0.295,0.31,0.295,0.3,1091463
BRZ,20000209,3.45,3.6,3.45,3.55,41881
BSG,20000209,0.145,0.145,0.135,0.135,167000
BSO,20000209,2.96,2.96,2.95,2.95,7500
BTA,20000209,5.25,5.36,5.25,5.31,108121
BTE,20000209,0.73,0.73,0.72,0.72,17339
BTG,20000209,0.92,0.95,0.92,0.95,54049
BTM,20000209,0.41,0.41,0.41,0.41,8668
BTO,20000209,1.27,1.3,1.27,1.3,1350501
BTP,20000209,1.65,1.66,1.6,1.64,222932
BUG,20000209,0.69,0.7,0.69,0.69,36938
BWA,20000209,3.96,3.99,3.92,3.92,363754
BWI,20000209,0.87,0.87,0.87,0.87,2000
BWP,20000209,0.97,0.99,0.97,0.99,20500
BWY,20000209,0.07,0.08,0.055,0.055,100376
BYI,20000209,1.55,1.55,1.45,1.45,54175
CAA,20000209,2.095,2.1,2.03,2.06,496873
CAB,20000209,2.25,2.26,2.25,2.25,67783
CAG,20000209,0.68,0.69,0.59,0.66,10911913
CAI,20000209,0.93,0.94,0.93,0.93,77500
CAO,20000209,0.25,0.25,0.245,0.25,438475
CAT,20000209,17.6,18.5,17.6,18.1,25094
CBA,20000209,25.6,25.95,25.37,25.8,1782840
CBI,20000209,1.34,1.35,1.34,1.35,17000
CBN,20000209,0.411,0.415,0.36,0.37,405650
CBO,20000209,0.12,0.12,0.105,0.11,1042890
CBS,20000209,8.7,8.8,8.7,8.8,372
CBW,20000209,0.67,0.67,0.65,0.65,20000
CCB,20000209,3.32,3.35,3.3,3.34,575832
CCH,20000209,0.155,0.16,0.155,0.16,7000
CCK,20000209,2.355,2.355,2.3,2.34,60000
CCL,20000209,3.5,3.68,3.5,3.53,556402
CDF,20000209,1.13,1.13,1.13,1.13,24911
CDK,20000209,0.85,0.85,0.8,0.8,2000
CDL,20000209,0.089,0.09,0.08,0.08,68300
CDN,20000209,0.5,0.65,0.46,0.6,266854
CDO,20000209,1.07,1.09,1.07,1.09,136063
CDP,20000209,1.95,2,1.95,2,12000
CED,20000209,1.7,1.7,1.66,1.66,24500
CEL,20000209,0.81,0.9,0.81,0.9,320400
CEP,20000209,2.54,2.62,2.54,2.62,74982
CEQ,20000209,1.9,2,1.9,2,56000
CEW,20000209,2.36,2.38,2.35,2.35,4910
CEY,20000209,0.56,0.56,0.56,0.56,10091
CFA,20000209,0.145,0.145,0.145,0.145,8083
CFR,20000209,0.062,0.063,0.061,0.061,1306503
CFS,20000209,0.95,0.95,0.95,0.95,5400
CFT,20000209,1.98,1.99,1.98,1.99,458726
CGB,20000209,0.385,0.4,0.375,0.4,128500
CGC,20000209,0.66,0.67,0.65,0.66,74258
CGD,20000209,0.56,0.56,0.56,0.56,28000
CGH,20000209,6.17,6.4,6.16,6.28,1600106
CGP,20000209,0.85,0.87,0.85,0.87,217553
CHF,20000209,0.52,0.53,0.52,0.53,64050
CHI,20000209,0.62,0.64,0.62,0.63,63002
CHL,20000209,0.19,0.2,0.19,0.195,336709
CHP,20000209,0.325,0.45,0.3,0.3,357500
CHQ,20000209,1.05,1.05,1.05,1.05,505
CHS,20000209,0.86,0.87,0.84,0.86,43195
CHV,20000209,0.31,0.32,0.31,0.32,125000
CHY,20000209,1.65,1.7,1.65,1.7,5322
CIA,20000209,0.323,0.42,0.323,0.42,69000
CID,20000209,0.57,0.58,0.57,0.58,58400
CIE,20000209,0.84,0.85,0.84,0.85,5700
CIH,20000209,0.16,0.16,0.155,0.16,426241
CIM,20000209,0.079,0.079,0.065,0.065,69000
CIR,20000209,4.415,4.75,4.415,4.7,125492
CIS,20000209,0.065,0.065,0.065,0.065,20000
CKG,20000209,0.08,0.082,0.075,0.08,2244600
CKS,20000209,0.25,0.27,0.25,0.27,13800
CLI,20000209,3.65,3.8,3.65,3.76,85393
CLK,20000209,0.85,0.85,0.85,0.85,10200
CLL,20000209,2.8,2.8,2.8,2.8,10000
CLO,20000209,0.59,0.59,0.59,0.59,4823
CLT,20000209,3.05,3.1,3,3.1,73594
CLV,20000209,0.46,0.465,0.44,0.44,189892
CMC,20000209,7.7,7.85,7.65,7.7,332454
CML,20000209,6.44,6.5,6.36,6.38,4607691
CMQ,20000209,0.61,0.61,0.6,0.6,97850
CMR,20000209,0.5,0.5,0.5,0.5,40000
CMU,20000209,1.12,1.12,1.1,1.12,54000
CMX,20000209,0.18,0.18,0.16,0.165,259678
CMZ,20000209,0.275,0.275,0.255,0.27,1620132
CND,20000209,3.99,3.99,3.89,3.9,3753
CNF,20000209,0.092,0.092,0.092,0.092,5842
CNG,20000209,0.45,0.45,0.43,0.43,25841
CNM,20000209,0.063,0.064,0.056,0.06,1728333
CNN,20000209,0.37,0.37,0.35,0.35,281671
CNT,20000209,0.11,0.115,0.11,0.11,326500
COA,20000209,1.895,1.94,1.895,1.94,51841
COF,20000209,1.7,1.74,1.7,1.74,10000
COG,20000209,0.125,0.125,0.115,0.115,450990
COH,20000209,22.26,22.4,22,22.3,30008
COM,20000209,1.2,1.2,1,1.07,2397380
CPA,20000209,0.86,0.87,0.84,0.87,252610
CPB,20000209,5,5.02,5,5.02,3016
CPC,20000209,0.56,0.56,0.54,0.54,66634
CPI,20000209,2.15,2.15,2.15,2.15,193529
CPM,20000209,5.8,5.8,5.71,5.71,1076
CPU,20000209,6.61,6.78,6.61,6.68,627960
CQT,20000209,0.27,0.305,0.27,0.285,4441437
CRG,20000209,8.45,8.49,8.45,8.45,49361
CRS,20000209,0.27,0.28,0.27,0.27,31000
CRU,20000209,0.8,0.8,0.8,0.8,15000
CRV,20000209,0.52,0.54,0.52,0.54,6200
CSA,20000209,0.225,0.235,0.215,0.215,117100
CSB,20000209,0.89,1.12,0.89,1.07,445335
CSL,20000209,22.599,23,22.599,22.85,155186
CSM,20000209,0.37,0.37,0.365,0.37,224815
CSR,20000209,3.46,3.54,3.46,3.53,4477231
CSY,20000209,0.176,0.176,0.165,0.17,1035170
CTI,20000209,1.23,1.24,1.2,1.24,63340
CTL,20000209,7.85,7.9,7.72,7.79,40127
CTO,20000209,0.105,0.115,0.105,0.115,38833
CTR,20000209,0.21,0.22,0.205,0.215,917522
CTX,20000209,2.341,2.35,2.31,2.34,147070
CUE,20000209,0.075,0.075,0.072,0.072,1430358
CUL,20000209,0.075,0.075,0.07,0.071,1636119
CVC,20000209,0.48,0.48,0.48,0.48,6000
CVI,20000209,2.5,2.5,2.32,2.445,96000
CVN,20000209,0.1,0.105,0.098,0.105,385000
CWO,20000209,5.85,5.9,5.72,5.73,6042541
CWP,20000209,0.82,0.83,0.82,0.83,30000
CXA,20000209,0.26,0.265,0.255,0.26,63700
CXL,20000209,0.185,0.185,0.175,0.175,102002
CXP,20000209,3.75,3.85,3.75,3.8,22650
CYG,20000209,4.45,4.45,4.45,4.45,9318
DAD,20000209,3.752,4,3.752,4,341174
DAR,20000209,0.83,0.83,0.83,0.83,10000
DCI,20000209,0.074,0.077,0.074,0.077,672774
DCS,20000209,0.74,0.83,0.74,0.77,462003
DEF,20000209,0.07,0.071,0.064,0.07,1556726
DEM,20000209,0.18,0.18,0.18,0.18,18900
DFT,20000209,0.37,0.37,0.35,0.365,354250
DGD,20000209,2.105,2.17,2.09,2.16,151267
DGM,20000209,0.032,0.032,0.028,0.029,30540524
DGN,20000209,0.13,0.13,0.125,0.125,219321
DHB,20000209,0.46,0.46,0.46,0.46,5000
DIO,20000209,0.061,0.065,0.06,0.064,7752337
DJS,20000209,1.32,1.32,1.31,1.32,1355051
DJW,20000209,3.8,3.8,3.76,3.8,20976
DLS,20000209,0.054,0.06,0.054,0.06,472000
DNS,20000209,0.066,0.066,0.063,0.065,670396
DOM,20000209,0.43,0.46,0.43,0.43,7750
DOR,20000209,0.29,0.31,0.29,0.31,223000
DPT,20000209,2.28,2.32,2.25,2.3,207808
DRA,20000209,0.074,0.074,0.07,0.07,208000
DRD,20000209,2.58,2.58,2.58,2.58,10000
DRE,20000209,0.76,0.76,0.75,0.75,30000
DRN,20000209,0.105,0.11,0.105,0.105,233625
DSW,20000209,0.19,0.19,0.18,0.18,472440
DTL,20000209,2.59,2.8,2.59,2.8,17328
DUI,20000209,1.53,1.55,1.53,1.55,16000
DVD,20000209,0.543,0.543,0.51,0.51,37000
DVN,20000209,0.49,0.5,0.49,0.5,994
DVT,20000209,2.51,2.56,2.39,2.47,2810082
EAC,20000209,3.55,3.55,3.55,3.55,500
EAM,20000209,1.56,1.65,1.56,1.64,595912
EBG,20000209,0.3,0.3,0.27,0.27,71000
EBR,20000209,0.2,0.2,0.2,0.2,66387
EBT,20000209,0.57,0.59,0.55,0.57,1669227
ECA,20000209,0.31,0.31,0.31,0.31,1515
ECL,20000209,0.34,0.37,0.34,0.37,848065
ECO,20000209,0.24,0.25,0.24,0.24,76500
ECP,20000209,5.857,6.49,5.81,6.458,2015951
ECU,20000209,0.32,0.37,0.315,0.36,4814671
EDI,20000209,1.85,1.85,1.84,1.85,472716
EEC,20000209,0.19,0.19,0.18,0.18,683552
EFN,20000209,0.845,0.85,0.8,0.84,418794
EGO,20000209,0.16,0.16,0.16,0.16,75000
EIS,20000209,0.83,0.85,0.83,0.84,1067090
EKL,20000209,0.27,0.27,0.27,0.27,3500
ELE,20000209,0.345,0.35,0.345,0.35,281900
EML,20000209,2.16,2.16,2.14,2.14,467640
EMM,20000209,0.17,0.17,0.17,0.17,34800
EMP,20000209,0.7,0.71,0.7,0.7,149059
ENE,20000209,12.2,12.2,11.9,11.92,145140
ENV,20000209,0.78,0.79,0.77,0.77,298770
EQM,20000209,3.3,3.3,3.3,3.3,200
EQR,20000209,0.105,0.105,0.1,0.1,41250
EQS,20000209,0.38,0.38,0.35,0.355,1003177
EQT,20000209,8,8,8,8,4500
ERA,20000209,2.15,2.15,2.1,2.1,2000
ERG,20000209,10.3,10.51,10.25,10.508,949790
ERH,20000209,0.032,0.032,0.032,0.032,5000
ESE,20000209,0.2,0.2,0.2,0.2,6000
ESI,20000209,0.295,0.295,0.295,0.295,3000
ESX,20000209,0.97,0.99,0.92,0.93,397306
ETR,20000209,2.63,2.64,2.48,2.6,272539
ETW,20000209,1.28,1.28,1.22,1.22,26013
EWL,20000209,0.65,0.66,0.65,0.65,25200
EXS,20000209,0.28,0.28,0.28,0.28,17000
EZE,20000209,0.636,0.638,0.6,0.638,63842
EZL,20000209,1.35,1.35,1.16,1.35,10200
EZY,20000209,0.57,0.63,0.52,0.625,2178249
FAF,20000209,0.55,0.55,0.54,0.55,12446
FAN,20000209,0.78,0.79,0.78,0.79,20401
FAR,20000209,0.121,0.121,0.12,0.12,550653
FBG,20000209,4.29,4.29,4.1,4.12,6812223
FCL,20000209,1.94,1.95,1.92,1.95,342184
FDR,20000209,3.083,3.2,3,3,34280
FEC,20000209,3.4,3.4,3.25,3.25,18800
FFL,20000209,2.05,2.08,2.04,2.08,6987
FGR,20000209,0.055,0.056,0.054,0.055,1651863
FHF,20000209,8.75,8.88,8.75,8.88,195854
FHL,20000209,3.76,3.95,3.75,3.95,220400
FHT,20000209,0.7,0.7,0.7,0.7,2000
FIF,20000209,4.217,4.25,4.2,4.21,505922
FIG,20000209,0.07,0.07,0.069,0.07,554283
FIM,20000209,0.235,0.24,0.23,0.23,100530
FIT,20000209,1.02,1.03,1.02,1.03,58130
FKP,20000209,1.13,1.14,1.12,1.13,29067
FLE,20000209,0.65,0.7,0.65,0.65,84950
FLT,20000209,18,18.1,17.6,17.6,21579
FMH,20000209,1.33,1.37,1.32,1.37,43294
FOA,20000209,9.032,9.15,9.032,9.12,93092
FPF,20000209,0.84,0.85,0.84,0.85,11370
FPG,20000209,0.61,0.62,0.61,0.62,55564
FRI,20000209,0.29,0.29,0.29,0.29,10000
FRM,20000209,0.62,0.62,0.61,0.61,20000
FRO,20000209,0.275,0.28,0.26,0.275,469930
FRT,20000209,1.15,1.15,1.15,1.15,38600
FST,20000209,2.55,2.55,2.52,2.52,19900
FTL,20000209,1.39,1.39,1.31,1.34,437171
FTR,20000209,0.59,0.77,0.59,0.7,5357973
FWD,20000209,1.75,1.75,1.75,1.75,155700
FWF,20000209,0.65,0.65,0.65,0.65,210
FXF,20000209,0.68,0.68,0.66,0.67,71365
FXJ,20000209,5.24,5.39,5.22,5.38,3200223
GAN,20000209,1.04,1.04,1.02,1.04,2940482
GAW,20000209,0.125,0.13,0.125,0.125,72000
GBG,20000209,0.185,0.185,0.18,0.18,74781
GBL,20000209,0.425,0.43,0.415,0.425,46000
GBS,20000209,0.44,0.45,0.43,0.43,117273
GCR,20000209,0.1,0.1,0.098,0.099,222490
GDA,20000209,0.53,0.58,0.53,0.58,101750
GDH,20000209,0.13,0.135,0.13,0.135,385282
GDM,20000209,0.7,0.7,0.69,0.7,53626
GDN,20000209,0.16,0.21,0.16,0.205,4147833
GDP,20000209,6.7,6.72,6.52,6.58,45940
GED,20000209,0.24,0.24,0.23,0.23,43000
GEE,20000209,2.19,2.2,2.12,2.15,68510
GEL,20000209,0.26,0.28,0.25,0.27,246894
GFA,20000209,4.2,4.2,4,4.2,900
GFD,20000209,0.57,0.58,0.57,0.58,1400
GGN,20000209,0.15,0.15,0.15,0.15,185624
GGR,20000209,0.071,0.071,0.068,0.068,255000
GGS,20000209,0.064,0.067,0.061,0.063,5719497
GGY,20000209,0.065,0.065,0.06,0.06,375501
GHG,20000209,1.4,1.4,1.39,1.39,108522
GHM,20000209,0.17,0.175,0.16,0.16,488080
GHP,20000209,1.17,1.17,1.14,1.14,118425
GHR,20000209,0.26,0.26,0.25,0.25,35000
GIL,20000209,0.41,0.41,0.41,0.41,5000
GIP,20000209,0.3,0.3,0.265,0.3,660000
GKL,20000209,0.6,0.6,0.6,0.6,270
GKR,20000209,0.71,0.71,0.71,0.71,700
GLD,20000209,1.21,1.27,1.21,1.25,444216
GLP,20000209,0.072,0.079,0.071,0.078,865500
GLT,20000209,0.425,0.43,0.42,0.43,71200
GME,20000209,0.105,0.11,0.105,0.11,436600
GMF,20000209,1.21,1.25,1.21,1.23,4443888
GML,20000209,0.18,0.18,0.18,0.18,3880
GNC,20000209,8.71,8.71,8.7,8.7,7265
GNR,20000209,0.075,0.075,0.07,0.07,580895
GNS,20000209,1.95,2.22,1.95,2.15,125396
GOW,20000209,2,2,2,2,1000
GPN,20000209,0.074,0.074,0.068,0.069,3033861
GPO,20000209,0.32,0.35,0.32,0.35,121516
GPT,20000209,2.45,2.48,2.44,2.44,1577242
GRD,20000209,0.8,0.8,0.8,0.8,15625
GRN,20000209,0.1,0.1,0.1,0.1,100000
GRV,20000209,0.78,0.78,0.78,0.78,4000
GSE,20000209,0.25,0.26,0.245,0.245,1886290
GSF,20000209,0.8,0.8,0.8,0.8,1732
GSP,20000209,1.07,1.07,1.06,1.06,125335
GTI,20000209,0.105,0.105,0.1,0.1,90000
GTL,20000209,0.14,0.14,0.13,0.13,45000
GTM,20000209,0.087,0.087,0.082,0.084,199971
GTP,20000209,4.4,4.45,4.35,4.39,53551
GUD,20000209,1.4,1.4,1.35,1.4,47125
GUL,20000209,0.099,0.115,0.099,0.11,1706780
GVM,20000209,0.085,0.085,0.084,0.084,289689
GWF,20000209,0.4,0.4,0.4,0.4,10000
GWT,20000209,2.28,2.3,2.25,2.26,404428
GYM,20000209,0.445,0.45,0.43,0.45,344145
GZL,20000209,2.07,2.07,2.06,2.06,2000
HAH,20000209,3.26,3.36,3.26,3.36,259136
HAK,20000209,4,4,4,4,1485
HAM,20000209,2.34,2.4,2.34,2.4,26214
HAO,20000209,0.2,0.2,0.2,0.2,41000
HBL,20000209,0.35,0.35,0.35,0.35,61322
HCN,20000209,2.02,2.02,1.8,1.9,199713
HDR,20000209,0.159,0.159,0.145,0.15,1111939
HEI,20000209,0.175,0.175,0.155,0.155,27749
HER,20000209,0.32,0.32,0.29,0.29,23975
HEX,20000209,0.165,0.195,0.165,0.19,12940168
HFY,20000209,1.058,1.058,1.01,1.03,149596
HGR,20000209,0.29,0.29,0.29,0.29,24500
HGV,20000209,0.69,0.69,0.69,0.69,6000
HIC,20000209,0.53,0.53,0.53,0.53,6000
HIG,20000209,0.31,0.315,0.31,0.31,358170
HIH,20000209,1.33,1.43,1.33,1.4,1017552
HIL,20000209,2.5,2.5,2.48,2.48,23967
HLL,20000209,0.195,0.195,0.18,0.185,251350
HLM,20000209,0.465,0.47,0.405,0.43,733745
HLX,20000209,0.3,0.3,0.285,0.3,373386
HLY,20000209,3.582,3.6,3.55,3.6,30421
HMC,20000209,0.06,0.06,0.057,0.057,280000
HOT,20000209,0.51,0.53,0.48,0.48,956009
HPL,20000209,1.75,1.8,1.75,1.8,135464
HRD,20000209,1.5,1.64,1.47,1.64,242028
HRP,20000209,1.28,1.29,1.28,1.28,24980
HRR,20000209,0.33,0.36,0.33,0.36,884967
HRS,20000209,0.16,0.16,0.16,0.16,496
HRT,20000209,0.29,0.29,0.28,0.28,69500
HRZ,20000209,0.34,0.36,0.34,0.36,35000
HSL,20000209,1.73,1.74,1.73,1.73,22181
HSP,20000209,0.38,0.42,0.38,0.42,25717
HTA,20000209,4.8,4.98,4.8,4.97,605190
HTE,20000209,0.091,0.093,0.09,0.093,290000
HTM,20000209,0.12,0.12,0.08,0.08,604330
HUG,20000209,0.2,0.2,0.19,0.19,47037
HVN,20000209,3,3.08,3,3.01,749284
HWE,20000209,1.45,1.46,1.43,1.43,158642
HWI,20000209,0.77,0.77,0.77,0.77,40000
HWT,20000209,1.08,1.08,1.06,1.06,87092
HWW,20000209,0.47,0.485,0.47,0.485,127300
HZA,20000209,0.77,0.77,0.76,0.76,14200
HZM,20000209,0.38,0.38,0.37,0.37,23395
IAM,20000209,1.77,1.77,1.77,1.77,1927
IAS,20000209,1.11,1.13,1.08,1.12,58340
ICE,20000209,0.62,0.63,0.62,0.63,47534
ICM,20000209,0.71,0.74,0.7,0.71,56200
ICN,20000209,0.13,0.13,0.125,0.125,259560
ICS,20000209,2.64,2.65,2.6,2.6,22950
IDT,20000209,4.15,4.2,4.1,4.15,18570
IFA,20000209,0.64,0.65,0.63,0.63,212369
IGM,20000209,0.15,0.15,0.145,0.145,342000
IGP,20000209,3.19,3.19,3.19,3.19,350
IHG,20000209,0.445,0.46,0.44,0.45,192686
IHY,20000209,0.54,0.54,0.52,0.53,670423
IIN,20000209,1.45,1.46,1.43,1.45,56009
ILH,20000209,0.295,0.3,0.29,0.295,188700
ILU,20000209,3.85,3.92,3.85,3.92,686063
IMD,20000209,0.085,0.085,0.08,0.08,200000
IMM,20000209,0.165,0.17,0.155,0.16,12341176
IMP,20000209,0.145,0.145,0.14,0.145,1974372
IMW,20000209,1.01,1.01,0.98,1,224300
INC,20000209,1.65,1.68,1.65,1.65,13491
INF,20000209,0.58,0.64,0.56,0.56,2563167
INM,20000209,0.053,0.054,0.049,0.049,5592175
INX,20000209,0.17,0.18,0.17,0.18,55500
ION,20000209,0.37,0.37,0.37,0.37,50000
IPH,20000209,1.79,1.79,1.75,1.79,12528
IRC,20000209,0.092,0.092,0.09,0.092,332750
ISC,20000209,1.395,1.395,1.29,1.345,318340
ISE,20000209,1.63,1.7,1.6,1.7,77022
ISP,20000209,0.64,0.64,0.6,0.61,359283
ITC,20000209,0.45,0.45,0.39,0.41,3168599
ITE,20000209,0.93,0.98,0.92,0.96,287500
ITL,20000209,2.85,2.85,2.83,2.83,28400
ITP,20000209,0.59,0.61,0.59,0.6,49000
IWF,20000209,1.82,1.82,1.79,1.79,8000
IWL,20000209,1.19,1.29,1.17,1.24,4934085
IXL,20000209,1.887,1.92,1.87,1.87,147682
JAM,20000209,0.337,0.34,0.3,0.3,100400
JBM,20000209,0.6,0.6,0.59,0.6,39456
JJS,20000209,1.07,1.07,1.07,1.07,53000
JLA,20000209,0.191,0.191,0.175,0.175,272135
JRV,20000209,0.073,0.073,0.07,0.07,500000
JUM,20000209,0.43,0.475,0.43,0.46,756631
JUP,20000209,2.6,2.6,2.58,2.59,724551
JWM,20000209,0.6,0.65,0.6,0.65,38154
JYC,20000209,1.65,1.65,1.6,1.65,14868
KBG,20000209,1.16,1.2,1.1,1.2,706406
KCG,20000209,0.355,0.355,0.345,0.345,28409
KCN,20000209,0.73,0.73,0.7,0.7,269066
KGM,20000209,0.36,0.36,0.355,0.355,36200
KIC,20000209,3.1,3.12,3.1,3.12,5270
KID,20000209,0.68,0.68,0.64,0.645,348034
KIM,20000209,0.272,0.272,0.26,0.26,115490
KLA,20000209,0.225,0.225,0.225,0.225,550
KLS,20000209,0.34,0.35,0.33,0.35,311995
KMN,20000209,0.077,0.084,0.072,0.084,795500
KRS,20000209,0.2,0.2,0.2,0.2,84903
KRZ,20000209,0.032,0.032,0.029,0.029,7331975
KSC,20000209,1.33,1.33,1.33,1.33,4000
KSM,20000209,0.385,0.4,0.375,0.382,3347277
KUG,20000209,0.36,0.36,0.36,0.36,142750
KYC,20000209,10.808,11.2,10.75,10.85,153748
KZL,20000209,0.33,0.33,0.33,0.33,95000
LAC,20000209,7.6,7.95,7.6,7.9,163926
LAF,20000209,0.17,0.17,0.165,0.17,105000
LAK,20000209,1.52,1.52,1.46,1.5,121132
LCH,20000209,0.48,0.48,0.47,0.47,120500
LEI,20000209,5.398,5.69,5.398,5.51,1021344
LGO,20000209,0.057,0.057,0.057,0.057,40000
LHG,20000209,0.908,0.92,0.87,0.87,5164747
LIB,20000209,1.06,1.07,1.01,1.03,4109153
LKO,20000209,0.064,0.067,0.063,0.066,19098279
LLC,20000209,19.738,20,19.6,19.608,607192
LLR,20000209,0.07,0.07,0.06,0.07,86704
LMC,20000209,2.85,2.85,2.85,2.85,5000
LNN,20000209,3.15,3.2,3.11,3.11,3373161
LON,20000209,0.305,0.305,0.3,0.3,118579
LSG,20000209,0.89,0.89,0.87,0.88,55936
LVN,20000209,0.6,0.6,0.58,0.58,411954
LYG,20000209,0.25,0.28,0.25,0.28,557670
MAC,20000209,0.09,0.09,0.09,0.09,5500
MAG,20000209,1.4,1.4,1.4,1.4,3621
MAH,20000209,0.24,0.265,0.24,0.25,146176
MAQ,20000209,2.54,2.54,2.3,2.37,166194
MAX,20000209,1.1,1.1,1.05,1.05,48500
MAY,20000209,3.37,3.4,3.307,3.307,1224748
MBC,20000209,14.75,14.9,14.75,14.9,3170
MBG,20000209,0.088,0.088,0.085,0.085,379500
MBL,20000209,23.75,24.3,23.75,24.15,175975
MBM,20000209,0.155,0.165,0.155,0.165,145875
MBP,20000209,0.6,0.61,0.57,0.6,164728
MCA,20000209,0.82,0.82,0.8,0.81,97899
MCL,20000209,0.51,0.55,0.51,0.55,264718
MCO,20000209,0.24,0.24,0.24,0.24,14132
MCP,20000209,1.42,1.44,1.4,1.42,8750
MCR,20000209,0.1,0.1,0.1,0.1,10000
MCS,20000209,0.72,0.75,0.72,0.75,32975
MCT,20000209,0.17,0.17,0.16,0.165,145728
MCW,20000209,1.4,1.43,1.38,1.43,41968
MDC,20000209,1.85,1.85,1.85,1.85,1000
MDL,20000209,0.155,0.16,0.155,0.16,81222
MDN,20000209,0.1,0.1,0.1,0.1,480890
MED,20000209,0.52,0.52,0.475,0.5,382122
MEE,20000209,0.125,0.125,0.11,0.12,338580
MEN,20000209,0.18,0.18,0.18,0.18,69000
MEX,20000209,0.74,0.74,0.74,0.74,13000
MFL,20000209,0.47,0.47,0.45,0.45,227060
MGD,20000209,0.37,0.38,0.37,0.37,32000
MGR,20000209,3.06,3.1,3.06,3.08,371474
MGW,20000209,3.65,3.65,3.6,3.6,14500
MIC,20000209,0.099,0.1,0.094,0.098,365560
MIG,20000209,1.24,1.24,1.21,1.22,2284204
MIK,20000209,0.49,0.5,0.48,0.5,74635
MIM,20000209,1.34,1.35,1.3,1.31,4391000
MIP,20000209,0.96,0.96,0.94,0.94,133551
MIV,20000209,0.79,0.8,0.77,0.8,89155
MJN,20000209,0.41,0.415,0.385,0.39,891106
MLB,20000209,7.93,8.24,7.93,8.2,432857
MLE,20000209,0.82,0.82,0.8,0.81,42650
MLT,20000209,8.8,8.85,8.8,8.84,4225
MMD,20000209,0.55,0.55,0.53,0.55,407840
MME,20000209,0.82,0.82,0.82,0.82,69910
MMF,20000209,2.36,2.36,2.35,2.35,8131
MMN,20000209,0.098,0.098,0.09,0.095,1835600
MND,20000209,3.7,3.7,3.7,3.7,4000
MNG,20000209,0.15,0.15,0.14,0.145,299424
MNS,20000209,0.98,0.98,0.98,0.98,3500
MOB,20000209,1.06,1.09,1.06,1.08,34195
MOD,20000209,0.15,0.15,0.15,0.15,40000
MOF,20000209,1.04,1.06,1.03,1.06,277324
MOM,20000209,0.245,0.245,0.22,0.22,1038762
MOO,20000209,0.095,0.1,0.095,0.1,24000
MOS,20000209,0.19,0.195,0.185,0.19,106374
MPH,20000209,1.015,1.05,0.95,1.025,1243011
MPI,20000209,0.13,0.135,0.13,0.135,12310
MPL,20000209,0.205,0.225,0.205,0.22,1198605
MPO,20000209,0.12,0.125,0.115,0.12,1374150
MQL,20000209,0.223,0.24,0.21,0.225,865245
MRC,20000209,0.18,0.185,0.16,0.175,515747
MRD,20000209,0.689,0.69,0.689,0.69,73729
MRH,20000209,0.35,0.35,0.35,0.35,28000
MRL,20000209,3.55,3.63,3.55,3.63,39173
MRM,20000209,0.61,0.62,0.61,0.62,8400
MSC,20000209,0.165,0.165,0.16,0.16,485000
MSD,20000209,0.17,0.17,0.15,0.17,45300
MSF,20000209,6.2,6.2,6.01,6.01,1290
MSI,20000209,0.085,0.085,0.085,0.085,30000
MST,20000209,2.26,2.3,2.25,2.25,11314
MTB,20000209,0.15,0.15,0.145,0.145,20000
MTR,20000209,0.72,0.73,0.7,0.72,763571
MUL,20000209,0.94,0.96,0.91,0.93,4086082
MUR,20000209,0.61,0.61,0.61,0.61,141523
MXI,20000209,0.21,0.21,0.205,0.205,187124
MXM,20000209,1.3,1.3,1.25,1.27,244223
MYO,20000209,11.429,11.97,11.4,11.81,43757
MZG,20000209,0.2,0.205,0.2,0.205,149500
NAB,20000209,22.054,22.1,21.88,21.92,4520298
NAU,20000209,0.92,0.93,0.92,0.93,15000
NBH,20000209,3.18,3.21,3.06,3.1,2313746
NCM,20000209,4.1,4.14,4.04,4.05,444839
NCP,20000209,21.619,22,21.44,21.795,6074556
NDO,20000209,0.06,0.06,0.051,0.051,443000
NDY,20000209,1.06,1.08,1.04,1.05,6429168
NEV,20000209,3,3.02,3,3,13430
NEX,20000209,0.11,0.115,0.105,0.11,4943088
NFD,20000209,2.63,2.63,2.58,2.58,328753
NFG,20000209,0.23,0.23,0.23,0.23,2000
NFM,20000209,3.88,3.88,3.88,3.88,3013
NFO,20000209,0.115,0.13,0.115,0.13,28570
NFR,20000209,0.46,0.46,0.45,0.45,44057
NGH,20000209,0.195,0.2,0.18,0.195,1737258
NHG,20000209,0.22,0.22,0.21,0.215,500000
NHM,20000209,0.04,0.04,0.038,0.038,589011
NHR,20000209,0.65,0.65,0.65,0.65,5000
NIX,20000209,1.08,1.08,1.08,1.08,10000
NLB,20000209,0.95,0.95,0.95,0.95,7500
NLY,20000209,2.06,2.12,2.05,2.12,19505
NMH,20000209,2.3,2.3,2.23,2.25,2303453
NMP,20000209,1.1,1.1,1.08,1.09,215608
NMW,20000209,1.46,1.54,1.45,1.48,18000
NNG,20000209,0.066,0.066,0.066,0.066,85000
NRL,20000209,0.71,0.71,0.69,0.7,201533
NRT,20000209,3.641,3.7,3.62,3.69,98576
NTC,20000209,0.39,0.39,0.38,0.385,78452
NTS,20000209,0.255,0.26,0.245,0.245,339000
NUF,20000209,3.1,3.1,3.1,3.1,17400
NVS,20000209,1.52,1.52,1.46,1.47,1821517
NWE,20000209,0.14,0.14,0.14,0.14,50000
NWL,20000209,2.93,2.93,2.85,2.86,665628
NZO,20000209,0.491,0.491,0.47,0.49,51237
OEC,20000209,0.81,0.82,0.8,0.8,169268
OHL,20000209,0.56,0.58,0.55,0.56,363008
OIL,20000209,2.16,2.18,2.14,2.16,159800
OML,20000209,1.51,1.51,1.49,1.49,157764
ONE,20000209,2.24,2.24,2.19,2.2,265784
ONI,20000209,0.5,0.5,0.47,0.47,26165
OPS,20000209,2.72,2.82,2.64,2.75,95734
ORI,20000209,7.591,7.65,7.55,7.58,421195
OSH,20000209,1.619,1.67,1.56,1.57,390606
OSM,20000209,0.092,0.093,0.085,0.089,3192238
OTO,20000209,0.48,0.5,0.48,0.49,700480
OTR,20000209,0.7,0.71,0.7,0.7,16240
OTS,20000209,3.48,3.58,3.48,3.54,154196
OTT,20000209,4.66,4.75,4.65,4.75,185720
OXR,20000209,0.175,0.185,0.17,0.18,2331953
PAH,20000209,0.465,0.465,0.46,0.46,31000
PAL,20000209,0.4,0.43,0.395,0.4,1471961
PAS,20000209,1.38,1.39,1.32,1.34,3771786
PAT,20000209,1.82,1.84,1.82,1.84,14000
PBB,20000209,5,5.08,5,5.05,105138
PBL,20000209,13.3,13.65,13.3,13.32,2396829
PBV,20000209,2.3,2.35,2.3,2.35,2900
PBY,20000209,0.41,0.425,0.41,0.425,770622
PCE,20000209,0.5,0.5,0.47,0.495,382689
PCG,20000209,0.375,0.38,0.37,0.375,44034
PCL,20000209,0.077,0.079,0.077,0.078,114550
PCO,20000209,1.35,1.36,1.33,1.36,224062
PCR,20000209,1.34,1.35,1.3,1.35,129717
PDC,20000209,1.06,1.06,1.05,1.06,455162
PDN,20000209,0.115,0.175,0.115,0.175,16357708
PDP,20000209,1.78,1.82,1.76,1.79,2559535
PDR,20000209,0.13,0.13,0.13,0.13,20000
PEA,20000209,1.01,1.03,1,1,41613
PEM,20000209,0.26,0.295,0.26,0.295,62500
PGL,20000209,4.24,4.25,4.15,4.2,12772
PGP,20000209,0.22,0.23,0.22,0.23,710594
PHA,20000209,1.08,1.08,1.08,1.08,160
PHD,20000209,0.195,0.2,0.195,0.195,757250
PHO,20000209,1.09,1.09,1.03,1.08,225223
PHR,20000209,0.43,0.43,0.43,0.43,1000
PHT,20000209,0.74,0.74,0.74,0.74,9327
PHY,20000209,1.33,1.33,1.31,1.33,12700
PID,20000209,0.81,0.82,0.81,0.82,162424
PIL,20000209,0.61,0.65,0.58,0.64,1364894
PKT,20000209,0.64,0.64,0.6,0.6,1492412
PLF,20000209,4.06,4.08,4,4.08,16700
PLL,20000209,2.09,2.2,2.09,2.2,28980
PLM,20000209,5.6,5.6,5.56,5.6,15950
PLT,20000209,6,6.05,5.95,5.96,87875
PLW,20000209,2.51,2.55,2.51,2.55,16479
PLX,20000209,1.38,1.38,1.35,1.35,146500
PMA,20000209,0.295,0.295,0.29,0.295,243100
PMC,20000209,1.38,1.38,1.32,1.32,76342
PMD,20000209,0.58,0.59,0.54,0.54,429151
PMM,20000209,0.9,0.9,0.82,0.88,8342160
PMP,20000209,2.31,2.35,2.3,2.33,1076260
PNA,20000209,0.087,0.087,0.087,0.087,77400
PNI,20000209,4.34,4.36,4.34,4.35,6543861
PNO,20000209,0.7,0.71,0.69,0.71,128272
PPK,20000209,0.51,0.51,0.51,0.51,25000
PPL,20000209,0.225,0.225,0.22,0.225,41500
PPP,20000209,0.215,0.22,0.21,0.21,293328
PPT,20000209,20.2,20.36,20.2,20.36,4248
PRB,20000209,0.033,0.034,0.029,0.033,37607724
PRE,20000209,0.096,0.1,0.096,0.096,699000
PRG,20000209,1.81,1.9,1.81,1.836,31371
PRI,20000209,6.4,6.5,6.38,6.4,459580
PRL,20000209,0.73,0.74,0.73,0.74,32160
PRM,20000209,0.21,0.24,0.15,0.235,137334
PRO,20000209,3.85,3.85,3.7,3.8,39074
PRR,20000209,0.23,0.265,0.225,0.255,3807600
PRT,20000209,1.47,1.5,1.47,1.5,44353
PRX,20000209,0.74,0.75,0.73,0.75,131864
PRY,20000209,5.1,5.2,5.1,5.2,13100
PSA,20000209,0.23,0.24,0.23,0.23,84418
PSE,20000209,0.12,0.12,0.12,0.12,10000
PSV,20000209,0.19,0.19,0.19,0.19,20000
PTD,20000209,0.4,0.41,0.395,0.4,88218
PTL,20000209,0.592,0.592,0.54,0.54,119183
PTZ,20000209,0.285,0.285,0.275,0.28,182333
PUL,20000209,0.73,0.76,0.7,0.72,401570
PVL,20000209,0.37,0.37,0.37,0.37,15000
PWR,20000209,1.42,1.44,1.4,1.4,362556
PWT,20000209,2.63,2.63,2.58,2.6,448899
PYT,20000209,0.27,0.27,0.27,0.27,9714
QAD,20000209,0.145,0.145,0.13,0.135,3998400
QAN,20000209,3.8,3.83,3.74,3.75,2163273
QBE,20000209,7.43,7.5,7.43,7.45,1007798
QCH,20000209,3.85,3.95,3.85,3.95,7546
QMC,20000209,0.51,0.51,0.48,0.48,305000
QMM,20000209,0.31,0.31,0.295,0.3,171920
QOP,20000209,0.072,0.073,0.072,0.072,82614
QRL,20000209,0.74,0.74,0.71,0.73,870970
QTK,20000209,0.29,0.29,0.275,0.285,3649950
QUE,20000209,0.4,0.41,0.4,0.4,40923
QUR,20000209,0.12,0.12,0.11,0.115,329280
RAC,20000209,0.15,0.15,0.145,0.15,1292923
RAL,20000209,1.35,1.36,1.35,1.35,51372
RBK,20000209,0.255,0.255,0.25,0.25,59173
RCT,20000209,0.078,0.078,0.075,0.075,172000
RDF,20000209,3.52,3.55,3.5,3.55,39500
REA,20000209,0.81,0.81,0.8,0.81,33700
REB,20000209,0.78,0.78,0.77,0.77,18614
REE,20000209,0.16,0.16,0.145,0.15,683454
REH,20000209,17.5,17.5,17,17,1686
RFM,20000209,0.2,0.23,0.2,0.23,906838
RFR,20000209,0.265,0.27,0.255,0.255,560838
RGR,20000209,0.36,0.38,0.36,0.365,58775
RGS,20000209,2.31,2.31,2.3,2.3,56000
RHC,20000209,1,1,1,1,24000
RIC,20000209,0.66,0.68,0.65,0.65,654084
RIM,20000209,0.31,0.31,0.31,0.31,15000
RIO,20000209,27.391,27.391,26.4,26.506,1388557
RKN,20000209,1.839,1.84,1.81,1.82,122250
RMD,20000209,8.7,8.9,8.7,8.9,570430
RND,20000209,0.24,0.3,0.24,0.3,61600
ROC,20000209,1.29,1.3,1.24,1.25,1257859
ROK,20000209,2.3,2.3,2.3,2.3,4350
ROR,20000209,0.155,0.155,0.15,0.155,247329
RPG,20000209,0.19,0.19,0.19,0.19,12500
RPM,20000209,0.065,0.07,0.065,0.07,114000
RRS,20000209,0.16,0.17,0.15,0.17,405000
RSG,20000209,0.275,0.275,0.265,0.27,866134
RSM,20000209,0.395,0.4,0.385,0.385,439069
RTM,20000209,0.2,0.21,0.19,0.2,395397
RTS,20000209,0.375,0.375,0.36,0.36,4570
RUP,20000209,4.9,4.9,4.9,4.9,4395
RUS,20000209,0.11,0.11,0.11,0.11,12000
RVS,20000209,0.36,0.365,0.355,0.36,3207639
SAQ,20000209,4.38,4.4,4.38,4.4,40000
SAS,20000209,5.15,5.29,5.15,5.2,754766
SAT,20000209,0.355,0.36,0.355,0.36,130500
SAX,20000209,0.498,0.498,0.498,0.498,6300
SBC,20000209,8.35,8.4,8.35,8.4,16134
SBM,20000209,0.14,0.14,0.135,0.14,518693
SCD,20000209,0.125,0.14,0.125,0.14,193000
SCE,20000209,0.115,0.115,0.115,0.115,80000
SCN,20000209,0.025,0.025,0.023,0.023,17113886
SCP,20000209,1.65,1.73,1.65,1.68,197274
SCS,20000209,0.76,0.78,0.74,0.74,698720
SCX,20000209,0.065,0.065,0.065,0.065,20000
SDC,20000209,1.95,1.95,1.86,1.87,47175
SDR,20000209,0.59,0.63,0.59,0.63,42923
SDS,20000209,0.8,0.8,0.8,0.8,1312
SED,20000209,0.18,0.18,0.17,0.17,539500
SEN,20000209,1.05,1.05,1,1.02,603433
SEV,20000209,5.84,5.9,5.8,5.82,1465433
SFC,20000209,2.8,2.8,2.71,2.71,3529
SFL,20000209,0.79,0.79,0.78,0.79,89222
SFM,20000209,0.04,0.041,0.039,0.04,13389950
SFO,20000209,0.17,0.17,0.16,0.16,609176
SGA,20000209,0.735,0.82,0.735,0.8,74405
SGB,20000209,12.05,12.22,12,12.2,404302
SGC,20000209,0.73,0.73,0.68,0.7,424482
SGN,20000209,6.51,6.51,6.51,6.51,300
SGO,20000209,0.48,0.48,0.48,0.48,20400
SGP,20000209,3.29,3.29,3.2,3.21,352131
SGR,20000209,0.048,0.048,0.046,0.047,1611000
SGV,20000209,1,1,1,1,23000
SGW,20000209,4.543,4.9,4.543,4.72,42425
SHL,20000209,7.26,7.3,7.15,7.15,266431
SHM,20000209,0.155,0.155,0.15,0.15,40160
SHV,20000209,1.06,1.07,1.05,1.07,30052
SID,20000209,6.28,6.33,6.28,6.29,58432
SIG,20000209,1.65,1.65,1.63,1.63,90391
SKE,20000209,3.75,3.8,3.65,3.65,25006
SKN,20000209,0.14,0.14,0.14,0.14,15000
SKR,20000209,0.185,0.185,0.18,0.18,851315
SLX,20000209,3.75,3.94,3.75,3.81,162735
SMC,20000209,0.1,0.125,0.1,0.11,693100
SME,20000209,8.05,8.1,8.05,8.07,195902
SMI,20000209,8.991,9.1,8.8,8.8,464561
SMM,20000209,0.11,0.11,0.11,0.11,9502
SMS,20000209,5.663,5.7,5.513,5.513,82793
SMU,20000209,0.07,0.07,0.07,0.07,30000
SNF,20000209,1.25,1.27,1.25,1.27,3131
SNX,20000209,6.95,7.05,6.85,6.948,430285
SOA,20000209,1.79,2.14,1.79,2.01,114332
SOH,20000209,10.043,10.18,9,10.11,1213492
SOL,20000209,36.5,37.5,36.5,36.55,1379
SOX,20000209,0.21,0.21,0.2,0.2,20000
SPC,20000209,0.837,0.84,0.83,0.83,7000
SPK,20000209,1.865,1.893,1.86,1.893,306500
SPP,20000209,2.5,2.55,2.5,2.5,759111
SPS,20000209,1.3,1.3,1.24,1.27,97260
SPT,20000209,5.441,5.45,5.35,5.39,69685
SPX,20000209,0.19,0.19,0.185,0.185,635600
SRA,20000209,3.42,3.5,3.4,3.5,769599
SRI,20000209,0.067,0.07,0.066,0.069,464012
SRL,20000209,0.42,0.44,0.42,0.42,36983
SRO,20000209,0.34,0.39,0.34,0.39,8484347
SRP,20000209,5.51,5.6,5.5,5.56,1356296
SRV,20000209,3.691,3.691,3.691,3.691,2000
SSE,20000209,0.315,0.315,0.315,0.315,27000
SSI,20000209,2.85,2.85,2.85,2.85,1000
SSN,20000209,0.17,0.17,0.17,0.17,21000
SSR,20000209,0.71,0.72,0.71,0.71,6000
SST,20000209,2.41,2.41,2.41,2.41,1320
SSX,20000209,1.9,1.92,1.88,1.92,786320
STO,20000209,4.125,4.13,4.05,4.09,2500115
STP,20000209,0.385,0.39,0.38,0.38,225061
STS,20000209,1.75,1.78,1.75,1.78,12163
STT,20000209,0.05,0.05,0.045,0.045,1335000
STU,20000209,0.25,0.255,0.25,0.255,109195
SUR,20000209,0.135,0.135,0.13,0.135,250364
SWD,20000209,0.74,0.74,0.74,0.74,14000
SWG,20000209,0.29,0.29,0.29,0.29,10000
SWS,20000209,2.8,2.8,2.6,2.8,106666
SYL,20000209,3.1,3.1,3.1,3.1,1700
TAB,20000209,2.51,2.63,2.51,2.63,575040
TAG,20000209,0.36,0.37,0.36,0.37,75500
TAH,20000209,9.206,9.4,8.86,8.9,940391
TAI,20000209,0.115,0.115,0.11,0.11,859100
TAM,20000209,0.13,0.13,0.13,0.13,101611
TAN,20000209,1.46,1.46,1.45,1.45,7000
TAP,20000209,0.76,0.77,0.76,0.77,593362
TAT,20000209,0.39,0.39,0.385,0.385,40000
TBR,20000209,0.29,0.29,0.275,0.28,184172
TBT,20000209,0.069,0.069,0.066,0.068,160252
TCL,20000209,2.99,3.01,2.95,2.98,1012758
TDG,20000209,0.88,0.88,0.86,0.86,6594
TEE,20000209,0.65,0.67,0.61,0.65,398205
TEH,20000209,3.995,4,3.86,3.95,11980
TEL,20000209,6.48,6.59,6.45,6.5,521136
TEM,20000209,2.7,2.7,2.65,2.65,5367
TEN,20000209,2.14,2.15,2.14,2.14,1003426
TGG,20000209,1.81,1.81,1.8,1.8,69570
TGL,20000209,0.245,0.25,0.235,0.235,1245323
TGO,20000209,0.68,0.68,0.68,0.68,53478
TGS,20000209,0.39,0.39,0.35,0.35,179700
THG,20000209,0.76,0.77,0.76,0.76,79442
TIF,20000209,1.05,1.05,1.04,1.05,104000
TIM,20000209,2.635,2.635,2.44,2.45,67654
TIR,20000209,0.125,0.125,0.12,0.125,115500
TKG,20000209,0.094,0.094,0.088,0.09,5116822
TKR,20000209,0.34,0.34,0.34,0.34,45000
TLA,20000209,0.6,0.61,0.59,0.61,100062
TLL,20000209,0.44,0.44,0.44,0.44,30000
TLN,20000209,0.09,0.09,0.09,0.09,135600
TLO,20000209,0.62,0.63,0.6,0.6,768736
TLS,20000209,7.25,7.32,7.17,7.18,11999463
TML,20000209,0.58,0.59,0.54,0.56,1052616
TMN,20000209,5.65,6.05,5.65,6.05,238042
TMP,20000209,240.25,245,240,245,1519
TMS,20000209,1.94,1.94,1.92,1.93,236430
TNA,20000209,0.115,0.13,0.115,0.13,1191360
TNE,20000209,2.73,2.93,2.73,2.93,458922
TNY,20000209,1.24,1.24,1.2,1.2,29000
TOL,20000209,6.7,6.88,6.68,6.8,63055
TOR,20000209,1.32,1.37,1.32,1.35,172877
TPT,20000209,0.315,0.32,0.31,0.32,10382
TPX,20000209,10,10,10,10,50
TQL,20000209,2.02,2.021,2,2.021,242212
TRC,20000209,0.31,0.31,0.295,0.3,221172
TRE,20000209,0.245,0.245,0.235,0.24,2304322
TRY,20000209,0.51,0.51,0.48,0.5,44827
TSP,20000209,0.31,0.335,0.29,0.29,560166
TSR,20000209,1.739,1.8,1.739,1.8,39856
TSS,20000209,1.08,1.1,1.08,1.1,8425
TTH,20000209,0.23,0.23,0.23,0.23,400
TTR,20000209,0.13,0.13,0.13,0.13,30000
TVL,20000209,1.23,1.31,1.23,1.3,71590
TVN,20000209,1.11,1.28,1.11,1.26,1227559
TWR,20000209,3.82,3.85,3.77,3.79,368924
TXR,20000209,0.145,0.145,0.13,0.135,1274470
UCL,20000209,0.43,0.43,0.405,0.42,4316217
UCR,20000209,1.85,1.87,1.82,1.82,71030
UEL,20000209,2.394,2.41,2.37,2.4,841633
USC,20000209,0.74,0.74,0.7,0.72,551730
USH,20000209,0.3,0.3,0.3,0.3,6500
VEN,20000209,0.6,0.6,0.6,0.6,13000
VGL,20000209,1.75,1.85,1.75,1.82,224124
VHL,20000209,1.16,1.2,1.16,1.2,18680
VIA,20000209,0.15,0.15,0.15,0.15,121000
VII,20000209,0.115,0.115,0.115,0.115,100000
VIT,20000209,0.4,0.4,0.39,0.4,153030
VKI,20000209,0.28,0.28,0.28,0.28,76500
VNA,20000209,2.68,2.71,2.5,2.575,795447
VOS,20000209,0.31,0.31,0.3,0.3,33119
VPE,20000209,0.054,0.055,0.052,0.052,2550455
VRL,20000209,2.52,2.85,2.52,2.85,74176
VSL,20000209,7.39,7.4,7.39,7.4,16050
VWD,20000209,0.85,0.85,0.84,0.84,95300
VWL,20000209,0.185,0.185,0.18,0.185,331000
VXS,20000209,4.353,4.4,4.33,4.39,128848
WAM,20000209,0.97,0.97,0.95,0.95,15405
WAN,20000209,5.25,5.29,5.25,5.25,120384
WAT,20000209,1.55,1.55,1.55,1.55,5450
WBB,20000209,3.4,3.4,3.35,3.35,2491
WBC,20000209,10.92,11.2,10.92,11.18,3228870
WES,20000209,12.55,12.75,12.45,12.45,273272
WFA,20000209,1.44,1.48,1.44,1.48,656478
WFT,20000209,2.83,2.9,2.83,2.86,3668184
WGC,20000209,0.076,0.077,0.068,0.074,4112190
WGR,20000209,0.125,0.16,0.125,0.125,131700
WHL,20000209,0.41,0.415,0.405,0.405,124411
WIN,20000209,0.295,0.295,0.285,0.295,2257045
WJM,20000209,3.25,3.25,3.25,3.25,1945
WMC,20000209,7.58,7.71,7.29,7.38,5936556
WMT,20000209,0.49,0.49,0.48,0.48,217793
WON,20000209,0.215,0.22,0.21,0.21,235714
WOW,20000209,4.7,4.82,4.7,4.74,3255800
WPL,20000209,11.505,11.55,11.32,11.371,544996
WPO,20000209,0.99,0.99,0.97,0.97,35969
WPT,20000209,1.48,1.48,1.46,1.47,112950
WRF,20000209,0.4,0.41,0.39,0.395,480842
WSF,20000209,8.52,8.52,8.35,8.383,601693
WSG,20000209,0.58,0.59,0.55,0.56,2510599
WSM,20000209,0.65,0.66,0.63,0.64,1351297
WTE,20000209,0.043,0.044,0.041,0.042,3120792
WTP,20000209,0.405,0.405,0.405,0.405,2000
WVI,20000209,0.59,0.63,0.55,0.56,2016692
WWA,20000209,0.435,0.44,0.435,0.44,14350
WWH,20000209,0.66,0.66,0.66,0.66,5400
WWT,20000209,0.2,0.21,0.2,0.21,43000
WYL,20000209,4.332,4.332,4.21,4.23,17222
XEN,20000209,0.2,0.2,0.2,0.2,19650
YAM,20000209,0.16,0.165,0.15,0.155,1644898
YDR,20000209,0.23,0.23,0.22,0.22,343088
YTS,20000209,0.77,0.8,0.76,0.76,119840
ZEL,20000209,0.71,0.72,0.7,0.7,22000
ZIM,20000209,0.61,0.68,0.61,0.65,19029
ZYL,20000209,0.38,0.39,0.355,0.355,517436
