AAI,20001103,53.4,54.2,53.4,54.2,190
AAP,20001103,7.2,7.25,7.2,7.25,6053
AAR,20001103,0.022,0.022,0.022,0.022,370568
AAT,20001103,0.465,0.465,0.46,0.465,208268
AAU,20001103,1.45,1.45,1.4,1.4,14700
ABC,20001103,0.45,0.45,0.445,0.45,55714
ABG,20001103,1.93,1.97,1.9,1.9,8479
ACC,20001103,0.25,0.255,0.245,0.255,206000
ACE,20001103,0.4,0.4,0.4,0.4,20000
ACX,20001103,0.135,0.145,0.135,0.145,55000
ADA,20001103,2.35,2.35,2.26,2.26,6750
ADB,20001103,5,5.05,5,5.04,35648
ADN,20001103,0.083,0.083,0.083,0.083,8000
ADP,20001103,2.39,2.4,2.37,2.39,1174555
ADR,20001103,0.024,0.026,0.024,0.026,181453
ADT,20001103,1.56,1.56,1.56,1.56,1135
ADX,20001103,0.18,0.18,0.18,0.18,80000
ADZ,20001103,2.4,2.41,2.36,2.4,73291
AEC,20001103,0.8,0.8,0.77,0.77,1000
AEG,20001103,0.085,0.085,0.085,0.085,50000
AES,20001103,0.27,0.275,0.27,0.27,186132
AET,20001103,1.7,1.74,1.7,1.74,23175
AEX,20001103,0.105,0.115,0.105,0.115,649500
AFF,20001103,0.3,0.3,0.3,0.3,15645
AFI,20001103,2.47,2.48,2.46,2.46,237631
AGG,20001103,56.491,56.491,56.4,56.42,903
AGH,20001103,0.5,0.51,0.495,0.495,594291
AGL,20001103,11.55,11.6,11.42,11.55,803328
AGM,20001103,0.074,0.08,0.072,0.077,253103
AGP,20001103,0.35,0.35,0.31,0.31,21000
AGT,20001103,1.42,1.43,1.41,1.43,9400
AGY,20001103,0.16,0.16,0.16,0.16,45000
AHD,20001103,2.37,2.37,2.33,2.33,11727
AHH,20001103,0.15,0.15,0.15,0.15,10000
AHX,20001103,0.76,0.77,0.75,0.76,307189
AIE,20001103,0.17,0.17,0.165,0.165,13100
AIP,20001103,0.98,0.98,0.96,0.98,212376
AIU,20001103,0.063,0.063,0.06,0.06,82834
AIX,20001103,1.94,1.96,1.94,1.95,76992
AIZ,20001103,1.5,1.5,1.36,1.48,430939
AJL,20001103,1.8,1.8,1.79,1.79,3800
AJN,20001103,1.43,1.45,1.43,1.45,285000
AJP,20001103,1.15,1.15,1.14,1.14,450168
AJR,20001103,0.91,0.91,0.89,0.91,41197
AKC,20001103,2.59,2.65,2.57,2.65,45400
AKD,20001103,0.031,0.031,0.031,0.031,86666
ALA,20001103,0.225,0.225,0.22,0.22,17300
ALE,20001103,0.07,0.07,0.07,0.07,19000
ALK,20001103,0.145,0.16,0.145,0.16,393391
ALL,20001103,6.3,6.4,6.25,6.33,416671
ALN,20001103,2.8,2.84,2.79,2.83,880283
ALQ,20001103,0.69,0.69,0.69,0.69,10000
ALT,20001103,0.265,0.275,0.26,0.275,88000
ALZ,20001103,1.35,1.35,1.35,1.35,16977
AMC,20001103,5.407,5.43,5.35,5.4,608105
AMG,20001103,0.18,0.18,0.18,0.18,40500
AMH,20001103,2.08,2.16,2.08,2.1,34100
AML,20001103,0.83,0.84,0.81,0.83,249202
AMM,20001103,0.73,0.75,0.7,0.74,216170
AMP,20001103,17.29,17.55,17.29,17.5,926034
AMU,20001103,0.11,0.11,0.11,0.11,23000
ANC,20001103,3.32,3.32,3.31,3.31,1000
ANE,20001103,2,2,1.98,2,42200
ANK,20001103,0.257,0.28,0.24,0.24,27900
ANL,20001103,3.313,3.4,3.313,3.36,175774
ANM,20001103,2.24,2.24,2.19,2.19,37902
ANX,20001103,0.42,0.42,0.4,0.4,93000
ANZ,20001103,13.88,14.09,13.87,14.04,2453132
AOE,20001103,0.13,0.135,0.125,0.135,78154
AOF,20001103,1.15,1.16,1.15,1.16,2624023
AOG,20001103,1.72,1.72,1.71,1.71,61062
AOL,20001103,0.052,0.052,0.05,0.051,915854
APA,20001103,2.545,2.63,2.54,2.6,151103
APE,20001103,4.06,4.06,4.06,4.06,875
APF,20001103,1.71,1.71,1.7,1.71,42766
APG,20001103,0.135,0.135,0.135,0.135,292415
API,20001103,2.35,2.35,2.25,2.25,57133
APL,20001103,2,2,1.95,1.95,274765
APN,20001103,4.73,4.78,4.45,4.45,183264
APX,20001103,0.01,0.012,0.01,0.012,1507573
APY,20001103,0.53,0.55,0.52,0.52,17700
AQA,20001103,0.25,0.25,0.24,0.24,90000
AQL,20001103,0.052,0.052,0.05,0.05,95000
AQP,20001103,8.48,8.58,8.48,8.5,75333
ARA,20001103,0.35,0.36,0.35,0.35,7671
ARC,20001103,0.166,0.17,0.165,0.165,375340
ARG,20001103,3.49,3.5,3.45,3.45,105531
ARL,20001103,1.576,1.58,1.55,1.55,776503
ARP,20001103,6.9,6.9,6.9,6.9,200
ARQ,20001103,0.125,0.135,0.125,0.135,721000
ART,20001103,1.33,1.33,1.31,1.33,951171
ASB,20001103,1.6,1.6,1.6,1.6,450
ASC,20001103,0.28,0.28,0.27,0.27,91910
ASH,20001103,2.2,2.23,2.2,2.23,432772
ASL,20001103,0.175,0.175,0.175,0.175,5000
ASN,20001103,0.09,0.09,0.09,0.09,61075
ASU,20001103,0.056,0.056,0.05,0.05,69000
ASX,20001103,11.9,12.11,11.9,12.1,348502
ATE,20001103,0.182,0.215,0.18,0.215,4098301
ATG,20001103,0.18,0.18,0.18,0.18,5000
ATN,20001103,0.041,0.043,0.04,0.04,320225
ATP,20001103,0.21,0.21,0.21,0.21,32637
ATX,20001103,0.16,0.16,0.16,0.16,37055
ATY,20001103,0.085,0.085,0.085,0.085,88000
AUD,20001103,1.65,1.68,1.5,1.5,117854
AUG,20001103,0.17,0.175,0.17,0.17,59184
AUI,20001103,3.26,3.26,3.26,3.26,1830
AUL,20001103,0.026,0.026,0.022,0.022,253100
AUN,20001103,3.8,3.83,3.76,3.8,154098
AUO,20001103,0.195,0.22,0.195,0.21,999500
AUY,20001103,0.87,0.89,0.87,0.88,538570
AVC,20001103,0.53,0.53,0.53,0.53,129000
AVJ,20001103,0.46,0.46,0.46,0.46,16700
AVL,20001103,0.035,0.035,0.035,0.035,50000
AVR,20001103,0.14,0.145,0.14,0.145,233541
AVT,20001103,0.205,0.245,0.2,0.245,992918
AWE,20001103,0.53,0.53,0.5,0.5,250243
AXA,20001103,2.85,2.96,2.85,2.92,746097
AXI,20001103,0.04,0.05,0.04,0.05,13500
AXN,20001103,1.4,1.43,1.39,1.43,443849
AXP,20001103,1.15,1.16,1.14,1.16,879491
AYO,20001103,0.63,0.65,0.62,0.64,654692
AZL,20001103,0.05,0.053,0.05,0.053,22000
BAE,20001103,0.037,0.037,0.035,0.035,324455
BAH,20001103,0.25,0.28,0.25,0.28,17000
BAM,20001103,13,13,12.93,13,8368
BAY,20001103,8.65,8.65,8.65,8.65,42300
BBB,20001103,0.52,0.52,0.49,0.49,54140
BBG,20001103,4.12,4.12,4.06,4.08,295277
BCD,20001103,0.345,0.345,0.345,0.345,15000
BCH,20001103,0.238,0.238,0.238,0.238,4000
BDF,20001103,2.15,2.46,2.15,2.46,23282826
BDG,20001103,0.175,0.18,0.17,0.18,50550
BDL,20001103,2.31,2.31,2.25,2.25,177627
BDS,20001103,1.25,1.3,1.25,1.3,4100
BEN,20001103,5.1,5.12,5.09,5.105,124476
BGD,20001103,0.153,0.165,0.153,0.165,61000
BGF,20001103,0.078,0.082,0.075,0.082,225066
BGN,20001103,1.65,1.66,1.64,1.64,23920
BHP,20001103,19.1,19.22,18.95,19.155,3740639
BII,20001103,0.303,0.32,0.303,0.31,86900
BIL,20001103,49.9,50.95,49.9,50.9,171501
BIR,20001103,0.83,0.84,0.82,0.83,449291
BKL,20001103,6.95,6.95,6.85,6.85,5202
BKR,20001103,0.19,0.19,0.19,0.19,65700
BKS,20001103,0.058,0.06,0.058,0.06,577300
BKW,20001103,41.55,42.5,41.55,42.5,41131
BLD,20001103,1.94,1.99,1.93,1.95,511930
BLN,20001103,0.105,0.105,0.105,0.105,4550
BLO,20001103,0.17,0.18,0.165,0.18,313250
BLR,20001103,0.245,0.28,0.245,0.275,1837478
BLV,20001103,1.55,1.55,1.55,1.55,1700
BMC,20001103,0.275,0.285,0.275,0.285,345082
BMR,20001103,0.43,0.43,0.43,0.43,10000
BMS,20001103,0.32,0.33,0.32,0.33,22000
BMX,20001103,0.365,0.365,0.335,0.34,2878199
BNA,20001103,0.065,0.065,0.064,0.064,159000
BNO,20001103,0.93,0.93,0.93,0.93,17420
BOC,20001103,0.155,0.155,0.155,0.155,2098
BOQ,20001103,5.7,5.85,5.65,5.85,35402
BPC,20001103,0.55,0.56,0.54,0.56,1014484
BPT,20001103,0.037,0.037,0.036,0.036,1800750
BRI,20001103,0.255,0.255,0.245,0.25,210100
BRL,20001103,7.456,7.55,7.43,7.43,629368
BRN,20001103,0.275,0.285,0.275,0.285,5000
BRS,20001103,1.17,1.19,1.17,1.18,98719
BRY,20001103,0.265,0.27,0.265,0.27,280631
BRZ,20001103,1.73,1.75,1.73,1.75,80115
BTA,20001103,4.548,4.62,4.548,4.6,65936
BTB,20001103,0.2,0.2,0.19,0.19,15000
BTC,20001103,0.35,0.35,0.35,0.35,25600
BTE,20001103,0.66,0.68,0.66,0.66,99146
BTG,20001103,1.03,1.03,1.03,1.03,19500
BTM,20001103,0.415,0.415,0.415,0.415,20000
BTO,20001103,1.41,1.45,1.41,1.44,1896373
BTY,20001103,3.35,3.35,3.35,3.35,1224
BUU,20001103,0.15,0.15,0.15,0.15,4500
BWA,20001103,3.52,3.55,3.49,3.51,663712
BWI,20001103,0.87,0.87,0.87,0.87,10000
BWP,20001103,1,1,0.99,1,128240
BWT,20001103,0.029,0.029,0.029,0.029,49100
CAA,20001103,2.28,2.28,2.22,2.24,258949
CAB,20001103,2.88,2.88,2.86,2.86,55895
CAG,20001103,0.275,0.3,0.275,0.3,2567826
CAI,20001103,1.079,1.11,1.07,1.09,393956
CAT,20001103,18.65,19.75,18.65,19.093,29316
CBA,20001103,29.3,29.75,29.3,29.58,1376386
CBC,20001103,0.21,0.21,0.21,0.21,3700
CBD,20001103,0.13,0.135,0.125,0.135,177007
CBT,20001103,0.13,0.13,0.125,0.125,273842
CBW,20001103,0.66,0.67,0.66,0.67,29000
CCH,20001103,0.13,0.13,0.13,0.13,106976
CCK,20001103,1.5,1.6,1.5,1.6,5277
CCL,20001103,4.3,4.36,4.25,4.34,3720361
CCO,20001103,0.345,0.36,0.34,0.36,254800
CCP,20001103,0.44,0.44,0.44,0.44,9000
CCV,20001103,0.06,0.06,0.06,0.06,64223
CCZ,20001103,0.67,0.71,0.65,0.7,1406030
CDF,20001103,1.21,1.21,1.21,1.21,20000
CDO,20001103,1.3,1.31,1.25,1.25,60990
CDX,20001103,2.1,2.2,2.1,2.2,6100
CED,20001103,0.7,0.7,0.7,0.7,2000
CEP,20001103,2.83,2.84,2.82,2.83,344684
CEQ,20001103,1.96,2.04,1.96,2.03,66127
CEW,20001103,2.5,2.5,2.5,2.5,3000
CEY,20001103,0.7,0.7,0.7,0.7,23642
CFA,20001103,0.089,0.089,0.089,0.089,15000
CFR,20001103,0.036,0.04,0.036,0.037,2350862
CFS,20001103,0.78,0.78,0.78,0.78,23710
CFT,20001103,2.09,2.09,2.08,2.09,551000
CGB,20001103,0.11,0.11,0.105,0.105,74482
CGC,20001103,0.135,0.135,0.13,0.13,12500
CHF,20001103,0.97,0.97,0.86,0.87,717864
CHL,20001103,0.17,0.17,0.17,0.17,108751
CHO,20001103,12.3,12.3,12.3,12.3,225
CHQ,20001103,0.96,0.96,0.95,0.95,10000
CHS,20001103,0.245,0.245,0.23,0.24,17181
CHV,20001103,0.37,0.37,0.35,0.35,3061
CIR,20001103,3.94,4.1,3.94,4.01,28350
CIT,20001103,1.27,1.27,1.25,1.26,358634
CKS,20001103,0.2,0.2,0.2,0.2,10000
CLA,20001103,3.3,3.3,3.3,3.3,110000
CLH,20001103,1.78,1.79,1.76,1.76,62520
CLI,20001103,3.98,4.02,3.97,3.97,265488
CLK,20001103,0.83,0.83,0.83,0.83,4900
CLL,20001103,2.05,2.05,2,2,14100
CLO,20001103,0.55,0.55,0.55,0.55,40000
CLT,20001103,2.25,2.3,2.23,2.28,28688
CLV,20001103,0.491,0.53,0.49,0.53,720699
CMI,20001103,1.2,1.22,1.2,1.22,57100
CML,20001103,7.12,7.18,7.1,7.139,1996008
CMQ,20001103,0.36,0.36,0.355,0.355,12000
CMR,20001103,0.5,0.5,0.5,0.5,2000
CMS,20001103,0.24,0.24,0.23,0.23,45023
CMX,20001103,0.073,0.073,0.072,0.072,56000
CMZ,20001103,0.133,0.145,0.133,0.14,434750
CNA,20001103,17.105,17.105,17.105,17.105,537
CND,20001103,2.42,2.45,2.41,2.42,10464
CNG,20001103,0.275,0.28,0.275,0.275,3800
CNN,20001103,0.084,0.086,0.084,0.086,107226
CNT,20001103,0.08,0.08,0.08,0.08,40000
COA,20001103,1.3,1.3,1.23,1.23,600139
COF,20001103,1.95,1.95,1.95,1.95,5500
COG,20001103,0.051,0.053,0.051,0.053,48000
COH,20001103,27.162,27.19,26.6,27,281423
COM,20001103,0.68,0.72,0.67,0.72,122500
COP,20001103,0.023,0.023,0.019,0.019,28844531
CPA,20001103,0.96,0.99,0.96,0.99,348491
CPB,20001103,4.5,4.5,4.5,4.5,6900
CPC,20001103,0.28,0.28,0.28,0.28,25000
CPH,20001103,0.71,0.72,0.69,0.69,630666
CPI,20001103,1.9,1.94,1.88,1.94,26270
CPM,20001103,3.95,4.15,3.95,4.15,19725
CPU,20001103,9,9.15,8.75,8.85,1011968
CQT,20001103,0.125,0.125,0.12,0.12,101300
CRG,20001103,8.375,8.375,8.27,8.3,99294
CRL,20001103,0.49,0.5,0.49,0.5,56166
CRS,20001103,0.35,0.37,0.35,0.37,107626
CRT,20001103,0.82,0.82,0.82,0.82,11000
CRU,20001103,0.29,0.29,0.265,0.27,428000
CSA,20001103,0.067,0.067,0.059,0.06,777887
CSB,20001103,0.88,0.89,0.84,0.85,90328
CSG,20001103,1.47,1.5,1.45,1.45,61662
CSI,20001103,0.185,0.2,0.18,0.2,150594
CSL,20001103,36.449,36.53,36.14,36.45,124618
CSM,20001103,0.37,0.38,0.37,0.38,20000
CSR,20001103,4,4.14,4,4.122,1104950
CSX,20001103,1.09,1.09,1.07,1.08,22500
CSY,20001103,0.125,0.13,0.125,0.13,263738
CTI,20001103,0.66,0.66,0.65,0.65,9500
CTL,20001103,3.7,3.7,3.623,3.623,79046
CTO,20001103,0.09,0.13,0.09,0.115,6523878
CTR,20001103,0.61,0.63,0.58,0.6,84742
CTT,20001103,0.55,0.55,0.54,0.54,40300
CTX,20001103,2.34,2.34,2.28,2.33,821806
CUE,20001103,0.038,0.038,0.034,0.034,55000
CUL,20001103,0.022,0.023,0.021,0.022,340000
CVI,20001103,0.8,0.87,0.8,0.87,13200
CWO,20001103,4.08,4.13,4.08,4.1,4021452
CWP,20001103,0.52,0.53,0.52,0.53,45249
CXA,20001103,0.18,0.19,0.18,0.185,69500
CXL,20001103,0.072,0.072,0.071,0.071,37000
CXP,20001103,8.595,8.6,8.59,8.59,19323
CYB,20001103,0.006,0.006,0.005,0.005,450000
CYG,20001103,3.7,3.7,3.7,3.7,500
DAD,20001103,5.43,5.55,5.35,5.4,129793
DAR,20001103,0.43,0.43,0.425,0.425,80485
DAY,20001103,0.55,0.57,0.54,0.54,62274
DCS,20001103,0.38,0.4,0.38,0.4,17895
DEF,20001103,0.03,0.03,0.028,0.03,1260761
DEL,20001103,5.65,5.65,5.65,5.65,450
DFT,20001103,0.096,0.096,0.096,0.096,20000
DGD,20001103,1.022,1.022,0.99,0.99,343271
DGM,20001103,0.009,0.011,0.008,0.011,28086143
DIO,20001103,0.079,0.079,0.075,0.077,7182168
DJS,20001103,1.35,1.37,1.34,1.37,662381
DJW,20001103,3.35,3.36,3.32,3.32,14649
DNI,20001103,1.15,1.18,0.76,0.76,1208712
DNS,20001103,0.048,0.048,0.048,0.048,50000
DOM,20001103,0.33,0.33,0.33,0.33,10537
DRA,20001103,0.055,0.055,0.05,0.05,100000
DRD,20001103,1.65,1.65,1.65,1.65,857
DRE,20001103,0.51,0.51,0.5,0.5,142688
DRN,20001103,0.056,0.056,0.055,0.055,185399
DSW,20001103,0.037,0.037,0.035,0.037,573134
DTL,20001103,0.75,0.75,0.74,0.74,6565
DUI,20001103,1.52,1.52,1.52,1.52,960
DVC,20001103,0.9,0.9,0.9,0.9,5000
DVN,20001103,0.15,0.16,0.15,0.16,69500
DVT,20001103,0.75,0.81,0.75,0.78,3988083
EBG,20001103,0.087,0.087,0.086,0.086,16790
EBR,20001103,0.25,0.25,0.24,0.24,122315
EBT,20001103,0.25,0.255,0.25,0.255,62600
ECE,20001103,0.041,0.046,0.041,0.044,153040
ECM,20001103,0.12,0.12,0.12,0.12,2000
ECO,20001103,0.066,0.066,0.065,0.065,235625
ECP,20001103,1.763,1.9,1.763,1.9,755569
ECU,20001103,0.06,0.06,0.06,0.06,27000
EDI,20001103,2.06,2.09,2.05,2.05,105607
EEC,20001103,0.077,0.084,0.076,0.083,483000
EEL,20001103,0.94,0.95,0.89,0.89,20500
EFC,20001103,0.32,0.32,0.32,0.32,17000
EFN,20001103,0.44,0.44,0.38,0.4,84885
EGL,20001103,0.115,0.115,0.115,0.115,15000
EGO,20001103,0.1,0.11,0.1,0.11,265621
EHY,20001103,0.1,0.1,0.098,0.098,390000
EIT,20001103,0.28,0.28,0.28,0.28,3500
ELE,20001103,0.26,0.26,0.26,0.26,100000
EMI,20001103,0.36,0.38,0.36,0.38,66500
EML,20001103,2.85,2.85,2.76,2.81,681159
EMM,20001103,0.19,0.19,0.18,0.18,56000
EMP,20001103,0.28,0.28,0.28,0.28,4622
ENE,20001103,13.275,13.74,12.99,12.99,171832
ENV,20001103,0.89,0.91,0.89,0.91,448617
EQI,20001103,0.4,0.4,0.4,0.4,14000
EQR,20001103,0.086,0.086,0.076,0.076,70000
EQS,20001103,0.11,0.11,0.11,0.11,1449
EQT,20001103,6.5,6.5,6.5,6.5,100
ERS,20001103,0.75,0.75,0.75,0.75,1000
ESI,20001103,0.53,0.58,0.53,0.53,741816
ESL,20001103,1.49,1.49,1.49,1.49,1800
EST,20001103,0.25,0.26,0.24,0.24,35000
ESV,20001103,1.55,1.55,1.55,1.55,15000
ESX,20001103,0.32,0.34,0.32,0.34,89848
ETR,20001103,2,2.01,1.98,1.99,71349
ETW,20001103,1.23,1.23,1.22,1.23,41064
EWL,20001103,0.3,0.3,0.3,0.3,200000
EXO,20001103,0.2,0.2,0.19,0.19,2400
EXS,20001103,0.1,0.1,0.1,0.1,21795
EZE,20001103,0.105,0.105,0.105,0.105,5739
EZY,20001103,0.29,0.295,0.29,0.295,56090
FAN,20001103,1.36,1.36,1.35,1.35,4556
FAR,20001103,0.155,0.155,0.15,0.15,141000
FBG,20001103,4.4,4.47,4.4,4.45,3106936
FCL,20001103,1.747,1.78,1.747,1.76,2373005
FDR,20001103,1.98,1.98,1.86,1.97,37641
FEA,20001103,0.466,0.49,0.466,0.47,247153
FFI,20001103,1.06,1.06,1.06,1.06,5000
FFL,20001103,1.06,1.06,1.02,1.02,48873
FGR,20001103,0.024,0.028,0.024,0.028,378000
FHF,20001103,11.318,11.35,10.6,10.6,507180
FHL,20001103,2.839,2.839,2.7,2.7,87000
FIF,20001103,4.8,4.85,4.8,4.85,99346
FIM,20001103,0.1,0.1,0.1,0.1,15000
FKP,20001103,0.89,0.89,0.88,0.89,37050
FLO,20001103,0.375,0.41,0.375,0.41,534054
FLT,20001103,22.9,22.9,22.8,22.8,44193
FMH,20001103,2.14,2.14,2.11,2.11,526120
FNC,20001103,2.487,2.5,2.45,2.45,135149
FOA,20001103,8.15,8.17,8.02,8.14,353713
FPF,20001103,0.95,0.96,0.95,0.96,27278
FPG,20001103,0.49,0.49,0.49,0.49,21775
FPS,20001103,1.21,1.21,1.21,1.21,42000
FRI,20001103,0.25,0.25,0.25,0.25,8000
FRM,20001103,0.56,0.56,0.56,0.56,19200
FRU,20001103,1.45,1.45,1.45,1.45,9400
FSL,20001103,0.06,0.06,0.06,0.06,6000
FTR,20001103,0.24,0.24,0.22,0.225,70358
FUN,20001103,0.5,0.5,0.48,0.48,74227
FWD,20001103,1.31,1.35,1.31,1.31,26084
FXJ,20001103,4.46,4.52,4.13,4.235,6054041
GAN,20001103,1.12,1.13,1.11,1.12,286171
GBL,20001103,0.28,0.28,0.28,0.28,17000
GBS,20001103,0.14,0.14,0.14,0.14,4545
GCR,20001103,0.1,0.1,0.09,0.09,70600
GDH,20001103,0.11,0.115,0.11,0.115,79500
GDM,20001103,0.335,0.39,0.335,0.365,101542
GDN,20001103,0.07,0.07,0.07,0.07,10500
GDP,20001103,5.3,5.32,5.15,5.15,16542
GED,20001103,0.085,0.085,0.085,0.085,4000
GEE,20001103,1.63,1.63,1.63,1.63,10000
GEL,20001103,0.11,0.12,0.11,0.115,223594
GEP,20001103,0.091,0.091,0.091,0.091,18250
GFD,20001103,0.43,0.43,0.425,0.43,30703
GGN,20001103,0.13,0.13,0.13,0.13,93000
GGY,20001103,0.039,0.039,0.037,0.037,432764
GHG,20001103,1.22,1.23,1.21,1.23,110707
GIL,20001103,0.25,0.25,0.25,0.25,22000
GIP,20001103,0.097,0.097,0.091,0.094,140500
GIR,20001103,0.042,0.042,0.04,0.04,20000
GLD,20001103,1.77,1.78,1.7,1.76,671971
GLP,20001103,0.055,0.055,0.055,0.055,15000
GME,20001103,0.048,0.048,0.048,0.048,20077
GMF,20001103,1.21,1.24,1.21,1.24,1972183
GMS,20001103,0.31,0.37,0.31,0.37,31000
GNC,20001103,8.85,8.9,8.8,8.9,4960
GNR,20001103,0.095,0.095,0.095,0.095,10000
GNS,20001103,2.95,2.95,2.95,2.95,1500
GOC,20001103,0.097,0.097,0.085,0.09,456205
GOD,20001103,0.05,0.05,0.05,0.05,11000
GOW,20001103,1.82,1.82,1.8,1.8,3058
GPN,20001103,0.026,0.026,0.026,0.026,191000
GPO,20001103,0.16,0.16,0.16,0.16,15000
GPT,20001103,2.562,2.6,2.56,2.58,1002543
GRD,20001103,0.87,0.89,0.87,0.89,35500
GRN,20001103,0.075,0.075,0.075,0.075,5000
GRO,20001103,3,3,2.95,2.95,10607
GRT,20001103,0.75,0.75,0.75,0.75,5000
GRU,20001103,0.18,0.195,0.18,0.195,646355
GSE,20001103,0.068,0.068,0.068,0.068,29000
GSP,20001103,1.13,1.13,1.13,1.13,32465
GTG,20001103,0.65,0.65,0.62,0.63,138876
GTI,20001103,0.1,0.1,0.1,0.1,10000
GTM,20001103,0.05,0.052,0.049,0.052,810283
GTN,20001103,0.225,0.225,0.2,0.2,50000
GTP,20001103,1.84,1.9,1.84,1.9,76671
GUD,20001103,1.773,1.78,1.75,1.75,41084
GUL,20001103,0.044,0.05,0.044,0.05,274650
GVM,20001103,0.035,0.037,0.035,0.037,649120
GWT,20001103,1.85,1.86,1.82,1.82,473919
GYM,20001103,0.42,0.42,0.41,0.41,13212
GZL,20001103,2.45,2.5,2.45,2.5,34400
HAH,20001103,3.75,3.83,3.72,3.76,288687
HAK,20001103,4,4,4,4,1852
HAM,20001103,2.36,2.36,2.36,2.36,40370
HAN,20001103,9.75,9.75,9.65,9.65,3888
HAO,20001103,0.1,0.1,0.1,0.1,7000
HBC,20001103,26.666,26.9,26.666,26.7,2719
HBL,20001103,0.22,0.22,0.215,0.215,16800
HBR,20001103,0.48,0.48,0.46,0.46,8562
HCN,20001103,0.83,0.88,0.83,0.88,42381
HDR,20001103,0.265,0.28,0.265,0.275,1060227
HER,20001103,0.8,0.82,0.75,0.75,992913
HFY,20001103,0.79,0.8,0.79,0.79,24000
HGO,20001103,0.067,0.067,0.067,0.067,10000
HGV,20001103,1.04,1.09,1.04,1.09,52377
HHM,20001103,0.08,0.08,0.08,0.08,20000
HIC,20001103,0.57,0.57,0.57,0.57,13300
HIG,20001103,0.17,0.17,0.16,0.16,273100
HIH,20001103,0.42,0.455,0.41,0.42,9173533
HIL,20001103,2.4,2.4,2.38,2.38,14240
HIT,20001103,0.56,0.56,0.55,0.55,19000
HJB,20001103,0.82,0.82,0.82,0.82,3000
HLL,20001103,0.054,0.058,0.054,0.058,353000
HLM,20001103,0.2,0.2,0.2,0.2,50060
HLX,20001103,0.335,0.335,0.32,0.32,64000
HLY,20001103,4.4,4.5,4.4,4.4,120697
HMC,20001103,0.066,0.066,0.065,0.065,230660
HPG,20001103,0.27,0.27,0.27,0.27,1350000
HPL,20001103,1.63,1.65,1.63,1.65,117682
HRD,20001103,0.31,0.37,0.3,0.37,266908
HRP,20001103,1.44,1.44,1.41,1.41,1591029
HRR,20001103,0.33,0.33,0.32,0.33,120683
HRT,20001103,0.23,0.23,0.23,0.23,82000
HRZ,20001103,0.18,0.18,0.17,0.17,202735
HSL,20001103,1.35,1.36,1.35,1.35,45514
HSN,20001103,2.01,2.1,1.98,2.1,15500
HSP,20001103,0.67,0.68,0.67,0.68,580205
HTA,20001103,2.73,2.81,2.7,2.75,229002
HTE,20001103,0.096,0.099,0.095,0.099,490922
HTS,20001103,1.37,1.37,1.33,1.37,19180
HVN,20001103,4.23,4.31,4.2,4.245,311115
HWE,20001103,1.2,1.2,1.18,1.18,82959
HWI,20001103,0.9,0.93,0.9,0.93,381700
HWT,20001103,0.7,0.71,0.7,0.7,18000
HWW,20001103,0.21,0.21,0.21,0.21,581
HZM,20001103,0.16,0.16,0.16,0.16,24415
IAM,20001103,1.2,1.23,1.18,1.23,35613
IAS,20001103,0.43,0.435,0.43,0.435,11000
IBA,20001103,0.415,0.42,0.415,0.42,38716
ICM,20001103,0.83,0.86,0.83,0.84,167480
ICN,20001103,0.094,0.099,0.089,0.098,410060
IDT,20001103,3.943,4,3.93,4,30880
IFM,20001103,2.49,2.52,2.45,2.45,236014
IGM,20001103,0.042,0.042,0.042,0.042,35000
IGP,20001103,3.4,3.4,3.4,3.4,300
IHG,20001103,0.86,0.88,0.86,0.86,156509
IHY,20001103,0.305,0.31,0.305,0.31,276792
IIT,20001103,1.37,1.4,1.37,1.39,117324
ILU,20001103,3.941,3.95,3.9,3.95,856029
IMD,20001103,0.165,0.18,0.165,0.175,159111
IMM,20001103,0.062,0.062,0.062,0.062,59000
IMP,20001103,0.082,0.085,0.08,0.08,462142
IMW,20001103,0.15,0.15,0.15,0.15,11000
INC,20001103,0.24,0.24,0.24,0.24,10000
INF,20001103,0.15,0.15,0.14,0.145,191934
INM,20001103,0.032,0.032,0.03,0.032,5117005
INV,20001103,0.275,0.275,0.275,0.275,38000
INX,20001103,0.13,0.135,0.13,0.135,12000
ION,20001103,0.58,0.65,0.58,0.64,159580
IPH,20001103,1.77,1.77,1.75,1.75,45929
ISC,20001103,0.31,0.31,0.28,0.31,1029588
ISE,20001103,0.18,0.185,0.18,0.185,43558
ISP,20001103,0.043,0.046,0.04,0.045,332476
ISY,20001103,0.082,0.082,0.077,0.078,641575
ITC,20001103,0.095,0.095,0.089,0.089,41328
ITE,20001103,0.59,0.59,0.56,0.56,72000
ITL,20001103,0.46,0.46,0.42,0.44,87789
IWF,20001103,1.15,1.15,1.15,1.15,1320
IWL,20001103,0.22,0.23,0.205,0.21,234945
IXL,20001103,0.54,0.54,0.49,0.5,245251
JAM,20001103,0.2,0.2,0.2,0.2,35000
JBM,20001103,1.44,1.45,1.41,1.41,18583
JJS,20001103,0.835,0.85,0.82,0.85,16000
JLA,20001103,0.145,0.15,0.135,0.14,326213
JRR,20001103,0.75,0.75,0.75,0.75,73000
JRV,20001103,0.036,0.036,0.036,0.036,56321
JUM,20001103,0.035,0.035,0.032,0.032,189800
JUP,20001103,3.38,3.45,3.38,3.41,642007
JYC,20001103,0.85,0.85,0.84,0.84,6800
KAZ,20001103,1.09,1.13,1.09,1.13,612217
KBO,20001103,0.165,0.17,0.155,0.155,49790
KCN,20001103,0.65,0.67,0.64,0.66,45187
KIC,20001103,3.2,3.2,3.19,3.19,8676
KID,20001103,0.105,0.11,0.105,0.105,139326
KIM,20001103,0.2,0.2,0.2,0.2,20000
KMN,20001103,0.037,0.037,0.035,0.036,450000
KRZ,20001103,0.035,0.036,0.034,0.035,5721716
KSM,20001103,0.17,0.17,0.165,0.17,416939
KSP,20001103,0.092,0.1,0.092,0.1,5910
KYC,20001103,8.5,8.5,8.38,8.45,121062
KZL,20001103,0.39,0.41,0.39,0.4,368057
LAC,20001103,9.85,9.95,9.85,9.873,49804
LAF,20001103,0.08,0.08,0.078,0.078,52000
LAK,20001103,0.75,0.83,0.75,0.83,27628
LCE,20001103,0.24,0.24,0.2,0.2,40000
LCH,20001103,0.39,0.4,0.39,0.4,208840
LCO,20001103,0.9,0.9,0.9,0.9,8500
LEI,20001103,6.306,6.52,6.306,6.38,130432
LHG,20001103,0.55,0.56,0.55,0.56,1047141
LIB,20001103,0.067,0.068,0.064,0.066,2266850
LKO,20001103,0.034,0.035,0.033,0.033,4562215
LLC,20001103,21.7,21.7,20.55,20.85,4542741
LNN,20001103,3.719,3.84,3.719,3.83,476831
LOK,20001103,0.92,0.96,0.88,0.88,12362475
LSG,20001103,0.74,0.75,0.73,0.75,64000
LYC,20001103,0.195,0.195,0.185,0.19,110200
MAG,20001103,2.05,2.05,2.05,2.05,2000
MAH,20001103,0.105,0.105,0.1,0.105,683500
MAQ,20001103,1.88,1.9,1.88,1.9,13600
MAX,20001103,1.07,1.07,1.07,1.07,2000
MAY,20001103,5.24,5.25,5.15,5.16,505762
MBC,20001103,6.95,7,6.95,6.95,19183
MBG,20001103,0.074,0.08,0.074,0.08,82000
MBL,20001103,28.739,29.05,28.739,29.021,386983
MBP,20001103,0.48,0.5,0.48,0.5,95000
MBX,20001103,0.09,0.09,0.085,0.085,106785
MCA,20001103,1.08,1.08,1.03,1.08,61366
MCO,20001103,0.078,0.078,0.078,0.078,10000
MCP,20001103,1.31,1.31,1.31,1.31,3000
MCR,20001103,0.084,0.086,0.084,0.086,551200
MCT,20001103,0.14,0.14,0.14,0.14,10500
MCW,20001103,1.46,1.48,1.46,1.47,169205
MDC,20001103,1.5,1.5,1.5,1.5,14000
MDL,20001103,0.383,0.383,0.3,0.365,306173
MED,20001103,0.22,0.225,0.22,0.22,21400
MEN,20001103,0.09,0.09,0.09,0.09,14500
MFL,20001103,0.11,0.135,0.1,0.105,159657
MGE,20001103,0.25,0.255,0.25,0.255,13500
MGI,20001103,1.32,1.32,1.31,1.32,65500
MGM,20001103,0.315,0.32,0.305,0.32,122240
MGR,20001103,3.4,3.4,3.39,3.4,320299
MGW,20001103,2.86,2.86,2.84,2.86,5609
MIA,20001103,1.54,1.54,1.45,1.49,1066212
MIC,20001103,0.026,0.027,0.025,0.027,175084
MIG,20001103,2.05,2.1,2.05,2.09,1831877
MIK,20001103,0.13,0.135,0.13,0.135,72500
MIM,20001103,1.09,1.09,1.06,1.06,5333882
MJN,20001103,0.265,0.265,0.26,0.26,207617
MLB,20001103,1.67,1.7,1.63,1.65,191778
MLE,20001103,0.808,0.808,0.78,0.79,73500
MLT,20001103,9.3,9.32,9.3,9.32,18752
MMD,20001103,0.35,0.35,0.34,0.34,225700
MME,20001103,0.46,0.46,0.455,0.46,30000
MMN,20001103,0.051,0.051,0.049,0.049,378834
MND,20001103,2.65,2.65,2.65,2.65,12000
MNG,20001103,0.19,0.19,0.13,0.13,47724
MOB,20001103,0.27,0.27,0.25,0.27,41700
MOF,20001103,1.14,1.14,1.13,1.13,312662
MOO,20001103,0.093,0.093,0.092,0.092,87004
MOS,20001103,0.165,0.165,0.16,0.165,218214
MPH,20001103,0.315,0.315,0.315,0.315,13648
MPO,20001103,0.082,0.085,0.082,0.085,62236
MQL,20001103,0.23,0.23,0.22,0.23,82810
MRC,20001103,0.08,0.08,0.078,0.078,6225
MRL,20001103,3.463,3.7,3.463,3.5,74796
MRM,20001103,0.51,0.51,0.51,0.51,7000
MSC,20001103,0.25,0.25,0.25,0.25,20000
MST,20001103,1.872,1.872,1.72,1.72,391979
MTB,20001103,0.09,0.09,0.09,0.09,31000
MTC,20001103,0.088,0.088,0.08,0.085,510500
MTD,20001103,0.15,0.16,0.15,0.16,37500
MTR,20001103,0.52,0.52,0.51,0.51,219313
MTT,20001103,0.375,0.38,0.37,0.37,506079
MUL,20001103,0.14,0.14,0.135,0.14,1179479
MUR,20001103,1.16,1.16,1.14,1.14,148774
MXA,20001103,0.026,0.026,0.026,0.026,140000
MXE,20001103,0.039,0.039,0.037,0.039,247540
MXI,20001103,0.2,0.2,0.195,0.195,54214
MXM,20001103,0.09,0.09,0.085,0.085,47421
MXO,20001103,0.225,0.235,0.225,0.225,299829
MXS,20001103,0.27,0.27,0.265,0.265,40001
MYC,20001103,0.135,0.135,0.125,0.135,365935
MYM,20001103,0.12,0.13,0.12,0.13,213800
MYO,20001103,3.68,3.91,3.68,3.84,106296
MZG,20001103,0.053,0.053,0.052,0.052,85500
NAB,20001103,27.78,28,27.76,27.83,3695684
NAM,20001103,0.52,0.52,0.51,0.51,55000
NAU,20001103,0.54,0.54,0.52,0.54,171000
NBL,20001103,0.88,0.88,0.87,0.87,12975
NCA,20001103,0.386,0.386,0.38,0.38,60893
NCE,20001103,0.325,0.325,0.32,0.32,15500
NCI,20001103,1,1,1,1,1300
NCM,20001103,3.72,3.81,3.71,3.8,201913
NCP,20001103,21.008,21.7,20.92,21.65,6271894
NDY,20001103,0.95,0.96,0.95,0.95,5541407
NEV,20001103,4,4,3.99,4,10268
NFD,20001103,2.5,2.54,2.49,2.49,1700306
NFM,20001103,4.8,4.8,4.8,4.8,1000
NGA,20001103,0.095,0.095,0.085,0.085,28464
NHG,20001103,0.23,0.23,0.22,0.225,57500
NHM,20001103,0.018,0.018,0.018,0.018,67500
NLB,20001103,1.125,1.125,1.125,1.125,1500
NLY,20001103,0.66,0.67,0.66,0.67,13950
NMW,20001103,0.82,0.82,0.8,0.81,14984
NNG,20001103,0.09,0.09,0.09,0.09,500000
NOL,20001103,0.47,0.47,0.455,0.46,151934
NRM,20001103,2.66,2.7,2.66,2.68,1874407
NRT,20001103,3.78,3.89,3.7,3.85,27380
NSL,20001103,0.35,0.35,0.35,0.35,9000
NTC,20001103,0.22,0.235,0.205,0.235,155000
NUF,20001103,3.12,3.19,3.09,3.09,79593
NVS,20001103,1.69,1.7,1.65,1.68,149906
NWE,20001103,0.345,0.345,0.335,0.34,474317
NWL,20001103,1.65,1.65,1.55,1.6,994512
NZO,20001103,0.23,0.23,0.23,0.23,2500
OBJ,20001103,0.38,0.39,0.365,0.39,51585
OCA,20001103,2.16,2.16,2,2,40000
OCO,20001103,0.125,0.14,0.125,0.135,843440
OEC,20001103,2.221,2.29,2.22,2.25,407670
OHL,20001103,0.64,0.64,0.64,0.64,28500
OIL,20001103,2.08,2.12,2.08,2.12,69972
OKN,20001103,1.29,1.3,1.25,1.25,37715
OLA,20001103,0.145,0.145,0.145,0.145,20
OMI,20001103,1.16,1.18,1.16,1.18,45100
OML,20001103,1.48,1.49,1.46,1.46,2570493
OMO,20001103,0.14,0.14,0.14,0.14,5000
OMP,20001103,2.3,2.3,2.3,2.3,2000
ONE,20001103,0.6,0.62,0.6,0.61,1751950
OPM,20001103,0.09,0.1,0.09,0.1,69000
OPS,20001103,2.38,2.41,2.35,2.4,443391
OPT,20001103,0.095,0.095,0.095,0.095,20000
ORG,20001103,2.04,2.06,2.02,2.04,548622
ORI,20001103,5.905,5.92,5.87,5.89,735240
ORP,20001103,0.083,0.087,0.076,0.076,468247
OSH,20001103,1.529,1.58,1.529,1.57,1532718
OST,20001103,0.86,0.86,0.82,0.83,7041107
OTO,20001103,0.064,0.064,0.06,0.06,50700
OTS,20001103,0.145,0.145,0.1,0.11,595803
OTT,20001103,1.85,1.85,1.81,1.84,281344
OXR,20001103,0.079,0.08,0.074,0.078,568351
PAH,20001103,0.14,0.14,0.14,0.14,60000
PAI,20001103,0.24,0.25,0.235,0.25,8000
PAL,20001103,0.315,0.35,0.315,0.35,1287071
PAS,20001103,0.79,0.8,0.78,0.79,8063453
PAT,20001103,2.05,2.05,2.03,2.03,29120
PAY,20001103,0.67,0.83,0.67,0.83,423690
PBB,20001103,3.236,3.236,3.15,3.18,985789
PBL,20001103,13.17,13.5,13.17,13.45,500780
PBT,20001103,0.53,0.55,0.48,0.55,167480
PBV,20001103,1.9,1.9,1.9,1.9,4000
PCE,20001103,0.36,0.36,0.36,0.36,11700
PCL,20001103,0.05,0.05,0.049,0.049,10803
PCO,20001103,1.79,1.8,1.75,1.79,77806
PCR,20001103,0.43,0.445,0.43,0.445,108000
PDG,20001103,15,15,15,15,133
PDN,20001103,0.065,0.065,0.065,0.065,33750
PDP,20001103,1.54,1.56,1.53,1.56,420330
PEG,20001103,0.36,0.4,0.36,0.4,51200
PEM,20001103,0.25,0.25,0.25,0.25,102700
PEP,20001103,0.68,0.69,0.66,0.66,48500
PFP,20001103,1.9,1.9,1.9,1.9,2000
PGL,20001103,1.85,1.89,1.85,1.89,15264
PGP,20001103,0.115,0.115,0.115,0.115,50000
PHD,20001103,0.14,0.145,0.14,0.14,163500
PHO,20001103,0.328,0.33,0.315,0.315,57200
PHT,20001103,0.71,0.71,0.7,0.71,692500
PHX,20001103,0.11,0.11,0.105,0.105,11868
PHY,20001103,1.74,1.75,1.74,1.74,29832
PIE,20001103,0.15,0.15,0.14,0.14,32000
PIL,20001103,0.67,0.67,0.57,0.57,701293
PKT,20001103,0.065,0.065,0.061,0.061,140234
PLA,20001103,0.34,0.38,0.34,0.37,780234
PLF,20001103,3.14,3.14,3.1,3.1,40950
PLL,20001103,1.991,2.1,1.99,2.1,10968
PLM,20001103,4.6,4.6,4.6,4.6,200
PLT,20001103,3.71,3.76,3.71,3.76,9000
PLW,20001103,2.29,2.29,2.29,2.29,2000
PLX,20001103,0.08,0.08,0.08,0.08,10000
PMA,20001103,0.075,0.075,0.07,0.07,170000
PMC,20001103,1.491,1.491,1.47,1.47,196800
PMD,20001103,0.085,0.085,0.078,0.079,217240
PME,20001103,1.28,1.28,1.27,1.28,19165
PML,20001103,1.35,1.35,1.35,1.35,1000
PMM,20001103,0.86,0.87,0.85,0.85,486771
PMP,20001103,1.871,1.88,1.82,1.88,191424
PNA,20001103,0.071,0.078,0.071,0.078,762932
PNH,20001103,0.7,0.73,0.7,0.73,59560
PNO,20001103,0.15,0.15,0.13,0.13,188105
PPH,20001103,1.809,1.9,1.8,1.84,74170
PPK,20001103,0.64,0.65,0.64,0.65,28000
PPL,20001103,0.16,0.16,0.16,0.16,27400
PPT,20001103,34,34.4,34,34.33,20594
PPX,20001103,3.46,3.47,3.4,3.45,348721
PRE,20001103,0.044,0.051,0.044,0.051,1174399
PRG,20001103,1.5,1.5,1.48,1.5,43000
PRI,20001103,4.95,5.29,4.95,5.29,36447
PRL,20001103,0.83,0.84,0.83,0.84,16000
PRM,20001103,0.25,0.25,0.25,0.25,8800
PRO,20001103,1.2,1.2,1.15,1.15,8799
PRT,20001103,1.9,1.9,1.89,1.9,11165
PRX,20001103,0.73,0.74,0.72,0.74,36668
PRY,20001103,5.2,5.2,5.15,5.15,51260
PSA,20001103,0.1,0.1,0.1,0.1,20000
PSE,20001103,0.135,0.135,0.135,0.135,60000
PSG,20001103,0.3,0.3,0.3,0.3,7500
PSV,20001103,0.092,0.092,0.092,0.092,45000
PSX,20001103,0.7,0.7,0.66,0.66,165250
PTD,20001103,0.85,0.91,0.83,0.91,2237424
PTL,20001103,0.29,0.29,0.29,0.29,20000
PTS,20001103,0.095,0.095,0.094,0.095,387360
PTZ,20001103,0.455,0.465,0.455,0.46,251450
PUL,20001103,0.12,0.12,0.12,0.12,72000
PWR,20001103,1.32,1.32,1.26,1.26,635091
PWT,20001103,1.1,1.16,1.03,1.12,968024
QAD,20001103,0.043,0.044,0.043,0.044,170000
QAN,20001103,3.88,3.93,3.88,3.92,4243528
QBE,20001103,9.05,9.12,9,9,1171889
QCC,20001103,1.55,1.55,1.55,1.55,500
QCH,20001103,3.6,3.65,3.55,3.6,49539
QGC,20001103,0.24,0.24,0.235,0.24,932700
QMM,20001103,0.125,0.125,0.125,0.125,7000
QOP,20001103,0.066,0.066,0.066,0.066,20884
QRL,20001103,1.2,1.21,1.2,1.21,143473
QTI,20001103,0.3,0.35,0.3,0.35,15280
QTK,20001103,0.1,0.1,0.096,0.098,399000
QTL,20001103,0.39,0.41,0.39,0.41,51000
QUE,20001103,0.185,0.185,0.175,0.175,10000
QUN,20001103,0.11,0.11,0.1,0.1,100000
QVL,20001103,3.87,3.9,3.85,3.88,42350
RAC,20001103,0.115,0.12,0.115,0.115,219780
RAL,20001103,0.38,0.38,0.38,0.38,1500
RBL,20001103,0.6,0.6,0.6,0.6,9700
RCR,20001103,0.115,0.115,0.11,0.11,22598
RDF,20001103,1.86,1.9,1.86,1.89,67254
REA,20001103,0.185,0.185,0.18,0.18,52623
REB,20001103,0.68,0.69,0.66,0.66,11695
REG,20001103,2.2,2.2,2.17,2.17,145974
REH,20001103,21,21,21,21,120
REL,20001103,1,1.04,1,1.04,1002193
RFR,20001103,0.085,0.094,0.085,0.094,156213
RGS,20001103,1.62,1.62,1.62,1.62,3194
RHC,20001103,1.49,1.49,1.45,1.46,26650
RIC,20001103,0.61,0.63,0.61,0.61,282345
RIM,20001103,0.195,0.2,0.19,0.2,22000
RIO,20001103,27.3,27.42,27.05,27.1,946774
RKN,20001103,0.195,0.2,0.19,0.19,218323
RMD,20001103,6.2,6.23,5.95,6.168,1600917
RMG,20001103,0.185,0.185,0.185,0.185,140000
RMW,20001103,2.02,2.02,2,2,7355
RND,20001103,1.075,1.08,1.01,1.06,128904
ROC,20001103,1.41,1.43,1.4,1.4,217186
ROK,20001103,2.46,2.46,2.45,2.45,4000
RPD,20001103,0.45,0.45,0.44,0.44,15000
RPM,20001103,0.048,0.048,0.048,0.048,8500
RRS,20001103,0.085,0.085,0.075,0.075,72500
RSG,20001103,0.135,0.135,0.135,0.135,225000
RTM,20001103,0.061,0.061,0.061,0.061,100000
RTS,20001103,0.41,0.41,0.4,0.4,17900
SAQ,20001103,3.51,3.53,3.5,3.5,64800
SAS,20001103,0.94,1,0.93,0.99,1103737
SBC,20001103,11.28,11.58,10.75,11.58,1371
SBD,20001103,0.135,0.135,0.135,0.135,38333
SBM,20001103,0.15,0.15,0.145,0.15,332245
SBR,20001103,0.24,0.24,0.235,0.235,12109
SCD,20001103,0.085,0.09,0.085,0.09,34000
SCN,20001103,0.006,0.007,0.006,0.007,3800000
SCP,20001103,2.34,2.34,2.32,2.32,17359
SDC,20001103,0.35,0.35,0.35,0.35,5000
SDG,20001103,0.45,0.46,0.45,0.46,515000
SDI,20001103,0.58,0.58,0.58,0.58,1675
SDR,20001103,0.42,0.42,0.42,0.42,12100
SEN,20001103,0.33,0.33,0.32,0.325,317786
SEV,20001103,7.29,7.32,6.81,7.15,391005
SEX,20001103,0.41,0.41,0.41,0.41,5000
SFD,20001103,0.56,0.56,0.53,0.56,5400
SFG,20001103,0.088,0.096,0.085,0.096,211581
SFL,20001103,0.78,0.785,0.77,0.785,46843
SFO,20001103,0.12,0.12,0.12,0.12,18000
SGB,20001103,12.15,12.19,12.07,12.08,266208
SGC,20001103,0.45,0.455,0.425,0.43,334938
SGN,20001103,2.5,2.6,2.5,2.55,10016
SGP,20001103,3.77,3.8,3.75,3.8,265225
SGS,20001103,0.94,0.94,0.94,0.94,1000
SGW,20001103,5.875,5.99,5.87,5.99,336580
SHL,20001103,7.87,7.95,7.74,7.74,116586
SHM,20001103,0.15,0.15,0.15,0.15,19600
SHV,20001103,1.48,1.48,1.48,1.48,10000
SIG,20001103,1.38,1.39,1.35,1.39,122914
SKE,20001103,1.068,1.09,1.06,1.07,323962
SKR,20001103,0.15,0.155,0.15,0.155,1255792
SLN,20001103,1.7,1.7,1.7,1.7,14750
SLT,20001103,0.089,0.135,0.089,0.135,248600
SLX,20001103,4,4.01,3.8,4,481153
SME,20001103,9.95,9.99,9.84,9.9,445860
SMI,20001103,8.14,8.18,8.12,8.12,388114
SMM,20001103,0.06,0.06,0.06,0.06,15000
SMS,20001103,5.75,5.75,5.65,5.68,261770
SNF,20001103,1.28,1.29,1.27,1.27,8357
SNX,20001103,8.45,8.7,8.45,8.66,149483
SOA,20001103,0.64,0.65,0.64,0.65,33742
SOF,20001103,0.24,0.24,0.24,0.24,94000
SOH,20001103,0.93,1.02,0.89,0.99,4875574
SOL,20001103,36,37,36,37,17735
SPC,20001103,0.83,0.84,0.82,0.82,4866
SPH,20001103,0.115,0.115,0.115,0.115,40000
SPK,20001103,0.22,0.22,0.205,0.205,45046
SPL,20001103,0.67,0.7,0.67,0.7,50001
SPP,20001103,1.95,1.98,1.93,1.96,248217
SPT,20001103,6.85,6.98,6.85,6.98,215315
SPU,20001103,0.105,0.105,0.105,0.105,65000
SPX,20001103,0.12,0.125,0.115,0.115,108000
SQS,20001103,0.09,0.09,0.083,0.09,133500
SRA,20001103,1.45,1.45,1.42,1.42,10000
SRI,20001103,0.064,0.065,0.064,0.065,47289
SRL,20001103,0.36,0.37,0.36,0.37,32800
SRO,20001103,0.15,0.15,0.14,0.145,995208
SRP,20001103,5,5.07,4.97,5.029,463645
SRV,20001103,5.35,5.35,5.35,5.35,105000
SRX,20001103,3.6,3.67,3.55,3.63,233825
SSE,20001103,0.365,0.38,0.365,0.38,43400
SSH,20001103,0.41,0.44,0.41,0.44,83000
SSI,20001103,1.55,1.59,1.55,1.59,2900
SSR,20001103,0.48,0.48,0.47,0.47,43100
SSX,20001103,0.97,0.98,0.96,0.96,956725
STA,20001103,0.18,0.18,0.18,0.18,53090
STH,20001103,0.04,0.04,0.04,0.04,20000
STO,20001103,6.17,6.2,6.13,6.15,636404
STS,20001103,1.21,1.21,1.2,1.2,14250
STT,20001103,0.031,0.031,0.031,0.031,252942
SUR,20001103,0.079,0.079,0.079,0.079,6000
SVP,20001103,0.135,0.135,0.125,0.125,89740
SWD,20001103,0.52,0.53,0.52,0.52,121000
SWG,20001103,0.19,0.19,0.19,0.19,30000
SWS,20001103,2.3,2.33,2.26,2.33,81039
SWT,20001103,0.22,0.22,0.2,0.21,130000
SYM,20001103,0.89,0.9,0.89,0.9,174800
TAB,20001103,3.15,3.23,3.14,3.21,1069596
TAH,20001103,10.7,10.97,10.7,10.95,596505
TAI,20001103,0.077,0.077,0.076,0.076,490590
TAM,20001103,0.115,0.115,0.115,0.115,4000
TAN,20001103,1.22,1.22,1.22,1.22,3493
TAP,20001103,0.98,0.98,0.96,0.97,75590
TAT,20001103,0.315,0.32,0.315,0.32,27500
TBL,20001103,0.155,0.16,0.1,0.16,213500
TBR,20001103,1.35,1.35,1.29,1.33,745912
TCA,20001103,7.62,7.7,7.62,7.7,7039
TCL,20001103,4,4.15,4,4.1,733855
TDG,20001103,0.93,0.96,0.92,0.96,31900
TEE,20001103,0.11,0.11,0.11,0.11,30000
TEH,20001103,1.55,1.58,1.52,1.52,45200
TEL,20001103,4.29,4.38,4.29,4.33,387069
TEM,20001103,1.7,1.7,1.7,1.7,15450
TEN,20001103,2.64,2.64,2.61,2.62,434119
TGG,20001103,1.56,1.57,1.55,1.55,166150
TGL,20001103,0.039,0.039,0.039,0.039,100000
THG,20001103,0.61,0.62,0.61,0.62,45478
TIF,20001103,1.11,1.11,1.08,1.08,24470
TIM,20001103,1.7,1.72,1.7,1.7,120982
TIR,20001103,0.245,0.27,0.24,0.265,3473316
TKG,20001103,0.02,0.02,0.019,0.02,1266910
TKR,20001103,0.39,0.39,0.39,0.39,1500
TLA,20001103,0.59,0.6,0.59,0.6,38074
TLE,20001103,0.16,0.16,0.16,0.16,3000
TLO,20001103,0.375,0.38,0.365,0.365,1054800
TLS,20001103,6.26,6.36,6.24,6.36,8159547
TML,20001103,0.051,0.051,0.043,0.051,670422
TMN,20001103,4.25,4.3,4.05,4.05,71420
TMP,20001103,127,131,127,131,120
TMS,20001103,1.56,1.64,1.56,1.62,86444
TMT,20001103,0.85,0.86,0.85,0.86,133558
TNE,20001103,4.48,4.65,4.45,4.6,139003
TNY,20001103,0.83,0.87,0.83,0.87,41522
TOL,20001103,11.866,12.24,11.83,12.24,93787
TOR,20001103,1.11,1.11,1.09,1.1,144302
TOX,20001103,0.185,0.185,0.18,0.18,85000
TPL,20001103,0.42,0.42,0.4,0.4,28000
TPX,20001103,8.5,8.5,8.5,8.5,500
TQL,20001103,2.29,2.3,2.27,2.29,202658
TRD,20001103,0.175,0.175,0.165,0.17,299573
TRE,20001103,0.14,0.14,0.13,0.135,975508
TSR,20001103,2.8,2.8,2.8,2.8,3000
TSS,20001103,1.06,1.06,1.06,1.06,14106
TST,20001103,0.81,0.82,0.81,0.82,3000
TTL,20001103,0.3,0.3,0.26,0.26,62211
TTR,20001103,0.125,0.125,0.125,0.125,68000
TVL,20001103,0.95,0.95,0.94,0.95,249516
TVN,20001103,0.72,0.72,0.72,0.72,12000
TVS,20001103,0.2,0.2,0.2,0.2,27421
TWR,20001103,3.892,3.9,3.82,3.9,6805
TXT,20001103,1.05,1.05,1.05,1.05,35000
UCL,20001103,0.125,0.135,0.125,0.13,2232860
UCR,20001103,1.24,1.25,1.22,1.25,65970
UEC,20001103,1.5,1.5,1.4,1.4,81088
UEL,20001103,3.303,3.303,3.25,3.25,525817
USC,20001103,0.75,0.76,0.75,0.76,98833
VCM,20001103,0.475,0.495,0.475,0.495,134750
VGL,20001103,0.93,0.93,0.92,0.93,5009
VHL,20001103,1.15,1.3,1.15,1.28,129922
VIT,20001103,0.24,0.245,0.24,0.245,107940
VLS,20001103,1.95,1.95,1.9,1.9,38930
VNA,20001103,0.75,0.77,0.73,0.75,369818
VNT,20001103,0.13,0.135,0.13,0.135,198334
VOS,20001103,0.195,0.195,0.19,0.19,97200
VPE,20001103,0.04,0.041,0.04,0.04,1069389
VRL,20001103,1.72,1.75,1.72,1.74,88990
VSL,20001103,2.45,2.49,2.4,2.4,176834
VTI,20001103,0.61,0.62,0.59,0.62,1512221
VWD,20001103,0.75,0.76,0.74,0.76,107632
VWL,20001103,0.093,0.093,0.093,0.093,2500
VXS,20001103,0.6,0.6,0.56,0.56,16203
WAL,20001103,0.69,0.75,0.69,0.75,35000
WAM,20001103,0.97,0.98,0.97,0.98,42413
WAN,20001103,5.3,5.3,5.29,5.3,149506
WAT,20001103,1.84,1.84,1.84,1.84,3000
WAV,20001103,0.24,0.24,0.24,0.24,8000
WBB,20001103,3.32,3.32,3.3,3.3,5427
WBC,20001103,13.25,13.36,13.2,13.331,4261144
WEB,20001103,0.073,0.074,0.071,0.071,47000
WEL,20001103,0.73,0.73,0.72,0.72,35300
WER,20001103,0.11,0.11,0.11,0.11,63300
WES,20001103,14.8,15,14.7,14.82,116619
WET,20001103,0.05,0.05,0.048,0.05,410025
WFA,20001103,1.59,1.6,1.58,1.6,956715
WFT,20001103,3.159,3.18,3.15,3.15,1237046
WGC,20001103,0.015,0.015,0.015,0.015,256000
WGR,20001103,0.105,0.105,0.105,0.105,138
WHL,20001103,0.23,0.23,0.19,0.19,164650
WIF,20001103,0.335,0.335,0.33,0.33,4000
WIN,20001103,0.27,0.275,0.265,0.27,43000
WMC,20001103,7.414,7.48,7.41,7.454,3751905
WME,20001103,0.11,0.11,0.096,0.096,86000
WMT,20001103,0.2,0.205,0.195,0.195,1666170
WNZ,20001103,3.2,3.2,3.2,3.2,90000
WON,20001103,0.225,0.23,0.22,0.23,635866
WOW,20001103,7.634,7.65,7.46,7.5,5693321
WPL,20001103,13.91,13.91,13.73,13.82,618072
WPO,20001103,0.23,0.23,0.22,0.23,9500
WPT,20001103,1.62,1.65,1.62,1.64,464807
WRF,20001103,0.445,0.445,0.445,0.445,7500
WSA,20001103,0.17,0.17,0.17,0.17,10000
WSF,20001103,12.595,12.75,12.36,12.6,507162
WSG,20001103,0.25,0.28,0.25,0.25,4213393
WSS,20001103,0.31,0.33,0.31,0.33,27564
WSX,20001103,0.13,0.14,0.13,0.14,38334
WSY,20001103,0.12,0.12,0.115,0.115,18333
WTE,20001103,0.02,0.02,0.02,0.02,550057
WTP,20001103,0.27,0.28,0.27,0.275,87000
WWA,20001103,0.38,0.38,0.37,0.38,39417
WYL,20001103,2.765,2.77,2.74,2.75,130984
YAM,20001103,0.018,0.02,0.018,0.02,359447
YTS,20001103,0.4,0.405,0.395,0.4,390200
ZEL,20001103,0.42,0.44,0.42,0.43,33035
ZIM,20001103,0.39,0.39,0.39,0.39,4327
ZYL,20001103,0.125,0.13,0.12,0.12,51121
