AAP,20000911,7.14,7.15,7.12,7.12,67120
AAR,20000911,0.028,0.028,0.027,0.027,38704
AAT,20000911,0.465,0.48,0.46,0.47,159920
AAU,20000911,1.7,1.7,1.7,1.7,18000
ABC,20000911,0.47,0.47,0.45,0.47,510843
ABG,20000911,2.01,2.01,2.01,2.01,2000
ABK,20000911,0.4,0.4,0.4,0.4,29450
ACC,20000911,0.49,0.5,0.485,0.485,147720
ACE,20000911,0.56,0.56,0.55,0.55,13595
ACI,20000911,0.1,0.1,0.1,0.1,50000
ACY,20000911,0.83,0.83,0.83,0.83,9400
ADA,20000911,2.55,2.55,2.49,2.5,198760
ADB,20000911,5.1,5.1,4.99,4.99,219799
ADM,20000911,0.08,0.081,0.08,0.081,81000
ADP,20000911,2.31,2.35,2.31,2.35,452433
ADS,20000911,0.058,0.058,0.058,0.058,504000
ADT,20000911,1.66,1.66,1.66,1.66,44000
ADX,20000911,0.265,0.265,0.265,0.265,75000
ADZ,20000911,2.45,2.45,2.39,2.39,9645
AEG,20000911,0.225,0.235,0.22,0.225,1972381
AET,20000911,1.84,1.84,1.84,1.84,6590
AEX,20000911,0.12,0.125,0.115,0.115,769400
AFI,20000911,2.51,2.52,2.5,2.5,182012
AGG,20000911,71,71,70.2,70.2,3564
AGH,20000911,0.53,0.53,0.52,0.52,189041
AGL,20000911,10.76,10.94,10.76,10.85,436093
AGM,20000911,0.096,0.096,0.089,0.089,755000
AGS,20000911,0.092,0.1,0.092,0.1,9984
AGT,20000911,1.25,1.25,1.23,1.23,7752
AGY,20000911,0.195,0.195,0.19,0.19,55500
AHA,20000911,4.3,4.3,4.3,4.3,137
AHD,20000911,2.75,2.75,2.63,2.63,37507
AHX,20000911,0.51,0.53,0.51,0.52,258044
AIE,20000911,0.19,0.195,0.19,0.195,56700
AIL,20000911,0.45,0.45,0.45,0.45,9510
AIP,20000911,1.02,1.02,1,1,85820
AIU,20000911,0.068,0.068,0.065,0.065,42500
AIX,20000911,1.94,1.94,1.9,1.9,272670
AIZ,20000911,2.05,2.1,2.05,2.1,30311
AJL,20000911,1.891,1.9,1.8,1.8,38349
AJN,20000911,1.43,1.44,1.42,1.42,842900
AJP,20000911,1.17,1.18,1.16,1.16,1105349
AJR,20000911,0.86,0.86,0.86,0.86,426923
AKC,20000911,2.95,2.95,2.85,2.85,990
AKD,20000911,0.035,0.036,0.035,0.036,335606
ALA,20000911,0.22,0.22,0.22,0.22,10000
ALL,20000911,6.35,6.35,6.185,6.185,244021
ALZ,20000911,1.397,1.45,1.397,1.44,8433
AMC,20000911,5.142,5.15,5.07,5.11,799998
AMG,20000911,0.27,0.28,0.27,0.28,344032
AML,20000911,0.92,0.93,0.9,0.93,120590
AMM,20000911,1.3,1.35,1.29,1.34,192811
AMP,20000911,17.59,17.59,17.37,17.469,1198398
AMS,20000911,0.105,0.115,0.105,0.105,246691
AMU,20000911,0.115,0.12,0.115,0.12,95000
ANC,20000911,3.1,3.1,3.08,3.08,7150
ANE,20000911,2.4,2.4,2.38,2.4,7510
ANL,20000911,3.49,3.69,3.42,3.67,839346
ANM,20000911,2.8,2.8,2.5,2.5,22285
ANX,20000911,0.47,0.47,0.47,0.47,5100
ANY,20000911,0.35,0.35,0.35,0.35,45000
ANZ,20000911,13.085,13.16,13.07,13.12,2280189
AOE,20000911,0.165,0.178,0.165,0.178,180000
AOF,20000911,1.15,1.15,1.14,1.14,2639808
AOG,20000911,1.8,1.8,1.8,1.8,19000
AOL,20000911,0.098,0.105,0.098,0.105,969437
AOV,20000911,0.1,0.1,0.1,0.1,50000
APA,20000911,2.35,2.37,2.35,2.37,154524
APE,20000911,4.45,4.45,4.38,4.38,13059
APF,20000911,1.71,1.72,1.7,1.71,525897
APG,20000911,0.145,0.15,0.14,0.14,344388
API,20000911,2.46,2.46,2.35,2.35,11700
APL,20000911,2.01,2.02,1.96,2.011,198010
APN,20000911,4.78,4.92,4.75,4.85,98666
APU,20000911,0.09,0.105,0.09,0.105,185000
APY,20000911,0.64,0.64,0.63,0.63,13100
AQA,20000911,0.24,0.24,0.24,0.24,20000
AQP,20000911,7.15,7.15,7,7,111853
ARA,20000911,0.4,0.4,0.395,0.395,82894
ARG,20000911,3.272,3.272,3.22,3.24,59806
ARL,20000911,1.96,1.98,1.95,1.95,1745195
ARP,20000911,6.7,6.7,6.7,6.7,2100
ARQ,20000911,0.1,0.1,0.1,0.1,10000
ART,20000911,1.35,1.35,1.33,1.33,892413
ASB,20000911,1.82,1.82,1.82,1.82,31000
ASC,20000911,0.459,0.46,0.45,0.45,61389
ASH,20000911,2.1,2.11,2.1,2.1,208856
ASL,20000911,0.21,0.21,0.205,0.205,112500
ASP,20000911,0.125,0.125,0.12,0.12,107515
ASU,20000911,0.076,0.078,0.076,0.078,156000
ASX,20000911,12,12,11.6,11.8,285413
ATE,20000911,0.13,0.13,0.125,0.13,160850
ATN,20000911,0.049,0.049,0.046,0.046,772149
ATP,20000911,0.21,0.21,0.21,0.21,5000
AUD,20000911,1.818,1.85,1.8,1.83,41383
AUG,20000911,0.19,0.195,0.19,0.19,202825
AUL,20000911,0.028,0.028,0.028,0.028,30000
AUM,20000911,0.045,0.045,0.045,0.045,10000
AUN,20000911,5.165,5.165,5.01,5.08,944276
AUO,20000911,0.14,0.14,0.14,0.14,25000
AUY,20000911,0.75,0.75,0.72,0.75,87200
AVL,20000911,0.046,0.048,0.046,0.048,20000
AVR,20000911,0.175,0.175,0.17,0.175,418387
AVT,20000911,0.26,0.26,0.25,0.25,224900
AWE,20000911,0.42,0.42,0.41,0.41,50000
AXA,20000911,2.69,2.71,2.68,2.71,944523
AXN,20000911,1.3,1.3,1.26,1.28,382296
AXP,20000911,1.15,1.15,1.12,1.13,324077
AYO,20000911,0.305,0.305,0.295,0.295,79000
AZL,20000911,0.047,0.052,0.046,0.052,41900
BAE,20000911,0.052,0.053,0.046,0.046,444000
BAM,20000911,11.65,11.71,11.6,11.6,87269
BAY,20000911,10,10,10,10,50000
BBB,20000911,0.71,0.71,0.69,0.69,25300
BBG,20000911,3.2,3.22,3.17,3.21,1121504
BCD,20000911,0.4,0.4,0.385,0.385,20770
BCH,20000911,0.29,0.31,0.29,0.29,232300
BDA,20000911,1.05,1.05,1.02,1.02,83766
BDG,20000911,0.18,0.185,0.175,0.185,375033
BDL,20000911,2.05,2.07,2.02,2.07,526395
BDS,20000911,1.2,1.3,1.2,1.22,52806
BEN,20000911,5.27,5.35,5.27,5.31,107826
BER,20000911,0.51,0.51,0.51,0.51,7700
BGF,20000911,0.08,0.08,0.072,0.072,219400
BGN,20000911,1.57,1.57,1.55,1.55,46400
BHP,20000911,20,20.16,20,20.1,3817600
BIC,20000911,0.26,0.26,0.26,0.26,10000
BII,20000911,0.335,0.34,0.33,0.33,147850
BIL,20000911,48.9,49.05,48.7,48.9,472262
BIR,20000911,0.77,0.78,0.77,0.77,121956
BKL,20000911,7.05,7.2,7.05,7.2,6674
BKR,20000911,0.17,0.17,0.17,0.17,15000
BKS,20000911,0.074,0.074,0.071,0.073,1023800
BLD,20000911,2.15,2.17,2.15,2.17,436616
BLO,20000911,0.203,0.203,0.195,0.195,393375
BLR,20000911,0.28,0.28,0.25,0.265,324961
BMC,20000911,0.59,0.61,0.56,0.57,641551
BMX,20000911,0.29,0.29,0.275,0.28,1827970
BNA,20000911,0.058,0.058,0.056,0.056,1392500
BNO,20000911,1.26,1.28,1.25,1.26,99386
BOC,20000911,0.17,0.18,0.17,0.18,145438
BPC,20000911,0.53,0.53,0.51,0.52,11133425
BPT,20000911,0.039,0.04,0.038,0.04,2222563
BQD,20000911,5.4,5.45,5.4,5.41,77590
BRI,20000911,0.285,0.285,0.275,0.275,68000
BRL,20000911,7.2,7.33,7.2,7.32,195574
BRS,20000911,1.259,1.27,1.259,1.26,66841
BRY,20000911,0.275,0.285,0.275,0.285,564025
BRZ,20000911,2.23,2.23,2.2,2.22,126009
BSG,20000911,0.1,0.1,0.1,0.1,35000
BSO,20000911,3.25,3.25,3.2,3.2,17520
BTA,20000911,4.56,4.56,4.45,4.54,235463
BTB,20000911,0.265,0.265,0.255,0.255,52300
BTC,20000911,0.395,0.395,0.385,0.385,199433
BTE,20000911,0.66,0.67,0.66,0.67,47044
BTM,20000911,0.423,0.423,0.423,0.423,23000
BTO,20000911,1.4,1.42,1.39,1.4,3218172
BUG,20000911,0.61,0.61,0.6,0.6,26591
BUU,20000911,0.19,0.195,0.19,0.195,10170
BWA,20000911,3.69,3.7,3.65,3.65,107314
BWP,20000911,1,1,0.99,0.99,91443
BYO,20000911,0.46,0.46,0.46,0.46,14245
CAA,20000911,2.2,2.21,2.19,2.19,854983
CAB,20000911,2.46,2.46,2.46,2.46,33500
CAG,20000911,0.38,0.38,0.37,0.37,897100
CAI,20000911,0.97,0.97,0.94,0.94,97700
CAO,20000911,0.345,0.35,0.34,0.34,184500
CAT,20000911,14.875,14.9,14.76,14.8,17238
CBA,20000911,26.98,27.1,26.95,26.98,2320442
CBD,20000911,0.15,0.155,0.15,0.155,107064
CBI,20000911,1.31,1.31,1.3,1.3,6100
CBO,20000911,0.072,0.075,0.072,0.075,40000
CBS,20000911,10,10,9.637,9.637,3599
CBT,20000911,0.15,0.15,0.14,0.145,568646
CCH,20000911,0.14,0.14,0.14,0.14,5000
CCK,20000911,1.95,1.95,1.9,1.9,20000
CCL,20000911,3.91,3.96,3.91,3.93,421846
CCO,20000911,0.54,0.56,0.54,0.55,270017
CCP,20000911,0.43,0.47,0.41,0.47,71800
CCV,20000911,0.071,0.072,0.071,0.072,127533
CDF,20000911,1.2,1.2,1.2,1.2,5539
CDK,20000911,0.97,0.97,0.95,0.95,6052
CDO,20000911,1.36,1.37,1.36,1.37,24816
CDP,20000911,1.96,1.96,1.86,1.86,16824
CDX,20000911,2.95,2.95,2.9,2.9,5200
CED,20000911,0.86,0.86,0.8,0.8,78775
CEL,20000911,0.17,0.17,0.17,0.17,48000
CEP,20000911,2.78,2.79,2.76,2.76,683885
CEQ,20000911,2.22,2.23,2.2,2.23,42652
CEW,20000911,2.59,2.59,2.59,2.59,4000
CEY,20000911,0.64,0.64,0.62,0.63,69500
CFA,20000911,0.105,0.105,0.105,0.105,4000
CFR,20000911,0.041,0.043,0.041,0.043,231227
CFT,20000911,2.09,2.09,2.07,2.07,151926
CGB,20000911,0.19,0.2,0.18,0.2,31915
CGC,20000911,0.14,0.14,0.14,0.14,20000
CGO,20000911,1.25,1.25,1.25,1.25,207950
CHF,20000911,0.89,0.9,0.86,0.88,374282
CHL,20000911,0.18,0.18,0.18,0.18,13000
CHO,20000911,12.4,12.5,12.4,12.5,767
CHQ,20000911,1.18,1.18,1.18,1.18,4100
CHS,20000911,0.36,0.36,0.35,0.35,50000
CIH,20000911,0.062,0.064,0.062,0.064,49100
CIM,20000911,0.065,0.065,0.065,0.065,4000
CIR,20000911,4.631,4.631,4.53,4.54,33990
CIS,20000911,0.086,0.09,0.086,0.09,85400
CIT,20000911,1.28,1.28,1.25,1.25,183702
CKS,20000911,0.18,0.18,0.18,0.18,10000
CLI,20000911,4.45,4.5,4.31,4.31,141736
CLO,20000911,0.59,0.59,0.59,0.59,15850
CLT,20000911,2.38,2.38,2.35,2.36,357300
CLV,20000911,0.42,0.43,0.42,0.43,47333
CMI,20000911,1.2,1.2,1.2,1.2,14290
CML,20000911,6.99,6.99,6.86,6.88,1993566
CMS,20000911,0.36,0.37,0.35,0.36,78442
CMW,20000911,0.048,0.048,0.048,0.048,5000
CMX,20000911,0.082,0.084,0.082,0.084,110000
CMZ,20000911,0.16,0.16,0.155,0.155,66224
CND,20000911,2.42,2.42,2.35,2.35,32120
CNF,20000911,0.076,0.076,0.076,0.076,20000
CNG,20000911,0.265,0.27,0.265,0.265,70149
CNM,20000911,0.032,0.032,0.031,0.031,300000
CNN,20000911,0.13,0.13,0.13,0.13,25393
CNT,20000911,0.115,0.115,0.11,0.11,300000
COA,20000911,1.6,1.6,1.58,1.58,202647
COF,20000911,1.8,1.8,1.8,1.8,5400
COG,20000911,0.057,0.057,0.057,0.057,272000
COH,20000911,27.993,27.993,27.7,27.77,15121
COM,20000911,0.66,0.66,0.64,0.64,15000
COP,20000911,0.013,0.014,0.013,0.013,659000
CPA,20000911,0.96,0.97,0.96,0.96,803535
CPB,20000911,4.75,4.75,4.75,4.75,7000
CPC,20000911,0.325,0.325,0.325,0.325,2500
CPH,20000911,0.77,0.78,0.76,0.76,260140
CPI,20000911,2.11,2.15,2.11,2.15,2250
CPM,20000911,3.4,3.4,3.35,3.35,6040
CPU,20000911,8,8.23,7.93,8.039,1347937
CRG,20000911,8.1,8.1,8.05,8.05,20252
CRL,20000911,0.53,0.53,0.53,0.53,5000
CRS,20000911,0.355,0.36,0.355,0.36,27205
CRT,20000911,0.83,0.83,0.82,0.82,11200
CRU,20000911,0.385,0.4,0.385,0.4,86068
CSA,20000911,0.096,0.097,0.095,0.095,794500
CSB,20000911,0.78,0.78,0.78,0.78,5100
CSI,20000911,0.18,0.195,0.18,0.195,45250
CSL,20000911,35.487,36.25,35.487,35.8,329264
CSM,20000911,0.41,0.41,0.32,0.32,24499
CSR,20000911,4.22,4.25,4.2,4.221,1583229
CSY,20000911,0.167,0.167,0.16,0.165,358970
CTC,20000911,0.8,0.8,0.8,0.8,1000
CTI,20000911,0.866,0.95,0.86,0.9,62623
CTL,20000911,6.35,6.35,6.26,6.28,7518
CTO,20000911,0.064,0.064,0.063,0.063,272000
CTR,20000911,1.35,1.38,1.35,1.36,14860
CTT,20000911,0.62,0.62,0.61,0.61,36624
CTX,20000911,2.63,2.64,2.51,2.56,243144
CUE,20000911,0.04,0.04,0.04,0.04,175000
CUL,20000911,0.028,0.028,0.027,0.028,362703
CVI,20000911,1.3,1.36,1.25,1.35,94373
CVN,20000911,0.059,0.059,0.057,0.057,140538
CWO,20000911,4.306,4.35,4.23,4.3,7195838
CWP,20000911,0.58,0.58,0.56,0.58,12500
CXA,20000911,0.225,0.235,0.21,0.235,574149
CXL,20000911,0.098,0.098,0.098,0.098,50000
CXP,20000911,8.12,8.15,8,8.1,538130
CYB,20000911,0.007,0.007,0.007,0.007,196666
CYG,20000911,3.85,3.85,3.85,3.85,550
DAD,20000911,4.757,4.8,4.7,4.78,417296
DAY,20000911,0.688,0.87,0.66,0.8,452314
DCS,20000911,0.59,0.59,0.59,0.59,20000
DEF,20000911,0.03,0.03,0.029,0.029,562239
DEL,20000911,6,6,6,6,28050
DFT,20000911,0.125,0.135,0.125,0.135,185437
DGD,20000911,1.26,1.28,1.26,1.27,307249
DGL,20000911,0.63,0.63,0.6,0.6,11900
DGM,20000911,0.01,0.01,0.01,0.01,4885000
DIO,20000911,0.056,0.056,0.056,0.056,247500
DJS,20000911,1.32,1.36,1.32,1.35,4290320
DJW,20000911,3.25,3.25,3.22,3.22,76599
DKS,20000911,9.25,9.25,9.25,9.25,1000
DNI,20000911,1.44,1.46,1.44,1.46,69310
DNS,20000911,0.044,0.045,0.044,0.045,41000
DOM,20000911,0.38,0.39,0.38,0.39,4500
DRA,20000911,0.058,0.058,0.057,0.057,222491
DRD,20000911,1.9,1.9,1.9,1.9,8833
DRE,20000911,0.58,0.58,0.56,0.56,19718
DRN,20000911,0.068,0.068,0.068,0.068,22100
DSW,20000911,0.049,0.049,0.049,0.049,35000
DTL,20000911,0.937,0.95,0.92,0.94,56396
DUI,20000911,1.6,1.6,1.6,1.6,2725
DVD,20000911,0.48,0.48,0.46,0.47,138130
DVN,20000911,0.21,0.21,0.205,0.205,50125
DVT,20000911,1.38,1.48,1.35,1.38,9715950
EBG,20000911,0.087,0.087,0.087,0.087,12000
EBR,20000911,0.26,0.26,0.25,0.255,130000
EBT,20000911,0.29,0.29,0.285,0.29,115353
ECE,20000911,0.073,0.073,0.068,0.068,748322
ECL,20000911,0.072,0.08,0.072,0.074,850500
ECM,20000911,0.21,0.21,0.21,0.21,7500
ECP,20000911,2.26,2.26,2.16,2.18,375247
ECU,20000911,0.082,0.082,0.075,0.075,138729
EDI,20000911,2.05,2.09,2.05,2.09,44025
EEC,20000911,0.105,0.115,0.105,0.115,332136
EEL,20000911,0.84,0.84,0.83,0.83,5840
EFC,20000911,0.335,0.335,0.335,0.335,4000
EFN,20000911,0.77,0.8,0.75,0.75,32250
EGO,20000911,0.11,0.115,0.11,0.115,141000
EHY,20000911,0.17,0.17,0.155,0.155,190007
EIS,20000911,0.195,0.195,0.19,0.19,357800
EKL,20000911,0.17,0.17,0.17,0.17,10000
EMI,20000911,0.56,0.56,0.56,0.56,48000
EML,20000911,3.16,3.16,3.05,3.06,790737
EMM,20000911,0.2,0.2,0.17,0.175,33000
EMP,20000911,0.385,0.4,0.385,0.4,29000
ENE,20000911,10.94,10.98,10.9,10.96,27770
ENV,20000911,0.86,0.89,0.86,0.87,635900
EPH,20000911,0.2,0.2,0.2,0.2,129000
EQI,20000911,0.35,0.37,0.35,0.37,22229
EQL,20000911,0.145,0.145,0.145,0.145,143807
EQR,20000911,0.08,0.08,0.078,0.08,26400
EQS,20000911,0.135,0.135,0.12,0.125,187850
ERA,20000911,2.55,2.55,2.55,2.55,3277
ERG,20000911,10,10.24,9.91,10.158,896178
ESI,20000911,0.255,0.29,0.255,0.29,6405053
ESL,20000911,1.55,1.65,1.55,1.65,6500
EST,20000911,0.31,0.31,0.29,0.29,172933
ESV,20000911,1.75,1.88,1.67,1.75,1184911
ESX,20000911,0.39,0.39,0.37,0.37,74530
ETR,20000911,2.33,2.33,2.3,2.3,23973
ETW,20000911,1.06,1.06,1.05,1.05,28304
EWL,20000911,0.36,0.36,0.36,0.36,33000
EXS,20000911,0.14,0.14,0.14,0.14,20190
EZE,20000911,0.255,0.26,0.23,0.23,12500
EZY,20000911,0.41,0.41,0.405,0.405,69975
FAN,20000911,1.35,1.4,1.35,1.4,37870
FAR,20000911,0.165,0.165,0.155,0.155,297300
FBG,20000911,4.01,4.02,3.96,3.98,8446358
FCL,20000911,1.67,1.68,1.65,1.65,2401284
FDR,20000911,2.2,2.34,2.15,2.3,28753
FEA,20000911,0.48,0.49,0.48,0.485,62000
FEC,20000911,3.08,3.1,3.08,3.1,3211
FFL,20000911,1.02,1.03,1.02,1.02,37125
FGR,20000911,0.036,0.036,0.036,0.036,600
FHF,20000911,9.4,9.85,9.4,9.7,267337
FHL,20000911,2.95,3.11,2.95,3.1,8423
FIF,20000911,4.542,4.56,4.45,4.5,57297
FIM,20000911,0.125,0.145,0.125,0.145,84000
FIT,20000911,1.31,1.31,1.31,1.31,4000
FKP,20000911,0.98,0.99,0.98,0.99,98672
FLO,20000911,0.48,0.48,0.43,0.43,1475200
FLT,20000911,21.61,21.61,21.51,21.55,68937
FMH,20000911,2.2,2.21,2.19,2.2,107062
FNC,20000911,2.35,2.38,2.35,2.38,52750
FOA,20000911,7.326,7.5,7.326,7.4,49790
FPF,20000911,0.95,0.95,0.95,0.95,5121
FPG,20000911,0.6,0.61,0.6,0.61,3408
FRI,20000911,0.27,0.27,0.27,0.27,45000
FRU,20000911,1.706,1.75,1.706,1.75,17500
FSL,20000911,0.08,0.08,0.08,0.08,49000
FST,20000911,2.59,2.6,2.58,2.6,246029
FTR,20000911,0.32,0.32,0.3,0.3,171550
FWD,20000911,1.3,1.35,1.3,1.35,6384
FWF,20000911,0.425,0.425,0.425,0.425,5000
FXJ,20000911,4.66,4.66,4.52,4.55,2579035
GAN,20000911,1.13,1.13,1.11,1.12,1680751
GBG,20000911,0.15,0.15,0.15,0.15,35000
GBL,20000911,0.41,0.41,0.4,0.4,88944
GBS,20000911,0.165,0.17,0.165,0.17,64445
GDH,20000911,0.12,0.125,0.12,0.125,100000
GDM,20000911,0.435,0.45,0.4,0.4,284000
GDP,20000911,5.581,5.581,5.45,5.52,22573
GEL,20000911,0.19,0.195,0.185,0.185,389735
GFD,20000911,0.51,0.51,0.51,0.51,2000
GGS,20000911,0.024,0.024,0.023,0.024,2053809
GGY,20000911,0.045,0.045,0.045,0.045,21667
GHG,20000911,1.19,1.2,1.18,1.19,523562
GHP,20000911,1.3,1.3,1.26,1.28,270150
GIL,20000911,0.28,0.28,0.28,0.28,1200
GIP,20000911,0.12,0.135,0.115,0.125,127089
GIR,20000911,0.042,0.042,0.036,0.036,136316
GLD,20000911,1.49,1.5,1.48,1.48,186348
GME,20000911,0.053,0.053,0.053,0.053,100000
GMF,20000911,1.24,1.25,1.23,1.24,2254971
GNC,20000911,9.35,9.39,9.35,9.39,1500
GNR,20000911,0.074,0.08,0.074,0.08,32500
GNS,20000911,2.55,2.55,2.52,2.52,9930
GOC,20000911,0.13,0.135,0.12,0.125,355031
GOD,20000911,0.079,0.079,0.075,0.075,548860
GPN,20000911,0.049,0.049,0.043,0.043,1435728
GPT,20000911,2.57,2.59,2.53,2.54,1269650
GRN,20000911,0.075,0.075,0.075,0.075,32694
GRO,20000911,2.65,2.65,2.55,2.55,141000
GSE,20000911,0.097,0.099,0.096,0.096,172700
GSF,20000911,0.5,0.5,0.5,0.5,25550
GSP,20000911,1.19,1.19,1.19,1.19,500
GTG,20000911,0.915,0.915,0.88,0.89,169466
GTI,20000911,0.14,0.14,0.14,0.14,24000
GTL,20000911,0.105,0.105,0.1,0.1,100000
GTM,20000911,0.043,0.043,0.042,0.042,479999
GTN,20000911,0.29,0.29,0.29,0.29,2000
GTP,20000911,2.05,2.05,1.98,2,126019
GUD,20000911,1.7,1.72,1.68,1.72,58542
GUL,20000911,0.055,0.055,0.053,0.053,206161
GUN,20000911,0.1,0.1,0.1,0.1,900
GVM,20000911,0.042,0.042,0.042,0.042,28258
GWT,20000911,2.12,2.12,2.02,2.06,116123
GYM,20000911,0.385,0.39,0.385,0.39,58500
GZL,20000911,2.15,2.15,2.15,2.15,10000
HAH,20000911,3.59,3.59,3.52,3.55,678111
HAN,20000911,9.9,9.9,9.9,9.9,14652
HBC,20000911,18.5,19.2,18.5,19.06,4001
HBN,20000911,0.3,0.3,0.3,0.3,6000
HBR,20000911,0.5,0.5,0.5,0.5,2068
HCN,20000911,1.344,1.344,1.23,1.25,67855
HDR,20000911,0.275,0.285,0.265,0.285,867222
HER,20000911,0.41,0.43,0.41,0.42,224721
HFY,20000911,0.9,0.92,0.9,0.92,59687
HGV,20000911,0.95,1,0.95,0.96,107400
HHM,20000911,0.095,0.095,0.095,0.095,10000
HIC,20000911,0.56,0.56,0.56,0.56,30000
HIG,20000911,0.19,0.195,0.19,0.195,35000
HIL,20000911,2.5,2.5,2.5,2.5,9480
HLL,20000911,0.063,0.063,0.061,0.062,300000
HLM,20000911,0.245,0.245,0.245,0.245,24000
HLY,20000911,3.98,3.98,3.92,3.95,258747
HMC,20000911,0.064,0.076,0.064,0.072,1394635
HNG,20000911,1.15,1.15,1.15,1.15,2200
HPL,20000911,1.99,2,1.95,2,10714
HRD,20000911,0.5,0.5,0.49,0.5,15500
HRP,20000911,1.35,1.35,1.33,1.34,79237
HRR,20000911,0.395,0.395,0.385,0.385,43385
HRT,20000911,0.25,0.25,0.25,0.25,19767
HSL,20000911,1.35,1.35,1.34,1.34,18776
HSM,20000911,10,10,10,10,340
HSN,20000911,2.45,2.45,2.45,2.45,13000
HSP,20000911,0.55,0.55,0.55,0.55,12000
HTA,20000911,3,3,2.85,2.85,196907
HTE,20000911,0.115,0.115,0.11,0.115,277391
HTS,20000911,1.4,1.41,1.38,1.4,102490
HVN,20000911,3.95,4.1,3.95,4.1,2137646
HWE,20000911,1.25,1.26,1.25,1.25,21075
HWI,20000911,0.95,0.95,0.94,0.94,81160
HWT,20000911,0.85,0.85,0.85,0.85,8050
HWW,20000911,0.18,0.18,0.18,0.18,5400
IAM,20000911,1.3,1.3,1.27,1.27,5082
IAS,20000911,0.6,0.6,0.58,0.58,8492
IBA,20000911,0.67,0.67,0.6,0.6,208200
ICE,20000911,0.32,0.32,0.3,0.3,53100
ICN,20000911,0.11,0.11,0.11,0.11,277798
ICW,20000911,2.7,2.7,2.7,2.7,1005300
IDT,20000911,4.232,4.232,4.09,4.09,16241
IFM,20000911,2.3,2.3,2.17,2.19,274820
IGM,20000911,0.06,0.06,0.06,0.06,30995
IGP,20000911,3.4,3.4,3.4,3.4,3000
IHG,20000911,1.1,1.12,1.06,1.09,367865
IHY,20000911,0.37,0.38,0.355,0.355,525070
IIN,20000911,0.856,0.9,0.85,0.85,19068
IIT,20000911,1.44,1.45,1.41,1.41,119964
ILU,20000911,4.25,4.26,4.16,4.18,2378289
IMD,20000911,0.135,0.135,0.135,0.135,335710
IMM,20000911,0.11,0.11,0.1,0.1,21000
IMP,20000911,0.092,0.092,0.084,0.087,1229505
INC,20000911,0.34,0.35,0.34,0.35,27948
INF,20000911,0.251,0.26,0.235,0.25,118675
INM,20000911,0.033,0.035,0.033,0.034,5254418
INV,20000911,0.305,0.305,0.29,0.29,51500
INX,20000911,0.169,0.18,0.169,0.18,15000
ION,20000911,0.46,0.46,0.44,0.46,179375
IPH,20000911,1.89,1.92,1.86,1.92,13074
IRC,20000911,0.068,0.068,0.061,0.062,387103
ISC,20000911,0.55,0.56,0.52,0.52,296300
ISE,20000911,0.21,0.21,0.21,0.21,19745
ISP,20000911,0.095,0.095,0.095,0.095,137875
ISY,20000911,0.13,0.13,0.125,0.125,1357226
ITC,20000911,0.092,0.092,0.09,0.09,145823
ITE,20000911,0.8,0.8,0.79,0.8,56000
ITL,20000911,0.64,0.64,0.6,0.6,23607
IWI,20000911,1.94,1.94,1.9,1.9,1500
IWL,20000911,0.335,0.34,0.335,0.335,580535
IXL,20000911,0.85,0.87,0.84,0.85,104366
JBM,20000911,1.64,1.69,1.64,1.65,253550
JJS,20000911,0.963,0.963,0.95,0.96,3150
JLA,20000911,0.18,0.18,0.175,0.175,350024
JRR,20000911,1,1,0.97,0.97,727525
JRV,20000911,0.03,0.031,0.03,0.03,200000
JUM,20000911,0.063,0.063,0.058,0.058,185000
JUP,20000911,3.39,3.4,3.35,3.36,328725
JYC,20000911,1,1,1,1,3500
KAZ,20000911,0.83,0.84,0.82,0.84,325400
KBO,20000911,0.175,0.175,0.17,0.17,174141
KCN,20000911,0.68,0.68,0.68,0.68,9500
KGM,20000911,0.2,0.2,0.18,0.18,25000
KIC,20000911,3.4,3.44,3.4,3.4,35702
KID,20000911,0.15,0.16,0.145,0.155,162433
KIM,20000911,0.21,0.21,0.2,0.2,194954
KLS,20000911,0.12,0.12,0.12,0.12,32000
KRZ,20000911,0.033,0.033,0.032,0.032,2048923
KSC,20000911,1.7,1.7,1.7,1.7,1100
KSM,20000911,0.22,0.22,0.21,0.215,678773
KSP,20000911,0.145,0.145,0.145,0.145,42891
KYC,20000911,11.68,11.75,11.212,11.212,16076
KZL,20000911,0.325,0.325,0.32,0.32,159075
LAC,20000911,9.03,9.05,8.85,8.9,483331
LAF,20000911,0.1,0.1,0.1,0.1,59000
LAK,20000911,0.89,0.89,0.88,0.88,11655
LCH,20000911,0.42,0.42,0.41,0.41,11600
LCO,20000911,0.85,0.85,0.82,0.85,20842
LDW,20000911,1.27,1.35,1.27,1.35,12500
LEG,20000911,0.145,0.145,0.14,0.14,34850
LEI,20000911,6.41,6.42,6.38,6.4,535319
LEL,20000911,0.55,0.55,0.5,0.5,39000
LHG,20000911,0.67,0.67,0.65,0.66,1529274
LIB,20000911,0.12,0.13,0.115,0.12,3732889
LKO,20000911,0.037,0.038,0.035,0.036,1054580
LLC,20000911,20.608,20.7,20.34,20.5,569258
LLR,20000911,0.045,0.045,0.045,0.045,75455
LMC,20000911,2.8,2.8,2.78,2.78,7697
LNN,20000911,3.6,3.62,3.55,3.55,1044974
LOK,20000911,1.41,1.42,1.38,1.39,853160
LON,20000911,0.26,0.26,0.26,0.26,9000
LSG,20000911,0.78,0.78,0.78,0.78,22850
LUM,20000911,0.27,0.27,0.27,0.27,20000
LYC,20000911,0.225,0.225,0.22,0.22,105000
MAH,20000911,0.13,0.13,0.125,0.125,15850
MAQ,20000911,1.91,1.91,1.85,1.85,11341
MAY,20000911,4.11,4.12,4.1,4.1,619634
MBC,20000911,8.89,8.89,8.89,8.89,8000
MBG,20000911,0.08,0.081,0.08,0.08,155000
MBL,20000911,26.65,26.65,26.47,26.58,338694
MBM,20000911,0.23,0.23,0.21,0.215,42922
MBP,20000911,0.475,0.48,0.455,0.455,54048
MBX,20000911,0.11,0.12,0.11,0.12,129600
MCA,20000911,1.11,1.16,1.1,1.16,10850
MCL,20000911,0.25,0.25,0.25,0.25,81286
MCP,20000911,1.45,1.45,1.45,1.45,17276
MCR,20000911,0.069,0.069,0.067,0.067,190830
MCT,20000911,0.14,0.14,0.13,0.13,171286
MCW,20000911,1.41,1.42,1.41,1.42,80685
MDC,20000911,1.53,1.53,1.5,1.5,7300
MDL,20000911,0.28,0.28,0.27,0.27,155485
MDN,20000911,0.065,0.075,0.065,0.075,383833
MED,20000911,0.24,0.24,0.24,0.24,1000
MEE,20000911,0.086,0.086,0.081,0.085,205000
MEM,20000911,2.305,2.44,2.305,2.35,207758
MGD,20000911,0.25,0.25,0.225,0.225,65835
MGR,20000911,3.57,3.58,3.52,3.54,543268
MGU,20000911,0.04,0.04,0.04,0.04,110000
MGW,20000911,3.11,3.16,3.11,3.16,7203
MHI,20000911,0.085,0.085,0.085,0.085,99999
MIA,20000911,1.26,1.26,1.24,1.24,913400
MIC,20000911,0.035,0.035,0.034,0.035,635663
MIG,20000911,1.65,1.65,1.63,1.65,728605
MIK,20000911,0.17,0.17,0.155,0.155,144700
MIM,20000911,1.21,1.23,1.2,1.23,5933672
MIP,20000911,1.05,1.06,1.04,1.04,114189
MJN,20000911,0.26,0.26,0.25,0.255,176150
MLB,20000911,3.35,3.35,3.22,3.23,397194
MLE,20000911,0.78,0.78,0.78,0.78,88276
MLT,20000911,9.25,9.3,9.25,9.3,750
MMD,20000911,0.37,0.375,0.36,0.36,474952
MME,20000911,0.64,0.64,0.64,0.64,28540
MMN,20000911,0.056,0.056,0.054,0.054,173000
MMO,20000911,3.22,3.22,3.22,3.22,2000
MND,20000911,2.76,2.76,2.76,2.76,20000
MNG,20000911,0.21,0.21,0.2,0.2,93381
MNS,20000911,1.4,1.4,1.4,1.4,1938
MOB,20000911,0.35,0.35,0.35,0.35,118685
MOD,20000911,0.21,0.23,0.21,0.23,21575
MOF,20000911,1.13,1.14,1.11,1.12,401013
MOO,20000911,0.078,0.08,0.078,0.08,507000
MOS,20000911,0.195,0.205,0.195,0.2,1213485
MPH,20000911,0.38,0.38,0.38,0.38,38504
MPO,20000911,0.105,0.105,0.105,0.105,212887
MQL,20000911,0.295,0.295,0.295,0.295,830
MRC,20000911,0.1,0.1,0.1,0.1,347355
MRL,20000911,3.79,3.8,3.75,3.75,12784
MRX,20000911,0.255,0.255,0.25,0.25,17000
MSI,20000911,0.065,0.065,0.06,0.06,80803
MST,20000911,1.84,1.84,1.76,1.8,70473
MTB,20000911,0.109,0.11,0.105,0.105,114150
MTC,20000911,0.13,0.13,0.12,0.125,204600
MTD,20000911,0.19,0.19,0.18,0.19,512000
MTR,20000911,0.56,0.63,0.56,0.63,306748
MUL,20000911,0.21,0.21,0.2,0.2,794242
MUR,20000911,1.07,1.09,1.06,1.07,70001
MXA,20000911,0.054,0.055,0.054,0.054,650000
MXE,20000911,0.051,0.051,0.049,0.049,514460
MXM,20000911,0.15,0.15,0.15,0.15,5000
MXO,20000911,0.275,0.29,0.27,0.28,2938573
MXS,20000911,0.43,0.43,0.395,0.4,1166662
MYC,20000911,0.38,0.415,0.375,0.39,463045
MYM,20000911,0.161,0.161,0.155,0.155,27500
MYO,20000911,4.306,4.37,4.25,4.25,68510
MZG,20000911,0.071,0.071,0.07,0.07,100000
NAB,20000911,25.25,25.45,25.25,25.3,1322430
NAL,20000911,0.97,0.97,0.95,0.95,140394
NAM,20000911,0.69,0.69,0.68,0.69,45245
NAU,20000911,0.65,0.65,0.65,0.65,2000
NCA,20000911,0.31,0.31,0.3,0.3,60900
NCE,20000911,0.35,0.38,0.35,0.38,610450
NCM,20000911,4.02,4.04,3.95,3.99,1038718
NCP,20000911,23.753,23.85,23.45,23.45,4231562
NDY,20000911,1.04,1.04,1.02,1.03,2179426
NEV,20000911,3.5,3.5,3.45,3.45,3963
NFD,20000911,1.95,1.95,1.93,1.95,1253599
NFM,20000911,4.8,4.85,4.8,4.85,6100
NFR,20000911,0.3,0.3,0.3,0.3,3962
NHG,20000911,0.235,0.235,0.23,0.23,130376
NHM,20000911,0.023,0.023,0.023,0.023,9600
NIX,20000911,0.61,0.62,0.61,0.62,5000
NLB,20000911,1.49,1.5,1.45,1.5,26098
NLY,20000911,0.78,0.79,0.76,0.76,23000
NMW,20000911,1.05,1.05,1,1,29684
NRL,20000911,0.32,0.32,0.32,0.32,25000
NRM,20000911,2.68,2.68,2.62,2.63,3878210
NRT,20000911,3.97,3.97,3.83,3.83,19065
NSL,20000911,0.41,0.41,0.41,0.41,14000
NTC,20000911,0.26,0.26,0.26,0.26,53000
NUF,20000911,3.26,3.29,3.26,3.26,16467
NVS,20000911,1.95,1.95,1.88,1.88,408404
NWE,20000911,0.27,0.27,0.26,0.27,224945
NWL,20000911,2,2.02,1.96,1.96,2459448
NZO,20000911,0.23,0.23,0.23,0.23,3898
OBJ,20000911,0.43,0.44,0.42,0.435,122401
OCL,20000911,0.9,0.9,0.85,0.85,79877
OEC,20000911,1.855,1.855,1.82,1.82,331394
OHL,20000911,0.97,0.98,0.97,0.97,30906
OIL,20000911,2.12,2.17,2.05,2.12,113806
OKN,20000911,1.4,1.4,1.4,1.4,15225
OLA,20000911,0.3,0.3,0.3,0.3,58813
OML,20000911,1.57,1.58,1.56,1.56,183114
ONE,20000911,1.04,1.05,0.95,0.95,4827714
ONI,20000911,0.195,0.195,0.195,0.195,10000
OPM,20000911,0.135,0.135,0.125,0.125,35066
OPS,20000911,2.48,2.48,2.45,2.45,7623
OPT,20000911,0.11,0.11,0.11,0.11,59000
ORG,20000911,1.97,1.97,1.92,1.92,645596
ORI,20000911,6.06,6.1,6.06,6.07,294727
ORP,20000911,0.097,0.097,0.095,0.096,239600
OSH,20000911,1.71,1.71,1.64,1.64,1460044
OTI,20000911,0.08,0.1,0.08,0.095,289200
OTO,20000911,0.11,0.11,0.1,0.105,320601
OTR,20000911,0.36,0.36,0.36,0.36,25000
OTS,20000911,0.25,0.25,0.24,0.25,38155
OTT,20000911,2.238,2.24,2.15,2.15,458084
OXR,20000911,0.095,0.095,0.09,0.095,390834
PAH,20000911,0.23,0.235,0.23,0.235,101500
PAI,20000911,0.4,0.4,0.4,0.4,36000
PAL,20000911,0.373,0.38,0.37,0.37,467115
PAS,20000911,0.98,0.98,0.97,0.97,3932682
PAT,20000911,1.91,1.91,1.91,1.91,4000
PBB,20000911,4.2,4.2,4.05,4.05,120234
PBL,20000911,14.35,14.4,14.33,14.35,1005201
PBT,20000911,0.48,0.48,0.43,0.45,133109
PBV,20000911,2.17,2.17,2.1,2.1,5600
PCE,20000911,0.45,0.53,0.45,0.53,39100
PCL,20000911,0.045,0.045,0.045,0.045,46000
PCO,20000911,1.85,1.86,1.85,1.86,44286
PCR,20000911,0.57,0.57,0.56,0.56,3400
PDG,20000911,17,17,17,17,2420
PDN,20000911,0.068,0.08,0.065,0.07,5774002
PDP,20000911,1.517,1.55,1.517,1.53,4907664
PDR,20000911,0.125,0.13,0.12,0.125,282860
PEA,20000911,1.35,1.35,1.35,1.35,20000
PEG,20000911,0.49,0.49,0.48,0.48,20000
PEM,20000911,0.25,0.25,0.25,0.25,50000
PFM,20000911,0.34,0.35,0.34,0.35,1200
PGL,20000911,2.16,2.23,2.15,2.23,10912
PGP,20000911,0.195,0.195,0.18,0.18,36876
PHD,20000911,0.19,0.22,0.19,0.205,1996576
PHO,20000911,0.45,0.45,0.435,0.435,88608
PHT,20000911,0.75,0.75,0.75,0.75,40945
PHX,20000911,0.165,0.165,0.16,0.16,78000
PHY,20000911,1.85,1.85,1.84,1.85,90800
PIE,20000911,0.2,0.2,0.2,0.2,146412
PIL,20000911,0.88,0.89,0.85,0.87,101960
PKT,20000911,0.125,0.13,0.125,0.125,65476
PLF,20000911,3.7,3.7,3.56,3.56,17471
PLL,20000911,2.14,2.14,2.1,2.1,19960
PLT,20000911,4.5,4.5,4.45,4.5,14600
PLW,20000911,2.25,2.3,2.25,2.3,11721
PLX,20000911,0.145,0.145,0.135,0.135,121993
PMA,20000911,0.17,0.17,0.165,0.165,252970
PMC,20000911,1.52,1.55,1.52,1.53,79273
PMD,20000911,0.135,0.14,0.135,0.135,24500
PML,20000911,1.4,1.4,1.37,1.4,11446
PMM,20000911,0.93,0.95,0.93,0.94,603218
PMP,20000911,1.99,2.01,1.98,2,245545
PMT,20000911,8.15,8.15,8.15,8.15,1100
PNA,20000911,0.061,0.061,0.061,0.061,100
PNH,20000911,0.8,0.83,0.8,0.83,61858
PNO,20000911,0.19,0.19,0.17,0.17,54155
POT,20000911,0.105,0.105,0.105,0.105,20000
PPH,20000911,1.52,1.54,1.5,1.52,165291
PPK,20000911,0.56,0.56,0.56,0.56,1000
PPP,20000911,0.115,0.115,0.115,0.115,60000
PPR,20000911,0.8,0.8,0.8,0.8,4000
PPT,20000911,32,32.37,32,32.37,16839
PPX,20000911,3.433,3.45,3.4,3.45,212419
PRE,20000911,0.052,0.052,0.05,0.05,421930
PRG,20000911,1.7,1.75,1.65,1.75,39250
PRI,20000911,5.4,5.4,5.37,5.4,29973
PRM,20000911,0.35,0.35,0.34,0.34,140000
PRO,20000911,1.32,1.32,1.3,1.3,27900
PRR,20000911,0.1,0.1,0.1,0.1,25000
PRT,20000911,2.05,2.12,2.05,2.12,742438
PRX,20000911,0.73,0.73,0.73,0.73,32109
PRY,20000911,5.7,5.7,5.5,5.5,4940
PSA,20000911,0.145,0.145,0.14,0.14,55900
PSV,20000911,0.09,0.09,0.09,0.09,907139
PSX,20000911,1.03,1.04,1,1.02,36000
PTD,20000911,0.77,0.86,0.77,0.82,1673352
PTL,20000911,0.275,0.275,0.27,0.27,67889
PTS,20000911,0.095,0.098,0.095,0.098,11000
PTZ,20000911,0.4,0.4,0.385,0.39,407300
PUL,20000911,0.244,0.26,0.244,0.26,74980
PVL,20000911,0.8,0.8,0.8,0.8,7000
PWR,20000911,1.625,1.625,1.61,1.62,295143
PWT,20000911,1.42,1.42,1.38,1.41,510237
QAD,20000911,0.059,0.059,0.057,0.058,510000
QAN,20000911,3.657,3.7,3.64,3.64,2395358
QBE,20000911,8.62,8.7,8.443,8.443,1026269
QCC,20000911,1.8,1.85,1.8,1.85,60767
QCH,20000911,4.08,4.08,4.06,4.06,10503
QGC,20000911,0.19,0.19,0.18,0.18,171950
QMM,20000911,0.148,0.15,0.145,0.15,143141
QOP,20000911,0.07,0.07,0.07,0.07,100000
QRL,20000911,1.27,1.28,1.27,1.28,513132
QTI,20000911,0.23,0.23,0.23,0.23,20000
QTK,20000911,0.155,0.155,0.15,0.155,946683
QTL,20000911,0.45,0.45,0.45,0.45,2300
QUR,20000911,0.07,0.07,0.07,0.07,3871
QVL,20000911,2.29,2.29,2.25,2.25,62000
RAC,20000911,0.12,0.125,0.12,0.12,365077
RAL,20000911,0.5,0.5,0.5,0.5,46000
RBK,20000911,0.15,0.15,0.145,0.145,31500
RBL,20000911,0.68,0.68,0.66,0.66,11000
RBS,20000911,2.25,2.25,2.25,2.25,1000
RCT,20000911,0.076,0.076,0.076,0.076,212285
RDF,20000911,1.932,1.95,1.91,1.95,49060
REA,20000911,0.24,0.24,0.24,0.24,30000
REB,20000911,0.77,0.77,0.75,0.75,5944
REE,20000911,0.086,0.088,0.086,0.088,131940
REL,20000911,1.06,1.08,1.05,1.08,290680
RFR,20000911,0.135,0.135,0.12,0.125,113571
RGS,20000911,1.88,1.88,1.84,1.86,2650
RHC,20000911,1.232,1.29,1.23,1.27,65655
RIC,20000911,0.59,0.59,0.57,0.57,51716
RIO,20000911,27.145,27.42,27.145,27.3,3072838
RKN,20000911,0.93,0.93,0.84,0.85,104988
RMD,20000911,6.594,6.7,6.5,6.66,198756
RMG,20000911,0.235,0.235,0.23,0.235,94800
RND,20000911,0.54,0.54,0.5,0.52,100000
ROC,20000911,1.44,1.49,1.44,1.47,73497
ROK,20000911,2.36,2.36,2.35,2.35,5500
RPD,20000911,0.46,0.46,0.46,0.46,11000
RPM,20000911,0.05,0.05,0.048,0.048,250000
RRS,20000911,0.082,0.088,0.065,0.088,23250
RSG,20000911,0.155,0.155,0.15,0.15,229747
RTM,20000911,0.073,0.073,0.073,0.073,1000
RUP,20000911,5.75,5.75,5.7,5.72,9148
RUS,20000911,0.05,0.05,0.05,0.05,25000
RVS,20000911,0.355,0.355,0.35,0.35,673827
SAQ,20000911,4.15,4.15,4.15,4.15,1995
SAS,20000911,1.88,1.89,1.84,1.85,251931
SAX,20000911,0.48,0.48,0.48,0.48,5000
SBC,20000911,10,10,9.9,9.9,20526
SBD,20000911,0.29,0.29,0.29,0.29,21000
SBE,20000911,1.62,1.62,1.62,1.62,2000
SBM,20000911,0.16,0.165,0.16,0.16,699599
SBR,20000911,0.33,0.34,0.3,0.33,79357
SCD,20000911,0.105,0.105,0.1,0.1,190455
SCG,20000911,0.65,0.65,0.64,0.64,34000
SCN,20000911,0.007,0.008,0.007,0.007,3687323
SCP,20000911,2.22,2.22,2.22,2.22,14812
SDC,20000911,0.55,0.55,0.54,0.54,14134
SDI,20000911,0.52,0.52,0.51,0.52,44000
SDR,20000911,0.449,0.449,0.449,0.449,15800
SED,20000911,0.11,0.11,0.11,0.11,139955
SEN,20000911,0.51,0.55,0.5,0.53,119336
SEV,20000911,7.8,7.89,7.78,7.85,745679
SFD,20000911,0.9,0.93,0.9,0.9,42378
SFG,20000911,0.083,0.084,0.082,0.083,153675
SFL,20000911,0.8,0.8,0.8,0.8,222358
SFO,20000911,0.11,0.115,0.11,0.11,126000
SGA,20000911,0.18,0.18,0.18,0.18,10000
SGB,20000911,11.46,11.46,11.31,11.35,209500
SGC,20000911,0.465,0.465,0.455,0.455,55500
SGN,20000911,2.85,2.85,2.8,2.8,16596
SGO,20000911,0.46,0.46,0.46,0.46,15050
SGP,20000911,3.67,3.72,3.67,3.71,845330
SGS,20000911,0.96,0.97,0.96,0.97,27097
SGW,20000911,5.6,5.6,5.55,5.57,183930
SHL,20000911,7.3,7.44,7.3,7.44,403683
SIG,20000911,1.35,1.36,1.33,1.33,40581
SKE,20000911,1.73,1.73,1.69,1.69,128419
SKR,20000911,0.205,0.205,0.2,0.2,1114054
SLX,20000911,3.263,3.263,3.17,3.2,104519
SME,20000911,9.117,9.2,9.117,9.15,733950
SMI,20000911,8.06,8.1,7.95,7.99,148106
SMM,20000911,0.062,0.062,0.062,0.062,20000
SMS,20000911,6.01,6.05,6,6.044,53771
SNX,20000911,10.25,10.28,10.1,10.16,95019
SOH,20000911,2.773,2.78,2.73,2.75,161385
SOL,20000911,37.5,38,37.5,37.5,2379
SOX,20000911,0.12,0.12,0.12,0.12,30000
SPC,20000911,0.83,0.83,0.83,0.83,5000
SPD,20000911,0.46,0.46,0.46,0.46,22000
SPH,20000911,0.135,0.135,0.12,0.12,35875
SPK,20000911,0.56,0.61,0.55,0.6,466042
SPP,20000911,1.585,1.585,1.5,1.54,215379
SPT,20000911,6.3,6.32,6.3,6.3,164132
SPU,20000911,0.095,0.096,0.095,0.096,43000
SPX,20000911,0.14,0.14,0.14,0.14,360600
SQS,20000911,0.093,0.105,0.093,0.095,682000
SRA,20000911,1.57,1.59,1.57,1.59,5500
SRI,20000911,0.067,0.068,0.067,0.068,170875
SRL,20000911,0.415,0.43,0.415,0.425,88000
SRO,20000911,0.225,0.23,0.22,0.22,409177
SRP,20000911,4.519,4.62,4.5,4.61,2459232
SRV,20000911,5.35,5.35,5.35,5.35,800
SRX,20000911,3.1,3.1,3.1,3.1,7000
SSE,20000911,0.33,0.34,0.33,0.34,41205
SSH,20000911,0.43,0.44,0.42,0.44,98400
SSI,20000911,1.85,1.85,1.8,1.8,5271
SSR,20000911,0.48,0.48,0.48,0.48,1000
SSX,20000911,1.25,1.27,1.21,1.237,257429
STA,20000911,0.18,0.18,0.18,0.18,39900
STM,20000911,0.15,0.15,0.15,0.15,13333
STO,20000911,6,6.04,5.92,6.02,3147069
STP,20000911,0.31,0.31,0.31,0.31,27000
STS,20000911,1.42,1.42,1.42,1.42,3500
STT,20000911,0.035,0.035,0.035,0.035,260000
STU,20000911,0.24,0.24,0.24,0.24,102400
SUR,20000911,0.1,0.105,0.095,0.105,399154
SVP,20000911,0.135,0.135,0.135,0.135,1875
SWD,20000911,0.54,0.56,0.54,0.55,19100
SWG,20000911,0.22,0.22,0.21,0.21,4850
SWS,20000911,2.49,2.5,2.45,2.5,24512
SWT,20000911,0.29,0.29,0.29,0.29,17012
SYM,20000911,0.66,0.66,0.63,0.63,138020
TAB,20000911,2.7,2.72,2.69,2.713,478392
TAG,20000911,0.22,0.22,0.22,0.22,1000
TAH,20000911,9.58,9.58,9.48,9.5,614097
TAI,20000911,0.063,0.063,0.061,0.061,195000
TAM,20000911,0.13,0.13,0.13,0.13,91400
TAN,20000911,1.22,1.22,1.22,1.22,100
TAP,20000911,1.12,1.12,1.1,1.11,824028
TBL,20000911,0.267,0.267,0.235,0.25,167200
TBR,20000911,0.58,0.58,0.54,0.57,161799
TCA,20000911,8.2,8.2,8.2,8.2,877
TCL,20000911,3.34,3.36,3.33,3.35,1292311
TDG,20000911,1.05,1.05,1.02,1.02,65481
TEE,20000911,0.16,0.16,0.155,0.155,118895
TEH,20000911,3,3,2.9,2.95,36163
TEL,20000911,4.8,4.9,4.79,4.9,1362786
TEM,20000911,3.29,3.36,3.29,3.36,23695
TEN,20000911,2.6,2.62,2.52,2.53,789104
TGG,20000911,1.591,1.591,1.56,1.56,84094
TGL,20000911,0.057,0.057,0.057,0.057,20800
THG,20000911,0.56,0.56,0.55,0.55,56474
THL,20000911,0.25,0.25,0.25,0.25,30000
TIF,20000911,1.14,1.14,1.13,1.14,67000
TIM,20000911,2.006,2.02,1.96,1.96,194438
TIR,20000911,0.15,0.15,0.145,0.15,481000
TKG,20000911,0.026,0.029,0.026,0.028,1037857
TKR,20000911,0.4,0.4,0.38,0.38,29304
TLA,20000911,0.571,0.571,0.56,0.56,61623
TLE,20000911,0.18,0.18,0.17,0.17,135000
TLL,20000911,0.335,0.37,0.335,0.37,18653
TLN,20000911,0.083,0.083,0.083,0.083,13000
TLO,20000911,0.48,0.5,0.48,0.5,3653774
TLS,20000911,6.26,6.27,6.18,6.215,9055736
TLT,20000911,0.16,0.16,0.16,0.16,5102
TML,20000911,0.1,0.1,0.1,0.1,27500
TMN,20000911,6.5,6.75,6.2,6.696,305496
TMS,20000911,1.7,1.79,1.7,1.79,40774
TMT,20000911,0.79,0.8,0.79,0.79,77564
TNE,20000911,4.44,4.44,4.2,4.35,25303
TNY,20000911,0.88,0.88,0.83,0.87,59347
TOL,20000911,11.418,11.418,11.25,11.37,57550
TOR,20000911,1.41,1.41,1.4,1.4,50374
TPL,20000911,0.53,0.53,0.5,0.5,15525
TQL,20000911,2.14,2.15,2.14,2.14,95996
TRC,20000911,0.265,0.265,0.23,0.25,373390
TRE,20000911,0.14,0.15,0.14,0.15,1889923
TRY,20000911,0.74,0.74,0.7,0.7,23302
TSR,20000911,2.7,2.7,2.7,2.7,11000
TSS,20000911,1.05,1.05,1.01,1.01,30000
TST,20000911,0.939,0.939,0.9,0.9,14000
TTL,20000911,0.35,0.35,0.335,0.335,32600
TTR,20000911,0.145,0.145,0.14,0.14,120000
TVL,20000911,0.95,0.97,0.95,0.97,45650
TVN,20000911,0.71,0.75,0.71,0.71,7000
TVS,20000911,0.305,0.305,0.285,0.3,37429
TWR,20000911,3.93,3.93,3.93,3.93,805
TXT,20000911,1.35,1.45,1.35,1.39,267766
UCL,20000911,0.24,0.245,0.23,0.235,1230190
UCR,20000911,1.17,1.17,1.16,1.16,314696
UEC,20000911,1.9,1.91,1.84,1.91,12231213
UEL,20000911,3.8,3.8,3.65,3.69,366002
USC,20000911,0.83,0.83,0.8,0.83,184670
VCM,20000911,0.545,0.545,0.53,0.54,137750
VGL,20000911,0.96,0.97,0.96,0.97,8040
VHL,20000911,1.33,1.35,1.31,1.35,29082
VIA,20000911,0.22,0.22,0.22,0.22,100000
VIT,20000911,0.27,0.27,0.27,0.27,25000
VKI,20000911,0.34,0.34,0.34,0.34,33000
VLS,20000911,1.77,1.78,1.76,1.77,34550
VNA,20000911,1.78,1.87,1.78,1.85,339995
VOS,20000911,0.26,0.26,0.23,0.23,165326
VPE,20000911,0.045,0.047,0.044,0.047,2594340
VRL,20000911,2.14,2.14,2.05,2.06,173861
VSL,20000911,1.95,1.97,1.94,1.95,195782
VTI,20000911,0.72,0.73,0.68,0.68,462196
VWD,20000911,0.83,0.83,0.82,0.82,28400
VWL,20000911,0.11,0.11,0.11,0.11,105546
VXS,20000911,1,1,0.98,1,76750
WAD,20000911,2,2,2,2,5000
WAL,20000911,0.69,0.73,0.68,0.73,13400
WAM,20000911,1.08,1.08,1.06,1.06,53500
WAN,20000911,5.33,5.33,5.15,5.21,306557
WAT,20000911,1.51,1.51,1.51,1.51,1000
WAV,20000911,0.185,0.185,0.185,0.185,100000
WBC,20000911,12.75,12.88,12.75,12.8,3109458
WEB,20000911,0.081,0.085,0.081,0.085,91705
WES,20000911,14.145,14.15,13.8,13.95,163702
WET,20000911,0.085,0.085,0.085,0.085,14650
WFA,20000911,1.55,1.57,1.52,1.52,1257114
WFT,20000911,3.13,3.14,3.08,3.09,1658530
WGC,20000911,0.022,0.022,0.021,0.022,412727
WGR,20000911,0.135,0.135,0.135,0.135,60000
WHF,20000911,2.82,2.82,2.72,2.72,19017
WHL,20000911,0.27,0.28,0.26,0.28,73750
WIF,20000911,0.39,0.39,0.39,0.39,14550
WIN,20000911,0.38,0.38,0.365,0.365,32765
WJM,20000911,2.78,2.78,2.78,2.78,2850
WMC,20000911,8.18,8.26,8.16,8.19,3990812
WME,20000911,0.11,0.11,0.11,0.11,27326
WMT,20000911,0.23,0.23,0.225,0.225,1206137
WNS,20000911,0.57,0.57,0.57,0.57,6000
WNZ,20000911,3.24,3.24,3.24,3.24,66048
WON,20000911,0.174,0.195,0.174,0.195,118100
WOW,20000911,6.93,6.95,6.9,6.94,4178533
WPL,20000911,14.204,14.204,13.85,13.9,885882
WPO,20000911,0.32,0.32,0.32,0.32,5500
WPT,20000911,1.62,1.63,1.61,1.61,1507037
WRF,20000911,0.57,0.57,0.5,0.57,23964
WSA,20000911,0.185,0.185,0.185,0.185,13000
WSF,20000911,12.484,12.5,12.3,12.42,1045482
WSG,20000911,0.3,0.305,0.29,0.29,917918
WSS,20000911,0.52,0.52,0.5,0.5,133400
WSX,20000911,0.2,0.2,0.2,0.2,117500
WSY,20000911,0.145,0.145,0.13,0.13,323000
WTE,20000911,0.023,0.023,0.022,0.023,1626000
WTP,20000911,0.265,0.265,0.265,0.265,2181
WWA,20000911,0.33,0.35,0.33,0.33,54417
WYL,20000911,3,3,2.97,2.97,73008
XEN,20000911,0.269,0.27,0.265,0.27,105800
YAM,20000911,0.029,0.029,0.028,0.028,459000
YDR,20000911,0.17,0.17,0.16,0.16,125701
YTS,20000911,0.56,0.56,0.55,0.56,71000
ZIM,20000911,0.29,0.29,0.27,0.27,22112
ZYL,20000911,0.156,0.195,0.155,0.195,326626
