AAP,20000307,7.095,7.1,6.98,7,232195
AAR,20000307,0.064,0.07,0.063,0.07,1023209
AAT,20000307,1.34,1.39,1.32,1.39,229621
AAU,20000307,1.81,1.82,1.73,1.8,61500
ABC,20000307,0.53,0.53,0.51,0.51,49457
ABD,20000307,0.36,0.36,0.34,0.34,40500
ABG,20000307,1.85,1.88,1.82,1.85,58300
ACC,20000307,1.45,1.46,1.35,1.44,1144865
ACE,20000307,0.55,0.55,0.54,0.55,48182
ACI,20000307,0.195,0.21,0.195,0.2,468570
ACX,20000307,0.32,0.32,0.32,0.32,1372
ACY,20000307,0.76,0.76,0.75,0.75,21000
ADA,20000307,3.4,3.8,3.4,3.73,187641
ADB,20000307,5.092,5.1,5,5.05,54394
ADF,20000307,0.23,0.23,0.22,0.225,494000
ADH,20000307,0.24,0.26,0.24,0.25,522005
ADM,20000307,0.13,0.13,0.13,0.13,112000
ADN,20000307,0.15,0.155,0.15,0.155,40000
ADP,20000307,2.23,2.26,2.17,2.26,647826
ADX,20000307,0.315,0.315,0.3,0.315,215000
ADZ,20000307,1.991,1.991,1.94,1.95,728000
AEC,20000307,0.9,0.9,0.88,0.9,10778
AET,20000307,0.89,0.9,0.86,0.9,114681
AEX,20000307,0.125,0.125,0.12,0.12,412043
AFD,20000307,0.46,0.47,0.46,0.47,9260
AFF,20000307,0.265,0.265,0.265,0.265,6000
AFI,20000307,2.66,2.7,2.65,2.65,314935
AGA,20000307,0.076,0.078,0.076,0.078,379000
AGG,20000307,83.976,85,83.976,85,2015
AGH,20000307,0.57,0.57,0.57,0.57,16366
AGL,20000307,8.093,8.12,8.01,8.04,675788
AGM,20000307,0.135,0.16,0.135,0.15,1068824
AGR,20000307,0.095,0.095,0.095,0.095,100000
AGS,20000307,0.369,0.38,0.35,0.36,462874
AGT,20000307,0.29,0.38,0.29,0.35,905314
AGY,20000307,0.39,0.39,0.37,0.37,144000
AHD,20000307,3.36,3.5,3.36,3.5,19945
AHL,20000307,1.2,1.2,1.2,1.2,2800
AHX,20000307,0.58,0.58,0.56,0.56,44893
AIA,20000307,1.97,1.97,1.97,1.97,250000
AIE,20000307,0.445,0.445,0.42,0.42,218755
AIP,20000307,1,1.01,1,1,59730
AIU,20000307,0.1,0.105,0.1,0.105,150000
AIX,20000307,1.94,1.94,1.92,1.92,66428
AIZ,20000307,1.6,1.65,1.55,1.65,132954
AJL,20000307,1.03,1.05,1.03,1.05,13500
AJN,20000307,1.38,1.38,1.37,1.38,152169
AJP,20000307,1.09,1.1,1.08,1.09,754072
AJR,20000307,0.75,0.75,0.75,0.75,68170
AKC,20000307,3.18,3.18,3.12,3.15,19700
AKD,20000307,0.064,0.064,0.06,0.06,848349
ALA,20000307,0.23,0.25,0.23,0.25,44310
ALK,20000307,0.205,0.21,0.205,0.21,44330
ALL,20000307,17.041,17.041,15.9,16.2,138486
ALO,20000307,0.76,0.82,0.76,0.82,11000
ALP,20000307,0.74,0.74,0.74,0.74,280
ALZ,20000307,1.38,1.4,1.38,1.38,128850
AMB,20000307,1,1,1,1,25000
AMC,20000307,5.94,5.94,5.85,5.868,1346432
AMG,20000307,0.3,0.31,0.3,0.31,240107
AMH,20000307,3.76,3.76,3.65,3.7,199153
AMI,20000307,0.085,0.085,0.08,0.08,1341534
AML,20000307,0.706,0.81,0.706,0.8,835977
AMP,20000307,14.3,14.63,14.06,14.608,3079124
AMS,20000307,0.2,0.2,0.2,0.2,110000
AMU,20000307,0.15,0.15,0.13,0.13,278700
AMW,20000307,27.5,27.5,27,27,1280
ANE,20000307,2.35,2.35,2.3,2.3,17470
ANK,20000307,0.5,0.5,0.5,0.5,22909
ANL,20000307,2.43,2.46,2.4,2.4,199987
ANX,20000307,0.52,0.57,0.52,0.57,474656
ANZ,20000307,10.05,10.25,9.99,10.18,4313499
AOF,20000307,1.15,1.15,1.14,1.15,72890
AOG,20000307,1.5,1.54,1.5,1.53,6636
AOV,20000307,0.286,0.295,0.25,0.295,1555496
APF,20000307,1.43,1.43,1.38,1.38,245849
APG,20000307,0.115,0.115,0.11,0.115,499253
API,20000307,1.95,1.96,1.94,1.96,15032
APN,20000307,4.31,4.55,4.31,4.5,616125
APU,20000307,0.22,0.22,0.215,0.215,117000
APY,20000307,0.75,0.75,0.73,0.73,77962
AQL,20000307,0.35,0.35,0.35,0.35,4000
AQP,20000307,3.119,3.2,3.119,3.2,118337
ARA,20000307,0.47,0.475,0.455,0.455,149923
ARC,20000307,0.125,0.125,0.125,0.125,12106
ARG,20000307,3.35,3.42,3.33,3.42,57210
ARL,20000307,2.422,2.422,2.36,2.36,416471
ARP,20000307,5.5,5.5,5.5,5.5,1090
ARQ,20000307,0.175,0.175,0.165,0.17,118800
ARX,20000307,0.074,0.075,0.07,0.07,77412
ASB,20000307,2.25,2.25,2.06,2.25,30000
ASC,20000307,1.29,1.3,1.25,1.3,405586
ASH,20000307,0.72,0.73,0.72,0.72,166700
ASL,20000307,0.41,0.41,0.37,0.37,8000
ASR,20000307,0.75,0.76,0.75,0.76,13456
ASU,20000307,0.08,0.08,0.071,0.072,569880
ASX,20000307,14.9,15.1,14.9,15.02,212356
ATE,20000307,0.1,0.1,0.096,0.096,82000
ATG,20000307,0.185,0.185,0.185,0.185,10000
ATN,20000307,0.115,0.115,0.105,0.105,1580533
ATP,20000307,0.31,0.32,0.31,0.32,51666
AUD,20000307,2.55,2.6,2.5,2.6,45697
AUG,20000307,0.28,0.28,0.265,0.265,184700
AUL,20000307,0.12,0.125,0.115,0.12,667000
AUM,20000307,0.09,0.09,0.09,0.09,580000
AUN,20000307,8.511,8.59,8.4,8.59,71446
AUO,20000307,0.135,0.135,0.13,0.13,180000
AUY,20000307,0.67,0.7,0.65,0.68,854026
AVJ,20000307,0.48,0.48,0.47,0.47,3090
AVL,20000307,0.13,0.13,0.1,0.12,4833823
AVR,20000307,0.295,0.295,0.285,0.29,188553
AWE,20000307,0.62,0.62,0.61,0.61,33137
AWH,20000307,1.85,1.95,1.83,1.83,59194
AXI,20000307,0.082,0.082,0.082,0.082,13000
AXN,20000307,2.191,2.5,2.14,2.293,5433409
AXR,20000307,0.76,0.79,0.72,0.79,5031513
AYO,20000307,0.2,0.205,0.2,0.2,100300
AZL,20000307,0.105,0.105,0.105,0.105,156779
BAE,20000307,0.22,0.22,0.185,0.2,1035023
BAH,20000307,0.45,0.45,0.45,0.45,56912
BAM,20000307,11.2,11.3,11.2,11.25,72523
BCD,20000307,0.8,0.8,0.78,0.78,8053
BCH,20000307,0.56,0.59,0.55,0.57,277493
BDA,20000307,3.1,3.1,3,3,107624
BDG,20000307,0.165,0.165,0.16,0.165,272922
BDL,20000307,0.63,0.63,0.61,0.62,163361
BDS,20000307,2.1,2.15,2.1,2.15,1537
BEN,20000307,5.3,5.35,5.25,5.3,14712
BER,20000307,0.59,0.59,0.57,0.57,10000
BGD,20000307,0.26,0.27,0.26,0.27,227000
BGF,20000307,0.22,0.22,0.21,0.21,842182
BGN,20000307,1.41,1.45,1.4,1.4,118590
BHP,20000307,15.68,16.5,15.6,16.5,4418486
BIC,20000307,0.32,0.32,0.3,0.3,29484
BII,20000307,0.38,0.39,0.375,0.375,524034
BIL,20000307,41,41.872,40.6,41.872,642229
BIR,20000307,0.61,0.62,0.6,0.62,461804
BKA,20000307,0.205,0.205,0.205,0.205,42500
BKL,20000307,5.663,5.663,5.55,5.55,2000
BKR,20000307,0.2,0.22,0.2,0.22,28200
BKS,20000307,0.254,0.26,0.25,0.25,1974344
BKW,20000307,41,41,41,41,26
BLD,20000307,2.335,2.335,2.26,2.3,637554
BLO,20000307,0.16,0.16,0.14,0.14,307488
BLR,20000307,0.32,0.32,0.29,0.305,321350
BLV,20000307,3.35,3.35,3.35,3.35,5200
BLZ,20000307,0.334,0.334,0.28,0.28,23000
BMC,20000307,6,6.325,5.99,6.325,339601
BMX,20000307,0.18,0.185,0.175,0.175,183000
BNA,20000307,0.069,0.071,0.068,0.071,367000
BNO,20000307,1.8,2.1,1.8,2.05,820587
BNW,20000307,0.3,0.3,0.3,0.3,18000
BOA,20000307,0.931,0.96,0.9,0.9,46696
BOC,20000307,0.17,0.17,0.17,0.17,8200
BPC,20000307,0.4,0.405,0.4,0.405,953512
BPT,20000307,0.046,0.046,0.043,0.044,486258
BQD,20000307,5.1,5.11,5.08,5.1,42474
BRI,20000307,0.27,0.27,0.27,0.27,50000
BRL,20000307,7.156,7.44,7.15,7.27,306150
BRN,20000307,0.315,0.315,0.315,0.315,3225
BRS,20000307,1.13,1.14,1.13,1.13,121188
BRY,20000307,0.28,0.29,0.28,0.285,605349
BRZ,20000307,2.66,2.66,2.51,2.6,689602
BSG,20000307,0.145,0.16,0.145,0.155,922500
BSN,20000307,0.265,0.265,0.265,0.265,308500
BSO,20000307,2.98,2.99,2.98,2.98,20141
BTA,20000307,4.7,4.7,4.4,4.64,130288
BTE,20000307,0.69,0.69,0.67,0.68,88299
BTG,20000307,0.86,0.86,0.83,0.83,70952
BTO,20000307,1.35,1.36,1.35,1.36,241450
BTP,20000307,1.72,1.72,1.7,1.7,541688
BWA,20000307,4.13,4.22,4,4,325269
BWP,20000307,0.98,1,0.98,1,33164
BYI,20000307,1.16,1.2,1.15,1.2,15000
CAA,20000307,1.82,1.82,1.8,1.82,200233
CAB,20000307,1.85,1.97,1.85,1.97,100678
CAG,20000307,0.61,0.62,0.57,0.586,2533592
CAI,20000307,0.95,0.95,0.94,0.94,16000
CAO,20000307,0.33,0.33,0.305,0.32,137273
CAT,20000307,17.3,17.4,16.7,17,29692
CBA,20000307,24.692,24.99,24.6,24.7,2213714
CBI,20000307,1.27,1.27,1.27,1.27,3000
CBN,20000307,0.36,0.375,0.355,0.37,322835
CBO,20000307,0.225,0.25,0.225,0.24,4129516
CBS,20000307,9.4,9.55,9.4,9.45,8102
CBW,20000307,0.67,0.67,0.65,0.65,26000
CCB,20000307,3,3.05,3,3.05,688742
CCK,20000307,2.37,2.75,2.36,2.655,190328
CCL,20000307,3.192,3.33,3.19,3.316,611781
CCV,20000307,0.17,0.17,0.165,0.17,375424
CDF,20000307,1.16,1.16,1.15,1.15,58600
CDK,20000307,0.95,0.95,0.95,0.95,3000
CDL,20000307,0.085,0.085,0.085,0.085,50000
CDO,20000307,1.038,1.05,1.03,1.04,108700
CED,20000307,1.695,1.695,1.65,1.65,12400
CEL,20000307,0.8,0.8,0.78,0.8,56866
CEN,20000307,2.4,2.4,2.4,2.4,300
CEP,20000307,2.67,2.69,2.67,2.69,321781
CEQ,20000307,2.17,2.19,2.17,2.17,73639
CEW,20000307,2.15,2.16,2.15,2.16,9000
CEY,20000307,0.47,0.47,0.45,0.45,73806
CFR,20000307,0.052,0.054,0.052,0.053,1720697
CFT,20000307,2.018,2.02,1.98,2,1014532
CGB,20000307,0.53,0.54,0.495,0.495,816310
CGC,20000307,0.8,0.8,0.79,0.79,165300
CGD,20000307,0.55,0.55,0.55,0.55,18000
CGH,20000307,5.95,6.8,5.95,6.75,2461504
CGP,20000307,0.81,0.83,0.81,0.83,277785
CHF,20000307,0.58,0.61,0.58,0.61,276800
CHI,20000307,1,1,1,1,50000
CHL,20000307,0.16,0.16,0.15,0.155,51900
CHO,20000307,11.95,11.95,11.65,11.65,4130
CHP,20000307,0.17,0.17,0.17,0.17,20000
CHQ,20000307,1.23,1.25,1.21,1.21,22853
CHS,20000307,0.87,0.97,0.87,0.94,271880
CHV,20000307,0.31,0.32,0.31,0.32,28550
CHY,20000307,1.48,1.48,1.48,1.48,5200
CIA,20000307,0.325,0.33,0.325,0.33,46191
CID,20000307,0.64,0.64,0.63,0.63,37500
CIE,20000307,0.8,0.8,0.8,0.8,571
CIH,20000307,0.138,0.138,0.13,0.135,176771
CIM,20000307,0.079,0.079,0.075,0.075,48500
CIN,20000307,9.55,9.55,9.55,9.55,1500
CIR,20000307,6.404,6.5,6.29,6.4,393032
CKG,20000307,0.065,0.068,0.065,0.067,819306
CKS,20000307,0.235,0.235,0.235,0.235,20000
CLI,20000307,4.1,4.14,4.07,4.14,164793
CLK,20000307,0.85,0.85,0.85,0.85,1800
CLL,20000307,2.56,2.56,2.56,2.56,4000
CLO,20000307,0.56,0.56,0.54,0.55,96684
CLT,20000307,3.4,3.49,3.4,3.46,238730
CLV,20000307,0.37,0.385,0.37,0.385,132000
CMC,20000307,9.44,9.44,9.4,9.41,1577684
CMK,20000307,0.38,0.38,0.38,0.38,6000
CML,20000307,6.45,6.49,6.41,6.47,2875548
CMQ,20000307,0.7,0.71,0.65,0.68,151968
CMR,20000307,0.41,0.41,0.41,0.41,22000
CMU,20000307,1.08,1.1,1.08,1.1,87900
CMW,20000307,0.05,0.05,0.049,0.049,120000
CMX,20000307,0.195,0.195,0.195,0.195,500000
CMZ,20000307,0.295,0.32,0.29,0.31,1252762
CND,20000307,3.48,3.48,3.42,3.45,22523
CNE,20000307,0.115,0.115,0.115,0.115,2000
CNF,20000307,0.12,0.125,0.12,0.125,35000
CNG,20000307,0.38,0.38,0.37,0.37,46157
CNM,20000307,0.05,0.059,0.049,0.059,7118332
CNN,20000307,0.491,0.491,0.41,0.44,3831381
CNT,20000307,0.13,0.135,0.13,0.135,332877
COA,20000307,1.9,1.95,1.85,1.88,77070
COF,20000307,1.62,1.62,1.62,1.62,3515
COG,20000307,0.13,0.13,0.125,0.13,401000
COH,20000307,21.11,21.11,20.53,20.841,138871
COM,20000307,1,1.03,0.95,0.95,286500
COP,20000307,0.033,0.036,0.032,0.034,33574851
CPA,20000307,0.87,0.88,0.86,0.87,441345
CPB,20000307,4.78,4.78,4.65,4.65,5561
CPC,20000307,0.55,0.56,0.54,0.56,65790
CPI,20000307,2.02,2.1,2.02,2.1,32150
CPM,20000307,5,5.1,5,5.1,8500
CPU,20000307,7.458,7.68,7.35,7.62,902688
CQT,20000307,0.26,0.265,0.255,0.255,797996
CRG,20000307,7.85,7.85,7.8,7.85,3709
CRT,20000307,0.61,0.61,0.61,0.61,5220
CRU,20000307,0.49,0.5,0.49,0.5,8500
CRV,20000307,0.53,0.53,0.51,0.51,13600
CSA,20000307,0.17,0.17,0.165,0.165,245788
CSB,20000307,0.96,0.96,0.93,0.93,20200
CSI,20000307,0.425,0.43,0.41,0.425,424147
CSL,20000307,20.763,21.2,20.7,21,224519
CSM,20000307,0.39,0.39,0.365,0.38,1240000
CSR,20000307,3.45,3.5,3.45,3.45,1816993
CSY,20000307,0.255,0.26,0.25,0.255,1067425
CTI,20000307,1.88,1.9,1.81,1.82,63607
CTL,20000307,8.8,8.83,8.78,8.8,81705
CTO,20000307,0.175,0.18,0.14,0.14,1382463
CTR,20000307,0.22,0.225,0.22,0.225,411379
CTX,20000307,2.3,2.34,2.27,2.29,800956
CTY,20000307,2.05,2.05,2.05,2.05,1000
CUE,20000307,0.071,0.072,0.07,0.07,195000
CUL,20000307,0.09,0.09,0.086,0.088,646031
CVC,20000307,0.5,0.5,0.5,0.5,6935
CVI,20000307,3.01,3.2,3.01,3.2,1006614
CVN,20000307,0.125,0.13,0.125,0.125,605511
CWO,20000307,7,7.05,6.94,7,12915068
CXA,20000307,0.235,0.24,0.235,0.235,46112
CXL,20000307,0.18,0.19,0.18,0.18,177500
CXP,20000307,5.25,5.3,5.25,5.3,395600
CYG,20000307,4.35,4.38,4.35,4.38,2000
DAD,20000307,3.85,4,3.83,4,171877
DAR,20000307,0.77,0.77,0.77,0.77,234
DCI,20000307,0.066,0.066,0.066,0.066,245450
DCS,20000307,0.721,0.721,0.67,0.68,86350
DDV,20000307,0.11,0.11,0.11,0.11,10000
DEF,20000307,0.069,0.069,0.063,0.067,2268513
DFT,20000307,0.475,0.485,0.44,0.475,2109951
DGD,20000307,1.9,1.9,1.85,1.85,237000
DGH,20000307,0.24,0.24,0.24,0.24,3600
DGL,20000307,0.44,0.44,0.425,0.425,16500
DGM,20000307,0.028,0.029,0.027,0.029,13714072
DGN,20000307,0.12,0.13,0.12,0.13,212900
DIO,20000307,0.088,0.089,0.081,0.081,3587124
DJS,20000307,1.26,1.26,1.22,1.24,2909901
DJW,20000307,3.5,3.5,3.45,3.5,23392
DKS,20000307,8.701,8.701,8.5,8.5,3270
DLS,20000307,0.048,0.05,0.048,0.05,123000
DNS,20000307,0.094,0.094,0.088,0.088,389284
DOM,20000307,0.39,0.41,0.38,0.39,114815
DOR,20000307,0.295,0.3,0.295,0.3,386000
DPG,20000307,6.84,6.84,6.84,6.84,1587
DPT,20000307,2.29,2.3,2.29,2.3,12870
DRA,20000307,0.08,0.083,0.08,0.083,280000
DRD,20000307,2.35,2.35,2.35,2.35,4610
DRE,20000307,0.66,0.66,0.62,0.66,67742
DRN,20000307,0.1,0.1,0.095,0.095,1854757
DSW,20000307,0.18,0.185,0.165,0.175,2229394
DTL,20000307,3,3,2.55,2.9,62164
DUI,20000307,1.41,1.42,1.41,1.42,6500
DVC,20000307,0.83,0.83,0.83,0.83,1000
DVD,20000307,0.49,0.51,0.49,0.51,37344
DVN,20000307,0.32,0.335,0.32,0.335,86978
DVT,20000307,4.4,5,4.31,4.85,8725308
EAM,20000307,1.56,1.56,1.55,1.55,206000
EBG,20000307,0.45,0.45,0.395,0.4,182886
EBR,20000307,0.19,0.19,0.18,0.19,93823
EBT,20000307,0.746,0.85,0.746,0.85,2274288
ECL,20000307,0.32,0.325,0.31,0.31,707440
ECM,20000307,0.24,0.24,0.23,0.23,23008
ECO,20000307,0.26,0.26,0.255,0.26,117818
ECP,20000307,6.75,7.26,6.7,7.21,635440
ECU,20000307,0.48,0.48,0.46,0.47,781027
EDI,20000307,2,2,1.95,2,413200
EEC,20000307,0.14,0.14,0.125,0.125,789111
EFN,20000307,1.75,2.11,1.75,2.106,1582264
EGL,20000307,0.095,0.095,0.095,0.095,10000
EGO,20000307,0.125,0.13,0.12,0.12,185000
EIS,20000307,2.661,2.675,2.58,2.675,564696
EKL,20000307,0.29,0.29,0.29,0.29,11500
ELE,20000307,0.31,0.31,0.3,0.3,20000
EML,20000307,2.11,2.14,2.11,2.13,2125319
EMM,20000307,0.47,0.52,0.28,0.28,1099980
EMP,20000307,0.544,0.59,0.5,0.59,137709
ENE,20000307,12.3,12.38,12.18,12.3,138407
ENV,20000307,0.76,0.78,0.76,0.78,391597
EPH,20000307,0.49,0.49,0.48,0.49,57500
EQM,20000307,3.3,3.3,3.3,3.3,500
EQR,20000307,0.115,0.12,0.115,0.12,123535
EQS,20000307,0.345,0.35,0.34,0.34,428542
ERA,20000307,2.03,2.03,2.03,2.03,1125
ERG,20000307,12.45,12.85,12.4,12.64,1405254
ERH,20000307,0.15,0.15,0.15,0.15,3350
ESI,20000307,0.29,0.29,0.28,0.28,40000
ESX,20000307,0.96,1.03,0.96,0.98,299782
ETR,20000307,3.352,3.4,3.3,3.3,83855
ETW,20000307,1.16,1.2,1.12,1.12,30540
EWL,20000307,0.8,0.8,0.8,0.8,51923
EXO,20000307,0.36,0.365,0.36,0.365,240300
EXS,20000307,0.22,0.265,0.22,0.265,12977
EZE,20000307,0.67,0.67,0.65,0.65,50450
EZL,20000307,1.25,1.25,1.25,1.25,20000
EZY,20000307,0.6,0.77,0.6,0.77,4807938
FAF,20000307,0.53,0.53,0.52,0.52,75390
FAN,20000307,0.73,0.73,0.73,0.73,18700
FAR,20000307,0.155,0.155,0.145,0.15,323801
FBG,20000307,4.2,4.282,4.2,4.282,2033800
FCL,20000307,1.706,1.72,1.68,1.7,929045
FDR,20000307,3.106,3.4,3.106,3.4,127489
FEC,20000307,3.3,3.3,3.3,3.3,2000
FFL,20000307,1.63,1.63,1.59,1.6,135679
FGR,20000307,0.052,0.053,0.05,0.05,1066803
FHF,20000307,7.9,7.9,7.34,7.49,1064360
FHL,20000307,3.35,3.4,3.26,3.4,171400
FIF,20000307,3.9,3.98,3.85,3.88,228824
FIM,20000307,0.388,0.388,0.36,0.37,389376
FIT,20000307,1.07,1.08,1.07,1.08,2308297
FKP,20000307,1.1,1.1,1.08,1.1,74126
FLT,20000307,17.347,17.4,17.2,17.2,1513963
FMH,20000307,1.25,1.25,1.25,1.25,3900
FOA,20000307,7.15,7.2,7.1,7.2,115243
FPF,20000307,0.86,0.86,0.86,0.86,23729
FPG,20000307,0.63,0.63,0.63,0.63,8973
FRM,20000307,0.66,0.66,0.66,0.66,580000
FRO,20000307,0.28,0.29,0.26,0.28,853716
FSL,20000307,0.4,0.4,0.275,0.28,14341125
FST,20000307,2.02,2.05,2.02,2.05,1600
FTL,20000307,1.8,1.97,1.8,1.91,3594799
FTR,20000307,0.8,0.81,0.77,0.77,209590
FXF,20000307,0.84,0.84,0.82,0.83,336195
FXJ,20000307,6.05,6.12,6,6.097,923355
GAN,20000307,1.08,1.1,1.06,1.094,497873
GAW,20000307,0.155,0.16,0.15,0.16,57670
GBG,20000307,0.17,0.17,0.17,0.17,3662
GBL,20000307,0.42,0.46,0.42,0.45,125000
GBS,20000307,0.41,0.41,0.375,0.39,238997
GCR,20000307,0.105,0.2,0.105,0.13,1985281
GDA,20000307,1.06,1.06,0.85,0.85,113380
GDH,20000307,0.181,0.185,0.165,0.175,352588
GDM,20000307,0.57,0.57,0.57,0.57,16000
GDN,20000307,0.248,0.25,0.24,0.245,554600
GDP,20000307,7.808,7.89,7.55,7.8,40104
GED,20000307,0.17,0.185,0.17,0.18,81300
GEE,20000307,2.865,2.95,2.8,2.85,33935
GEG,20000307,0.56,0.56,0.55,0.55,23633
GEL,20000307,0.571,0.62,0.385,0.4,12743623
GFA,20000307,3.89,3.89,3.89,3.89,223
GFD,20000307,0.56,0.56,0.54,0.54,15500
GGR,20000307,0.073,0.073,0.073,0.073,75000
GGS,20000307,0.071,0.072,0.068,0.068,1815398
GGY,20000307,0.075,0.076,0.068,0.068,1182594
GHG,20000307,1.31,1.32,1.31,1.32,214446
GHM,20000307,0.325,0.33,0.315,0.325,164000
GHP,20000307,1.18,1.19,1.18,1.19,1630434
GHR,20000307,0.24,0.26,0.24,0.25,82000
GIP,20000307,0.3,0.32,0.285,0.32,616647
GIR,20000307,0.09,0.09,0.075,0.084,274700
GLD,20000307,1.12,1.15,1.08,1.08,84019
GLP,20000307,0.096,0.097,0.091,0.092,439750
GLT,20000307,0.42,0.425,0.42,0.42,1080000
GME,20000307,0.12,0.12,0.11,0.12,650536
GMF,20000307,1.13,1.14,1.07,1.08,8153182
GML,20000307,0.16,0.17,0.16,0.17,80000
GMS,20000307,0.535,0.65,0.535,0.65,659590
GNC,20000307,8.46,8.46,8.4,8.4,1350
GNR,20000307,0.072,0.08,0.072,0.075,169688
GNS,20000307,2.15,2.18,2.15,2.15,32603
GOW,20000307,1.83,1.85,1.83,1.85,1000
GPN,20000307,0.175,0.195,0.165,0.17,12868700
GPO,20000307,0.43,0.43,0.37,0.424,221920
GPT,20000307,2.48,2.48,2.46,2.46,1283226
GRN,20000307,0.098,0.098,0.09,0.09,421341
GRT,20000307,1.3,1.3,1.3,1.3,500
GRV,20000307,0.8,0.8,0.75,0.75,11500
GSE,20000307,0.34,0.34,0.32,0.325,934827
GSP,20000307,1.07,1.07,1.07,1.07,69980
GTI,20000307,0.15,0.15,0.145,0.145,118030
GTL,20000307,0.12,0.12,0.115,0.115,152000
GTM,20000307,0.092,0.093,0.091,0.093,371935
GTN,20000307,0.7,0.7,0.7,0.7,19200
GTP,20000307,4.009,4.06,4,4.06,223856
GUD,20000307,1.41,1.45,1.41,1.45,66502
GUL,20000307,0.155,0.165,0.155,0.16,2352186
GVM,20000307,0.11,0.115,0.11,0.115,817626
GWT,20000307,2.162,2.162,2,2.05,92703
GYM,20000307,0.39,0.415,0.39,0.405,163680
GZL,20000307,2.27,2.27,2.25,2.25,26750
HAH,20000307,3.641,3.65,3.58,3.59,446526
HAO,20000307,0.17,0.17,0.165,0.165,25000
HBL,20000307,0.37,0.37,0.35,0.35,50571
HCN,20000307,3.5,3.5,3.19,3.2,125122
HDR,20000307,0.25,0.255,0.24,0.24,2575556
HER,20000307,0.315,0.315,0.305,0.305,18450
HEX,20000307,0.19,0.19,0.18,0.18,2155426
HFY,20000307,0.95,0.97,0.94,0.96,227088
HGL,20000307,0.59,0.59,0.59,0.59,9500
HGR,20000307,0.25,0.25,0.25,0.25,2000
HGV,20000307,0.77,0.77,0.75,0.75,33926
HIC,20000307,0.49,0.49,0.49,0.49,15000
HIG,20000307,0.32,0.32,0.28,0.31,813985
HIH,20000307,1.32,1.32,1.26,1.27,3788301
HIL,20000307,2.35,2.35,2.3,2.3,20941
HLL,20000307,0.18,0.18,0.175,0.18,779966
HLM,20000307,0.475,0.485,0.47,0.48,631289
HLX,20000307,0.29,0.29,0.27,0.27,30500
HLY,20000307,3.45,3.58,3.4,3.58,129991
HMC,20000307,0.086,0.095,0.074,0.079,4256852
HNG,20000307,1.39,1.39,1.39,1.39,4233
HOT,20000307,0.445,0.445,0.425,0.43,489456
HPG,20000307,0.73,0.73,0.73,0.73,181100
HPL,20000307,1.8,1.93,1.8,1.9,607229
HRD,20000307,1.817,1.817,1.68,1.78,149600
HRP,20000307,1.31,1.33,1.31,1.32,103787
HRR,20000307,0.355,0.355,0.345,0.345,303000
HRS,20000307,0.225,0.225,0.225,0.225,50000
HRT,20000307,0.24,0.27,0.24,0.255,335500
HRZ,20000307,0.25,0.25,0.25,0.25,6800
HSL,20000307,1.425,1.48,1.35,1.39,144575
HSM,20000307,9.6,9.6,9.6,9.6,170
HSP,20000307,0.36,0.36,0.36,0.36,14500
HTA,20000307,5.32,5.35,5.25,5.3,342262
HTE,20000307,0.11,0.115,0.105,0.115,1368705
HTM,20000307,0.09,0.09,0.09,0.09,70000
HUG,20000307,0.225,0.225,0.225,0.225,76000
HVN,20000307,2.78,2.78,2.65,2.65,334547
HWE,20000307,1.41,1.41,1.37,1.38,196456
HWI,20000307,0.77,0.78,0.77,0.78,7800
HWT,20000307,0.95,0.97,0.95,0.97,11000
HWW,20000307,0.4,0.41,0.4,0.41,42316
HZM,20000307,0.443,0.475,0.44,0.455,557969
IAM,20000307,1.5,1.5,1.5,1.5,20000
IAS,20000307,1.23,1.27,1.23,1.23,29750
ICE,20000307,0.61,0.61,0.56,0.56,42250
ICM,20000307,0.71,0.785,0.67,0.785,98930
ICN,20000307,0.13,0.145,0.125,0.145,778698
ICS,20000307,2.1,2.1,2.02,2.05,58155
IDT,20000307,5.06,5.06,5,5,36320
IFA,20000307,0.63,0.63,0.62,0.62,366883
IGM,20000307,0.115,0.125,0.115,0.12,59917
IGP,20000307,3.5,3.5,3.5,3.5,3500
IHG,20000307,0.58,0.58,0.52,0.52,1446756
IHY,20000307,0.6,0.67,0.57,0.64,3364797
IIN,20000307,1.41,1.43,1.33,1.33,56053
IIT,20000307,1.36,1.4,1.36,1.4,25201
ILH,20000307,0.24,0.24,0.21,0.23,132295
ILU,20000307,3.72,3.73,3.65,3.725,176194
IMM,20000307,0.15,0.15,0.14,0.14,2510208
IMP,20000307,0.28,0.3,0.27,0.295,7927280
IMW,20000307,0.88,0.92,0.87,0.88,144386
INC,20000307,1.66,1.75,1.66,1.75,24837
INF,20000307,0.51,0.52,0.49,0.5,589120
INM,20000307,0.042,0.042,0.035,0.04,5726749
INX,20000307,0.18,0.18,0.18,0.18,10500
ION,20000307,0.35,0.35,0.33,0.35,27120
IPH,20000307,1.78,1.78,1.78,1.78,20049
IRC,20000307,0.08,0.08,0.08,0.08,20000
ISC,20000307,1.691,1.96,1.66,1.94,2535903
ISE,20000307,0.64,0.66,0.57,0.59,696180
ISP,20000307,0.49,0.51,0.49,0.51,95800
ITC,20000307,0.42,0.42,0.4,0.405,1011474
ITE,20000307,0.985,1.02,0.97,1.01,147559
ITL,20000307,1.47,1.47,1.34,1.35,55980
ITP,20000307,0.59,0.59,0.55,0.55,58184
IWF,20000307,1.697,1.7,1.65,1.65,11483
IWL,20000307,0.829,0.93,0.82,0.93,1211811
IXL,20000307,2.2,2.31,2.2,2.3,402361
JAM,20000307,0.44,0.44,0.41,0.44,10820
JBM,20000307,0.9,0.9,0.86,0.88,135705
JJS,20000307,0.98,0.99,0.98,0.98,35000
JLA,20000307,0.483,0.485,0.455,0.475,2138704
JRV,20000307,0.062,0.065,0.06,0.065,165614
JUM,20000307,0.463,0.47,0.445,0.445,660743
JUP,20000307,2.6,2.7,2.58,2.58,111626
JWM,20000307,0.48,0.48,0.48,0.48,2000
JYC,20000307,1.7,1.7,1.7,1.7,2000
KBG,20000307,1.45,1.53,1.44,1.44,533978
KBO,20000307,0.105,0.105,0.105,0.105,6000
KCG,20000307,0.29,0.32,0.29,0.32,7500
KCN,20000307,0.74,0.74,0.74,0.74,5000
KGM,20000307,0.35,0.35,0.35,0.35,3000
KIC,20000307,3.824,3.824,3.71,3.71,10850
KID,20000307,0.72,0.72,0.66,0.67,2199897
KIM,20000307,0.24,0.24,0.23,0.23,74000
KLS,20000307,0.42,0.42,0.385,0.4,166455
KMN,20000307,0.084,0.093,0.084,0.09,3996807
KRS,20000307,0.19,0.195,0.19,0.195,104691
KRZ,20000307,0.033,0.034,0.032,0.034,2562400
KSC,20000307,1.35,1.36,1.35,1.36,23194
KSM,20000307,0.325,0.325,0.31,0.315,761273
KUG,20000307,0.475,0.475,0.43,0.43,15450
KYC,20000307,9.12,9.12,8.85,8.94,110474
KZL,20000307,0.31,0.32,0.31,0.32,44000
LAC,20000307,7.79,7.79,7.6,7.7,150052
LAF,20000307,0.19,0.19,0.175,0.175,947000
LAK,20000307,1.4,1.4,1.35,1.35,65463
LCH,20000307,0.55,0.55,0.53,0.53,116793
LEG,20000307,0.175,0.175,0.175,0.175,30000
LEI,20000307,4.621,4.95,4.621,4.76,295076
LEL,20000307,0.91,0.95,0.9,0.91,89420
LGO,20000307,0.055,0.055,0.053,0.053,43000
LHG,20000307,0.73,0.73,0.71,0.73,1134209
LIB,20000307,1.17,1.24,1.16,1.23,5349237
LKO,20000307,0.054,0.055,0.051,0.051,1108858
LLC,20000307,20.355,20.355,19.7,19.792,817543
LLR,20000307,0.072,0.072,0.066,0.066,236000
LMC,20000307,2.8,2.8,2.8,2.8,10000
LNN,20000307,2.9,2.9,2.75,2.79,333752
LOK,20000307,4.389,4.5,4.38,4.45,3211775
LSG,20000307,0.84,0.84,0.84,0.84,53000
LVN,20000307,0.65,0.66,0.6,0.66,596509
LYG,20000307,0.26,0.27,0.245,0.25,108100
MAG,20000307,1.75,1.75,1.75,1.75,2250
MAH,20000307,0.195,0.195,0.19,0.195,536806
MAQ,20000307,2.64,2.64,2.6,2.6,90449
MAX,20000307,1.09,1.09,1.06,1.07,46020
MAY,20000307,3.04,3.14,2.93,2.93,1224137
MBC,20000307,15,15,14.95,14.95,6064
MBG,20000307,0.09,0.1,0.09,0.093,1519411
MBL,20000307,24.9,25.1,24.9,25,175597
MBM,20000307,0.165,0.165,0.165,0.165,74000
MBP,20000307,0.7,0.74,0.7,0.74,1076254
MBX,20000307,0.49,0.49,0.42,0.44,3020477
MCA,20000307,1.407,1.49,1.407,1.48,193894
MCL,20000307,0.6,0.66,0.59,0.63,1499808
MCO,20000307,0.25,0.25,0.23,0.24,95833
MCP,20000307,1.54,1.62,1.51,1.6,110568
MCR,20000307,0.11,0.11,0.105,0.105,80000
MCS,20000307,0.64,0.65,0.64,0.65,59646
MCT,20000307,0.165,0.165,0.165,0.165,60000
MCW,20000307,1.39,1.4,1.38,1.38,110057
MDL,20000307,0.165,0.175,0.16,0.17,287126
MDN,20000307,0.12,0.125,0.12,0.12,128000
MED,20000307,0.55,0.56,0.47,0.5,825508
MEE,20000307,0.11,0.11,0.105,0.105,71000
MEN,20000307,0.24,0.24,0.24,0.24,10000
MFL,20000307,0.37,0.37,0.36,0.365,111950
MGD,20000307,0.27,0.27,0.27,0.27,30392
MGR,20000307,3.272,3.272,3.2,3.22,749490
MGW,20000307,3.41,3.41,3.4,3.4,9945
MIC,20000307,0.087,0.089,0.087,0.087,247700
MIG,20000307,1.25,1.26,1.23,1.23,2424334
MIK,20000307,0.36,0.39,0.36,0.375,82300
MIM,20000307,1.07,1.11,1.04,1.04,4338953
MIP,20000307,0.94,0.95,0.93,0.94,167932
MIV,20000307,0.66,0.74,0.66,0.74,146887
MJN,20000307,0.325,0.325,0.3,0.305,380400
MLB,20000307,12.5,13.1,12.4,13.057,474327
MLE,20000307,0.81,0.82,0.8,0.8,40651
MLY,20000307,0.21,0.22,0.195,0.205,3530150
MMD,20000307,0.43,0.54,0.43,0.497,1977827
MME,20000307,0.801,0.801,0.78,0.79,81750
MMN,20000307,0.089,0.097,0.089,0.094,353249
MMO,20000307,2.9,2.9,2.9,2.9,2000
MNE,20000307,0.44,0.44,0.44,0.44,1600
MNG,20000307,0.14,0.15,0.14,0.15,74930
MNS,20000307,0.98,0.98,0.98,0.98,10000
MOB,20000307,0.91,0.91,0.9,0.9,22300
MOF,20000307,1.09,1.11,1.09,1.1,1724015
MOO,20000307,0.11,0.11,0.105,0.105,62222
MOS,20000307,0.16,0.17,0.16,0.165,531670
MPH,20000307,0.88,0.93,0.88,0.9,51282
MPI,20000307,0.15,0.15,0.14,0.14,150000
MPO,20000307,0.105,0.11,0.105,0.11,349000
MQL,20000307,0.245,0.26,0.245,0.25,505901
MRC,20000307,0.15,0.155,0.15,0.155,74390
MRD,20000307,0.72,0.8,0.72,0.77,8062805
MRL,20000307,3.63,3.63,3.5,3.5,19400
MRM,20000307,0.57,0.57,0.53,0.53,50000
MSC,20000307,0.225,0.225,0.225,0.225,110000
MSD,20000307,0.19,0.19,0.19,0.19,32000
MSI,20000307,0.08,0.08,0.08,0.08,5000
MST,20000307,2.3,2.7,2.3,2.6,47129
MTB,20000307,0.13,0.14,0.125,0.129,197000
MTR,20000307,0.81,0.86,0.8,0.84,1938978
MUL,20000307,0.72,0.75,0.68,0.7,2760646
MUR,20000307,0.8,0.8,0.78,0.78,198875
MXI,20000307,0.202,0.202,0.185,0.185,2755000
MXM,20000307,1.39,1.39,1.25,1.28,278875
MXO,20000307,0.2,0.215,0.2,0.215,1452024
MYM,20000307,0.55,0.55,0.52,0.52,14000
MYO,20000307,13.706,14.9,13.706,14.9,79692
MZG,20000307,0.195,0.195,0.185,0.185,188400
NAB,20000307,20.893,21.35,20.61,21.34,3702070
NAM,20000307,0.72,0.73,0.72,0.73,39127
NAU,20000307,0.84,0.9,0.84,0.85,36500
NBH,20000307,2.72,2.77,2.61,2.676,3609428
NCE,20000307,0.61,0.63,0.61,0.63,642939
NCM,20000307,4.087,4.1,3.93,4.01,725198
NCP,20000307,26.547,27.45,26.547,27.35,4974902
NDO,20000307,0.052,0.054,0.052,0.052,639679
NDY,20000307,0.87,0.87,0.84,0.84,7590847
NEV,20000307,3.5,3.55,3.5,3.5,13612
NFD,20000307,2.83,2.83,2.63,2.65,773062
NFG,20000307,0.18,0.19,0.18,0.19,10500
NGH,20000307,0.335,0.34,0.315,0.325,1861565
NHG,20000307,0.202,0.205,0.202,0.205,544500
NHM,20000307,0.054,0.054,0.05,0.05,1481803
NHR,20000307,0.63,0.63,0.63,0.63,30000
NIX,20000307,0.79,0.79,0.76,0.76,18500
NLB,20000307,1.1,1.1,1.05,1.1,6500
NLY,20000307,1.64,1.66,1.57,1.66,18500
NMH,20000307,2.23,2.28,2.22,2.25,402667
NMP,20000307,1.12,1.13,1.12,1.13,215667
NMW,20000307,1.33,1.4,1.33,1.4,8925
NNG,20000307,0.08,0.09,0.08,0.09,44553
NPH,20000307,0.65,0.65,0.65,0.65,100000
NRL,20000307,1.197,1.31,1.15,1.205,687743
NRT,20000307,4.066,4.2,3.89,3.89,173833
NTC,20000307,0.385,0.385,0.36,0.36,74248
NTS,20000307,0.255,0.27,0.25,0.25,486400
NUF,20000307,2.75,2.75,2.7,2.75,20918
NVS,20000307,1.51,1.51,1.47,1.51,120325
NWE,20000307,0.17,0.17,0.155,0.16,196785
NWL,20000307,4.1,4.2,3.87,3.889,438000
NZO,20000307,0.27,0.27,0.25,0.25,152190
OEC,20000307,1.28,1.3,1.21,1.28,1530733
OHL,20000307,1.24,1.24,1.18,1.23,141678
OIL,20000307,2.2,2.34,2.2,2.29,233152
OLP,20000307,0.51,0.51,0.51,0.51,20000
OML,20000307,1.41,1.47,1.41,1.47,37832
OMP,20000307,1.15,1.2,1.15,1.15,43174
ONE,20000307,1.84,1.84,1.72,1.72,4341489
ONI,20000307,0.395,0.395,0.36,0.395,25644
OPS,20000307,2.48,2.5,2.4,2.5,148906
ORI,20000307,6.05,6.14,6.01,6.01,1409263
ORL,20000307,2.61,2.61,2.61,2.61,5553
ORP,20000307,0.135,0.135,0.125,0.13,859050
OSH,20000307,1.64,1.68,1.64,1.66,752218
OTO,20000307,0.435,0.455,0.43,0.435,69176
OTS,20000307,3.5,3.6,3.5,3.5,50290
OTT,20000307,8.15,8.2,7.95,8.08,100627
OXR,20000307,0.145,0.155,0.145,0.145,824640
PAH,20000307,0.452,0.7,0.445,0.6,1279472
PAL,20000307,0.32,0.335,0.315,0.325,412041
PAS,20000307,1,1.04,0.99,1.01,8940193
PAT,20000307,1.89,1.9,1.89,1.9,11400
PBB,20000307,5.002,5.06,4.9,4.9,206821
PBL,20000307,16,16.6,15.99,16.49,5616470
PBV,20000307,2.14,2.15,2.14,2.15,5000
PBY,20000307,0.445,0.445,0.445,0.445,391533
PCE,20000307,0.53,0.54,0.51,0.54,281893
PCG,20000307,0.3,0.3,0.3,0.3,25000
PCL,20000307,0.115,0.115,0.098,0.098,688484
PCO,20000307,1.75,1.8,1.7,1.79,205437
PCR,20000307,1.355,1.44,1.35,1.41,580900
PDC,20000307,1.08,1.09,1.08,1.09,4160762
PDG,20000307,14.7,14.7,14.7,14.7,140
PDN,20000307,0.14,0.15,0.14,0.145,975000
PDP,20000307,1.58,1.59,1.51,1.52,2776700
PDR,20000307,0.13,0.13,0.13,0.13,23000
PEA,20000307,1.4,1.4,1.4,1.4,600
PEM,20000307,0.32,0.32,0.31,0.31,27700
PFP,20000307,1.7,1.7,1.7,1.7,1600
PGL,20000307,4.516,4.82,4.516,4.7,86982
PGP,20000307,0.3,0.31,0.29,0.3,382094
PHD,20000307,0.27,0.275,0.245,0.255,1216592
PHO,20000307,1.38,1.38,1.3,1.31,1296508
PHT,20000307,0.77,0.77,0.77,0.77,8000
PHY,20000307,1.263,1.34,1.26,1.3,174804
PID,20000307,0.76,0.78,0.75,0.75,201816
PIL,20000307,1.2,1.26,1.16,1.2,903263
PKT,20000307,0.523,0.523,0.485,0.49,405135
PLF,20000307,3.8,3.8,3.45,3.55,26726
PLL,20000307,1.96,1.96,1.92,1.92,12160
PLM,20000307,5,5,5,5,8600
PLT,20000307,6.012,6.012,5.9,5.95,41869
PLW,20000307,2.41,2.42,2.41,2.41,8200
PLX,20000307,1.65,1.69,1.61,1.61,64650
PMA,20000307,0.285,0.3,0.285,0.3,141500
PMC,20000307,1.33,1.35,1.33,1.33,46071
PMD,20000307,0.56,0.56,0.53,0.53,365338
PMM,20000307,0.69,0.71,0.68,0.69,373958
PMP,20000307,2.1,2.12,2.08,2.08,1077735
PMT,20000307,9,9,9,9,2600
PNA,20000307,0.071,0.075,0.071,0.071,270839
PNI,20000307,4.32,4.34,4.32,4.33,9580249
PNO,20000307,0.63,0.64,0.6,0.63,327834
PPK,20000307,0.52,0.52,0.52,0.52,13500
PPL,20000307,0.24,0.24,0.24,0.24,32000
PPP,20000307,0.12,0.125,0.12,0.12,525595
PPT,20000307,21,21.3,21,21.2,201380
PRB,20000307,0.032,0.033,0.031,0.032,6687161
PRE,20000307,0.094,0.096,0.091,0.091,345900
PRG,20000307,1.58,1.58,1.55,1.55,75412
PRI,20000307,6.35,6.43,6.3,6.3,120424
PRL,20000307,0.74,0.74,0.74,0.74,17220
PRM,20000307,0.25,0.28,0.25,0.27,844194
PRO,20000307,3.2,3.26,3.2,3.26,12500
PRR,20000307,0.22,0.22,0.22,0.22,148213
PRT,20000307,1.66,1.67,1.66,1.67,6952
PRX,20000307,0.66,0.66,0.65,0.65,83000
PRY,20000307,5.4,5.4,5.35,5.35,7396
PSA,20000307,0.185,0.2,0.18,0.19,53345
PSE,20000307,0.115,0.115,0.115,0.115,8500
PSG,20000307,0.3,0.3,0.3,0.3,10722
PSI,20000307,0.2,0.2,0.2,0.2,10000
PSV,20000307,0.17,0.17,0.15,0.15,140120
PTD,20000307,0.4,0.4,0.38,0.4,303093
PTL,20000307,0.76,0.81,0.76,0.81,86634
PTS,20000307,0.105,0.105,0.1,0.1,44000
PTZ,20000307,0.355,0.355,0.325,0.33,751139
PUL,20000307,0.787,0.8,0.77,0.77,3828583
PVL,20000307,0.705,0.72,0.65,0.69,468053
PWR,20000307,2.05,2.36,2.04,2.18,3185871
PWT,20000307,3.109,3.16,3.05,3.16,317001
QAD,20000307,0.18,0.19,0.175,0.185,3249765
QAN,20000307,3.42,3.47,3.41,3.46,2125552
QBE,20000307,7.01,7.2,7,7.2,656935
QCH,20000307,3.7,3.78,3.6,3.75,10550
QMC,20000307,0.4,0.4,0.39,0.39,274000
QMM,20000307,0.33,0.33,0.31,0.32,133825
QOP,20000307,0.085,0.088,0.084,0.088,340333
QRL,20000307,0.61,0.64,0.61,0.62,922760
QST,20000307,0.21,0.21,0.21,0.21,80
QTI,20000307,0.24,0.24,0.24,0.24,30000
QTK,20000307,0.265,0.27,0.26,0.26,3366149
QUE,20000307,0.395,0.395,0.38,0.38,30166
QUR,20000307,0.12,0.12,0.12,0.12,12000
RAC,20000307,0.061,0.061,0.06,0.06,2072139
RAL,20000307,1.32,1.36,1.32,1.35,68000
RBK,20000307,0.23,0.23,0.225,0.225,11950
RBL,20000307,0.6,0.6,0.6,0.6,8800
RCR,20000307,0.165,0.165,0.165,0.165,1668
RCT,20000307,0.08,0.08,0.074,0.074,1482533
RDF,20000307,3.737,3.737,3.53,3.68,31090
REA,20000307,0.75,0.75,0.71,0.71,32450
REB,20000307,0.8,0.8,0.77,0.77,18200
REC,20000307,1.36,1.36,1.35,1.36,22224
REE,20000307,0.42,0.43,0.4,0.42,4740478
RFR,20000307,0.323,0.39,0.323,0.365,2415028
RGR,20000307,0.44,0.47,0.44,0.44,16750
RGS,20000307,2.1,2.1,2.1,2.1,57100
RHC,20000307,0.85,0.9,0.85,0.9,29000
RIC,20000307,0.62,0.63,0.61,0.63,346627
RIM,20000307,0.34,0.34,0.305,0.305,79600
RIO,20000307,24,24.3,23.95,24.156,730984
RKN,20000307,1.7,1.75,1.67,1.74,383288
RMD,20000307,12.95,12.95,12.8,12.9,243140
ROC,20000307,1.05,1.05,0.99,1.01,278499
ROR,20000307,0.185,0.185,0.18,0.18,118000
RPG,20000307,0.19,0.19,0.19,0.19,2650
RRS,20000307,0.17,0.18,0.17,0.18,65047
RSG,20000307,0.25,0.255,0.243,0.243,295372
RSM,20000307,0.4,0.4,0.39,0.39,950239
RTM,20000307,0.24,0.26,0.24,0.25,2637530
RTS,20000307,0.44,0.44,0.43,0.43,36373
RUP,20000307,4.76,4.76,4.75,4.75,7972
RUS,20000307,0.095,0.095,0.09,0.09,300000
RVS,20000307,0.38,0.385,0.365,0.38,3208723
SAR,20000307,0.31,0.31,0.3,0.3,14000
SAS,20000307,5.7,5.82,5.68,5.8,1534209
SAT,20000307,0.355,0.36,0.34,0.36,199357
SAX,20000307,0.51,0.51,0.51,0.51,2000
SBC,20000307,9.1,9.1,9,9,50076
SBE,20000307,1.85,1.85,1.85,1.85,6000
SBM,20000307,0.115,0.13,0.115,0.13,436666
SBR,20000307,0.055,0.055,0.053,0.055,2157383
SCD,20000307,0.12,0.125,0.11,0.115,880036
SCN,20000307,0.026,0.029,0.025,0.026,33278079
SCP,20000307,1.75,1.75,1.71,1.72,51300
SCS,20000307,0.87,0.88,0.85,0.88,299080
SCX,20000307,0.065,0.09,0.065,0.09,1219419
SDC,20000307,1.76,1.76,1.74,1.74,20018
SDI,20000307,0.34,0.34,0.33,0.33,5633
SDR,20000307,0.56,0.56,0.55,0.56,73500
SED,20000307,0.165,0.165,0.165,0.165,136000
SEN,20000307,1.891,1.9,1.86,1.87,598787
SEV,20000307,7.15,7.15,6.6,6.607,287764
SFL,20000307,0.76,0.77,0.76,0.77,34500
SFM,20000307,0.04,0.04,0.038,0.04,8158597
SFO,20000307,0.14,0.14,0.13,0.13,40000
SGA,20000307,0.73,0.74,0.7,0.7,124000
SGB,20000307,10.688,10.9,10.66,10.75,266056
SGC,20000307,0.57,0.57,0.51,0.52,792127
SGN,20000307,7.69,8,7.63,7.8,22329
SGO,20000307,0.45,0.47,0.45,0.47,150000
SGP,20000307,3.279,3.28,3.23,3.25,3624345
SGR,20000307,0.078,0.078,0.072,0.075,6409933
SGV,20000307,0.93,0.95,0.93,0.95,11500
SGW,20000307,4.45,4.45,4.3,4.3,316718
SHL,20000307,6.684,6.684,6.4,6.58,98234
SHV,20000307,1.15,1.15,1.15,1.15,5792
SID,20000307,6.255,6.255,6.2,6.25,14994
SIG,20000307,1.54,1.54,1.51,1.52,203254
SKE,20000307,2.77,2.77,2.77,2.77,8300
SKN,20000307,0.15,0.15,0.15,0.15,65000
SKR,20000307,0.175,0.175,0.165,0.165,671412
SKS,20000307,0.43,0.43,0.41,0.41,60000
SLX,20000307,2.795,2.795,2.46,2.75,488739
SME,20000307,7.4,7.42,7.35,7.4,490323
SMI,20000307,7.9,7.9,7.58,7.6,364480
SMM,20000307,0.1,0.1,0.1,0.1,32598
SMS,20000307,4.84,5,4.82,5,185261
SNF,20000307,1.15,1.15,1.15,1.15,2600
SNX,20000307,7.389,7.6,7.3,7.6,213506
SOA,20000307,1.76,1.78,1.76,1.76,8069
SOH,20000307,9.682,9.682,8.6,9.009,404045
SOL,20000307,35.5,35.5,35,35,1573
SOX,20000307,0.205,0.205,0.2,0.2,63000
SPC,20000307,0.84,0.86,0.81,0.86,24000
SPD,20000307,0.26,0.26,0.26,0.26,53000
SPK,20000307,3.491,3.5,3.38,3.4,218580
SPP,20000307,2.3,2.3,2.3,2.3,461028
SPS,20000307,1.195,1.2,1.19,1.2,218211
SPT,20000307,5.25,5.35,5.25,5.25,14110
SPX,20000307,0.22,0.245,0.22,0.235,3059329
SRA,20000307,2.9,2.95,2.8,2.8,11700
SRI,20000307,0.073,0.074,0.07,0.071,532500
SRL,20000307,0.375,0.375,0.37,0.37,27500
SRO,20000307,0.36,0.365,0.35,0.36,1342459
SRP,20000307,4.491,4.491,4.32,4.39,3269263
SRV,20000307,3.505,3.55,3.5,3.55,43945
SSE,20000307,0.305,0.305,0.305,0.305,98383
SSI,20000307,3.956,4,3.95,3.97,72450
SSL,20000307,0.54,0.54,0.54,0.54,1050
SSN,20000307,0.24,0.24,0.24,0.24,1000
SSR,20000307,0.52,0.52,0.5,0.5,37900
SST,20000307,2.46,2.46,2.45,2.45,2539
SSX,20000307,1.55,1.56,1.51,1.52,883762
STA,20000307,0.27,0.295,0.27,0.295,595722
STH,20000307,0.2,0.25,0.2,0.25,113000
STO,20000307,3.91,3.94,3.85,3.894,1832333
STP,20000307,0.32,0.32,0.3,0.3,109169
STT,20000307,0.043,0.053,0.043,0.051,2474293
STU,20000307,0.22,0.235,0.22,0.235,55000
STV,20000307,18.25,18.25,18.25,18.25,200
SUA,20000307,0.2,0.2,0.2,0.2,5000
SUR,20000307,0.195,0.2,0.17,0.18,1598759
SWD,20000307,0.66,0.66,0.65,0.65,31121
SWG,20000307,0.39,0.405,0.385,0.405,442975
SWS,20000307,2.76,2.82,2.76,2.8,83266
TAB,20000307,2.308,2.33,2.27,2.29,3452600
TAG,20000307,0.5,0.5,0.5,0.5,30000
TAH,20000307,9.69,9.69,9.35,9.441,3299632
TAI,20000307,0.092,0.094,0.092,0.093,332750
TAM,20000307,0.12,0.13,0.12,0.13,76586
TAN,20000307,1.4,1.4,1.4,1.4,2000
TAP,20000307,0.68,0.68,0.65,0.66,149370
TAT,20000307,0.375,0.375,0.375,0.375,12500
TBR,20000307,0.26,0.265,0.26,0.265,123800
TBT,20000307,0.054,0.054,0.054,0.054,125000
TCA,20000307,6.8,6.8,6.8,6.8,3300
TCL,20000307,2.79,2.9,2.77,2.85,363514
TDG,20000307,0.74,0.74,0.73,0.74,22250
TEE,20000307,0.832,0.85,0.78,0.83,1079796
TEH,20000307,5.257,6.1,5.257,6.05,814864
TEL,20000307,7.01,7.18,7,7.11,1261568
TEM,20000307,2.85,2.9,2.85,2.9,23390
TEN,20000307,2.32,2.33,2.28,2.32,2916742
TGG,20000307,1.729,1.73,1.7,1.7,73678
TGL,20000307,0.24,0.245,0.225,0.225,1633475
TGO,20000307,0.64,0.68,0.63,0.64,256000
TGS,20000307,0.415,0.42,0.415,0.415,84000
THG,20000307,0.77,0.78,0.77,0.77,103186
THL,20000307,0.27,0.305,0.27,0.27,171330
TIF,20000307,1.08,1.12,1.08,1.12,124040
TIM,20000307,2.6,2.6,2.47,2.55,117106
TIR,20000307,0.135,0.14,0.135,0.14,683000
TKG,20000307,0.064,0.076,0.064,0.074,11893165
TLA,20000307,0.55,0.55,0.55,0.55,15000
TLL,20000307,0.51,0.51,0.49,0.51,74700
TLO,20000307,0.65,0.65,0.63,0.64,740825
TLS,20000307,8.63,8.78,8.56,8.71,44709316
TML,20000307,0.55,0.55,0.53,0.53,263605
TMN,20000307,6.228,6.228,6,6,91705
TMP,20000307,129,134,129,130,375
TMS,20000307,1.71,1.78,1.71,1.75,284973
TNE,20000307,3,3,2.85,2.9,111609
TNY,20000307,1.3,1.3,1.28,1.3,31000
TOL,20000307,6.75,6.75,6.5,6.63,37002
TOR,20000307,1.16,1.16,1.15,1.15,126300
TPT,20000307,0.375,0.375,0.375,0.375,5157
TPX,20000307,9.9,9.9,9.9,9.9,1250
TQL,20000307,1.8,1.83,1.8,1.8,253156
TRE,20000307,0.23,0.23,0.22,0.225,991042
TRY,20000307,0.65,0.65,0.65,0.65,153967
TSR,20000307,2.55,2.55,2.55,2.55,4000
TSS,20000307,1.06,1.06,1.06,1.06,500
TTH,20000307,0.23,0.23,0.22,0.22,51137
TTR,20000307,0.13,0.13,0.125,0.125,182500
TVL,20000307,1.44,1.58,1.43,1.55,241079
TVN,20000307,1.1,1.15,1.1,1.15,19500
TWR,20000307,3.65,3.65,3.65,3.65,24346
TXR,20000307,0.145,0.16,0.145,0.16,3589343
UCL,20000307,0.46,0.54,0.455,0.465,17413686
UCR,20000307,1.68,1.68,1.65,1.66,407484
UEL,20000307,2.371,2.371,2.29,2.35,367268
USC,20000307,0.77,0.77,0.72,0.73,168352
VEN,20000307,4.083,4.55,4,4.25,43350
VGL,20000307,1.53,1.55,1.5,1.55,106241
VHL,20000307,1.09,1.13,1.08,1.13,89670
VIA,20000307,0.24,0.29,0.24,0.29,26612
VIT,20000307,0.37,0.38,0.37,0.38,159109
VKI,20000307,0.28,0.28,0.27,0.27,68000
VNA,20000307,3.35,3.48,3.32,3.46,910002
VOS,20000307,0.315,0.32,0.31,0.31,77270
VPE,20000307,0.069,0.069,0.064,0.067,12169044
VRL,20000307,2.656,2.85,2.656,2.82,191908
VSL,20000307,8.2,9,8.2,9,117548
VTI,20000307,1.1,1.17,0.9,0.921,11814758
VWD,20000307,0.88,0.88,0.86,0.88,210605
VWL,20000307,0.19,0.195,0.19,0.19,59000
VXS,20000307,4.25,4.25,4,4.06,78012
WAM,20000307,1,1,0.98,0.98,44665
WAN,20000307,5.12,5.24,5.12,5.21,251981
WAT,20000307,1.55,1.55,1.55,1.55,2438
WBB,20000307,3.45,3.45,3.45,3.45,6000
WBC,20000307,10.3,10.46,10.3,10.414,2048403
WDP,20000307,1.7,1.7,1.7,1.7,3000
WEG,20000307,6.5,6.51,6.5,6.51,2048
WER,20000307,0.2,0.2,0.195,0.195,106418
WES,20000307,12.35,12.35,12.15,12.17,111301
WFA,20000307,1.5,1.5,1.49,1.49,198011
WFT,20000307,3,3,2.97,3,7311256
WGC,20000307,0.058,0.06,0.056,0.06,2180764
WGR,20000307,0.115,0.115,0.11,0.11,179000
WHL,20000307,0.43,0.43,0.41,0.43,303999
WIF,20000307,0.265,0.265,0.26,0.26,20000
WIN,20000307,0.375,0.38,0.365,0.37,1737519
WJM,20000307,3.05,3.05,3.05,3.05,3000
WMC,20000307,6.2,6.34,6.16,6.273,2453424
WME,20000307,0.18,0.18,0.165,0.175,79011
WMT,20000307,0.367,0.367,0.355,0.36,285626
WON,20000307,0.235,0.24,0.225,0.225,326893
WOW,20000307,4.92,4.92,4.78,4.79,3689271
WPL,20000307,9.741,9.741,9.51,9.664,1307593
WPO,20000307,1.05,1.07,1.05,1.05,63670
WPT,20000307,1.52,1.53,1.5,1.5,1648037
WRF,20000307,0.5,0.52,0.49,0.5,179000
WSF,20000307,8.938,9.15,8.93,9.05,1727687
WSG,20000307,0.7,0.74,0.7,0.72,2459226
WSM,20000307,0.72,0.76,0.7,0.75,910184
WTE,20000307,0.052,0.053,0.05,0.05,4315038
WTP,20000307,0.3,0.3,0.29,0.29,47800
WVI,20000307,0.58,0.58,0.52,0.56,406520
WWA,20000307,0.34,0.34,0.33,0.33,15000
WWT,20000307,0.225,0.225,0.21,0.21,81000
WYL,20000307,3.54,3.6,3.54,3.6,73196
XEN,20000307,0.255,0.255,0.255,0.255,21250
YAM,20000307,0.175,0.175,0.165,0.165,2124971
YDR,20000307,0.21,0.225,0.2,0.225,202500
YTS,20000307,0.75,0.75,0.73,0.73,93788
ZAL,20000307,0.061,0.061,0.061,0.061,20000
ZEL,20000307,0.82,0.82,0.67,0.68,150512
ZIM,20000307,0.61,0.61,0.6,0.6,22080
ZYL,20000307,0.35,0.365,0.34,0.355,1033408
