AAP,20000201,5.091,5.091,4.97,5,157193
AAR,20000201,0.056,0.062,0.056,0.056,1517341
AAT,20000201,1.1,1.13,1.07,1.1,365667
AAU,20000201,1.43,1.43,1.42,1.42,29480
ABC,20000201,0.69,0.7,0.69,0.69,63490
ABD,20000201,0.3,0.31,0.3,0.31,61800
ABG,20000201,1.94,1.98,1.94,1.98,7800
ACC,20000201,0.87,0.87,0.85,0.86,454919
ACY,20000201,0.79,0.8,0.79,0.8,17500
ADA,20000201,3.56,3.6,3.54,3.56,27900
ADB,20000201,5,5,4.8,4.8,406768
ADF,20000201,0.28,0.3,0.265,0.265,2867710
ADG,20000201,1.87,1.87,1.86,1.86,1000
ADH,20000201,0.185,0.19,0.175,0.175,587795
ADM,20000201,0.105,0.11,0.105,0.11,426486
ADN,20000201,0.145,0.15,0.145,0.145,170000
ADP,20000201,2.22,2.22,2.16,2.21,233708
ADT,20000201,1.51,1.51,1.51,1.51,2600
ADZ,20000201,2.244,2.25,2.22,2.25,69347
AEC,20000201,0.95,0.95,0.95,0.95,4810
AET,20000201,0.83,0.84,0.83,0.84,4800
AEX,20000201,0.135,0.16,0.13,0.16,5936892
AFD,20000201,0.49,0.51,0.453,0.453,92914
AFF,20000201,0.24,0.24,0.235,0.235,7462
AFI,20000201,2.68,2.74,2.67,2.68,425556
AGA,20000201,0.063,0.072,0.063,0.068,2995221
AGG,20000201,73.85,74.5,73.75,74,16692
AGH,20000201,0.61,0.61,0.61,0.61,24000
AGL,20000201,9.19,9.19,8.9,8.91,525111
AGM,20000201,0.183,0.19,0.183,0.19,1284531
AGR,20000201,0.095,0.1,0.094,0.1,305000
AGS,20000201,0.21,0.215,0.2,0.21,250668
AGT,20000201,0.275,0.28,0.273,0.273,119500
AGY,20000201,0.28,0.335,0.28,0.31,648205
AHD,20000201,3.72,3.72,3.64,3.65,48303
AHL,20000201,1.1,1.1,1.1,1.1,20000
AHX,20000201,0.66,0.67,0.66,0.67,86228
AIE,20000201,0.491,0.53,0.485,0.495,1615254
AIP,20000201,0.99,1.01,0.99,1,75080
AIU,20000201,0.08,0.08,0.08,0.08,15064
AIX,20000201,1.8,1.8,1.79,1.8,73462
AIZ,20000201,1.85,1.85,1.8,1.8,30420
AJL,20000201,1.09,1.12,1.09,1.12,30715
AJN,20000201,1.32,1.36,1.32,1.36,103170
AJP,20000201,1.04,1.05,1.03,1.03,234711
AJR,20000201,0.78,0.79,0.78,0.79,286492
AKC,20000201,3.45,3.5,3.45,3.5,7948
AKD,20000201,0.058,0.064,0.058,0.063,9996000
ALA,20000201,0.295,0.3,0.295,0.3,20000
ALK,20000201,0.223,0.225,0.22,0.22,62000
ALL,20000201,24.057,24.3,23.7,24.1,138995
ALO,20000201,0.8,0.8,0.8,0.8,10000
ALX,20000201,0.8,0.8,0.8,0.8,3690
ALZ,20000201,1.46,1.46,1.45,1.45,27771
AMB,20000201,0.95,1,0.95,1,35000
AMC,20000201,6.572,6.65,6.5,6.607,1021321
AMG,20000201,0.23,0.235,0.23,0.235,198445
AMI,20000201,0.075,0.077,0.071,0.073,6146480
AML,20000201,0.83,0.83,0.82,0.82,246038
AMP,20000201,15.29,15.35,14.92,15.06,1481855
AMS,20000201,0.244,0.25,0.23,0.245,546500
AMU,20000201,0.145,0.15,0.145,0.145,241000
AMW,20000201,25.8,25.8,25.8,25.8,80
ANE,20000201,2.214,2.214,2.21,2.21,3700
ANK,20000201,0.51,0.51,0.51,0.51,2000
ANL,20000201,2.4,2.45,2.4,2.42,74662
ANX,20000201,0.51,0.52,0.5,0.51,280072
ANZ,20000201,10.55,10.58,10.32,10.45,5040431
AOF,20000201,1.06,1.06,1.03,1.03,324770
AOG,20000201,1.6,1.6,1.55,1.55,36242
AOV,20000201,0.204,0.21,0.2,0.205,102058
APE,20000201,4.02,4.02,4.02,4.02,280
APF,20000201,1.35,1.36,1.33,1.33,109243
APG,20000201,0.12,0.125,0.115,0.125,1015353
API,20000201,2.11,2.14,2.11,2.14,17826
APN,20000201,3.8,3.8,3.76,3.79,68384
APU,20000201,0.22,0.24,0.22,0.225,394773
APY,20000201,0.67,0.73,0.67,0.7,45933
AQL,20000201,0.4,0.4,0.38,0.38,29061
AQP,20000201,2.059,2.1,2,2.05,388909
ARA,20000201,0.58,0.58,0.56,0.57,65124
ARF,20000201,2,2,2,2,2778
ARG,20000201,3.35,3.35,3.33,3.33,28830
ARL,20000201,2.93,2.93,2.85,2.92,153214
ARO,20000201,0.4,0.45,0.4,0.44,360000
ARP,20000201,6.08,6.08,6.08,6.08,300
ARQ,20000201,0.165,0.17,0.16,0.165,299070
ARX,20000201,0.075,0.075,0.075,0.075,1100
ASB,20000201,2.4,2.4,2.36,2.36,37000
ASC,20000201,1.442,1.45,1.4,1.43,186150
ASE,20000201,0.155,0.16,0.155,0.16,40937
ASH,20000201,0.75,0.78,0.75,0.78,163668
ASL,20000201,0.32,0.32,0.315,0.32,20359
ASR,20000201,0.7,0.7,0.7,0.7,7300
ASU,20000201,0.075,0.08,0.075,0.075,300000
ASX,20000201,12.942,13,12.7,12.85,164727
ATE,20000201,0.12,0.12,0.115,0.115,274000
ATN,20000201,0.08,0.08,0.075,0.075,2120482
ATP,20000201,0.32,0.32,0.32,0.32,14880
AUA,20000201,0.66,0.66,0.65,0.65,20000
AUD,20000201,2.81,2.81,2.62,2.65,366176
AUG,20000201,0.32,0.335,0.32,0.33,243099
AUL,20000201,0.079,0.09,0.079,0.085,2786713
AUM,20000201,0.11,0.12,0.11,0.12,75000
AUN,20000201,7.59,7.59,7.46,7.5,1863291
AUO,20000201,0.14,0.14,0.14,0.14,31000
AUY,20000201,0.435,0.44,0.425,0.44,198750
AVL,20000201,0.07,0.07,0.067,0.067,595000
AVR,20000201,0.29,0.3,0.29,0.29,71200
AWA,20000201,0.64,0.64,0.64,0.64,2844
AWE,20000201,0.66,0.66,0.66,0.66,39638
AWH,20000201,1.9,1.9,1.85,1.85,23213
AXI,20000201,0.069,0.069,0.069,0.069,31963
AXR,20000201,0.29,0.29,0.255,0.26,2046312
AYO,20000201,0.268,0.28,0.265,0.28,186329
AZL,20000201,0.105,0.11,0.105,0.105,99987
BAE,20000201,0.14,0.145,0.135,0.135,1092067
BAH,20000201,0.33,0.33,0.33,0.33,43500
BAM,20000201,13.55,14,13.5,14,17469
BCD,20000201,0.9,0.9,0.89,0.89,24293
BCH,20000201,0.49,0.49,0.465,0.49,174816
BDA,20000201,2.69,2.72,2.6,2.624,63657
BDG,20000201,0.18,0.185,0.18,0.185,58748
BDL,20000201,0.355,0.37,0.355,0.37,153585
BDS,20000201,2.4,2.4,2.35,2.35,11643
BEN,20000201,5.011,5.04,4.93,5,17848
BER,20000201,0.6,0.6,0.6,0.6,25000
BGD,20000201,0.23,0.23,0.225,0.225,101000
BGF,20000201,0.17,0.175,0.17,0.175,421660
BGN,20000201,1.32,1.32,1.27,1.27,31357
BHL,20000201,3,3,3,3,2500
BHP,20000201,18.822,18.85,18.45,18.458,2869382
BIC,20000201,0.29,0.29,0.29,0.29,1086
BII,20000201,0.355,0.37,0.355,0.36,228300
BIL,20000201,37.416,37.6,36.6,37.09,561405
BIR,20000201,0.68,0.68,0.67,0.67,144428
BKA,20000201,0.215,0.215,0.21,0.215,151860
BKL,20000201,5.2,5.2,5.1,5.1,3810
BKR,20000201,0.225,0.225,0.225,0.225,13500
BKW,20000201,40,40.4,40,40.4,7651
BLO,20000201,0.19,0.2,0.19,0.195,208433
BLR,20000201,0.395,0.395,0.36,0.36,3106146
BMC,20000201,3.94,4.08,3.94,4.05,67950
BMX,20000201,0.26,0.26,0.225,0.225,427002
BNA,20000201,0.08,0.08,0.076,0.079,965649
BNO,20000201,0.96,0.96,0.94,0.94,99600
BOA,20000201,0.89,0.91,0.89,0.89,16100
BOR,20000201,2.38,2.39,2.36,2.39,2576976
BPC,20000201,0.471,0.471,0.43,0.435,1048661
BPT,20000201,0.053,0.053,0.048,0.048,5863722
BQD,20000201,4.95,4.95,4.91,4.93,204965
BRI,20000201,0.285,0.29,0.28,0.29,261500
BRL,20000201,7.22,7.35,7.21,7.34,92263
BRS,20000201,1.12,1.13,1.12,1.12,34000
BRY,20000201,0.29,0.3,0.29,0.295,733797
BRZ,20000201,3.6,3.6,3.56,3.56,20202
BSG,20000201,0.135,0.145,0.135,0.145,285005
BSO,20000201,2.99,2.99,2.97,2.97,12500
BSS,20000201,0.115,0.12,0.11,0.115,2716195
BTA,20000201,5.65,5.7,5.6,5.65,221873
BTE,20000201,0.72,0.73,0.72,0.73,103598
BTG,20000201,0.91,0.91,0.9,0.9,36470
BTM,20000201,0.42,0.42,0.42,0.42,60000
BTO,20000201,1.32,1.32,1.31,1.31,793740
BTP,20000201,1.6,1.65,1.55,1.55,54440
BUG,20000201,0.68,0.7,0.68,0.7,15000
BWA,20000201,3.746,3.95,3.746,3.9,502013
BWP,20000201,0.97,0.98,0.97,0.98,24000
BWT,20000201,0.037,0.038,0.037,0.037,387500
BYI,20000201,1.41,1.45,1.41,1.45,122125
CAA,20000201,2.09,2.16,2.07,2.16,811100
CAB,20000201,2.22,2.25,2.22,2.23,31940
CAG,20000201,0.4,0.47,0.39,0.47,16167669
CAI,20000201,0.95,0.95,0.94,0.94,64500
CAO,20000201,0.25,0.25,0.24,0.25,228834
CAT,20000201,19.221,19.4,18.4,18.5,27515
CBA,20000201,26.1,26.15,25.6,25.666,967740
CBI,20000201,1.35,1.35,1.35,1.35,3546
CBN,20000201,0.4,0.425,0.4,0.415,688542
CBO,20000201,0.11,0.11,0.105,0.105,381971
CBS,20000201,8.65,8.65,8.65,8.65,4135
CBW,20000201,0.65,0.65,0.64,0.64,35000
CCB,20000201,3.06,3.08,3.04,3.05,72556
CCH,20000201,0.135,0.135,0.135,0.135,5000
CCK,20000201,2.3,2.38,2.3,2.38,50170
CCL,20000201,3.788,3.788,3.62,3.66,869193
CCV,20000201,0.27,0.275,0.24,0.24,3938788
CCW,20000201,0.12,0.12,0.12,0.12,4000
CDF,20000201,1.11,1.11,1.11,1.11,19454
CDN,20000201,0.575,0.58,0.51,0.52,288267
CDO,20000201,1.09,1.09,1.08,1.08,168525
CDP,20000201,2.03,2.05,2.02,2.02,73080
CDX,20000201,1.5,1.5,1.5,1.5,1000
CED,20000201,1.75,1.75,1.7,1.75,19485
CEL,20000201,0.9,0.9,0.82,0.82,144552
CEP,20000201,2.6,2.6,2.57,2.57,48015
CEQ,20000201,2.2,2.2,2.18,2.2,30600
CEW,20000201,2.399,2.42,2.399,2.4,22200
CEY,20000201,0.64,0.64,0.6,0.6,16304
CFA,20000201,0.145,0.15,0.145,0.15,63700
CFR,20000201,0.056,0.077,0.056,0.069,35201731
CFS,20000201,0.9,0.9,0.9,0.9,6250
CFT,20000201,1.94,1.94,1.909,1.909,103618
CGB,20000201,0.43,0.43,0.41,0.42,64900
CGC,20000201,0.67,0.68,0.6,0.63,113465
CGD,20000201,0.52,0.55,0.51,0.51,43208
CGH,20000201,6.34,6.34,6.08,6.15,2905219
CGP,20000201,0.82,0.85,0.82,0.83,68194
CHF,20000201,0.58,0.59,0.55,0.55,223911
CHI,20000201,0.74,0.74,0.74,0.74,500
CHL,20000201,0.215,0.215,0.205,0.205,60000
CHQ,20000201,1.05,1.06,1.04,1.05,139633
CHS,20000201,0.91,0.91,0.9,0.9,54210
CHV,20000201,0.315,0.32,0.315,0.32,190000
CHY,20000201,1.7,1.7,1.7,1.7,1507
CIA,20000201,0.47,0.47,0.47,0.47,10000
CID,20000201,0.58,0.58,0.58,0.58,14000
CIH,20000201,0.175,0.175,0.165,0.165,144000
CIN,20000201,10,10,10,10,1502
CIR,20000201,3.98,4.09,3.98,4.09,91163
CIS,20000201,0.055,0.055,0.055,0.055,10000
CKG,20000201,0.074,0.078,0.069,0.07,1695587
CLI,20000201,3.7,3.8,3.6,3.8,101524
CLO,20000201,0.59,0.6,0.59,0.59,42330
CLT,20000201,3.2,3.22,3.11,3.22,87094
CLV,20000201,0.465,0.465,0.44,0.44,174586
CMC,20000201,8.3,8.3,8.16,8.16,186161
CML,20000201,7.694,7.7,7.52,7.52,1723007
CMQ,20000201,0.673,0.673,0.61,0.61,132970
CMR,20000201,0.6,0.6,0.59,0.59,55759
CMT,20000201,0.3,0.3,0.295,0.295,5721
CMU,20000201,1.05,1.05,1.05,1.05,49000
CMW,20000201,0.035,0.035,0.035,0.035,350000
CMX,20000201,0.175,0.175,0.175,0.175,75000
CMZ,20000201,0.205,0.21,0.2,0.2,587368
CND,20000201,3.65,3.65,3.55,3.6,60747
CNF,20000201,0.092,0.092,0.092,0.092,6000
CNG,20000201,0.4,0.41,0.39,0.41,27000
CNM,20000201,0.05,0.066,0.05,0.066,21715307
CNN,20000201,0.4,0.43,0.4,0.42,564903
CNT,20000201,0.11,0.11,0.105,0.105,175000
COA,20000201,2.057,2.07,2,2,84858
COG,20000201,0.14,0.14,0.12,0.125,1804863
COH,20000201,20.55,20.58,20,20.2,65660
COM,20000201,0.88,0.9,0.86,0.9,359998
CPA,20000201,0.89,0.9,0.89,0.9,241801
CPB,20000201,5.01,5.01,5,5,1500
CPC,20000201,0.53,0.57,0.53,0.53,87579
CPI,20000201,2.35,2.35,2.3,2.3,24320
CPM,20000201,5.8,5.8,5.8,5.8,1632
CPU,20000201,7,7,6.79,6.85,583441
CQT,20000201,0.21,0.24,0.2,0.24,324077
CRG,20000201,8.8,8.81,8.7,8.75,127110
CRT,20000201,0.62,0.62,0.62,0.62,3610
CRU,20000201,0.86,0.86,0.86,0.86,5000
CRV,20000201,0.5,0.52,0.5,0.52,109000
CSA,20000201,0.19,0.2,0.19,0.19,166000
CSB,20000201,0.95,0.95,0.92,0.93,69310
CSL,20000201,23.1,23.3,23.1,23.2,175850
CSM,20000201,0.374,0.39,0.374,0.375,54650
CSR,20000201,3.723,3.75,3.63,3.64,817420
CSY,20000201,0.21,0.215,0.195,0.195,2950511
CTI,20000201,1.19,1.22,1.16,1.22,69530
CTL,20000201,7.25,7.26,7.25,7.25,12310
CTO,20000201,0.086,0.088,0.086,0.088,221000
CTR,20000201,0.215,0.215,0.205,0.205,563440
CTX,20000201,2.4,2.4,2.38,2.39,179915
CUE,20000201,0.084,0.086,0.084,0.086,310142
CUL,20000201,0.062,0.098,0.062,0.086,36382083
CVI,20000201,1.838,2.1,1.838,2.04,573597
CVN,20000201,0.11,0.12,0.11,0.12,2339208
CWG,20000201,0.36,0.36,0.35,0.35,25000
CWO,20000201,5.62,5.63,5.49,5.52,4622461
CXA,20000201,0.26,0.26,0.25,0.25,32000
CXL,20000201,0.18,0.18,0.165,0.165,201305
CXP,20000201,3.425,3.43,3.4,3.4,9984
CYG,20000201,4.42,4.42,4.42,4.42,10000
DAD,20000201,4.17,4.19,4.01,4.041,82655
DCI,20000201,0.065,0.07,0.064,0.07,74600
DCS,20000201,0.68,0.72,0.67,0.71,199626
DEF,20000201,0.088,0.095,0.069,0.073,12226008
DFT,20000201,0.39,0.4,0.38,0.385,582032
DGD,20000201,2.1,2.1,2,2.03,329993
DGL,20000201,0.46,0.47,0.46,0.47,9100
DGM,20000201,0.066,0.07,0.046,0.05,304632332
DGN,20000201,0.061,0.105,0.061,0.093,1653000
DIO,20000201,0.067,0.067,0.056,0.056,5939371
DJS,20000201,1.42,1.43,1.38,1.39,1378233
DJW,20000201,3.756,3.79,3.756,3.76,18668
DLS,20000201,0.066,0.079,0.061,0.061,3117600
DNS,20000201,0.06,0.076,0.06,0.076,526874
DOM,20000201,0.39,0.39,0.39,0.39,100000
DOR,20000201,0.275,0.275,0.275,0.275,6000
DPG,20000201,6.7,6.7,6.7,6.7,2000
DPT,20000201,2.26,2.28,2.26,2.28,21500
DRA,20000201,0.066,0.07,0.066,0.07,912365
DRD,20000201,2.1,2.1,2.1,2.1,857
DRE,20000201,0.77,0.8,0.77,0.79,60000
DRN,20000201,0.11,0.115,0.11,0.11,826300
DSW,20000201,0.21,0.21,0.185,0.195,783183
DTL,20000201,2.88,2.88,2.85,2.85,6519
DVC,20000201,0.81,0.81,0.81,0.81,10000
DVD,20000201,0.56,0.56,0.53,0.53,38699
DVN,20000201,0.52,0.52,0.51,0.51,17581
DVT,20000201,2.42,2.48,2.32,2.34,3113608
EAC,20000201,3.55,3.55,3.55,3.55,2700
EAM,20000201,1.43,1.44,1.4,1.42,24594
EBG,20000201,0.28,0.28,0.24,0.25,658904
EBR,20000201,0.19,0.2,0.19,0.2,88919
EBT,20000201,0.35,0.38,0.35,0.38,672070
ECA,20000201,0.335,0.335,0.32,0.33,93763
ECL,20000201,0.39,0.39,0.36,0.36,1800510
ECM,20000201,0.292,0.295,0.27,0.27,50000
ECO,20000201,0.255,0.26,0.245,0.245,150000
ECP,20000201,4.21,4.26,4.12,4.15,279736
ECU,20000201,0.24,0.265,0.24,0.265,1435000
EDI,20000201,1.924,1.924,1.89,1.9,299178
EEC,20000201,0.19,0.195,0.19,0.19,370671
EFN,20000201,0.72,0.79,0.71,0.72,855753
EGL,20000201,0.081,0.095,0.081,0.095,382448
EGO,20000201,0.17,0.175,0.165,0.165,315700
EIS,20000201,0.86,0.86,0.84,0.85,840402
ELE,20000201,0.33,0.33,0.33,0.33,120200
EML,20000201,2.23,2.3,2.22,2.284,3460302
EMP,20000201,0.53,0.53,0.52,0.53,28686
ENE,20000201,10.6,10.6,10.4,10.5,64525
ENV,20000201,0.78,0.8,0.78,0.78,1820576
EQI,20000201,0.28,0.28,0.28,0.28,25500
EQR,20000201,0.105,0.105,0.105,0.105,136800
EQS,20000201,0.325,0.33,0.32,0.325,622070
EQT,20000201,7.55,7.55,7.5,7.5,500
ERA,20000201,2.19,2.26,2.19,2.26,17850
ERG,20000201,8.692,9.47,8.6,8.95,890364
ESE,20000201,0.32,0.32,0.32,0.32,1000
ESX,20000201,1,1.01,0.97,0.97,462860
ETR,20000201,3,3.08,3,3,96748
ETW,20000201,1.3,1.32,1.29,1.29,24076
EWL,20000201,0.73,0.73,0.65,0.65,95600
EWN,20000201,0.42,0.42,0.42,0.42,6000
EXO,20000201,0.18,0.19,0.17,0.17,117200
EXS,20000201,0.29,0.3,0.29,0.3,237000
EZE,20000201,0.64,0.64,0.56,0.56,89125
EZY,20000201,0.48,0.53,0.47,0.52,1876242
FAF,20000201,0.55,0.55,0.55,0.55,51188
FAN,20000201,0.83,0.83,0.81,0.81,18000
FAR,20000201,0.135,0.135,0.11,0.125,2804353
FBG,20000201,4.11,4.11,4.03,4.04,3356697
FCL,20000201,1.92,1.96,1.92,1.93,185084
FDR,20000201,3.473,3.473,3,3,96450
FFL,20000201,1.99,2.02,1.99,2,155257
FGR,20000201,0.061,0.092,0.061,0.085,10930038
FHF,20000201,8.862,8.862,8.6,8.63,284885
FHL,20000201,2.845,3.08,2.84,2.9,221200
FIF,20000201,4.35,4.35,4.28,4.3,82011
FIG,20000201,0.075,0.078,0.075,0.075,3848098
FIM,20000201,0.23,0.23,0.22,0.22,39175
FIT,20000201,1.09,1.09,1.07,1.07,19000
FKP,20000201,1.16,1.16,1.15,1.16,19568
FLT,20000201,15.5,15.85,15.5,15.6,19144
FMH,20000201,1.38,1.39,1.36,1.36,34552
FNC,20000201,1.5,1.99,1.5,1.8,60471
FOA,20000201,9.68,9.71,9.55,9.69,208071
FPF,20000201,0.88,0.89,0.84,0.85,16574
FPG,20000201,0.61,0.61,0.6,0.6,38553
FRI,20000201,0.28,0.28,0.28,0.28,25000
FRM,20000201,0.63,0.65,0.63,0.65,56706
FRO,20000201,0.215,0.215,0.2,0.205,310000
FRT,20000201,1.18,1.18,1.15,1.15,19000
FST,20000201,2.6,2.6,2.57,2.57,34403
FTL,20000201,1.42,1.42,1.35,1.35,506895
FTR,20000201,0.39,0.39,0.37,0.38,366909
FXF,20000201,0.59,0.6,0.58,0.58,1538400
FXJ,20000201,4.79,4.81,4.76,4.79,4921974
GAN,20000201,1.06,1.06,1.04,1.04,735708
GAW,20000201,0.145,0.15,0.13,0.13,730030
GBG,20000201,0.19,0.19,0.18,0.185,419155
GBL,20000201,0.43,0.43,0.43,0.43,23250
GBS,20000201,0.4,0.425,0.4,0.4,348310
GCR,20000201,0.103,0.103,0.099,0.1,496771
GDA,20000201,0.4,0.4,0.4,0.4,4400
GDH,20000201,0.098,0.13,0.098,0.12,2406569
GDM,20000201,0.77,0.78,0.77,0.78,28000
GDN,20000201,0.16,0.175,0.16,0.165,1303250
GDP,20000201,6.1,6.1,5.99,5.99,22919
GED,20000201,0.25,0.25,0.23,0.24,43000
GEE,20000201,1.763,1.78,1.7,1.72,50566
GEG,20000201,0.5,0.51,0.5,0.51,71000
GEL,20000201,0.26,0.26,0.25,0.25,370176
GFD,20000201,0.57,0.57,0.57,0.57,18982
GGN,20000201,0.13,0.15,0.13,0.15,83000
GGR,20000201,0.063,0.068,0.062,0.068,380000
GGS,20000201,0.066,0.075,0.06,0.061,12578280
GGY,20000201,0.069,0.069,0.069,0.069,20474
GHG,20000201,1.4,1.41,1.4,1.4,300667
GHM,20000201,0.17,0.17,0.155,0.155,61700
GHP,20000201,1.19,1.2,1.19,1.19,162281
GHR,20000201,0.24,0.28,0.24,0.28,537251
GIL,20000201,0.405,0.405,0.4,0.4,5000
GIP,20000201,0.16,0.16,0.15,0.15,473844
GIR,20000201,0.07,0.07,0.07,0.07,30000
GLD,20000201,1.05,1.06,1.05,1.05,1184925
GLP,20000201,0.085,0.09,0.08,0.09,3390136
GLT,20000201,0.415,0.42,0.41,0.42,2097129
GME,20000201,0.1,0.1,0.095,0.1,141000
GMF,20000201,1.3,1.34,1.29,1.34,5126959
GML,20000201,0.15,0.15,0.15,0.15,60000
GNC,20000201,9.2,9.2,9.1,9.1,6000
GNR,20000201,0.059,0.068,0.059,0.065,1344089
GNS,20000201,1.66,1.67,1.66,1.67,17000
GOW,20000201,2,2,2,2,6524
GPN,20000201,0.057,0.074,0.057,0.072,25042944
GPO,20000201,0.32,0.33,0.32,0.33,30000
GPT,20000201,2.429,2.47,2.429,2.43,1633294
GPY,20000201,0.25,0.25,0.24,0.24,225822
GRI,20000201,0.51,0.57,0.51,0.57,745798
GRN,20000201,0.078,0.09,0.078,0.09,120400
GRT,20000201,1.05,1.05,1.05,1.05,243
GRV,20000201,0.7,0.7,0.7,0.7,1000
GSE,20000201,0.265,0.29,0.255,0.26,7477377
GSF,20000201,0.86,0.86,0.85,0.85,7000
GSP,20000201,1.09,1.09,1.05,1.07,1253383
GTI,20000201,0.091,0.091,0.091,0.091,10000
GTL,20000201,0.115,0.115,0.115,0.115,69300
GTM,20000201,0.096,0.096,0.081,0.087,4256600
GTN,20000201,0.67,0.68,0.67,0.67,32500
GTP,20000201,4.226,4.44,4.226,4.35,243413
GUD,20000201,1.6,1.6,1.56,1.56,12808
GUL,20000201,0.15,0.155,0.13,0.135,5741126
GVM,20000201,0.079,0.097,0.079,0.092,3141619
GWF,20000201,0.48,0.48,0.47,0.47,30000
GWT,20000201,2.32,2.32,2.28,2.28,203709
GYM,20000201,0.42,0.44,0.42,0.44,60580
HAH,20000201,3.72,3.72,3.63,3.65,187959
HAM,20000201,2.37,2.37,2.37,2.37,102
HAO,20000201,0.19,0.19,0.18,0.18,209362
HBL,20000201,0.36,0.36,0.36,0.36,11000
HCL,20000201,0.7,0.7,0.7,0.7,1000
HCN,20000201,1.5,1.55,1.48,1.48,291210
HDR,20000201,0.14,0.16,0.14,0.15,5905004
HEX,20000201,0.155,0.17,0.155,0.165,1682479
HFY,20000201,1.02,1.09,1.02,1.08,177500
HGV,20000201,0.69,0.7,0.69,0.7,35000
HIG,20000201,0.277,0.277,0.27,0.275,139590
HIH,20000201,1.36,1.36,1.34,1.36,658156
HIL,20000201,2.3,2.3,2.29,2.29,14411
HLL,20000201,0.2,0.235,0.2,0.22,1075173
HLM,20000201,0.25,0.27,0.25,0.27,389500
HLX,20000201,0.25,0.26,0.25,0.26,189500
HLY,20000201,2.86,2.88,2.85,2.86,166611
HMC,20000201,0.079,0.08,0.075,0.075,1197964
HNG,20000201,1.4,1.4,1.4,1.4,1000
HOT,20000201,0.41,0.41,0.37,0.38,318156
HPL,20000201,1.63,1.63,1.6,1.6,11520
HRD,20000201,1.63,1.69,1.6,1.62,192391
HRP,20000201,1.3,1.3,1.3,1.3,17300
HRR,20000201,0.25,0.25,0.25,0.25,114050
HRT,20000201,0.26,0.275,0.255,0.255,268300
HRZ,20000201,0.395,0.395,0.38,0.38,125500
HSL,20000201,1.72,1.73,1.7,1.73,17353
HSM,20000201,9.5,9.5,9.5,9.5,5840
HSP,20000201,0.415,0.42,0.39,0.39,161875
HTA,20000201,4.25,4.3,4.21,4.3,493525
HTE,20000201,0.095,0.095,0.092,0.092,383300
HTL,20000201,1.25,1.25,1.25,1.25,10050
HTM,20000201,0.14,0.14,0.13,0.135,411000
HUG,20000201,0.21,0.21,0.205,0.205,80770
HVN,20000201,3.13,3.15,3.1,3.13,538842
HWE,20000201,1.45,1.45,1.42,1.44,64764
HWI,20000201,0.8,0.8,0.78,0.78,6500
HWT,20000201,1.05,1.11,1.05,1.1,93300
HWW,20000201,0.45,0.45,0.43,0.43,24755
HZM,20000201,0.405,0.405,0.405,0.405,20000
IAM,20000201,1.9,1.9,1.9,1.9,15500
IAS,20000201,1.02,1.03,1.02,1.02,24800
ICE,20000201,0.54,0.56,0.54,0.56,24200
ICM,20000201,0.8,0.8,0.78,0.78,54300
ICN,20000201,0.15,0.155,0.13,0.13,647500
ICS,20000201,2.6,2.67,2.6,2.67,38460
ICT,20000201,5.4,5.4,5.4,5.4,23000
IDT,20000201,3.7,3.75,3.7,3.7,12050
IFA,20000201,0.605,0.62,0.605,0.62,1193127
IGM,20000201,0.18,0.18,0.17,0.17,204107
IGP,20000201,3.11,3.25,3.1,3.24,7540
IHG,20000201,0.42,0.46,0.42,0.44,198376
IHY,20000201,0.45,0.46,0.435,0.44,887313
IIN,20000201,1.46,1.48,1.45,1.48,67809
IIT,20000201,1.38,1.38,1.38,1.38,3500
ILH,20000201,0.295,0.305,0.25,0.255,466550
ILU,20000201,3.8,3.83,3.75,3.76,237366
IMM,20000201,0.15,0.18,0.135,0.16,46259651
IMP,20000201,0.105,0.11,0.105,0.105,1470917
IMW,20000201,0.921,0.95,0.92,0.95,103000
INC,20000201,1.7,1.7,1.65,1.65,21293
INF,20000201,0.45,0.455,0.435,0.45,235852
INM,20000201,0.065,0.069,0.054,0.064,29041058
ION,20000201,0.38,0.38,0.38,0.38,20067
IPH,20000201,1.8,1.81,1.78,1.81,36400
IRC,20000201,0.095,0.095,0.087,0.087,727000
ISC,20000201,1.47,1.5,1.429,1.429,652576
ISE,20000201,1.7,1.7,1.7,1.7,114120
ISP,20000201,0.85,0.86,0.78,0.82,1259640
ITC,20000201,0.34,0.345,0.325,0.33,966178
ITE,20000201,0.86,0.9,0.86,0.9,533458
ITL,20000201,2.8,2.8,2.75,2.75,34230
ITP,20000201,0.53,0.53,0.49,0.51,134500
IWF,20000201,1.73,1.74,1.73,1.74,3600
IWL,20000201,1.048,1.17,1.048,1.15,2104580
IXL,20000201,2.23,2.25,2.13,2.2,375664
JAM,20000201,0.32,0.38,0.32,0.35,359500
JBM,20000201,0.54,0.55,0.54,0.54,208500
JJS,20000201,1.06,1.09,1.06,1.09,20755
JLA,20000201,0.166,0.2,0.16,0.195,3846939
JRV,20000201,0.069,0.08,0.069,0.071,3244100
JUM,20000201,0.5,0.5,0.455,0.455,814658
JUP,20000201,2.65,2.65,2.59,2.62,179460
JYC,20000201,1.68,1.7,1.68,1.7,5563
KBG,20000201,0.92,0.92,0.9,0.92,131802
KCG,20000201,0.42,0.42,0.42,0.42,15014
KCN,20000201,0.74,0.75,0.74,0.74,16550
KIC,20000201,2.95,2.95,2.95,2.95,2500
KID,20000201,0.6,0.61,0.59,0.61,552782
KIM,20000201,0.29,0.305,0.29,0.305,84000
KLS,20000201,0.36,0.38,0.36,0.37,238625
KMN,20000201,0.087,0.089,0.085,0.086,955922
KRS,20000201,0.2,0.2,0.19,0.19,659557
KRZ,20000201,0.045,0.048,0.032,0.037,65758860
KSC,20000201,1.3,1.3,1.3,1.3,1900
KSM,20000201,0.41,0.41,0.355,0.37,5458752
KUG,20000201,0.33,0.33,0.33,0.33,72831
KYC,20000201,9.11,9.3,9.1,9.15,220454
KZL,20000201,0.34,0.34,0.32,0.33,191900
LAC,20000201,7,7,6.94,6.99,425826
LAF,20000201,0.18,0.2,0.18,0.2,1517991
LAK,20000201,1.48,1.52,1.46,1.48,284308
LCH,20000201,0.475,0.485,0.47,0.47,241400
LDW,20000201,1.35,1.35,1.35,1.35,790
LEG,20000201,0.17,0.175,0.17,0.17,180500
LEI,20000201,5.61,5.63,5.56,5.56,461500
LGO,20000201,0.052,0.053,0.052,0.053,335000
LHG,20000201,0.8,0.89,0.8,0.88,4610758
LIB,20000201,1.2,1.22,1.19,1.2,1149249
LKO,20000201,0.062,0.062,0.051,0.052,10430870
LLC,20000201,19.95,20.05,19.66,19.85,432845
LLR,20000201,0.055,0.07,0.055,0.07,724702
LMC,20000201,2.73,2.73,2.73,2.73,6573
LNN,20000201,3.23,3.3,3.23,3.3,6732
LON,20000201,0.26,0.27,0.26,0.26,19024
LSG,20000201,0.78,0.85,0.78,0.85,75700
LVN,20000201,0.63,0.64,0.59,0.59,694025
LYG,20000201,0.192,0.225,0.19,0.22,867432
MAC,20000201,0.093,0.093,0.09,0.09,88100
MAH,20000201,0.264,0.265,0.255,0.265,162599
MAQ,20000201,2.69,2.69,2.65,2.69,428481
MAX,20000201,1.06,1.06,1.06,1.06,2500
MAY,20000201,3.65,3.68,3.58,3.61,777243
MBC,20000201,15,15,15,15,15000
MBG,20000201,0.09,0.09,0.083,0.083,395000
MBL,20000201,24.005,24.005,23.7,23.7,152912
MBP,20000201,0.64,0.67,0.63,0.65,100000
MCA,20000201,0.81,0.84,0.8,0.8,58425
MCO,20000201,0.32,0.33,0.3,0.3,91600
MCP,20000201,1.52,1.55,1.5,1.5,32333
MCR,20000201,0.11,0.11,0.105,0.105,373000
MCS,20000201,0.7,0.7,0.69,0.69,36500
MCT,20000201,0.175,0.175,0.17,0.17,51442
MCW,20000201,1.36,1.38,1.36,1.38,34236
MDL,20000201,0.14,0.16,0.14,0.16,120448
MDN,20000201,0.083,0.09,0.083,0.09,124000
MED,20000201,0.49,0.53,0.49,0.51,870400
MEE,20000201,0.13,0.13,0.115,0.125,566000
MEM,20000201,1.25,1.25,1.25,1.25,27
MFL,20000201,0.36,0.36,0.325,0.33,91000
MGD,20000201,0.37,0.37,0.325,0.36,92613
MGR,20000201,3.03,3.03,2.99,3,2444062
MGU,20000201,0.075,0.075,0.072,0.072,60000
MGW,20000201,3.69,3.7,3.5,3.6,14814
MHI,20000201,0.1,0.1,0.1,0.1,11000
MIC,20000201,0.11,0.11,0.1,0.11,1299066
MIG,20000201,1.25,1.25,1.23,1.23,1249141
MIK,20000201,0.55,0.58,0.52,0.52,32506
MIM,20000201,1.42,1.44,1.4,1.43,2986414
MIP,20000201,0.95,0.96,0.95,0.96,25000
MIV,20000201,0.9,0.9,0.88,0.88,67282
MJN,20000201,0.34,0.36,0.34,0.355,887198
MLB,20000201,7.701,7.75,7.35,7.478,89220
MLE,20000201,0.81,0.81,0.8,0.8,27536
MLT,20000201,8.76,8.76,8.72,8.72,13760
MMD,20000201,0.53,0.54,0.51,0.52,210359
MME,20000201,0.84,0.84,0.82,0.82,65000
MMF,20000201,2.4,2.4,2.35,2.35,22450
MMN,20000201,0.089,0.089,0.08,0.085,1521507
MNE,20000201,0.47,0.47,0.47,0.47,2000
MNG,20000201,0.155,0.2,0.155,0.19,1554800
MNS,20000201,0.99,0.99,0.99,0.99,5000
MOB,20000201,1.01,1.01,1,1,51910
MOD,20000201,0.16,0.16,0.16,0.16,15000
MOF,20000201,1.05,1.05,1.04,1.05,214161
MOM,20000201,0.205,0.205,0.18,0.195,779574
MOO,20000201,0.115,0.115,0.115,0.115,50000
MOS,20000201,0.19,0.19,0.185,0.185,76123
MPH,20000201,0.68,0.75,0.68,0.75,313533
MPI,20000201,0.155,0.16,0.14,0.145,280049
MPL,20000201,0.28,0.29,0.26,0.26,1704991
MPO,20000201,0.11,0.11,0.1,0.105,459000
MQL,20000201,0.18,0.18,0.17,0.175,139525
MRC,20000201,0.185,0.185,0.17,0.175,716365
MRD,20000201,0.7,0.71,0.7,0.71,90865
MRH,20000201,0.385,0.385,0.385,0.385,5000
MRL,20000201,3.25,3.32,3.25,3.32,3000
MRM,20000201,0.66,0.67,0.66,0.67,7500
MSC,20000201,0.13,0.13,0.13,0.13,22000
MSD,20000201,0.14,0.14,0.13,0.13,117922
MSI,20000201,0.08,0.081,0.08,0.081,36000
MST,20000201,2.2,2.2,2.2,2.2,1750
MTB,20000201,0.13,0.14,0.13,0.135,437642
MTL,20000201,1.99,1.99,1.99,1.99,11960
MTR,20000201,0.65,0.71,0.65,0.71,1220431
MUL,20000201,0.87,0.89,0.82,0.84,3127372
MUR,20000201,0.65,0.65,0.64,0.65,239895
MXI,20000201,0.205,0.22,0.205,0.22,198025
MXM,20000201,0.8,0.83,0.73,0.8,791920
MXS,20000201,0.325,0.5,0.325,0.5,1917176
MYM,20000201,0.5,0.52,0.5,0.51,177500
MYO,20000201,11.446,11.7,11.446,11.5,15219
MZG,20000201,0.25,0.27,0.23,0.23,921892
NAB,20000201,22.082,22.082,21.73,21.78,2375700
NAM,20000201,0.73,0.73,0.72,0.72,25000
NBH,20000201,3.15,3.22,3.11,3.16,4403453
NCM,20000201,3.894,4.02,3.89,4.02,287701
NCP,20000201,18.806,18.85,18.58,18.798,5395934
NDO,20000201,0.05,0.055,0.05,0.055,320000
NDY,20000201,1.03,1.03,1.02,1.03,2523791
NEX,20000201,0.074,0.076,0.072,0.076,1935592
NFD,20000201,2.623,2.64,2.62,2.64,558947
NFG,20000201,0.19,0.22,0.19,0.22,316599
NFM,20000201,3.7,3.7,3.65,3.65,22400
NGH,20000201,0.2,0.22,0.2,0.205,3494959
NHG,20000201,0.195,0.205,0.195,0.195,502105
NIX,20000201,1.03,1.04,1.03,1.03,8000
NLY,20000201,2,2.03,1.99,2.03,15000
NMH,20000201,2.399,2.44,2.35,2.35,430650
NML,20000201,1.58,1.65,1.58,1.6,117000
NMP,20000201,1.14,1.15,1.12,1.12,600859
NMW,20000201,1.49,1.55,1.4,1.4,1050
NRL,20000201,0.85,0.85,0.8,0.82,229241
NRT,20000201,3.3,3.39,3.27,3.33,64980
NSL,20000201,0.24,0.24,0.24,0.24,6000
NTC,20000201,0.39,0.46,0.375,0.42,620990
NTS,20000201,0.32,0.32,0.28,0.28,1520542
NUF,20000201,3.25,3.25,3.2,3.2,63560
NVS,20000201,1.67,1.7,1.65,1.7,314542
NWL,20000201,2.591,2.62,2.5,2.608,1307173
NZO,20000201,0.49,0.5,0.49,0.5,39237
OEC,20000201,0.78,0.78,0.77,0.78,188700
OHL,20000201,0.47,0.5,0.455,0.5,35245
OIL,20000201,2.35,2.35,2.29,2.3,645616
OML,20000201,1.601,1.601,1.58,1.58,136650
OMP,20000201,1,1,1,1,4900
ONE,20000201,2.2,2.22,2.16,2.2,474297
ONI,20000201,0.45,0.46,0.45,0.46,31000
OPS,20000201,2.8,2.85,2.78,2.85,45572
ORI,20000201,7.843,7.85,7.65,7.676,592643
ORL,20000201,2.7,2.7,2.7,2.7,1000
OSH,20000201,1.7,1.7,1.65,1.65,860193
OSM,20000201,0.089,0.093,0.083,0.083,18009076
OTO,20000201,0.48,0.49,0.465,0.48,32040
OTS,20000201,3.77,3.8,3.55,3.7,60561
OTT,20000201,4.763,4.79,4.7,4.79,72830
OXR,20000201,0.18,0.185,0.155,0.165,1798989
PAH,20000201,0.5,0.5,0.47,0.47,148800
PAL,20000201,0.4,0.4,0.37,0.377,933323
PAS,20000201,1.5,1.53,1.47,1.49,2964552
PAT,20000201,1.85,1.85,1.85,1.85,5825
PBB,20000201,4.95,5.05,4.93,5,335842
PBL,20000201,12.4,12.51,12.28,12.45,622860
PBV,20000201,2.36,2.4,2.36,2.4,3930
PBY,20000201,0.425,0.425,0.42,0.42,194301
PCE,20000201,0.53,0.54,0.5,0.5,596233
PCG,20000201,0.36,0.365,0.355,0.355,66240
PCO,20000201,1.37,1.37,1.31,1.31,64835
PCR,20000201,1.45,1.47,1.42,1.45,202536
PDC,20000201,1.06,1.06,1.05,1.06,141140
PDN,20000201,0.095,0.14,0.095,0.12,4357962
PDP,20000201,1.98,1.99,1.94,1.94,1445744
PDR,20000201,0.135,0.135,0.135,0.135,84400
PEA,20000201,1.04,1.04,1,1,11700
PEM,20000201,0.26,0.275,0.26,0.26,315640
PFP,20000201,1.6,1.65,1.6,1.65,5968
PGL,20000201,4.35,4.55,4.35,4.55,10770
PGP,20000201,0.24,0.24,0.22,0.22,674342
PHD,20000201,0.165,0.17,0.165,0.17,1366000
PHO,20000201,1.02,1.04,1,1.01,1610539
PHR,20000201,0.45,0.45,0.45,0.45,2000
PHY,20000201,1.35,1.35,1.3,1.32,27266
PIA,20000201,0.45,0.45,0.45,0.45,8000
PID,20000201,0.83,0.83,0.82,0.83,198426
PIL,20000201,0.385,0.48,0.34,0.36,1220727
PKT,20000201,0.51,0.51,0.475,0.485,477967
PLC,20000201,0.39,0.39,0.39,0.39,65000
PLF,20000201,4.1,4.1,4,4,29815
PLL,20000201,2.2,2.22,2.1,2.1,21193
PLM,20000201,5.42,5.42,5.35,5.35,14300
PLT,20000201,4.65,4.7,4.6,4.6,66781
PLW,20000201,2.49,2.49,2.49,2.49,4300
PLX,20000201,1.25,1.3,1.22,1.22,46250
PMA,20000201,0.29,0.3,0.275,0.275,399275
PMC,20000201,1.414,1.414,1.38,1.4,81380
PMD,20000201,0.7,0.72,0.63,0.65,1166625
PML,20000201,1.39,1.47,1.39,1.45,17700
PMM,20000201,0.66,0.66,0.65,0.65,1025447
PMP,20000201,2.16,2.17,2.14,2.14,511584
PMV,20000201,2.68,2.68,2.67,2.68,26500
PNA,20000201,0.095,0.095,0.087,0.09,223500
PNI,20000201,4.52,4.56,4.52,4.54,4490222
PNO,20000201,0.69,0.7,0.68,0.7,126303
PPK,20000201,0.51,0.51,0.51,0.51,30068
PPP,20000201,0.225,0.23,0.205,0.205,167738
PPT,20000201,19.8,20,19.8,20,53950
PRB,20000201,0.048,0.049,0.027,0.036,97713502
PRE,20000201,0.135,0.14,0.12,0.125,4321941
PRG,20000201,1.78,1.78,1.75,1.75,53500
PRI,20000201,5.556,5.56,5.48,5.56,50340
PRL,20000201,0.74,0.75,0.74,0.75,28000
PRM,20000201,0.185,0.195,0.185,0.19,402629
PRO,20000201,3.75,3.83,3.7,3.83,30845
PRR,20000201,0.23,0.235,0.22,0.22,2421104
PRT,20000201,1.55,1.55,1.5,1.5,3100
PRX,20000201,0.75,0.75,0.73,0.73,18423
PRY,20000201,5.03,5.03,5.03,5.03,1440
PSA,20000201,0.23,0.245,0.23,0.24,296035
PSI,20000201,0.215,0.215,0.21,0.21,220000
PSV,20000201,0.16,0.18,0.16,0.18,99500
PTD,20000201,0.42,0.42,0.4,0.41,47060
PTL,20000201,0.5,0.51,0.48,0.48,98668
PTS,20000201,0.095,0.095,0.092,0.092,15000
PTZ,20000201,0.295,0.31,0.295,0.31,205494
PUL,20000201,0.85,0.95,0.8,0.87,3022079
PVL,20000201,0.35,0.35,0.35,0.35,5000
PWR,20000201,1.3,1.34,1.28,1.3,936634
PWT,20000201,2.44,2.44,2.36,2.37,558468
QAD,20000201,0.18,0.18,0.155,0.16,7100934
QAN,20000201,3.85,3.87,3.81,3.84,2063350
QBE,20000201,7.1,7.2,7.1,7.175,485325
QCH,20000201,3.85,3.92,3.83,3.92,4000
QMC,20000201,0.52,0.52,0.51,0.52,113896
QMM,20000201,0.32,0.32,0.31,0.31,70000
QOP,20000201,0.069,0.069,0.069,0.069,35000
QRL,20000201,0.769,0.81,0.769,0.81,165770
QTK,20000201,0.31,0.315,0.3,0.31,7787342
QUE,20000201,0.425,0.425,0.41,0.42,19725
QUR,20000201,0.11,0.115,0.11,0.115,149000
RAC,20000201,0.18,0.185,0.17,0.175,3714036
RAL,20000201,1.35,1.35,1.32,1.32,101400
RBK,20000201,0.255,0.26,0.255,0.26,111723
RCT,20000201,0.076,0.078,0.076,0.076,67000
RDF,20000201,3.36,3.4,3.35,3.35,16550
REA,20000201,0.71,0.72,0.69,0.69,70100
REB,20000201,0.82,0.82,0.8,0.8,6467
RFM,20000201,0.11,0.125,0.11,0.11,209542
RFR,20000201,0.28,0.28,0.25,0.255,1236392
RGR,20000201,0.33,0.34,0.33,0.34,1450
RGS,20000201,2.2,2.2,2.19,2.2,28325
RHC,20000201,1,1.02,1,1.02,10000
RIC,20000201,0.69,0.69,0.68,0.68,220546
RIM,20000201,0.34,0.34,0.3,0.31,179760
RIO,20000201,27.6,27.6,27.11,27.2,918752
RKN,20000201,2.05,2.05,2,2,322251
RMD,20000201,7.1,7.1,6.95,6.95,28794
ROC,20000201,1.37,1.37,1.32,1.34,31100
ROK,20000201,2.35,2.35,2.32,2.32,9800
ROR,20000201,0.17,0.17,0.17,0.17,45000
RPM,20000201,0.07,0.07,0.06,0.06,250000
RRS,20000201,0.15,0.15,0.145,0.145,26100
RSG,20000201,0.28,0.28,0.26,0.275,2080222
RSM,20000201,0.38,0.385,0.365,0.37,231593
RTM,20000201,0.22,0.22,0.2,0.205,463866
RTS,20000201,0.32,0.37,0.32,0.34,43540
RUP,20000201,4.97,5,4.81,4.82,52195
RUS,20000201,0.105,0.105,0.105,0.105,5000
RVS,20000201,0.33,0.33,0.32,0.325,1433288
SAQ,20000201,4.2,4.2,4.2,4.2,2000
SAR,20000201,0.27,0.27,0.27,0.27,16000
SAS,20000201,5.258,5.38,5.057,5.057,414155
SAT,20000201,0.36,0.36,0.36,0.36,62000
SAX,20000201,0.48,0.49,0.48,0.49,7050
SBC,20000201,8.4,8.4,8.3,8.4,6290
SBE,20000201,2.2,2.2,2.15,2.15,25000
SBM,20000201,0.14,0.14,0.135,0.135,909000
SCD,20000201,0.105,0.13,0.105,0.13,1075164
SCE,20000201,0.115,0.115,0.115,0.115,10000
SCN,20000201,0.04,0.048,0.034,0.034,186992316
SCP,20000201,1.75,1.77,1.7,1.75,62862
SCS,20000201,0.58,0.6,0.58,0.59,768020
SDC,20000201,1.54,1.57,1.5,1.55,97602
SDI,20000201,0.315,0.315,0.315,0.315,12000
SDR,20000201,0.6,0.6,0.6,0.6,20000
SED,20000201,0.17,0.17,0.165,0.17,277000
SEN,20000201,0.9,1.03,0.9,0.97,2182788
SEQ,20000201,0.2,0.2,0.2,0.2,20000
SEV,20000201,5.18,5.27,5.18,5.27,270502
SFL,20000201,0.78,0.78,0.76,0.76,112007
SFM,20000201,0.051,0.055,0.042,0.042,184527595
SGA,20000201,0.7,0.72,0.7,0.7,73281
SGB,20000201,11.98,12.05,11.92,11.95,556598
SGC,20000201,0.75,0.75,0.71,0.73,274140
SGN,20000201,6.45,6.45,6.45,6.45,101600
SGO,20000201,0.48,0.48,0.48,0.48,56750
SGP,20000201,3.34,3.34,3.24,3.25,636723
SGR,20000201,0.049,0.054,0.049,0.05,16387531
SGV,20000201,1.03,1.03,1.03,1.03,2000
SGW,20000201,4.8,4.8,4.58,4.58,156587
SHL,20000201,6.79,6.8,6.68,6.68,118562
SHM,20000201,0.13,0.13,0.13,0.13,65280
SHR,20000201,1.7,1.7,1.7,1.7,1211
SHV,20000201,0.96,1.02,0.96,1.02,82031
SID,20000201,6.35,6.35,6.2,6.2,1089026
SIG,20000201,1.75,1.75,1.68,1.68,60600
SKE,20000201,3.61,3.62,3.6,3.62,5057
SKR,20000201,0.185,0.19,0.18,0.185,1585811
SLG,20000201,1.207,1.207,1.207,1.207,10000
SLX,20000201,4,4,3.71,3.85,222948
SMC,20000201,0.065,0.07,0.065,0.07,145000
SME,20000201,8.194,8.2,8.13,8.2,165657
SMI,20000201,9.9,10.07,9.9,10.06,99561
SMS,20000201,5.6,5.64,5.57,5.64,426434
SNX,20000201,6.2,6.2,5.95,6.07,267196
SOA,20000201,1.55,1.55,1.46,1.5,20320
SOH,20000201,10.5,10.6,10.2,10.5,311767
SOL,20000201,36.52,36.52,36.5,36.5,6266
SOX,20000201,0.21,0.21,0.21,0.21,25000
SPC,20000201,0.9,0.91,0.9,0.91,34450
SPD,20000201,0.27,0.27,0.265,0.265,31450
SPK,20000201,1.8,1.9,1.78,1.87,142011
SPP,20000201,2.6,2.65,2.5,2.5,747910
SPS,20000201,1.3,1.3,1.28,1.28,19578
SPT,20000201,4.85,4.85,4.85,4.85,48558
SPX,20000201,0.21,0.215,0.185,0.19,3250553
SRA,20000201,3.4,3.4,3.26,3.35,3588
SRI,20000201,0.062,0.063,0.058,0.058,1103509
SRL,20000201,0.393,0.4,0.39,0.4,70733
SRO,20000201,0.35,0.375,0.325,0.345,5794747
SRP,20000201,5.57,5.57,5.45,5.499,539102
SRV,20000201,3.4,3.4,3.4,3.4,2000
SSE,20000201,0.315,0.315,0.315,0.315,10000
SSI,20000201,2.79,2.79,2.73,2.73,7005
SSN,20000201,0.22,0.22,0.22,0.22,4500
SSR,20000201,0.78,0.78,0.75,0.75,25215
SSX,20000201,2,2.01,1.96,1.97,309358
STM,20000201,0.19,0.19,0.18,0.18,53833
STO,20000201,4.28,4.28,4.21,4.235,751430
STP,20000201,0.385,0.4,0.385,0.385,104748
STS,20000201,1.73,1.73,1.73,1.73,180
STT,20000201,0.058,0.059,0.055,0.059,1954180
STU,20000201,0.24,0.245,0.24,0.24,530195
SUR,20000201,0.155,0.155,0.135,0.14,1030688
SWD,20000201,0.78,0.78,0.76,0.76,15300
SWG,20000201,0.31,0.31,0.3,0.3,40700
SWS,20000201,3.16,3.16,3.01,3.02,13681
TAB,20000201,2.55,2.6,2.49,2.59,1809527
TAG,20000201,0.375,0.375,0.375,0.375,30000
TAH,20000201,8.557,8.98,8.44,8.98,2728702
TAI,20000201,0.1,0.1,0.095,0.099,955400
TAN,20000201,1.45,1.45,1.45,1.45,153000
TAP,20000201,0.83,0.84,0.8,0.8,134067
TAT,20000201,0.4,0.4,0.4,0.4,5974
TBR,20000201,0.22,0.3,0.22,0.255,796160
TBT,20000201,0.056,0.056,0.054,0.054,653000
TCA,20000201,7,7,7,7,500
TCL,20000201,2.4,2.68,2.4,2.55,1340065
TDG,20000201,0.8,0.8,0.8,0.8,4000
TEE,20000201,0.86,0.86,0.8,0.8,423583
TEH,20000201,4,4.1,3.96,4,111714
TEL,20000201,6.62,6.65,6.51,6.56,273221
TEM,20000201,2.71,2.71,2.7,2.7,17000
TEN,20000201,2,2.01,1.97,1.98,610562
TGG,20000201,1.8,1.81,1.78,1.8,62116
TGL,20000201,0.27,0.27,0.255,0.255,1383230
TGO,20000201,0.62,0.65,0.62,0.65,129750
TGS,20000201,0.345,0.35,0.345,0.345,70000
THG,20000201,0.75,0.76,0.75,0.75,54447
TIF,20000201,1.06,1.06,1.03,1.05,74556
TIM,20000201,2.45,2.46,2.3,2.35,84137
TIR,20000201,0.135,0.135,0.13,0.13,473443
TKG,20000201,0.115,0.115,0.093,0.093,14855718
TLA,20000201,0.65,0.65,0.63,0.63,332330
TLL,20000201,0.4,0.4,0.38,0.39,35635
TLN,20000201,0.081,0.085,0.08,0.08,227129
TLO,20000201,0.78,0.78,0.69,0.71,1195670
TLS,20000201,7.8,7.8,7.65,7.68,9302250
TML,20000201,0.54,0.63,0.54,0.57,4171002
TMM,20000201,0.2,0.2,0.2,0.2,40000
TMN,20000201,5.25,5.3,5,5.1,532445
TMS,20000201,1.941,1.941,1.92,1.92,19600
TNA,20000201,0.088,0.088,0.08,0.08,193648
TNE,20000201,2.63,2.7,2.6,2.7,80307
TNY,20000201,1.385,1.385,1.33,1.33,146050
TOL,20000201,6.107,6.28,6.1,6.2,265515
TOR,20000201,1.28,1.28,1.26,1.26,59800
TPT,20000201,0.33,0.33,0.33,0.33,11953
TQL,20000201,2.1,2.11,2.08,2.1,329756
TRC,20000201,0.25,0.255,0.24,0.255,200366
TRE,20000201,0.27,0.27,0.245,0.255,834505
TRL,20000201,1.6,1.7,1.6,1.7,68605
TRY,20000201,0.4,0.4,0.4,0.4,70000
TSP,20000201,0.325,0.35,0.32,0.35,299700
TSR,20000201,1.65,1.65,1.6,1.65,35700
TSS,20000201,1.14,1.14,1.14,1.14,2750
TTR,20000201,0.125,0.125,0.125,0.125,139800
TVL,20000201,1.32,1.32,1.27,1.27,28071
TVN,20000201,0.92,0.92,0.9,0.9,105134
TWR,20000201,3.75,3.78,3.72,3.73,95988
TXR,20000201,0.17,0.18,0.145,0.155,3928435
UCL,20000201,0.44,0.44,0.415,0.43,7306134
UCR,20000201,1.9,1.95,1.9,1.92,107806
UEL,20000201,2.31,2.34,2.31,2.33,143999
USC,20000201,0.71,0.73,0.71,0.73,83800
VEN,20000201,0.38,0.38,0.38,0.38,26000
VGL,20000201,1.72,1.73,1.7,1.7,47000
VHL,20000201,1.21,1.25,1.2,1.25,86096
VII,20000201,0.12,0.12,0.12,0.12,144000
VIT,20000201,0.43,0.43,0.41,0.41,394164
VKI,20000201,0.28,0.28,0.28,0.28,6000
VNA,20000201,2.95,2.98,2.84,2.87,421130
VOS,20000201,0.27,0.275,0.26,0.27,176866
VPE,20000201,0.056,0.057,0.054,0.055,3448510
VRL,20000201,2.7,2.71,2.63,2.65,48361
VSL,20000201,6.9,6.9,6.85,6.85,8100
VWD,20000201,0.89,0.89,0.86,0.86,19500
VWL,20000201,0.195,0.195,0.195,0.195,37000
VXS,20000201,4,4.15,4,4.09,157225
WAK,20000201,1.63,1.63,1.63,1.63,385
WAM,20000201,0.97,0.97,0.97,0.97,9500
WAN,20000201,5.24,5.25,5.16,5.25,65024
WAT,20000201,1.67,1.67,1.65,1.65,5000
WBA,20000201,0.88,0.88,0.88,0.88,1233
WBB,20000201,3.56,3.62,3.56,3.62,7108
WBC,20000201,10.65,10.68,10.37,10.51,2679048
WEG,20000201,6.66,6.66,6.66,6.66,18000
WER,20000201,0.24,0.25,0.24,0.25,34000
WES,20000201,12.5,12.5,12.31,12.41,346044
WFA,20000201,1.41,1.42,1.38,1.4,528109
WFI,20000201,1.55,1.55,1.55,1.55,3000
WFT,20000201,2.94,2.94,2.9,2.92,2179557
WGC,20000201,0.081,0.084,0.074,0.077,7584308
WGR,20000201,0.16,0.16,0.15,0.15,31400
WHL,20000201,0.33,0.35,0.32,0.35,68916
WIF,20000201,0.35,0.35,0.35,0.35,9500
WIN,20000201,0.255,0.26,0.25,0.26,1078084
WJM,20000201,3.25,3.25,3.25,3.25,2800
WMC,20000201,7.937,8,7.76,7.88,2013744
WME,20000201,0.11,0.14,0.105,0.14,715217
WMT,20000201,0.5,0.52,0.5,0.5,326726
WON,20000201,0.22,0.23,0.22,0.23,366190
WOW,20000201,4.94,4.94,4.79,4.84,1932122
WPL,20000201,11.656,11.8,11.52,11.79,352399
WPO,20000201,0.96,1.01,0.96,1.01,42564
WPT,20000201,1.51,1.51,1.48,1.48,141961
WRF,20000201,0.32,0.36,0.32,0.35,62610
WSF,20000201,8.876,8.876,8.7,8.74,387970
WSG,20000201,0.56,0.57,0.52,0.53,1662001
WSM,20000201,0.52,0.53,0.5,0.52,370724
WTE,20000201,0.051,0.052,0.048,0.048,14596776
WTP,20000201,0.41,0.415,0.41,0.415,27207
WVI,20000201,0.51,0.52,0.51,0.51,302720
WWH,20000201,0.7,0.7,0.65,0.65,15000
WWT,20000201,0.3,0.3,0.26,0.27,77800
WYL,20000201,4.29,4.3,4.24,4.3,52825
YAM,20000201,0.165,0.17,0.16,0.165,4381463
YDR,20000201,0.23,0.24,0.215,0.215,842284
YTS,20000201,0.78,0.81,0.77,0.81,44696
ZAL,20000201,0.06,0.06,0.06,0.06,5000
ZEL,20000201,0.7,0.73,0.69,0.73,11674
ZIM,20000201,0.62,0.63,0.62,0.63,29600
ZYL,20000201,0.45,0.495,0.45,0.48,1163159
