AAP,20000223,6.983,6.983,6.6,6.75,138050
AAR,20000223,0.076,0.087,0.075,0.087,3284823
AAT,20000223,1.15,1.19,1.15,1.19,231217
AAU,20000223,1.913,1.92,1.85,1.91,51200
ABC,20000223,0.54,0.55,0.53,0.55,227897
ABD,20000223,0.29,0.29,0.29,0.29,20000
ABG,20000223,1.944,1.944,1.9,1.9,23400
ACC,20000223,1.05,1.1,1.05,1.08,1050287
ACE,20000223,0.677,0.677,0.57,0.57,396620
ACI,20000223,0.231,0.231,0.2,0.22,465310
ACY,20000223,0.74,0.74,0.74,0.74,17500
ADA,20000223,3.25,3.35,3.18,3.25,31656
ADB,20000223,4.95,5.09,4.95,5.09,188369
ADF,20000223,0.26,0.275,0.26,0.265,616051
ADH,20000223,0.235,0.235,0.23,0.235,207687
ADM,20000223,0.13,0.135,0.125,0.125,85430
ADN,20000223,0.2,0.2,0.19,0.19,296000
ADP,20000223,2.22,2.3,2.22,2.3,965130
ADT,20000223,1.52,1.52,1.52,1.52,7567
ADX,20000223,0.21,0.34,0.21,0.3,1129301
ADZ,20000223,2,2,1.98,2,99185
AEC,20000223,0.93,0.93,0.91,0.91,15240
AET,20000223,0.89,0.89,0.89,0.89,10000
AEX,20000223,0.115,0.125,0.115,0.12,833500
AFD,20000223,0.48,0.49,0.48,0.49,21500
AFF,20000223,0.255,0.255,0.255,0.255,40464
AFI,20000223,2.736,2.81,2.71,2.72,250878
AGA,20000223,0.072,0.075,0.072,0.073,284960
AGG,20000223,85.99,86.05,85.99,86,8844
AGH,20000223,0.59,0.6,0.58,0.6,2599496
AGL,20000223,8.395,8.42,8.24,8.24,419709
AGM,20000223,0.15,0.15,0.14,0.14,329829
AGR,20000223,0.105,0.105,0.1,0.105,183800
AGS,20000223,0.31,0.31,0.28,0.285,852217
AGT,20000223,0.286,0.286,0.28,0.285,32000
AGY,20000223,0.39,0.39,0.36,0.39,451000
AHD,20000223,4.07,4.1,4.07,4.07,22513
AHH,20000223,0.4,0.4,0.4,0.4,18000
AHL,20000223,1.24,1.25,1.2,1.2,14000
AHX,20000223,0.59,0.59,0.58,0.59,146154
AIA,20000223,1.75,1.9,1.75,1.9,25500
AIE,20000223,0.441,0.445,0.43,0.43,271189
AIP,20000223,0.98,1,0.98,1,551299
AIU,20000223,0.11,0.11,0.095,0.105,235880
AIX,20000223,1.96,1.96,1.9,1.93,152453
AIZ,20000223,1.76,1.77,1.75,1.75,66070
AJL,20000223,1.04,1.05,1.03,1.03,15505
AJN,20000223,1.373,1.373,1.34,1.36,1613637
AJP,20000223,1.1,1.12,1.1,1.11,1460510
AJR,20000223,0.78,0.79,0.77,0.79,1079752
AKC,20000223,3.32,3.32,3.3,3.3,26270
AKD,20000223,0.068,0.069,0.065,0.065,1551536
ALA,20000223,0.277,0.28,0.277,0.28,9500
ALK,20000223,0.22,0.23,0.22,0.22,669895
ALL,20000223,20.5,20.5,18.2,18.8,586792
ALO,20000223,0.8,0.83,0.8,0.83,15000
ALX,20000223,0.81,0.81,0.81,0.81,13690
ALZ,20000223,1.43,1.44,1.42,1.42,25184
AMC,20000223,5.893,6.04,5.86,5.95,1749275
AMG,20000223,0.345,0.36,0.34,0.35,632972
AMH,20000223,3.25,3.3,3.2,3.3,55579
AMI,20000223,0.091,0.091,0.084,0.084,2315500
AML,20000223,0.62,0.7,0.62,0.64,201273
AMP,20000223,13.75,14.54,13.74,14.454,2792398
AMS,20000223,0.245,0.245,0.22,0.22,243272
AMU,20000223,0.17,0.175,0.165,0.165,845822
ANE,20000223,2.34,2.38,2.34,2.38,2800
ANK,20000223,0.58,0.58,0.55,0.55,4500
ANL,20000223,2.45,2.5,2.43,2.45,219763
ANR,20000223,0.23,0.23,0.23,0.23,9000
ANX,20000223,0.485,0.51,0.485,0.5,239924
ANZ,20000223,9.99,10,9.88,9.9,11112796
AOF,20000223,1.17,1.19,1.17,1.18,484227
AOG,20000223,1.52,1.52,1.49,1.49,15773
AOV,20000223,0.18,0.225,0.175,0.22,1441891
APF,20000223,1.41,1.45,1.41,1.45,614085
APG,20000223,0.115,0.12,0.115,0.115,830367
API,20000223,2.05,2.05,2.02,2.02,14562
APN,20000223,4.42,4.54,4.3,4.3,64401
APU,20000223,0.246,0.255,0.24,0.24,349826
APY,20000223,0.7,0.75,0.7,0.72,69000
AQP,20000223,3,3,2.8,2.95,39370
ARA,20000223,0.54,0.55,0.53,0.53,51443
ARC,20000223,0.13,0.13,0.13,0.13,30000
ARG,20000223,3.5,3.57,3.45,3.5,104694
ARI,20000223,0.3,0.3,0.3,0.3,4000
ARL,20000223,2.54,2.59,2.53,2.57,493063
ARO,20000223,0.45,0.49,0.45,0.49,30692
ARP,20000223,5.75,5.75,5.75,5.75,82
ARQ,20000223,0.18,0.18,0.165,0.165,220230
ARX,20000223,0.084,0.084,0.084,0.084,42000
ASB,20000223,2.33,2.35,2.33,2.35,18800
ASC,20000223,1.32,1.35,1.3,1.32,133479
ASH,20000223,0.75,0.77,0.74,0.77,336346
ASL,20000223,0.42,0.45,0.37,0.37,48883
ASU,20000223,0.08,0.08,0.08,0.08,37000
ASX,20000223,14.3,14.5,14.2,14.44,404722
ATE,20000223,0.11,0.11,0.105,0.11,942980
ATN,20000223,0.098,0.13,0.098,0.125,31133462
ATP,20000223,0.31,0.32,0.31,0.31,63900
AUD,20000223,2.55,2.59,2.55,2.55,16796
AUG,20000223,0.31,0.31,0.3,0.3,435546
AUL,20000223,0.14,0.14,0.13,0.135,1681511
AUM,20000223,0.095,0.095,0.09,0.092,956013
AUN,20000223,8.9,8.9,8.4,8.5,1191913
AUO,20000223,0.13,0.13,0.13,0.13,12000
AUY,20000223,0.465,0.51,0.465,0.51,929370
AVJ,20000223,0.5,0.5,0.5,0.5,10000
AVR,20000223,0.285,0.295,0.285,0.285,183000
AWE,20000223,0.7,0.73,0.7,0.73,37250
AWH,20000223,1.8,1.8,1.8,1.8,37500
AXI,20000223,0.08,0.08,0.074,0.074,34000
AXR,20000223,0.48,0.51,0.47,0.485,2034810
AYO,20000223,0.24,0.24,0.23,0.23,60343
AZL,20000223,0.11,0.11,0.105,0.105,118616
BAE,20000223,0.285,0.295,0.275,0.28,2541494
BAH,20000223,0.37,0.37,0.37,0.37,9000
BAM,20000223,11.4,12.25,11.4,12.02,37526
BAY,20000223,7.25,7.25,7.25,7.25,6000
BCD,20000223,0.84,0.85,0.8,0.8,36840
BCH,20000223,0.6,0.6,0.54,0.55,1138850
BDA,20000223,3.306,3.5,3.306,3.47,276724
BDG,20000223,0.17,0.175,0.17,0.175,222194
BDL,20000223,0.51,0.57,0.51,0.55,127201
BDS,20000223,2.2,2.2,2.2,2.2,4100
BEN,20000223,5.016,5.1,5,5.02,36600
BER,20000223,0.58,0.58,0.55,0.55,11600
BGD,20000223,0.25,0.27,0.25,0.27,99000
BGF,20000223,0.25,0.25,0.235,0.245,1382159
BGN,20000223,1.1,1.3,1.1,1.24,52130
BHL,20000223,3.05,3.05,2.75,3,21925
BHP,20000223,16.85,17,16.35,16.35,3105384
BIC,20000223,0.26,0.26,0.26,0.26,3000
BII,20000223,0.4,0.4,0.39,0.39,659750
BIL,20000223,36,38,36,38,391416
BIR,20000223,0.617,0.65,0.617,0.64,1550162
BKA,20000223,0.2,0.2,0.2,0.2,100000
BKL,20000223,5.75,5.75,5.5,5.75,4207
BKR,20000223,0.21,0.21,0.2,0.2,77500
BKS,20000223,0.28,0.28,0.265,0.27,2481779
BKW,20000223,40,40,40,40,250
BLD,20000223,2.3,2.42,2.3,2.39,4012193
BLO,20000223,0.17,0.18,0.165,0.18,192910
BLR,20000223,0.315,0.335,0.315,0.325,236135
BMC,20000223,5.9,5.9,5.4,5.6,78410
BMX,20000223,0.18,0.2,0.18,0.195,247750
BNA,20000223,0.077,0.081,0.077,0.08,354948
BNO,20000223,0.977,1.3,0.977,1.12,507168
BOA,20000223,0.87,0.88,0.86,0.87,55581
BOC,20000223,0.165,0.17,0.165,0.17,109582
BPC,20000223,0.4,0.4,0.39,0.4,326994
BPT,20000223,0.048,0.048,0.045,0.047,875949
BQD,20000223,5.1,5.16,5.1,5.15,128633
BRI,20000223,0.285,0.285,0.285,0.285,38500
BRL,20000223,7.26,7.31,7.18,7.2,252042
BRN,20000223,0.27,0.27,0.27,0.27,10000
BRS,20000223,1.11,1.13,1.1,1.12,1063551
BRY,20000223,0.3,0.32,0.3,0.31,1290109
BRZ,20000223,3.39,3.39,3.15,3.2,128154
BSG,20000223,0.13,0.135,0.13,0.135,78000
BSN,20000223,0.32,0.32,0.31,0.31,13000
BSO,20000223,2.99,2.99,2.96,2.97,24000
BTA,20000223,4.3,4.4,4.25,4.4,113932
BTE,20000223,0.73,0.74,0.72,0.73,61424
BTG,20000223,0.9,0.9,0.88,0.88,56332
BTM,20000223,0.385,0.39,0.385,0.385,51975
BTO,20000223,1.32,1.37,1.32,1.37,2008495
BTP,20000223,1.7,1.73,1.7,1.73,549642
BTY,20000223,3.15,3.21,3.15,3.21,3168
BUG,20000223,0.62,0.62,0.6,0.6,11000
BWA,20000223,4.14,4.2,4.06,4.145,460661
BWI,20000223,0.92,0.94,0.92,0.94,14000
BWP,20000223,0.979,1,0.979,1,103470
BWY,20000223,0.061,0.061,0.05,0.05,300000
BYI,20000223,1.07,1.07,1.07,1.07,2600
CAA,20000223,2.06,2.1,2.06,2.08,3251100
CAB,20000223,2.05,2.12,2.05,2.1,69533
CAG,20000223,0.55,0.56,0.52,0.52,2364797
CAI,20000223,0.93,0.93,0.93,0.93,44000
CAO,20000223,0.265,0.265,0.26,0.26,100000
CAT,20000223,16.4,16.85,16.4,16.45,23806
CBA,20000223,26,26.32,26,26.18,1503365
CBI,20000223,1.27,1.27,1.26,1.26,8149
CBN,20000223,0.44,0.45,0.425,0.425,477449
CBO,20000223,0.215,0.215,0.195,0.2,2762606
CBS,20000223,9.56,9.56,9.5,9.5,1100
CBW,20000223,0.65,0.66,0.65,0.66,27000
CCB,20000223,3.12,3.18,3.12,3.13,806211
CCK,20000223,2.31,2.35,2.3,2.35,73430
CCL,20000223,3.5,3.51,3.31,3.33,777670
CDF,20000223,1.13,1.13,1.13,1.13,22500
CDL,20000223,0.08,0.08,0.08,0.08,3500
CDO,20000223,1.06,1.07,1.06,1.06,196843
CDP,20000223,1.93,1.93,1.9,1.9,17218
CED,20000223,1.759,1.8,1.759,1.8,5000
CEL,20000223,0.85,0.85,0.81,0.82,50590
CEP,20000223,2.66,2.71,2.66,2.69,378092
CEQ,20000223,2.19,2.19,2.15,2.18,30006
CEW,20000223,2.1,2.15,2.1,2.1,25360
CEY,20000223,0.51,0.51,0.51,0.51,5070
CFA,20000223,0.13,0.13,0.13,0.13,100000
CFR,20000223,0.057,0.058,0.056,0.058,2225880
CFS,20000223,0.87,0.87,0.85,0.85,15937
CFT,20000223,1.96,1.98,1.96,1.97,5128962
CGB,20000223,0.385,0.468,0.38,0.468,1020333
CGC,20000223,0.87,0.87,0.78,0.8,425357
CGD,20000223,0.54,0.54,0.54,0.54,18600
CGH,20000223,5.8,5.83,5.54,5.65,2708772
CGP,20000223,0.87,0.88,0.86,0.88,24372
CHF,20000223,0.45,0.5,0.45,0.5,72145
CHI,20000223,1.15,1.15,1.08,1.1,65750
CHL,20000223,0.175,0.18,0.16,0.16,75000
CHP,20000223,0.215,0.215,0.215,0.215,10000
CHQ,20000223,1.12,1.21,1.12,1.21,62798
CHS,20000223,0.78,0.78,0.75,0.75,23500
CHV,20000223,0.32,0.32,0.32,0.32,50000
CHY,20000223,1.54,1.54,1.5,1.5,3326
CIA,20000223,0.37,0.37,0.34,0.34,55500
CID,20000223,0.61,0.64,0.61,0.64,92402
CIE,20000223,0.78,0.84,0.78,0.84,20440
CIH,20000223,0.145,0.145,0.135,0.14,346262
CIM,20000223,0.07,0.07,0.07,0.07,7500
CIN,20000223,9.56,9.7,9.56,9.7,4135
CIR,20000223,6.45,6.85,6.38,6.68,334630
CIS,20000223,0.055,0.055,0.055,0.055,16453
CKG,20000223,0.076,0.076,0.071,0.073,1599000
CLI,20000223,4.1,4.12,4.05,4.05,102560
CLO,20000223,0.57,0.58,0.56,0.57,74893
CLT,20000223,3.55,3.55,3.4,3.5,77904
CLV,20000223,0.4,0.4,0.38,0.4,87700
CMC,20000223,8,8.2,7.98,8,465903
CML,20000223,6.53,6.6,6.48,6.586,1958855
CMQ,20000223,0.454,0.465,0.44,0.465,74570
CMX,20000223,0.16,0.16,0.16,0.16,15000
CMZ,20000223,0.315,0.32,0.3,0.3,965170
CNA,20000223,14.7,14.7,14.7,14.7,2000
CND,20000223,3.8,3.8,3.77,3.8,101931
CNG,20000223,0.44,0.45,0.44,0.445,137971
CNM,20000223,0.055,0.058,0.055,0.055,730180
CNN,20000223,0.4,0.4,0.38,0.39,75517
CNT,20000223,0.13,0.155,0.13,0.14,8703322
COA,20000223,1.801,1.89,1.79,1.85,348573
COG,20000223,0.135,0.14,0.135,0.135,961169
COH,20000223,22.77,22.78,22.53,22.68,99757
COM,20000223,0.937,1.03,0.937,1.03,117500
COP,20000223,0.03,0.047,0.03,0.042,164584980
CPA,20000223,0.87,0.9,0.87,0.9,7166605
CPB,20000223,4.83,4.83,4.83,4.83,2750
CPC,20000223,0.61,0.64,0.54,0.61,16000
CPI,20000223,2.17,2.17,2.1,2.1,7610
CPU,20000223,6.744,6.79,6.5,6.55,421573
CQT,20000223,0.24,0.26,0.24,0.25,309116
CRG,20000223,8.83,9,8.83,8.92,120670
CRS,20000223,0.28,0.29,0.28,0.29,91000
CRT,20000223,0.66,0.66,0.64,0.66,27067
CRV,20000223,0.55,0.55,0.55,0.55,25300
CSA,20000223,0.19,0.19,0.185,0.19,261200
CSB,20000223,1,1.03,0.98,1.02,68446
CSL,20000223,20.7,21.3,20.65,20.7,76322
CSM,20000223,0.4,0.4,0.38,0.38,18087
CSR,20000223,3.718,3.81,3.718,3.75,2100073
CSY,20000223,0.2,0.2,0.195,0.195,1714734
CTI,20000223,1.881,2.18,1.881,2.13,193575
CTL,20000223,8.95,8.95,8.6,8.72,40138
CTO,20000223,0.125,0.125,0.12,0.12,70500
CTR,20000223,0.215,0.215,0.21,0.21,1138432
CTX,20000223,1.85,2,1.85,1.94,603738
CUE,20000223,0.08,0.08,0.079,0.08,148750
CUL,20000223,0.1,0.1,0.091,0.097,2292924
CVC,20000223,0.5,0.5,0.5,0.5,7270
CVI,20000223,2.6,2.62,2.45,2.6,335447
CVN,20000223,0.115,0.15,0.115,0.15,5590568
CWG,20000223,0.43,0.43,0.38,0.42,35000
CWO,20000223,6.05,6.48,6.05,6.38,14491196
CXA,20000223,0.21,0.215,0.205,0.205,113606
CXL,20000223,0.16,0.16,0.155,0.16,129166
CXP,20000223,4.71,4.85,4.71,4.85,43379
DAD,20000223,3.95,4.05,3.88,3.95,87564
DAR,20000223,0.81,0.81,0.81,0.81,8526
DCS,20000223,0.68,0.7,0.68,0.7,108000
DDV,20000223,0.13,0.13,0.13,0.13,25600
DEF,20000223,0.063,0.064,0.061,0.063,1144100
DFT,20000223,0.47,0.47,0.415,0.42,1355956
DGD,20000223,2.22,2.3,2.2,2.25,232453
DGM,20000223,0.028,0.029,0.026,0.027,26787388
DGN,20000223,0.14,0.15,0.135,0.135,141500
DIO,20000223,0.075,0.076,0.073,0.076,2860003
DJS,20000223,1.27,1.33,1.24,1.32,945267
DJW,20000223,3.63,3.63,3.6,3.6,39841
DLS,20000223,0.05,0.051,0.05,0.051,155000
DNS,20000223,0.083,0.099,0.083,0.093,1007919
DOM,20000223,0.43,0.43,0.43,0.43,16749
DOR,20000223,0.31,0.31,0.31,0.31,5000
DPG,20000223,6.71,6.75,6.7,6.75,3775
DPT,20000223,2.3,2.38,2.3,2.38,210289
DRA,20000223,0.103,0.105,0.085,0.089,713345
DRD,20000223,2.55,2.55,2.55,2.55,9800
DRE,20000223,0.65,0.69,0.65,0.69,27437
DRN,20000223,0.11,0.11,0.1,0.1,815434
DSF,20000223,2.5,2.5,2.5,2.5,5000
DSW,20000223,0.197,0.197,0.17,0.18,709830
DTL,20000223,2.892,3.06,2.892,3,5860
DUI,20000223,1.5,1.5,1.5,1.5,7829
DVC,20000223,0.8,0.8,0.8,0.8,753500
DVD,20000223,0.5,0.51,0.5,0.5,88116
DVN,20000223,0.32,0.34,0.32,0.33,71931
DVT,20000223,3.516,3.9,3.39,3.653,6680865
EAM,20000223,1.55,1.55,1.54,1.54,41384
EBG,20000223,0.365,0.4,0.365,0.39,495267
EBR,20000223,0.185,0.195,0.185,0.19,54500
EBT,20000223,0.8,0.82,0.79,0.79,709078
ECA,20000223,0.3,0.315,0.3,0.305,67310
ECL,20000223,0.36,0.375,0.36,0.375,964663
ECO,20000223,0.255,0.305,0.25,0.285,1787446
ECP,20000223,7.06,7.06,6.57,6.77,1007444
ECT,20000223,0.47,0.5,0.47,0.5,3200
ECU,20000223,0.34,0.38,0.34,0.38,475585
EDI,20000223,1.95,1.97,1.94,1.97,405366
EEC,20000223,0.155,0.16,0.15,0.15,469010
EFN,20000223,1.792,1.9,1.68,1.82,1181387
EGO,20000223,0.15,0.155,0.15,0.15,145000
EIS,20000223,2.51,2.53,2.35,2.37,3080404
EKL,20000223,0.29,0.29,0.28,0.28,23000
ELE,20000223,0.355,0.355,0.355,0.355,20000
EML,20000223,2.18,2.18,2.07,2.14,183186
EMM,20000223,0.2,0.2,0.2,0.2,2000
ENE,20000223,12.5,12.73,12.5,12.73,143513
ENV,20000223,0.78,0.79,0.77,0.78,223491
EPH,20000223,0.6,0.65,0.57,0.62,392912
EQI,20000223,0.3,0.305,0.295,0.3,627401
EQR,20000223,0.145,0.16,0.145,0.16,678500
EQS,20000223,0.335,0.355,0.33,0.345,995790
EQT,20000223,7.9,7.9,7.9,7.9,184
ERA,20000223,2.1,2.1,2.03,2.03,3650
ERG,20000223,11.29,11.3,10.6,10.6,1205075
ERS,20000223,0.95,0.95,0.95,0.95,500
ESI,20000223,0.295,0.295,0.29,0.295,266400
ESX,20000223,1.09,1.1,1.05,1.059,204006
ETR,20000223,3.015,3.1,2.95,3,43930
ETW,20000223,1.16,1.16,1.14,1.14,28121
EWL,20000223,0.73,0.76,0.72,0.72,146800
EXO,20000223,0.25,0.33,0.25,0.33,3756597
EXS,20000223,0.23,0.23,0.23,0.23,10200
EZE,20000223,0.6,0.62,0.59,0.59,93333
EZL,20000223,1.4,1.4,1.35,1.35,35000
EZY,20000223,0.53,0.55,0.5,0.55,441939
FAF,20000223,0.54,0.54,0.52,0.53,272752
FAN,20000223,0.76,0.78,0.76,0.78,17460
FAR,20000223,0.12,0.125,0.115,0.125,471875
FBG,20000223,4.3,4.38,4.29,4.36,4987706
FCL,20000223,1.746,1.79,1.63,1.79,904718
FDR,20000223,3.12,3.12,2.95,3,28285
FEC,20000223,3.3,3.4,3.2,3.4,15850
FFI,20000223,1.15,1.15,1.15,1.15,5000
FFL,20000223,1.89,1.89,1.85,1.85,82890
FGR,20000223,0.057,0.059,0.055,0.059,708067
FHF,20000223,8.38,8.42,8.28,8.4,296599
FHL,20000223,3.8,3.9,3.8,3.85,214050
FHT,20000223,0.65,0.65,0.65,0.65,5000
FIF,20000223,4.15,4.2,4.08,4.12,148785
FIM,20000223,0.26,0.275,0.25,0.275,130367
FIT,20000223,1.06,1.09,1.06,1.09,148523
FKP,20000223,1.09,1.09,1.08,1.08,12355
FLE,20000223,0.5,0.5,0.4,0.405,65000
FLT,20000223,17.223,17.223,17.02,17.02,13370
FMH,20000223,1.2,1.2,1.18,1.2,58468
FOA,20000223,7.96,7.99,7.85,7.91,139301
FPF,20000223,0.85,0.85,0.85,0.85,24342
FRI,20000223,0.29,0.295,0.28,0.295,159909
FRO,20000223,0.24,0.24,0.22,0.22,526440
FST,20000223,2.14,2.2,2.14,2.2,37430
FTL,20000223,1.67,1.73,1.66,1.69,1558590
FTR,20000223,0.86,0.93,0.86,0.9,698111
FWD,20000223,1.6,1.6,1.6,1.6,3643
FXF,20000223,0.73,0.74,0.73,0.73,751200
FXJ,20000223,5.72,5.72,5.47,5.5,2793480
GAN,20000223,1.04,1.1,1.04,1.08,1436808
GAW,20000223,0.17,0.19,0.16,0.185,661000
GBG,20000223,0.185,0.185,0.175,0.175,112100
GBL,20000223,0.4,0.425,0.4,0.405,112799
GBS,20000223,0.4,0.41,0.385,0.405,215614
GCR,20000223,0.105,0.105,0.1,0.1,255000
GDH,20000223,0.205,0.21,0.195,0.2,1477463
GDL,20000223,0.09,0.09,0.09,0.09,8000
GDM,20000223,0.64,0.65,0.61,0.63,339505
GDN,20000223,0.18,0.205,0.18,0.195,919558
GDP,20000223,7.15,7.18,7.1,7.115,55013
GED,20000223,0.27,0.28,0.265,0.28,1517380
GEE,20000223,3.443,3.55,3.2,3.2,98210
GEG,20000223,0.63,0.63,0.6,0.6,21935
GEL,20000223,0.257,0.26,0.24,0.24,213499
GFD,20000223,0.55,0.55,0.55,0.55,40474
GGN,20000223,0.14,0.15,0.14,0.15,250000
GGR,20000223,0.08,0.08,0.078,0.08,320000
GGY,20000223,0.063,0.063,0.062,0.062,68624
GHG,20000223,1.35,1.36,1.35,1.35,231318
GHM,20000223,0.24,0.25,0.195,0.25,613691
GHP,20000223,1.18,1.21,1.18,1.21,2771632
GHR,20000223,0.225,0.23,0.225,0.23,52375
GIL,20000223,0.365,0.39,0.365,0.39,18000
GIP,20000223,0.343,0.345,0.33,0.33,191860
GIR,20000223,0.116,0.125,0.11,0.11,1227220
GKL,20000223,0.7,0.7,0.7,0.7,4000
GKR,20000223,0.65,0.65,0.65,0.65,6500
GLD,20000223,1.27,1.35,1.25,1.35,1695690
GLP,20000223,0.1,0.1,0.097,0.097,1251472
GLT,20000223,0.42,0.42,0.42,0.42,99400
GME,20000223,0.145,0.19,0.145,0.18,3118386
GMF,20000223,1.18,1.2,1.18,1.2,7932745
GML,20000223,0.175,0.175,0.175,0.175,100000
GMS,20000223,0.45,0.46,0.445,0.445,351000
GNC,20000223,8.4,8.5,8.4,8.5,951
GNR,20000223,0.088,0.088,0.083,0.083,984500
GNS,20000223,2.18,2.18,2.17,2.18,11918
GOW,20000223,1.94,1.94,1.91,1.91,3166
GPN,20000223,0.125,0.125,0.105,0.105,7583768
GPO,20000223,0.36,0.36,0.35,0.35,35500
GPT,20000223,2.457,2.54,2.457,2.51,4321674
GPY,20000223,0.225,0.225,0.225,0.225,1764
GRD,20000223,0.75,0.75,0.75,0.75,35573
GRN,20000223,0.09,0.09,0.09,0.09,102922
GRT,20000223,1.3,1.3,1.28,1.28,2800
GSE,20000223,0.35,0.355,0.345,0.345,1124646
GSF,20000223,0.72,0.72,0.68,0.68,21000
GSP,20000223,1.06,1.06,1.06,1.06,274409
GTI,20000223,0.16,0.17,0.16,0.17,150000
GTM,20000223,0.079,0.079,0.075,0.075,545580
GTN,20000223,0.75,0.8,0.75,0.8,31000
GTP,20000223,4.05,4.05,3.85,4.05,75430
GUD,20000223,1.4,1.41,1.38,1.4,53333
GUL,20000223,0.15,0.175,0.15,0.175,5746261
GVM,20000223,0.12,0.12,0.115,0.12,801583
GWF,20000223,0.36,0.36,0.36,0.36,9300
GWT,20000223,2.19,2.19,2.18,2.19,171523
GYM,20000223,0.405,0.41,0.405,0.41,111546
GZL,20000223,2.15,2.15,2.1,2.1,12620
HAH,20000223,3.592,3.592,3.55,3.55,1249532
HAM,20000223,2.4,2.4,2.4,2.4,5100
HAO,20000223,0.185,0.185,0.185,0.185,22781
HBL,20000223,0.4,0.4,0.38,0.38,33982
HCN,20000223,3.682,4,3.65,3.9,710067
HDR,20000223,0.175,0.18,0.17,0.18,1401304
HEX,20000223,0.17,0.175,0.16,0.165,1108865
HFY,20000223,0.99,0.99,0.96,0.98,77100
HGL,20000223,0.59,0.61,0.59,0.61,56875
HGR,20000223,0.25,0.25,0.25,0.25,2000
HHM,20000223,0.13,0.135,0.13,0.135,60000
HIC,20000223,0.49,0.49,0.49,0.49,4000
HIG,20000223,0.27,0.27,0.265,0.265,103368
HIH,20000223,1.3,1.32,1.29,1.29,288945
HIL,20000223,2.49,2.5,2.48,2.48,7558
HLL,20000223,0.155,0.205,0.15,0.205,8889889
HLM,20000223,0.485,0.5,0.4,0.5,611300
HLX,20000223,0.3,0.3,0.28,0.28,25781
HLY,20000223,3.24,3.27,3.2,3.2,96948
HMC,20000223,0.054,0.055,0.053,0.055,281000
HOT,20000223,0.51,0.55,0.51,0.53,1496500
HPG,20000223,0.7,0.7,0.7,0.7,250300
HPL,20000223,1.7,1.7,1.65,1.7,37082
HRD,20000223,1.884,1.884,1.7,1.7,183815
HRP,20000223,1.44,1.44,1.4,1.44,43717
HRR,20000223,0.39,0.395,0.385,0.385,373445
HRT,20000223,0.265,0.28,0.26,0.26,151400
HRZ,20000223,0.25,0.25,0.25,0.25,19824
HSL,20000223,1.674,1.68,1.65,1.68,8126
HSM,20000223,10.356,10.356,10.356,10.356,340
HSP,20000223,0.375,0.375,0.37,0.37,97217
HTA,20000223,5,5.25,4.98,5.19,315609
HTE,20000223,0.115,0.12,0.11,0.11,742850
HTL,20000223,0.6,0.6,0.6,0.6,3334
HVN,20000223,2.99,3.01,2.95,3.01,1155826
HWE,20000223,1.5,1.51,1.47,1.47,212348
HWI,20000223,0.7,0.7,0.7,0.7,8500
HWT,20000223,0.91,0.91,0.9,0.9,28143
HWW,20000223,0.4,0.4,0.4,0.4,17620
HZA,20000223,0.79,0.82,0.79,0.82,50000
HZM,20000223,0.37,0.37,0.34,0.36,137200
IAM,20000223,1.728,1.728,1.66,1.66,34941
IAS,20000223,1.13,1.13,1.06,1.06,9881
ICE,20000223,0.68,0.68,0.66,0.66,27177
ICM,20000223,0.69,0.7,0.69,0.7,39500
ICN,20000223,0.13,0.13,0.125,0.125,245927
ICS,20000223,2.4,2.4,2.2,2.29,188200
ICT,20000223,5.3,5.3,5.3,5.3,182
ICW,20000223,2.26,2.26,2.25,2.25,4000
IDT,20000223,4.3,4.65,4.3,4.65,15734
IFA,20000223,0.642,0.642,0.63,0.64,217216
IGM,20000223,0.16,0.16,0.135,0.14,152020
IGP,20000223,3.46,3.46,3.46,3.46,10000
IHG,20000223,0.425,0.465,0.425,0.46,752145
IHY,20000223,0.6,0.6,0.57,0.57,1122086
IIN,20000223,1.6,1.6,1.59,1.6,134250
IIT,20000223,1.36,1.36,1.35,1.36,1434990
ILH,20000223,0.33,0.33,0.215,0.275,184528
ILU,20000223,3.915,3.93,3.9,3.9,195176
IMD,20000223,0.145,0.145,0.14,0.14,194600
IMM,20000223,0.175,0.18,0.155,0.165,5797761
IMP,20000223,0.28,0.28,0.27,0.275,3924757
IMW,20000223,1.242,1.27,1.2,1.25,1017464
INC,20000223,1.45,1.45,1.45,1.45,22414
INF,20000223,0.443,0.48,0.443,0.47,467423
INM,20000223,0.051,0.053,0.047,0.047,2735192
ION,20000223,0.37,0.37,0.365,0.365,5250
IPH,20000223,1.79,1.85,1.78,1.85,41681
IRC,20000223,0.087,0.093,0.086,0.086,1946415
ISC,20000223,1.6,1.6,1.45,1.45,843923
ISP,20000223,0.6,0.6,0.58,0.6,133503
ITC,20000223,0.39,0.395,0.35,0.36,891147
ITE,20000223,1.03,1.03,0.99,1,223326
ITL,20000223,2.15,2.15,1.9,2.05,23800
ITP,20000223,0.64,0.64,0.58,0.64,268508
IWF,20000223,1.75,1.78,1.75,1.78,30975
IWL,20000223,0.99,1,0.95,0.95,1217366
IXL,20000223,1.778,2,1.778,1.83,687600
JAM,20000223,0.479,0.48,0.475,0.475,6100
JBM,20000223,0.95,1.05,0.95,0.96,2615815
JJS,20000223,0.99,1,0.98,0.99,139900
JLA,20000223,0.626,0.78,0.626,0.69,15256387
JRV,20000223,0.07,0.072,0.069,0.07,566155
JUM,20000223,0.493,0.493,0.465,0.49,754359
JUP,20000223,2.62,2.63,2.6,2.62,262149
JWM,20000223,0.5,0.5,0.5,0.5,3900
JYC,20000223,1.65,1.65,1.65,1.65,13000
KBG,20000223,1.42,1.45,1.36,1.37,141950
KBO,20000223,0.085,0.095,0.065,0.095,9791498
KCN,20000223,0.8,0.8,0.78,0.79,171750
KGM,20000223,0.33,0.33,0.33,0.33,11014
KIC,20000223,3.12,3.2,3.1,3.1,19000
KID,20000223,0.73,0.75,0.68,0.68,1246761
KIM,20000223,0.26,0.275,0.25,0.275,215327
KLS,20000223,0.34,0.36,0.34,0.36,54800
KMN,20000223,0.075,0.075,0.071,0.072,742682
KRS,20000223,0.19,0.2,0.18,0.2,70000
KRZ,20000223,0.037,0.039,0.036,0.036,24236925
KSC,20000223,1.391,1.48,1.391,1.42,15902
KSM,20000223,0.355,0.365,0.35,0.355,1089104
KUG,20000223,0.4,0.4,0.37,0.37,43754
KYC,20000223,11.208,11.208,10.65,10.79,190553
KZL,20000223,0.325,0.335,0.325,0.33,81445
LAC,20000223,7.691,7.93,7.64,7.85,233703
LAF,20000223,0.185,0.225,0.18,0.225,4201275
LAK,20000223,1.41,1.5,1.41,1.45,88480
LCH,20000223,0.57,0.57,0.56,0.56,202620
LDW,20000223,1.35,1.35,1.35,1.35,1500
LEI,20000223,4.9,4.95,4.8,4.8,752317
LEL,20000223,1.11,1.11,0.95,1.05,38700
LGO,20000223,0.055,0.06,0.055,0.06,166000
LHG,20000223,0.81,0.82,0.78,0.8,3228035
LIB,20000223,1.15,1.27,1.07,1.15,9282210
LKO,20000223,0.058,0.059,0.055,0.055,2354816
LLC,20000223,19.7,19.85,19.7,19.85,869570
LLR,20000223,0.093,0.093,0.09,0.09,295300
LMC,20000223,2.98,3,2.98,3,15000
LNN,20000223,2.9,2.97,2.9,2.91,162956
LON,20000223,0.3,0.3,0.28,0.28,55450
LSG,20000223,0.84,0.84,0.84,0.84,80000
LVN,20000223,0.79,0.79,0.74,0.76,497150
LYG,20000223,0.27,0.27,0.26,0.26,256300
MAH,20000223,0.2,0.2,0.185,0.185,673885
MAQ,20000223,2.75,2.8,2.75,2.75,511780
MAX,20000223,1.1,1.1,1.06,1.1,17200
MAY,20000223,3.3,3.33,3.26,3.3,811565
MBC,20000223,14.69,14.7,14.69,14.7,2340
MBG,20000223,0.079,0.079,0.079,0.079,335000
MBL,20000223,25.21,25.55,25.21,25.4,148706
MBM,20000223,0.165,0.17,0.165,0.17,50300
MBP,20000223,0.58,0.66,0.57,0.66,301760
MCA,20000223,0.94,0.94,0.93,0.94,33071
MCL,20000223,0.524,0.56,0.51,0.54,384681
MCO,20000223,0.28,0.28,0.28,0.28,45000
MCP,20000223,1.34,1.38,1.34,1.38,23045
MCR,20000223,0.1,0.105,0.1,0.105,197295
MCS,20000223,0.65,0.66,0.65,0.66,9866
MCT,20000223,0.18,0.18,0.175,0.175,35500
MCW,20000223,1.39,1.4,1.37,1.39,311768
MDL,20000223,0.125,0.125,0.12,0.12,148253
MDN,20000223,0.143,0.143,0.12,0.13,1105500
MED,20000223,0.45,0.45,0.435,0.435,156300
MEE,20000223,0.115,0.115,0.115,0.115,230000
MEM,20000223,1.25,1.25,1.25,1.25,1231
MEN,20000223,0.25,0.25,0.24,0.25,200300
MEX,20000223,0.8,0.8,0.8,0.8,102311
MFL,20000223,0.4,0.42,0.4,0.41,44868
MGD,20000223,0.3,0.3,0.285,0.29,60237
MGR,20000223,3.2,3.3,3.2,3.26,405908
MGW,20000223,3.21,3.35,3.19,3.35,33587
MIC,20000223,0.1,0.1,0.097,0.1,325000
MIG,20000223,1.259,1.27,1.24,1.26,1336567
MIK,20000223,0.475,0.48,0.44,0.47,100062
MIM,20000223,1.07,1.07,1,1.02,24326178
MIP,20000223,0.98,0.99,0.96,0.99,1666525
MIV,20000223,0.72,0.76,0.72,0.74,98500
MJN,20000223,0.33,0.33,0.28,0.295,662578
MLB,20000223,11.902,12,10.81,11.2,241258
MLE,20000223,0.82,0.82,0.8,0.8,602064
MLT,20000223,8.637,8.65,8.637,8.65,3520
MLY,20000223,0.17,0.18,0.15,0.155,14965318
MMD,20000223,0.457,0.465,0.445,0.45,383100
MME,20000223,0.76,0.77,0.75,0.76,55000
MMF,20000223,2.38,2.38,2.38,2.38,3780
MMN,20000223,0.082,0.085,0.081,0.082,1077610
MND,20000223,3.95,3.95,3.95,3.95,156
MNE,20000223,0.45,0.46,0.45,0.46,100954
MNG,20000223,0.145,0.15,0.145,0.15,89815
MNS,20000223,0.97,1.02,0.97,1.02,1100000
MOB,20000223,1.01,1.01,0.98,0.98,46970
MOD,20000223,0.145,0.145,0.145,0.145,10000
MOF,20000223,1.038,1.07,1.038,1.07,6165672
MOM,20000223,0.3,0.31,0.28,0.28,1548727
MOO,20000223,0.12,0.125,0.12,0.125,181500
MOS,20000223,0.175,0.175,0.165,0.165,173980
MPI,20000223,0.14,0.14,0.13,0.135,142500
MPO,20000223,0.12,0.13,0.12,0.125,990292
MQL,20000223,0.25,0.26,0.245,0.245,681487
MRC,20000223,0.176,0.176,0.15,0.16,481522
MRD,20000223,0.68,0.68,0.66,0.67,261453
MRL,20000223,3.6,3.6,3.45,3.5,24690
MSC,20000223,0.22,0.225,0.21,0.22,445000
MSD,20000223,0.125,0.125,0.125,0.125,42000
MSI,20000223,0.09,0.09,0.088,0.088,24330
MST,20000223,2.2,2.26,2.1,2.26,9630
MTB,20000223,0.135,0.145,0.13,0.13,220000
MTD,20000223,0.185,0.19,0.185,0.19,80000
MTR,20000223,0.76,0.87,0.75,0.84,3861133
MUL,20000223,0.85,0.9,0.84,0.88,2001709
MUR,20000223,0.67,0.7,0.67,0.7,526499
MXI,20000223,0.205,0.205,0.205,0.205,30000
MXM,20000223,1.58,1.58,1.43,1.5,326100
MXO,20000223,0.225,0.225,0.205,0.22,627500
MYM,20000223,0.61,0.63,0.59,0.6,100451
MYO,20000223,11.75,12,11.75,12,100630
MZG,20000223,0.16,0.16,0.16,0.16,97628
NAB,20000223,20.15,20.36,19.88,19.9,6337738
NAM,20000223,0.71,0.71,0.71,0.71,21333
NAU,20000223,0.95,0.95,0.95,0.95,10000
NBH,20000223,2.79,2.85,2.76,2.82,2905022
NCE,20000223,0.77,0.8,0.69,0.69,615610
NCI,20000223,1.53,1.55,1.53,1.55,5000
NCM,20000223,4.4,4.4,4.3,4.39,527663
NCP,20000223,22.7,23.35,22.69,23.08,3476687
NDO,20000223,0.051,0.052,0.05,0.05,555500
NDY,20000223,0.98,0.99,0.95,0.96,5778380
NEV,20000223,3.3,3.34,3.3,3.34,8337
NEX,20000223,0.13,0.13,0.125,0.13,2862520
NFD,20000223,2.51,2.55,2.51,2.55,227391
NFG,20000223,0.2,0.2,0.2,0.2,48000
NFM,20000223,3.94,3.94,3.94,3.94,892
NFR,20000223,0.41,0.41,0.41,0.41,1000
NGH,20000223,0.29,0.3,0.25,0.295,1382854
NHG,20000223,0.215,0.215,0.2,0.2,95300
NHM,20000223,0.08,0.08,0.07,0.075,4408330
NIX,20000223,0.94,0.94,0.87,0.87,32732
NLY,20000223,1.75,1.75,1.65,1.65,50000
NMH,20000223,2.27,2.33,2.25,2.25,1390630
NMP,20000223,1.11,1.13,1.11,1.13,2227240
NNG,20000223,0.09,0.094,0.08,0.092,140000
NRL,20000223,0.95,0.96,0.88,0.88,154973
NRT,20000223,3.643,3.75,3.643,3.72,53962
NSL,20000223,0.23,0.23,0.23,0.23,3500
NTC,20000223,0.39,0.395,0.39,0.395,34919
NTS,20000223,0.27,0.27,0.245,0.245,381563
NUF,20000223,2.98,2.98,2.95,2.95,220225
NVS,20000223,1.58,1.58,1.53,1.55,129538
NWE,20000223,0.135,0.15,0.135,0.145,84400
NWL,20000223,3.77,3.85,3.73,3.75,622191
NZO,20000223,0.385,0.385,0.385,0.385,5272
OEC,20000223,0.92,0.94,0.92,0.93,332222
OHL,20000223,0.78,0.9,0.78,0.88,1387513
OIL,20000223,2.06,2.15,1.96,2.11,223455
OLH,20000223,1.05,1.05,1.05,1.05,100
OML,20000223,1.35,1.35,1.3,1.34,1287464
OMP,20000223,0.94,1,0.94,1,6350
ONE,20000223,1.94,1.95,1.88,1.89,431540
OPS,20000223,2.67,2.7,2.63,2.7,50056
ORI,20000223,6.8,6.85,6.71,6.85,784500
ORL,20000223,2.6,2.6,2.6,2.6,5000
ORP,20000223,0.145,0.145,0.115,0.14,4599898
OSH,20000223,1.586,1.64,1.586,1.63,765730
OTO,20000223,0.455,0.47,0.455,0.455,283810
OTR,20000223,0.64,0.64,0.64,0.64,26900
OTS,20000223,3.595,3.7,3.595,3.6,37280
OTT,20000223,7.4,7.98,7.4,7.58,321804
OXR,20000223,0.165,0.17,0.155,0.16,916398
PAH,20000223,0.425,0.44,0.4,0.44,120350
PAL,20000223,0.37,0.375,0.36,0.37,335968
PAS,20000223,1.16,1.22,1.08,1.13,7307339
PAT,20000223,1.8,1.81,1.8,1.81,16500
PAY,20000223,0.69,0.69,0.69,0.69,3088
PBB,20000223,4.65,4.68,4.54,4.55,110091
PBL,20000223,15.008,15.3,15.008,15.15,5443987
PBV,20000223,2.23,2.3,2.23,2.3,12000
PBY,20000223,0.45,0.46,0.45,0.455,128174
PCE,20000223,0.55,0.56,0.52,0.53,526240
PCG,20000223,0.31,0.31,0.31,0.31,51300
PCL,20000223,0.086,0.086,0.085,0.085,80000
PCO,20000223,1.74,1.78,1.71,1.73,1238691
PCR,20000223,1.2,1.25,1.18,1.2,89758
PDC,20000223,1.05,1.06,1.03,1.06,1169705
PDG,20000223,16,16,16,16,166
PDN,20000223,0.145,0.155,0.145,0.155,1264080
PDP,20000223,1.67,1.84,1.66,1.73,4042042
PDR,20000223,0.13,0.13,0.125,0.125,478400
PEA,20000223,1.555,1.555,1.46,1.46,2000
PEM,20000223,0.3,0.3,0.295,0.3,66100
PGL,20000223,4.5,4.6,4.5,4.5,70091
PGP,20000223,0.33,0.33,0.31,0.32,517835
PHD,20000223,0.27,0.27,0.25,0.25,1795183
PHO,20000223,1.07,1.08,1.04,1.08,390465
PHT,20000223,0.75,0.78,0.75,0.78,19700
PHY,20000223,1.13,1.2,1.12,1.17,142134
PID,20000223,0.81,0.82,0.8,0.82,75218
PIL,20000223,0.83,0.85,0.8,0.84,748767
PKT,20000223,0.62,0.64,0.61,0.62,637903
PLF,20000223,4.2,4.2,4.15,4.15,6980
PLL,20000223,1.95,2,1.94,2,20000
PLM,20000223,5.34,5.34,5,5,60200
PLT,20000223,5.7,5.7,5.5,5.5,40000
PLW,20000223,2.38,2.4,2.38,2.4,17021
PLX,20000223,1.54,1.7,1.54,1.7,417836
PMA,20000223,0.35,0.36,0.33,0.335,2075260
PMC,20000223,1.38,1.38,1.34,1.36,52822
PMD,20000223,0.65,0.66,0.62,0.62,511059
PML,20000223,1.42,1.48,1.42,1.48,48000
PMM,20000223,0.752,0.752,0.73,0.74,484426
PMP,20000223,2.19,2.2,2.12,2.12,656746
PNA,20000223,0.075,0.082,0.075,0.08,244083
PNI,20000223,4.43,4.43,4.4,4.42,9010992
PNO,20000223,0.63,0.63,0.56,0.62,355346
PPL,20000223,0.16,0.16,0.16,0.16,1250
PPP,20000223,0.16,0.16,0.15,0.16,162275
PPR,20000223,0.65,0.65,0.65,0.65,3705
PPT,20000223,22.9,22.9,22.25,22.25,12561
PRB,20000223,0.033,0.035,0.033,0.034,5370961
PRE,20000223,0.09,0.12,0.09,0.115,2656887
PRG,20000223,1.65,1.65,1.63,1.65,46000
PRI,20000223,6.3,6.59,6.25,6.59,287645
PRM,20000223,0.21,0.21,0.21,0.21,155000
PRO,20000223,3.6,3.6,3.45,3.5,28500
PRR,20000223,0.24,0.24,0.23,0.235,474700
PRT,20000223,1.591,1.6,1.5,1.6,26027
PRX,20000223,0.73,0.73,0.71,0.71,88956
PRY,20000223,5.15,5.2,5.15,5.15,120870
PSA,20000223,0.2,0.215,0.2,0.2,45000
PSE,20000223,0.125,0.125,0.125,0.125,40000
PSG,20000223,0.32,0.34,0.32,0.34,38800
PSI,20000223,0.21,0.215,0.21,0.21,103000
PSV,20000223,0.2,0.2,0.2,0.2,22500
PTD,20000223,0.45,0.45,0.43,0.44,191478
PTH,20000223,0.5,0.5,0.5,0.5,10000
PTL,20000223,0.8,0.94,0.8,0.94,1063811
PTZ,20000223,0.275,0.28,0.275,0.28,464773
PUL,20000223,0.87,0.87,0.83,0.86,291230
PVL,20000223,0.375,0.375,0.375,0.375,39100
PWR,20000223,1.887,1.89,1.76,1.78,620578
PWT,20000223,3.145,3.145,2.95,2.98,1030905
PYT,20000223,0.28,0.28,0.28,0.28,25000
QAD,20000223,0.2,0.205,0.18,0.19,10994250
QAN,20000223,3.74,3.78,3.66,3.67,4948956
QBE,20000223,6.87,7,6.72,6.781,658936
QCH,20000223,3.85,3.85,3.8,3.85,5008
QMC,20000223,0.445,0.445,0.43,0.44,183700
QMM,20000223,0.39,0.39,0.36,0.36,147018
QRL,20000223,0.71,0.72,0.7,0.72,327209
QTK,20000223,0.275,0.28,0.265,0.27,3509477
QUE,20000223,0.44,0.46,0.425,0.44,95928
QUR,20000223,0.13,0.135,0.12,0.12,344100
RAC,20000223,0.062,0.062,0.058,0.061,3118646
RAL,20000223,1.35,1.38,1.35,1.38,93787
RBK,20000223,0.245,0.25,0.24,0.24,26000
RBS,20000223,1.7,1.7,1.7,1.7,1210
RCT,20000223,0.083,0.095,0.083,0.085,2711802
RDF,20000223,4.1,4.1,4,4.02,31950
REA,20000223,0.79,0.8,0.77,0.77,50567
REB,20000223,0.76,0.76,0.75,0.75,2667
REC,20000223,1.39,1.4,1.39,1.4,31000
REE,20000223,0.19,0.215,0.19,0.2,4022802
RFM,20000223,0.29,0.32,0.29,0.31,545423
RFR,20000223,0.325,0.35,0.325,0.34,1296053
RGR,20000223,0.5,0.54,0.49,0.49,37379
RGS,20000223,2.3,2.3,2.27,2.3,8348
RHC,20000223,1.01,1.02,1,1,14590
RIC,20000223,0.62,0.63,0.6,0.6,280684
RIM,20000223,0.32,0.32,0.32,0.32,5000
RIO,20000223,25.65,25.7,24.85,25.061,971767
RKN,20000223,1.88,1.89,1.83,1.84,340370
RMD,20000223,8.99,9.2,8.99,9,39173
RMW,20000223,2.6,2.6,2.6,2.6,1200
ROC,20000223,1.2,1.22,1.17,1.2,69190
ROK,20000223,2.25,2.3,2.23,2.3,8000
ROR,20000223,0.17,0.185,0.17,0.185,114500
RPM,20000223,0.07,0.07,0.066,0.066,154000
RRS,20000223,0.205,0.205,0.19,0.205,582800
RSG,20000223,0.26,0.26,0.25,0.255,1267810
RSM,20000223,0.37,0.375,0.36,0.36,147756
RTM,20000223,0.225,0.225,0.205,0.21,412229
RTS,20000223,0.36,0.36,0.36,0.36,22837
RUP,20000223,4.75,4.8,4.75,4.8,8000
RUS,20000223,0.115,0.115,0.115,0.115,50000
RVS,20000223,0.395,0.4,0.375,0.395,3343948
SAQ,20000223,4.35,4.35,4.35,4.35,500
SAS,20000223,5.559,5.65,5.35,5.35,782198
SAT,20000223,0.45,0.48,0.415,0.44,2828588
SAX,20000223,0.49,0.49,0.49,0.49,3000
SBC,20000223,8.7,8.8,8.7,8.8,25838
SBM,20000223,0.14,0.145,0.135,0.14,650110
SCD,20000223,0.12,0.125,0.12,0.125,171625
SCE,20000223,0.11,0.11,0.11,0.11,17200
SCN,20000223,0.024,0.024,0.022,0.023,12825000
SCP,20000223,1.85,1.89,1.81,1.88,177397
SCS,20000223,0.9,0.94,0.9,0.91,1026880
SDC,20000223,1.9,1.9,1.88,1.89,35700
SDG,20000223,2.45,2.45,2.45,2.45,5000
SDI,20000223,0.34,0.34,0.34,0.34,3000
SDR,20000223,0.6,0.6,0.6,0.6,7175
SED,20000223,0.185,0.185,0.16,0.17,144400
SEN,20000223,1.955,2.14,1.82,1.92,2249206
SEV,20000223,5.81,6,5.62,5.8,137855
SFL,20000223,0.86,0.86,0.82,0.82,10500
SFM,20000223,0.041,0.041,0.038,0.039,13778854
SFO,20000223,0.15,0.15,0.145,0.15,120500
SGA,20000223,0.7,0.75,0.68,0.68,33200
SGB,20000223,11.6,11.66,11.4,11.6,1080524
SGC,20000223,0.69,0.74,0.66,0.7,336183
SGN,20000223,6.75,6.75,6.5,6.5,9200
SGO,20000223,0.48,0.49,0.48,0.49,10000
SGP,20000223,3.28,3.33,3.27,3.28,1225770
SGR,20000223,0.071,0.08,0.07,0.076,9462376
SGW,20000223,4.515,4.6,4.5,4.559,176294
SHL,20000223,6.6,6.7,6.6,6.69,51773
SHM,20000223,0.12,0.12,0.12,0.12,90000
SHV,20000223,1.13,1.13,1.12,1.12,38514
SID,20000223,6.28,6.3,6.24,6.27,777987
SIG,20000223,1.53,1.55,1.51,1.53,170174
SKC,20000223,5.8,5.8,5.8,5.8,500
SKE,20000223,3.03,3.05,2.94,3.01,61517
SKN,20000223,0.125,0.155,0.125,0.13,309083
SKR,20000223,0.19,0.195,0.18,0.185,1363176
SKY,20000223,0.255,0.255,0.255,0.255,4000
SLX,20000223,3.7,3.7,3.62,3.65,90121
SMC,20000223,0.1,0.11,0.1,0.11,810500
SME,20000223,7.65,7.8,7.65,7.71,92451
SMI,20000223,8.115,8.18,8.115,8.18,243381
SMS,20000223,5.35,5.38,5.3,5.33,55426
SNF,20000223,1.22,1.22,1.2,1.2,14750
SNX,20000223,7.55,7.65,7.5,7.55,224607
SOA,20000223,2.48,2.48,2.25,2.35,49248
SOH,20000223,9.791,9.791,8,8.08,2818305
SOL,20000223,37,37,36.5,36.5,1391
SOX,20000223,0.255,0.265,0.25,0.25,129152
SPC,20000223,0.82,0.84,0.82,0.84,27175
SPD,20000223,0.25,0.25,0.24,0.24,67786
SPK,20000223,3.6,3.65,3.03,3.4,287558
SPP,20000223,2.4,2.46,2.4,2.46,23305
SPS,20000223,1.25,1.25,1.23,1.25,509622
SPT,20000223,6.03,6.03,5.98,6,131442
SPX,20000223,0.216,0.225,0.21,0.22,1148506
SRA,20000223,3.395,3.45,3.35,3.35,71200
SRI,20000223,0.079,0.081,0.078,0.08,554128
SRL,20000223,0.4,0.4,0.4,0.4,8000
SRP,20000223,4.73,4.73,4.61,4.63,786497
SRV,20000223,3.45,3.55,3.45,3.55,58275
SSE,20000223,0.315,0.32,0.31,0.32,111400
SSI,20000223,3.245,3.3,3.2,3.3,60978
SSL,20000223,0.55,0.55,0.55,0.55,5000
SSN,20000223,0.195,0.195,0.185,0.185,48037
SSR,20000223,0.58,0.61,0.58,0.61,19332
SST,20000223,2.8,2.8,2.8,2.8,677
SSX,20000223,1.679,1.69,1.62,1.64,1118344
STO,20000223,3.95,4.01,3.95,3.97,792066
STP,20000223,0.38,0.38,0.37,0.37,20000
STS,20000223,1.85,1.85,1.85,1.85,3600
STT,20000223,0.049,0.055,0.049,0.054,3457371
STU,20000223,0.25,0.255,0.25,0.25,209000
SUR,20000223,0.135,0.135,0.135,0.135,74000
SWD,20000223,0.68,0.68,0.68,0.68,11090
SWG,20000223,0.42,0.43,0.415,0.43,461105
SWS,20000223,2.65,2.65,2.65,2.65,4000
TAB,20000223,2.3,2.414,2.3,2.414,1084106
TAH,20000223,8.78,9.2,8.78,9,827980
TAI,20000223,0.097,0.097,0.095,0.097,828000
TAM,20000223,0.13,0.13,0.125,0.125,71835
TAN,20000223,1.41,1.41,1.41,1.41,5179
TAP,20000223,0.76,0.78,0.76,0.78,33587
TAT,20000223,0.38,0.38,0.38,0.38,7500
TBR,20000223,0.28,0.28,0.275,0.275,10000
TBT,20000223,0.061,0.063,0.061,0.063,433601
TCA,20000223,6.5,6.5,6.5,6.5,2568
TCL,20000223,2.6,2.61,2.5,2.55,419655
TDG,20000223,0.82,0.84,0.82,0.83,6550
TEE,20000223,0.68,0.7,0.65,0.67,367310
TEH,20000223,5.137,5.4,4.8,5.303,269130
TEL,20000223,7.219,7.27,7.21,7.25,978124
TEM,20000223,2.969,2.97,2.85,2.85,51500
TEN,20000223,2.213,2.22,2.15,2.21,315341
TGG,20000223,1.8,1.8,1.77,1.77,18802
TGL,20000223,0.26,0.26,0.245,0.245,971142
TGO,20000223,0.66,0.67,0.64,0.67,145838
TGS,20000223,0.34,0.345,0.34,0.34,70000
THG,20000223,0.77,0.78,0.77,0.78,303078
TIF,20000223,1.09,1.1,1.07,1.1,66202
TIM,20000223,2.28,2.35,2.28,2.32,86797
TIR,20000223,0.135,0.135,0.13,0.135,237000
TKG,20000223,0.074,0.074,0.07,0.071,4167162
TKR,20000223,0.34,0.36,0.34,0.35,34000
TLA,20000223,0.59,0.61,0.59,0.61,128393
TLL,20000223,0.7,0.7,0.52,0.57,893864
TLN,20000223,0.07,0.08,0.07,0.08,158500
TLO,20000223,0.7,0.7,0.67,0.68,477742
TLS,20000223,7.36,7.58,7.36,7.53,5847801
TML,20000223,0.56,0.57,0.55,0.55,630392
TMN,20000223,6.2,6.38,6,6.1,129919
TMS,20000223,1.75,1.78,1.7,1.78,96399
TNE,20000223,2.807,2.82,2.76,2.76,75188
TNY,20000223,1.1,1.15,1.1,1.15,37100
TOL,20000223,6.9,7.25,6.9,7.1,147679
TOR,20000223,1.3,1.3,1.29,1.3,206979
TPT,20000223,0.35,0.39,0.35,0.365,565734
TPX,20000223,9,9.9,9,9.9,1000
TQL,20000223,1.97,1.97,1.94,1.95,163383
TRC,20000223,0.262,0.262,0.245,0.26,2128709
TRE,20000223,0.236,0.245,0.23,0.235,1980312
TRY,20000223,0.54,0.54,0.52,0.53,62273
TSP,20000223,0.34,0.34,0.33,0.33,184687
TSR,20000223,2.75,2.75,2.5,2.5,22127
TSS,20000223,1.03,1.03,1.03,1.03,5000
TTH,20000223,0.225,0.225,0.225,0.225,6597
TTR,20000223,0.12,0.125,0.12,0.125,446369
TVL,20000223,1.482,1.51,1.482,1.51,54790
TVN,20000223,1.25,1.25,1.25,1.25,125600
TWR,20000223,3.411,3.45,3.4,3.43,81712
TXR,20000223,0.165,0.17,0.155,0.155,1937300
UCL,20000223,0.45,0.45,0.44,0.45,1164430
UCR,20000223,1.58,1.6,1.53,1.55,338222
UEL,20000223,2.45,2.47,2.44,2.44,175555
USC,20000223,0.9,0.92,0.85,0.894,358640
VEN,20000223,3.1,3.1,2.75,2.75,601300
VGL,20000223,1.681,1.681,1.63,1.64,36850
VHL,20000223,0.965,1.05,0.965,1,32449
VIA,20000223,0.33,0.33,0.3,0.3,27500
VII,20000223,0.125,0.125,0.125,0.125,400000
VIT,20000223,0.38,0.39,0.375,0.39,238065
VKI,20000223,0.29,0.3,0.29,0.3,33000
VNA,20000223,3.618,3.78,3.43,3.5,2462590
VOS,20000223,0.327,0.327,0.305,0.31,96695
VPE,20000223,0.049,0.049,0.046,0.047,3012489
VRL,20000223,2.8,2.82,2.75,2.81,101954
VSL,20000223,7.1,7.1,7.02,7.02,30857
VTI,20000223,0.25,0.375,0.215,0.35,19613493
VWD,20000223,0.75,0.8,0.75,0.78,241748
VWL,20000223,0.185,0.185,0.18,0.18,265200
VXS,20000223,4.229,4.25,3.99,4.15,108928
WAK,20000223,1.65,1.65,1.65,1.65,5800
WAM,20000223,0.97,0.97,0.96,0.96,72875
WAN,20000223,5.27,5.3,5.25,5.25,765132
WBA,20000223,0.84,0.84,0.84,0.84,4818
WBB,20000223,3.62,3.62,3.48,3.48,16029
WBC,20000223,10.066,10.35,10.05,10.18,3329788
WDP,20000223,1.75,1.75,1.7,1.7,1000
WEG,20000223,6.6,6.6,6.6,6.6,8000
WER,20000223,0.255,0.255,0.25,0.25,10000
WES,20000223,12.407,12.55,12.39,12.54,167748
WFA,20000223,1.48,1.53,1.48,1.53,1531582
WFT,20000223,2.92,3.01,2.92,3,3003742
WGC,20000223,0.065,0.069,0.065,0.066,1806300
WGR,20000223,0.16,0.16,0.15,0.15,33000
WHL,20000223,0.4,0.4,0.38,0.38,108684
WIF,20000223,0.33,0.33,0.33,0.33,4893
WIN,20000223,0.45,0.465,0.44,0.45,4678551
WMC,20000223,7.05,7.05,6.71,6.73,5141800
WME,20000223,0.15,0.185,0.15,0.185,783515
WMT,20000223,0.405,0.425,0.355,0.36,3857512
WON,20000223,0.19,0.19,0.19,0.19,339425
WOW,20000223,4.942,5.03,4.9,4.995,2307608
WPL,20000223,10.249,10.249,9.8,9.8,949728
WPO,20000223,1.19,1.19,1.15,1.15,183022
WPT,20000223,1.54,1.59,1.54,1.58,2025701
WRF,20000223,0.48,0.48,0.47,0.475,296161
WSF,20000223,9.073,9.25,8.95,8.955,2683228
WSG,20000223,0.76,0.83,0.75,0.75,5976510
WSM,20000223,0.68,0.69,0.61,0.66,472040
WTE,20000223,0.042,0.046,0.042,0.046,2397399
WTP,20000223,0.33,0.33,0.33,0.33,24279
WVI,20000223,0.55,0.64,0.55,0.63,2966422
WWA,20000223,0.39,0.39,0.35,0.355,39000
WWT,20000223,0.26,0.29,0.245,0.29,88773
WYL,20000223,4,4.02,3.96,4.02,36257
XEN,20000223,0.21,0.21,0.21,0.21,15000
YAM,20000223,0.16,0.17,0.16,0.17,2915032
YDR,20000223,0.265,0.265,0.24,0.24,445997
YSL,20000223,0.54,0.54,0.5,0.5,6642
YTS,20000223,0.762,0.762,0.72,0.72,67608
ZEL,20000223,0.63,0.64,0.62,0.62,45000
ZIM,20000223,0.67,0.67,0.66,0.67,48461
ZYL,20000223,0.34,0.39,0.3,0.38,3069666
