AAA,19980507,2.258,2.26,2.19,2.19,637509
AAP,19980507,3.34,3.4,3.28,3.4,66353
AAR,19980507,0.031,0.031,0.03,0.031,150000
AAV,19980507,1.4,1.44,1.39,1.44,78600
ABC,19980507,1.15,1.17,1.15,1.16,54007
ABD,19980507,0.055,0.058,0.055,0.058,442500
ABF,19980507,2.98,3.05,2.98,3,206096
ABG,19980507,2.4,2.4,2.4,2.4,9000
ABN,19980507,0.66,0.67,0.66,0.67,363986
ABR,19980507,0.1,0.1,0.1,0.1,3000
ABT,19980507,0.036,0.036,0.036,0.036,25000
ACY,19980507,1.04,1.04,1.03,1.03,23830
ADA,19980507,0.89,0.89,0.89,0.89,6000
ADB,19980507,5.26,5.34,5.26,5.34,26628
ADM,19980507,0.07,0.074,0.07,0.074,381653
ADT,19980507,1.95,1.95,1.95,1.95,629
ADX,19980507,0.375,0.39,0.37,0.39,215900
ADZ,19980507,3.24,3.25,3.22,3.25,104257
AEC,19980507,1.02,1.04,1.02,1.04,13400
AET,19980507,0.85,0.85,0.85,0.85,2000
AEV,19980507,0.04,0.04,0.04,0.04,100000
AEX,19980507,0.021,0.021,0.021,0.021,112050
AFF,19980507,0.42,0.42,0.42,0.42,29246
AFI,19980507,2.53,2.62,2.53,2.59,369426
AFK,19980507,0.34,0.345,0.335,0.345,146885
AFW,19980507,0.089,0.09,0.089,0.09,90000
AGA,19980507,0.18,0.18,0.18,0.18,8000
AGE,19980507,20.549,20.7,20.544,20.7,23362
AGL,19980507,11.794,11.82,11.54,11.7,208293
AGM,19980507,0.08,0.08,0.08,0.08,23000
AGN,19980507,0.25,0.255,0.25,0.25,2739000
AGR,19980507,0.4,0.4,0.4,0.4,83500
AGS,19980507,0.04,0.04,0.04,0.04,21500
AHD,19980507,5.2,5.2,5.15,5.15,125739
AHF,19980507,0.75,0.75,0.75,0.75,2000
AHX,19980507,1.72,1.72,1.71,1.72,109200
AIE,19980507,0.13,0.13,0.13,0.13,85000
AIF,19980507,0.35,0.35,0.35,0.35,60000
AIX,19980507,2.55,2.57,2.55,2.57,50970
AJO,19980507,2.12,2.12,2.12,2.12,3028574
AJR,19980507,0.96,0.97,0.96,0.97,148830
AJS,19980507,1.1,1.1,1.09,1.1,90800
AKC,19980507,4.75,4.75,4.7,4.7,27270
AKD,19980507,0.036,0.036,0.036,0.036,52700
AKL,19980507,0.17,0.175,0.17,0.175,289000
ALA,19980507,0.88,0.9,0.88,0.9,41133
ALK,19980507,0.37,0.37,0.37,0.37,2400
ALL,19980507,3.7,3.71,3.69,3.7,41746
ALO,19980507,0.66,0.66,0.65,0.65,48000
ALZ,19980507,1.32,1.32,1.32,1.32,29000
AMC,19980507,6.957,7.05,6.93,7,1152033
AMG,19980507,0.071,0.071,0.07,0.07,236000
AMI,19980507,0.155,0.155,0.15,0.155,760348
AML,19980507,2.25,2.25,2.19,2.25,53200
AMS,19980507,0.07,0.07,0.07,0.07,400
ANE,19980507,2.63,2.75,2.63,2.75,38955
ANF,19980507,1.4,1.4,1.4,1.4,2000
ANI,19980507,0.95,0.97,0.95,0.97,464500
ANL,19980507,3.8,3.81,3.8,3.8,33671
ANS,19980507,0.6,0.6,0.6,0.6,1300
ANZ,19980507,10.701,10.92,10.65,10.89,3635315
AOF,19980507,1.23,1.24,1.23,1.24,44965
AOG,19980507,1.65,1.65,1.65,1.65,400
APE,19980507,4,4,4,4,1000
APF,19980507,1.64,1.64,1.63,1.64,318850
APG,19980507,0.041,0.043,0.041,0.041,142636
API,19980507,2.35,2.35,2.3,2.3,152392
APN,19980507,2.36,2.39,2.34,2.39,998556
APW,19980507,3.2,3.2,3.15,3.15,5000
APY,19980507,1.6,1.62,1.6,1.6,28000
AQS,19980507,0.605,0.61,0.59,0.61,164000
ARA,19980507,0.47,0.49,0.46,0.46,190250
ARC,19980507,0.16,0.16,0.155,0.155,27000
ARG,19980507,3.35,3.35,3.3,3.3,57170
ARL,19980507,3.131,3.23,3.1,3.18,280104
ARO,19980507,1.35,1.35,1.35,1.35,14000
ARP,19980507,3.6,3.6,3.6,3.6,536
ARQ,19980507,0.41,0.41,0.4,0.4,374100
ARS,19980507,0.347,0.415,0.33,0.39,5048387
ASE,19980507,0.22,0.22,0.22,0.22,26000
ASH,19980507,1.28,1.28,1.28,1.28,255841
ASL,19980507,0.88,0.9,0.88,0.88,68000
ASU,19980507,0.145,0.145,0.14,0.145,326000
ATD,19980507,0.038,0.038,0.038,0.038,1800
ATI,19980507,0.25,0.25,0.25,0.25,3000
ATU,19980507,0.61,0.62,0.61,0.62,17600
AUD,19980507,2.7,2.72,2.67,2.72,28966
AUG,19980507,1.5,1.5,1.45,1.5,43000
AUI,19980507,2.76,2.76,2.76,2.76,2000
AUO,19980507,0.47,0.47,0.47,0.47,20000
AVJ,19980507,0.52,0.52,0.52,0.52,454716
AVL,19980507,0.18,0.18,0.18,0.18,25000
AVR,19980507,0.81,0.81,0.81,0.81,13704
AWA,19980507,0.64,0.66,0.64,0.64,171207
AWE,19980507,0.35,0.38,0.35,0.38,10000
AWI,19980507,0.335,0.36,0.335,0.36,100000
AXI,19980507,0.18,0.185,0.18,0.185,37000
AXR,19980507,0.43,0.43,0.41,0.41,418000
AYO,19980507,0.651,0.651,0.65,0.65,40358
AZL,19980507,0.21,0.225,0.21,0.225,5555
BAE,19980507,0.25,0.25,0.245,0.245,50000
BAT,19980507,27.79,27.79,27.75,27.76,13095
BCD,19980507,1.13,1.15,1.13,1.15,7200
BCH,19980507,0.15,0.15,0.15,0.15,4000
BDG,19980507,0.1,0.1,0.095,0.1,61450
BDL,19980507,0.65,0.65,0.65,0.65,104426
BDS,19980507,3.3,3.3,3.3,3.3,2300
BEM,19980507,0.36,0.36,0.36,0.36,5000
BEN,19980507,3.71,3.73,3.7,3.7,16071
BER,19980507,0.46,0.49,0.46,0.49,23300
BGD,19980507,0.385,0.39,0.385,0.39,84000
BGF,19980507,0.024,0.025,0.022,0.022,234000
BHP,19980507,14.142,14.37,14.05,14.2,3802768
BHT,19980507,0.95,0.95,0.94,0.94,523602
BIC,19980507,0.3,0.3,0.29,0.29,13379
BID,19980507,0.89,0.89,0.85,0.85,7441
BII,19980507,0.21,0.225,0.2,0.225,77120
BIL,19980507,32.85,33.5,32.7,33.1,284178
BIR,19980507,0.97,0.99,0.97,0.98,812482
BKA,19980507,0.16,0.16,0.16,0.16,5000
BKL,19980507,5.6,5.6,5.5,5.5,5000
BKR,19980507,0.38,0.38,0.37,0.37,25463
BKS,19980507,0.025,0.025,0.025,0.025,35000
BLI,19980507,0.1,0.1,0.1,0.1,15000
BLO,19980507,0.41,0.415,0.39,0.395,151317
BMG,19980507,7,7,7,7,50
BMX,19980507,0.205,0.205,0.205,0.205,5000
BNA,19980507,0.044,0.044,0.042,0.042,100000
BOA,19980507,0.67,0.67,0.67,0.67,20000
BOC,19980507,0.442,0.45,0.44,0.45,177341
BOG,19980507,0.05,0.05,0.05,0.05,20000
BOR,19980507,3.403,3.47,3.37,3.43,1347340
BPC,19980507,0.172,0.175,0.145,0.165,786251
BPT,19980507,0.057,0.059,0.057,0.059,163881
BQD,19980507,5.52,5.52,5.45,5.45,5134
BRI,19980507,0.165,0.165,0.165,0.165,113000
BRL,19980507,5.2,5.2,5.17,5.2,135574
BRN,19980507,0.215,0.22,0.215,0.22,10084
BRS,19980507,1.44,1.45,1.43,1.44,39800
BRY,19980507,0.85,0.86,0.84,0.86,564450
BRZ,19980507,2.5,2.52,2.5,2.52,36809
BSO,19980507,4.41,4.41,4.4,4.4,25906
BTA,19980507,4.42,4.45,4.3,4.39,44289
BTD,19980507,0.044,0.044,0.044,0.044,50625
BTE,19980507,0.69,0.69,0.68,0.69,88968
BTG,19980507,0.67,0.67,0.67,0.67,24000
BTL,19980507,5.166,5.17,5.138,5.15,64020
BTM,19980507,0.365,0.365,0.355,0.355,73189
BTO,19980507,1.55,1.55,1.54,1.54,81213
BTP,19980507,2.05,2.05,2.02,2.05,60679
BTY,19980507,3.25,3.25,3.25,3.25,22775
BUG,19980507,1,1,1,1,30700
BWA,19980507,3.02,3.02,3,3,578736
CAA,19980507,3.18,3.22,3.17,3.17,513102
CAE,19980507,0.019,0.019,0.019,0.019,170000
CAG,19980507,0.125,0.125,0.115,0.115,268348
CAI,19980507,0.25,0.25,0.25,0.25,30000
CAR,19980507,0.125,0.125,0.12,0.125,508333
CAT,19980507,0.38,0.38,0.35,0.35,107303
CBA,19980507,18.665,18.9,18.665,18.88,1549215
CBI,19980507,1.2,1.2,1.2,1.2,210
CBL,19980507,0.032,0.032,0.032,0.032,215000
CBN,19980507,0.1,0.1,0.1,0.1,5000
CBS,19980507,22.698,22.7,22.698,22.7,5055
CCL,19980507,11.95,12.2,11.95,12.16,618769
CCN,19980507,0.43,0.43,0.41,0.43,190167
CCR,19980507,0.19,0.19,0.18,0.19,136161
CCV,19980507,0.29,0.295,0.29,0.29,45000
CDK,19980507,0.64,0.64,0.64,0.64,9000
CEP,19980507,2.6,2.6,2.59,2.59,33394
CEQ,19980507,1.32,1.32,1.3,1.3,46070
CEV,19980507,0.04,0.04,0.04,0.04,44396
CEW,19980507,1.45,1.45,1.45,1.45,3700
CEY,19980507,0.51,0.51,0.5,0.5,67708
CFA,19980507,0.19,0.19,0.185,0.185,60200
CFR,19980507,0.021,0.021,0.02,0.021,311393
CFS,19980507,1.11,1.11,1.11,1.11,1000
CGD,19980507,0.69,0.71,0.69,0.71,39506
CGH,19980507,5.558,5.69,5.5,5.65,1293582
CGN,19980507,0.1,0.1,0.092,0.1,82000
CHF,19980507,0.575,0.6,0.56,0.59,703214
CHL,19980507,0.445,0.445,0.42,0.445,89395
CHO,19980507,10.5,10.5,10.5,10.5,3717
CHV,19980507,0.3,0.32,0.3,0.32,128630
CHY,19980507,1.88,1.88,1.88,1.88,31000
CIA,19980507,2.05,2.05,2.02,2.05,34500
CID,19980507,0.3,0.3,0.3,0.3,5000
CIE,19980507,0.61,0.61,0.61,0.61,1903
CIH,19980507,0.44,0.44,0.42,0.42,66350
CIM,19980507,0.195,0.195,0.195,0.195,978220
CIO,19980507,0.57,0.61,0.57,0.6,196800
CIP,19980507,2.06,2.06,2.05,2.06,73377
CIR,19980507,0.95,0.95,0.95,0.95,4100
CIS,19980507,0.12,0.12,0.12,0.12,50000
CKS,19980507,1.04,1.04,1.04,1.04,5800
CLI,19980507,2.2,2.2,2.2,2.2,6227
CLL,19980507,2.3,2.3,2.3,2.3,7320
CLO,19980507,0.76,0.76,0.75,0.76,125600
CLR,19980507,2.16,2.18,2.14,2.18,65056
CMC,19980507,6.78,6.78,6.69,6.75,332827
CMF,19980507,1.39,1.4,1.39,1.4,98970
CML,19980507,7.49,7.58,7.47,7.55,526877
CMR,19980507,0.5,0.5,0.5,0.5,45000
CMU,19980507,1.25,1.25,1.22,1.22,7000
CMX,19980507,0.36,0.37,0.36,0.37,51000
CMZ,19980507,0.572,0.61,0.57,0.59,1787504
CNA,19980507,7.51,7.51,7.51,7.51,1700
CND,19980507,1.7,1.7,1.7,1.7,10000
CNF,19980507,0.09,0.09,0.09,0.09,5500
CNG,19980507,0.48,0.5,0.48,0.5,190336
CNN,19980507,0.45,0.45,0.45,0.45,900
CNT,19980507,0.072,0.072,0.072,0.072,105000
COA,19980507,3.11,3.13,3.11,3.13,30654
COC,19980507,2.26,2.27,2.26,2.27,565179
COF,19980507,3.06,3.06,3.05,3.06,5900
COG,19980507,0.065,0.07,0.065,0.07,58000
COH,19980507,6.35,6.35,6.25,6.25,20000
COT,19980507,1.07,1.07,1.05,1.06,31079
CPB,19980507,4.75,4.75,4.75,4.75,5618
CPC,19980507,0.115,0.12,0.115,0.12,85800
CPI,19980507,2.32,2.32,2.32,2.32,2000
CPL,19980507,2.3,2.3,2.28,2.28,81343
CPM,19980507,5.65,5.7,5.65,5.7,50000
CPU,19980507,5.39,5.41,5.39,5.4,49072
CPW,19980507,4.01,4.02,4,4,33332
CPY,19980507,1.03,1.03,1.02,1.02,201264
CRG,19980507,9.9,9.95,9.9,9.95,103540
CRO,19980507,0.602,0.61,0.59,0.61,2521066
CRS,19980507,0.28,0.28,0.28,0.28,181000
CRT,19980507,0.46,0.5,0.46,0.5,38199
CRV,19980507,0.93,0.93,0.93,0.93,21334
CSL,19980507,10.356,10.5,10.25,10.38,283520
CSP,19980507,4.21,4.21,4.2,4.21,11501
CSR,19980507,4.87,4.95,4.85,4.9,1324261
CSY,19980507,0.14,0.14,0.14,0.14,10000
CTL,19980507,2.65,2.65,2.65,2.65,926609
CTM,19980507,2.65,2.65,2.65,2.65,9628
CTR,19980507,0.79,0.79,0.78,0.78,248977
CTX,19980507,3.918,3.92,3.9,3.91,560344
CUE,19980507,0.09,0.09,0.088,0.088,144347
CVI,19980507,2.55,2.55,2.45,2.45,21513
CWI,19980507,1.5,1.5,1.49,1.5,421327
CWP,19980507,0.88,0.88,0.88,0.88,10000
CXA,19980507,0.127,0.16,0.127,0.15,386434
CXP,19980507,0.84,0.89,0.8,0.89,51531
CXR,19980507,0.27,0.28,0.27,0.28,456002
CYG,19980507,5.2,5.2,5.19,5.2,16763
CYH,19980507,0.065,0.069,0.063,0.069,125000
DAH,19980507,0.25,0.25,0.25,0.25,9200
DCI,19980507,0.079,0.079,0.075,0.075,28125
DEF,19980507,0.051,0.051,0.05,0.05,150136
DGD,19980507,2.2,2.2,2.17,2.17,122560
DGM,19980507,0.009,0.012,0.009,0.011,1451901
DGN,19980507,0.066,0.066,0.066,0.066,9000
DIO,19980507,0.056,0.056,0.055,0.055,42000
DJS,19980507,1.817,1.83,1.8,1.83,343855
DJW,19980507,3.7,3.71,3.7,3.71,84371
DMC,19980507,0.06,0.06,0.06,0.06,3123
DMR,19980507,0.105,0.105,0.105,0.105,50000
DNR,19980507,0.06,0.06,0.06,0.06,1066
DNS,19980507,0.08,0.08,0.08,0.08,20000
DOM,19980507,0.31,0.325,0.31,0.315,107462
DOR,19980507,0.105,0.105,0.096,0.105,41600
DPG,19980507,6.3,6.3,6.3,6.3,1107
DRA,19980507,0.05,0.05,0.05,0.05,50000
DTL,19980507,1.52,1.55,1.5,1.55,21775
DUI,19980507,1.29,1.29,1.27,1.27,3601
DVD,19980507,0.87,0.87,0.85,0.85,69906
DVL,19980507,1.18,1.18,1.18,1.18,32500
DVN,19980507,0.68,0.69,0.68,0.68,33500
EAM,19980507,1.39,1.42,1.39,1.41,32760
EBG,19980507,0.056,0.056,0.056,0.056,6000
EBR,19980507,0.12,0.12,0.12,0.12,77456
ECM,19980507,0.57,0.57,0.56,0.56,12452
ECT,19980507,0.95,0.95,0.91,0.91,16477
ECU,19980507,0.19,0.21,0.19,0.2,116500
EDI,19980507,4.15,4.22,4.15,4.18,751581
EEC,19980507,0.928,0.93,0.9,0.92,1655776
EGD,19980507,0.08,0.08,0.08,0.08,59500
EGO,19980507,0.205,0.205,0.2,0.2,9850
ELT,19980507,1.45,1.48,1.45,1.47,35500
EML,19980507,3.31,3.4,3.31,3.4,217020
EMM,19980507,0.13,0.14,0.13,0.14,33000
EMP,19980507,0.607,0.61,0.55,0.57,348222
ENE,19980507,2.45,2.47,2.45,2.45,94740
ENV,19980507,1.076,1.08,1.07,1.07,226470
EQI,19980507,0.33,0.35,0.32,0.35,255000
EQK,19980507,0.53,0.53,0.53,0.53,17000
EQR,19980507,0.15,0.15,0.145,0.145,52000
ERA,19980507,4.16,4.16,4.15,4.15,15480
ERG,19980507,1.047,1.07,1.04,1.05,147488
ERS,19980507,1.05,1.05,1.05,1.05,59000
ESA,19980507,0.135,0.135,0.135,0.135,1000
ESE,19980507,0.32,0.32,0.32,0.32,105200
ESI,19980507,0.3,0.3,0.3,0.3,5566
FAI,19980507,0.5,0.51,0.5,0.51,255966
FAR,19980507,0.215,0.215,0.21,0.21,155000
FBG,19980507,3.33,3.41,3.31,3.39,4700114
FBO,19980507,2.08,2.08,2.06,2.06,28807
FCL,19980507,1.547,1.55,1.54,1.55,201437
FDR,19980507,0.052,0.058,0.051,0.057,1789697
FFL,19980507,1.54,1.54,1.54,1.54,500
FGR,19980507,0.025,0.026,0.025,0.026,314882
FHF,19980507,7.4,7.4,7.35,7.4,110238
FIF,19980507,4.9,4.92,4.88,4.91,217375
FIG,19980507,0.048,0.048,0.045,0.045,170500
FIM,19980507,0.073,0.073,0.073,0.073,15806
FLE,19980507,0.37,0.37,0.37,0.37,4000
FLL,19980507,0.61,0.61,0.6,0.6,160167
FLT,19980507,3.2,3.3,3.2,3.3,21973
FMH,19980507,2.47,2.47,2.45,2.45,2700
FNC,19980507,0.036,0.037,0.036,0.037,47267
FOA,19980507,10.9,11,10.85,11,50913
FPF,19980507,1.14,1.14,1.14,1.14,1553
FPG,19980507,1.13,1.14,1.13,1.14,20289
FRM,19980507,0.64,0.64,0.64,0.64,23000
FRO,19980507,0.071,0.071,0.071,0.071,50000
FRP,19980507,1.39,1.4,1.39,1.4,924556
FRT,19980507,1.5,1.5,1.44,1.44,7750
FSR,19980507,0.05,0.05,0.05,0.05,93329
FST,19980507,2.48,2.48,2.46,2.46,10600
FTU,19980507,0.015,0.015,0.015,0.015,145500
FWD,19980507,1.69,1.69,1.5,1.5,2001
FXF,19980507,0.19,0.2,0.19,0.2,551194
FXJ,19980507,2.76,2.8,2.75,2.8,1141884
GAL,19980507,1.8,1.8,1.8,1.8,2400
GAN,19980507,1.22,1.22,1.22,1.22,1843820
GAW,19980507,0.067,0.069,0.067,0.069,104925
GBG,19980507,0.15,0.15,0.15,0.15,10000
GCC,19980507,0.347,0.35,0.335,0.335,255400
GCM,19980507,2.345,2.345,2.3,2.31,378421
GCR,19980507,0.12,0.13,0.12,0.13,78667
GDA,19980507,0.034,0.034,0.034,0.034,5000
GDC,19980507,0.1,0.1,0.1,0.1,623
GDH,19980507,0.3,0.3,0.3,0.3,9755
GDM,19980507,0.26,0.26,0.26,0.26,8000
GDN,19980507,0.073,0.073,0.072,0.072,60000
GDP,19980507,0.85,0.87,0.85,0.87,2500
GED,19980507,0.185,0.185,0.185,0.185,10000
GEG,19980507,0.33,0.33,0.33,0.33,12202
GEL,19980507,0.3,0.32,0.3,0.32,16416
GFA,19980507,6.27,6.27,6.27,6.27,56
GFD,19980507,0.42,0.42,0.42,0.42,12000
GGS,19980507,0.091,0.091,0.091,0.091,68500
GGY,19980507,0.11,0.11,0.1,0.1,215602
GHG,19980507,1.66,1.66,1.66,1.66,21700
GHP,19980507,1.22,1.22,1.22,1.22,80652
GHR,19980507,0.34,0.35,0.34,0.35,160000
GIO,19980507,4.342,4.36,4.29,4.31,952728
GIR,19980507,0.075,0.075,0.075,0.075,16000
GLD,19980507,1.85,1.91,1.85,1.9,31306
GLT,19980507,0.135,0.135,0.135,0.135,37095
GME,19980507,0.052,0.055,0.052,0.055,65000
GMF,19980507,2.36,2.37,2.33,2.35,1152755
GML,19980507,0.165,0.165,0.165,0.165,5500
GMS,19980507,0.64,0.64,0.64,0.64,13000
GNC,19980507,12.5,12.5,12.1,12.1,1250
GNR,19980507,0.08,0.08,0.08,0.08,61087
GNS,19980507,1.56,1.56,1.56,1.56,60000
GOW,19980507,2.45,2.45,2.45,2.45,4400
GPA,19980507,0.45,0.45,0.45,0.45,6259
GPN,19980507,0.03,0.03,0.03,0.03,30000
GPT,19980507,2.792,2.84,2.79,2.81,2868722
GPY,19980507,0.205,0.205,0.205,0.205,8001
GRA,19980507,0.085,0.085,0.085,0.085,100000
GRC,19980507,0.06,0.06,0.06,0.06,19300
GRE,19980507,0.31,0.33,0.3,0.3,119000
GRI,19980507,0.12,0.12,0.12,0.12,61072
GRN,19980507,0.115,0.115,0.115,0.115,8500
GRT,19980507,0.76,0.76,0.76,0.76,500
GSO,19980507,0.13,0.13,0.13,0.13,88333
GSP,19980507,0.82,0.82,0.82,0.82,132289
GTM,19980507,0.03,0.03,0.028,0.028,351000
GTN,19980507,0.16,0.16,0.16,0.16,10000
GUD,19980507,2.83,2.83,2.78,2.83,98000
GWC,19980507,1.45,1.45,1.41,1.41,310000
GWF,19980507,0.62,0.62,0.62,0.62,18000
GWT,19980507,2.8,2.82,2.8,2.8,455244
GYM,19980507,0.37,0.37,0.365,0.365,50000
GZL,19980507,1.6,1.6,1.6,1.6,20000
HAH,19980507,4.85,4.85,4.7,4.75,183540
HAO,19980507,0.18,0.18,0.16,0.16,171442
HAR,19980507,0.53,0.53,0.52,0.52,69600
HCD,19980507,0.85,0.85,0.85,0.85,1900
HCL,19980507,0.7,0.7,0.7,0.7,43810
HCO,19980507,4.35,4.35,4.32,4.32,1372
HDR,19980507,0.06,0.066,0.06,0.066,1765418
HEI,19980507,0.52,0.52,0.52,0.52,10000
HER,19980507,0.465,0.466,0.465,0.465,50000
HFY,19980507,0.48,0.485,0.48,0.48,129200
HGL,19980507,0.85,0.96,0.85,0.96,12000
HGV,19980507,0.62,0.62,0.62,0.62,3784
HIC,19980507,0.56,0.56,0.56,0.56,35000
HIG,19980507,0.67,0.67,0.65,0.65,7914
HIH,19980507,3.197,3.23,3.19,3.23,121888
HIL,19980507,2.41,2.41,2.41,2.41,750
HLN,19980507,1.27,1.29,1.27,1.29,31005
HLR,19980507,0.075,0.075,0.075,0.075,91852
HLX,19980507,0.38,0.385,0.38,0.385,80000
HLY,19980507,2.6,2.6,2.59,2.6,400249
HMC,19980507,0.035,0.035,0.035,0.035,228000
HNG,19980507,1.52,1.52,1.52,1.52,4000
HOY,19980507,2.65,2.66,2.64,2.66,205118
HPA,19980507,0.075,0.075,0.072,0.072,22000
HPL,19980507,1.15,1.15,1.15,1.15,100000
HRP,19980507,1.28,1.29,1.28,1.28,482235
HRR,19980507,0.14,0.14,0.135,0.135,27142
HRS,19980507,0.175,0.175,0.175,0.175,18000
HRT,19980507,0.18,0.18,0.18,0.18,150000
HRW,19980507,2.01,2.02,2.01,2.02,40009
HSL,19980507,3.28,3.28,3.28,3.28,10416
HSM,19980507,18.2,18.2,18.2,18.2,5000
HSP,19980507,0.68,0.68,0.68,0.68,30500
HVN,19980507,8.25,8.3,8.17,8.25,74343
IAM,19980507,2.16,2.16,2.15,2.16,29685
ICN,19980507,0.09,0.09,0.075,0.085,45000
ICT,19980507,5.71,5.75,5.7,5.72,31172
IDT,19980507,0.72,0.72,0.72,0.72,10000
IFA,19980507,0.8,0.8,0.78,0.8,232421
IFT,19980507,1.31,1.32,1.28,1.29,145000
IGM,19980507,0.035,0.035,0.035,0.035,1200
IHG,19980507,1.018,1.03,1,1,142900
IHN,19980507,0.51,0.51,0.5,0.5,16000
IIT,19980507,1.7,1.71,1.7,1.71,11156
ILH,19980507,0.52,0.52,0.52,0.52,40000
IMD,19980507,0.175,0.175,0.175,0.175,160000
IMP,19980507,0.033,0.033,0.033,0.033,125534
IMR,19980507,0.065,0.065,0.065,0.065,270000
ION,19980507,0.34,0.34,0.34,0.34,6500
IPH,19980507,2.02,2.06,2.02,2.06,3220
IPY,19980507,1.05,1.05,1.05,1.05,252398
IRO,19980507,0.7,0.7,0.7,0.7,10000
ITN,19980507,0.12,0.12,0.12,0.12,5000
IXL,19980507,0.49,0.49,0.49,0.49,2820
JBG,19980507,0.58,0.58,0.57,0.57,41750
JFC,19980507,0.61,0.61,0.6,0.6,80842
JJS,19980507,1.55,1.55,1.55,1.55,8000
JLA,19980507,0.081,0.081,0.08,0.08,43513
JNA,19980507,1.45,1.45,1.44,1.45,31800
JOD,19980507,0.01,0.01,0.01,0.01,9069
JRV,19980507,0.07,0.07,0.07,0.07,35000
JUP,19980507,2.7,2.71,2.68,2.7,181665
JWM,19980507,3.2,3.45,3.2,3.45,9160
KBO,19980507,0.11,0.11,0.11,0.11,90000
KCN,19980507,0.56,0.56,0.55,0.56,92641
KGH,19980507,0.586,0.586,0.58,0.58,158665
KGM,19980507,0.72,0.74,0.72,0.74,67249
KGR,19980507,0.041,0.045,0.04,0.041,699997
KLS,19980507,0.13,0.13,0.13,0.13,215000
KLZ,19980507,1.36,1.38,1.36,1.36,39388
KOV,19980507,1.85,1.85,1.85,1.85,6000
KPL,19980507,0.76,0.8,0.76,0.8,41500
KRS,19980507,0.076,0.076,0.073,0.075,474000
KUG,19980507,0.051,0.051,0.051,0.051,37000
KYC,19980507,1.632,1.64,1.55,1.55,230416
KYD,19980507,0.36,0.36,0.35,0.35,31000
LAC,19980507,1.65,1.74,1.65,1.74,56646
LAF,19980507,0.085,0.085,0.08,0.08,20000
LEG,19980507,0.18,0.18,0.18,0.18,220800
LEI,19980507,6,6.05,6,6,488806
LEO,19980507,0.15,0.155,0.15,0.155,200000
LEV,19980507,3.7,3.7,3.7,3.7,1225
LGI,19980507,1.12,1.13,1.12,1.12,80830
LHG,19980507,2.439,2.45,2.38,2.44,1155227
LKO,19980507,0.022,0.024,0.021,0.024,520000
LLC,19980507,36.193,36.8,36.12,36.8,235349
LLR,19980507,0.115,0.115,0.11,0.115,158000
LNN,19980507,3.96,4,3.96,4,346501
LSG,19980507,0.86,0.86,0.86,0.86,20544
LYG,19980507,0.051,0.056,0.051,0.055,67160
MAH,19980507,0.5,0.51,0.5,0.5,93214
MAT,19980507,2.55,2.58,2.55,2.58,2341
MAX,19980507,0.94,0.94,0.94,0.94,10000
MAY,19980507,8.48,8.56,8.47,8.5,559387
MBC,19980507,5.45,5.47,5.45,5.47,2782
MBG,19980507,0.044,0.058,0.044,0.058,107000
MBK,19980507,2.82,2.95,2.82,2.92,72580
MBL,19980507,14.4,14.42,14.25,14.25,35893
MCP,19980507,1.42,1.45,1.4,1.45,47575
MCT,19980507,0.13,0.13,0.125,0.125,103000
MDC,19980507,2.95,2.95,2.95,2.95,10000
MDI,19980507,0.05,0.05,0.047,0.047,52334
MED,19980507,0.33,0.33,0.32,0.32,15000
MEE,19980507,0.18,0.18,0.18,0.18,44797
MEN,19980507,0.27,0.27,0.27,0.27,15000
MEX,19980507,0.99,0.99,0.99,0.99,2000
MGD,19980507,0.181,0.25,0.18,0.25,18307
MGL,19980507,0.122,0.122,0.12,0.12,53000
MGW,19980507,1.98,2,1.96,2,13498
MHI,19980507,0.115,0.115,0.115,0.115,20000
MIM,19980507,0.901,0.91,0.89,0.91,5041570
MJN,19980507,0.11,0.11,0.11,0.11,550000
MLK,19980507,1.96,1.96,1.95,1.95,5220
MLT,19980507,9.15,9.15,9.15,9.15,203
MLY,19980507,0.16,0.16,0.16,0.16,5700
MMC,19980507,0.91,0.91,0.9,0.9,24352
MMD,19980507,0.24,0.24,0.24,0.24,31000
MMF,19980507,2.27,2.27,2.25,2.27,23834
MMN,19980507,0.096,0.096,0.088,0.088,35449
MMU,19980507,2.87,2.9,2.85,2.88,74325
MNE,19980507,0.235,0.24,0.235,0.24,61400
MNG,19980507,0.11,0.11,0.11,0.11,2340
MOD,19980507,0.145,0.145,0.145,0.145,1780
MOM,19980507,0.055,0.055,0.052,0.052,40000
MOO,19980507,0.11,0.11,0.11,0.11,32500
MOS,19980507,0.29,0.3,0.285,0.29,406310
MPT,19980507,1.55,1.56,1.54,1.55,635153
MQL,19980507,0.21,0.22,0.21,0.22,10000
MRC,19980507,0.275,0.28,0.26,0.26,73060
MRD,19980507,1.52,1.55,1.52,1.54,237635
MRH,19980507,0.5,0.5,0.48,0.48,17000
MRV,19980507,2.1,2.13,2.1,2.12,428156
MSC,19980507,0.17,0.2,0.17,0.2,50000
MSF,19980507,9,9,9,9,900
MSG,19980507,0.28,0.28,0.28,0.28,10000
MSI,19980507,0.16,0.16,0.16,0.16,5000
MTB,19980507,0.048,0.056,0.048,0.056,72000
MTD,19980507,0.095,0.095,0.095,0.095,20000
MTK,19980507,0.5,0.56,0.5,0.56,10614
MTL,19980507,2,2.01,2,2,6038
MUR,19980507,0.25,0.25,0.25,0.25,200
MZG,19980507,0.23,0.235,0.23,0.23,267000
NAB,19980507,21.896,22.38,21.896,22.33,3709478
NAM,19980507,0.8,0.8,0.8,0.8,351500
NAU,19980507,0.75,0.76,0.75,0.76,108850
NBH,19980507,4.102,4.15,4.07,4.09,3767442
NCM,19980507,2.463,2.482,2.37,2.437,1752756
NCP,19980507,10.744,10.78,10.63,10.63,3686714
NDB,19980507,0.15,0.15,0.15,0.15,10000
NDY,19980507,1.622,1.65,1.61,1.65,1941365
NFD,19980507,2.858,2.96,2.85,2.96,174179
NFM,19980507,6.01,6.01,6,6,19400
NFO,19980507,0.11,0.11,0.11,0.11,9000
NHG,19980507,0.105,0.105,0.105,0.105,138000
NHR,19980507,0.65,0.65,0.64,0.64,22700
NIX,19980507,1.22,1.22,1.21,1.21,56267
NMH,19980507,3.678,3.72,3.61,3.7,1771807
NML,19980507,3.32,3.32,3.25,3.3,66929
NMP,19980507,1.24,1.25,1.24,1.24,81321
NMW,19980507,1.1,1.1,1.1,1.1,35700
NNG,19980507,0.063,0.063,0.06,0.061,1380000
NPC,19980507,0.96,0.96,0.96,0.96,8889
NPT,19980507,1.11,1.13,1.11,1.11,701899
NRT,19980507,2.801,2.801,2.75,2.8,59400
NSL,19980507,0.34,0.35,0.34,0.35,60000
NTL,19980507,0.9,0.9,0.9,0.9,10913
NTS,19980507,0.125,0.125,0.125,0.125,7800
NVS,19980507,3.07,3.07,3,3.02,787684
NWE,19980507,0.135,0.135,0.135,0.135,110000
NZO,19980507,0.315,0.315,0.315,0.315,30550
OCA,19980507,2.55,2.55,2.55,2.55,500
OCR,19980507,0.065,0.065,0.061,0.061,50000
OEC,19980507,0.91,0.91,0.9,0.9,56904
OFT,19980507,0.68,0.68,0.68,0.68,48000
OHL,19980507,0.45,0.45,0.45,0.45,10340
OIL,19980507,0.2,0.21,0.2,0.21,14699
OML,19980507,3.25,3.25,3.15,3.18,219045
OMO,19980507,0.165,0.165,0.165,0.165,10000
OMP,19980507,0.7,0.7,0.7,0.7,5668
ONE,19980507,2.35,2.35,2.3,2.3,800
ONI,19980507,0.38,0.38,0.38,0.38,14000
OPS,19980507,3.35,3.35,3.32,3.35,85836
ORI,19980507,10.894,10.97,10.7,10.97,869511
OSH,19980507,3.27,3.32,3.27,3.3,958231
OTR,19980507,1.1,1.1,1.1,1.1,5500
OXR,19980507,0.155,0.155,0.15,0.15,258994
PAL,19980507,0.105,0.105,0.105,0.105,50000
PAS,19980507,1.59,1.61,1.55,1.55,5321089
PBB,19980507,4.203,4.26,4.2,4.26,71553
PBL,19980507,7.62,7.63,7.59,7.62,239643
PBY,19980507,0.37,0.37,0.36,0.36,83889
PCE,19980507,0.51,0.51,0.5,0.5,50000
PDC,19980507,1.3,1.32,1.3,1.32,18255
PDG,19980507,21.4,21.4,21.4,21.4,46
PDN,19980507,0.13,0.13,0.125,0.125,120656
PDP,19980507,2.83,2.96,2.83,2.92,3184239
PEM,19980507,0.485,0.49,0.485,0.49,49411
PFP,19980507,1.44,1.44,1.44,1.44,3225
PGL,19980507,6.2,6.5,6.2,6.25,51827
PGT,19980507,0.07,0.07,0.07,0.07,55000
PHD,19980507,0.15,0.15,0.15,0.15,11000
PHO,19980507,0.105,0.11,0.105,0.11,30000
PHT,19980507,1.03,1.03,1.03,1.03,5680
PHY,19980507,1.05,1.06,1.05,1.06,6944
PID,19980507,0.99,0.99,0.99,0.99,38091
PII,19980507,1.24,1.25,1.23,1.23,224898
PIP,19980507,0.74,0.75,0.74,0.74,131475
PLF,19980507,1.51,1.51,1.51,1.51,17171
PLM,19980507,4.6,4.6,4.6,4.6,1000
PLS,19980507,4.15,4.17,4.15,4.15,468425
PLW,19980507,2.15,2.15,2.1,2.15,20000
PMA,19980507,0.51,0.51,0.5,0.5,239979
PMC,19980507,1,1,0.98,0.98,112062
PMM,19980507,2.05,2.06,2.04,2.05,47679
PMP,19980507,2.7,2.72,2.7,2.7,441642
PMT,19980507,5.9,5.9,5.9,5.9,12300
PMV,19980507,2.25,2.25,2.2,2.2,46110
PNA,19980507,0.22,0.22,0.215,0.22,53806
PNI,19980507,4.294,4.35,4.28,4.33,486250
PNL,19980507,0.25,0.26,0.25,0.26,133000
PPK,19980507,0.54,0.54,0.54,0.54,10000
PPP,19980507,0.1,0.105,0.1,0.105,1029300
PPR,19980507,0.94,0.94,0.93,0.93,6600
PPT,19980507,12.7,12.7,12.7,12.7,2219
PRB,19980507,0.022,0.022,0.022,0.022,83000
PRE,19980507,0.06,0.065,0.06,0.06,122000
PRH,19980507,2.45,2.45,2.43,2.43,21262
PRL,19980507,0.65,0.65,0.65,0.65,10000
PRM,19980507,0.465,0.465,0.45,0.45,9400
PRO,19980507,0.76,0.76,0.75,0.76,81600
PRP,19980507,1.16,1.16,1.15,1.16,146136
PRT,19980507,3.1,3.25,3.1,3.25,18002
PRX,19980507,1.01,1.02,0.99,1,1201200
PSA,19980507,6.22,6.22,6.21,6.22,8279
PSG,19980507,0.315,0.315,0.31,0.31,7700
PSN,19980507,22,22,22,22,660
PSR,19980507,3.75,3.75,3.5,3.65,95952
PSV,19980507,0.42,0.42,0.42,0.42,7200
PTD,19980507,0.22,0.225,0.22,0.22,104000
PTS,19980507,0.09,0.09,0.09,0.09,36280
PTZ,19980507,1.06,1.06,1.03,1.03,102710
QAN,19980507,2.36,2.4,2.34,2.34,629527
QBE,19980507,7.11,7.13,7.04,7.1,1519663
QCH,19980507,5.35,5.4,5.35,5.4,1579383
QMC,19980507,1,1,1,1,44333
QNI,19980507,0.866,0.88,0.86,0.88,902425
QRL,19980507,1.1,1.13,1.1,1.13,127010
QTI,19980507,0.18,0.18,0.18,0.18,10637
QTK,19980507,0.049,0.059,0.049,0.059,5246900
QUR,19980507,0.56,0.56,0.54,0.56,166000
RAC,19980507,4.2,4.25,4.2,4.25,45355
RAG,19980507,0.011,0.011,0.01,0.011,345341
RBL,19980507,0.43,0.43,0.43,0.43,5000
RCT,19980507,0.057,0.057,0.057,0.057,5713
REB,19980507,1.69,1.7,1.69,1.7,6480
RFM,19980507,0.08,0.08,0.08,0.08,18000
RFR,19980507,0.1,0.1,0.095,0.095,31000
RGC,19980507,2.043,2.05,1.96,2.01,91615
RGR,19980507,0.026,0.026,0.026,0.026,224062
RGS,19980507,3.85,3.85,3.85,3.85,1000
RHC,19980507,2.35,2.35,2.35,2.35,80802
RHO,19980507,0.05,0.05,0.05,0.05,120000
RIC,19980507,1.33,1.36,1.33,1.36,57714
RIM,19980507,0.1,0.1,0.095,0.095,92527
RIO,19980507,21.385,21.56,21.385,21.5,785006
RND,19980507,0.03,0.03,0.03,0.03,100000
ROR,19980507,0.38,0.39,0.36,0.39,46400
RPM,19980507,0.085,0.085,0.085,0.085,10000
RRM,19980507,0.17,0.17,0.17,0.17,800
RRR,19980507,0.2,0.2,0.19,0.19,202850
RSG,19980507,1.465,1.49,1.45,1.46,1327614
RSM,19980507,0.87,0.87,0.86,0.87,41220
RTH,19980507,10.2,10.25,10.1,10.1,49006
RTM,19980507,0.05,0.05,0.05,0.05,30000
RTS,19980507,0.7,0.7,0.68,0.68,11037
RUP,19980507,4.68,4.68,4.68,4.68,1500
RVS,19980507,0.095,0.095,0.091,0.092,310000
SAR,19980507,0.35,0.35,0.35,0.35,4000
SAS,19980507,0.15,0.17,0.15,0.16,407347
SBC,19980507,6.8,6.8,6.8,6.8,11000
SBE,19980507,1.25,1.25,1.25,1.25,2500
SBM,19980507,0.155,0.16,0.15,0.15,690318
SBR,19980507,0.105,0.105,0.1,0.1,33001
SCE,19980507,0.27,0.275,0.27,0.275,4500
SCH,19980507,2.6,2.62,2.6,2.62,1516934
SCM,19980507,2.12,2.15,2.12,2.15,2172
SCN,19980507,0.01,0.01,0.01,0.01,100000
SCP,19980507,1.479,1.5,1.479,1.5,32813
SCR,19980507,2.947,2.95,2.947,2.95,39764
SCS,19980507,0.22,0.22,0.22,0.22,25000
SCX,19980507,0.05,0.05,0.05,0.05,10000
SDI,19980507,0.36,0.36,0.36,0.36,1000
SDR,19980507,0.9,0.9,0.87,0.87,144290
SDT,19980507,0.136,0.14,0.105,0.105,1660263
SET,19980507,4.1,4.1,4.1,4.1,5661
SEV,19980507,5.625,5.625,5.53,5.56,155599
SFC,19980507,2.15,2.15,2.15,2.15,2000
SFM,19980507,0.095,0.095,0.095,0.095,200000
SGA,19980507,0.44,0.44,0.44,0.44,50000
SGB,19980507,9.626,9.76,9.6,9.68,721447
SGI,19980507,1.414,1.43,1.4,1.43,170225
SGN,19980507,3.45,3.45,3.45,3.45,2500
SGP,19980507,3.86,3.87,3.84,3.85,859581
SGR,19980507,0.075,0.075,0.07,0.072,282534
SGW,19980507,4.841,4.895,4.67,4.67,47125
SHL,19980507,2,2,2,2,9000
SHV,19980507,1,1,1,1,5000
SID,19980507,6.85,6.85,6.8,6.8,23874
SKE,19980507,1.9,1.9,1.9,1.9,586548
SLX,19980507,0.65,0.65,0.58,0.58,1634680
SMC,19980507,0.038,0.038,0.037,0.037,40000
SME,19980507,8.6,8.76,8.6,8.75,42444
SMI,19980507,11.017,11.16,10.95,11.145,431926
SMM,19980507,0.18,0.18,0.18,0.18,30000
SMS,19980507,7.58,7.63,7.55,7.55,28774
SMU,19980507,0.12,0.12,0.12,0.12,58000
SNX,19980507,0.22,0.24,0.21,0.24,163499
SOA,19980507,0.17,0.17,0.17,0.17,2000
SOH,19980507,1.1,1.11,1.1,1.11,145378
SOL,19980507,29.8,30,29.6,30,18096
SOV,19980507,0.05,0.05,0.048,0.05,400000
SPC,19980507,0.5,0.5,0.5,0.5,334
SPP,19980507,2.39,2.4,2.39,2.4,56628
SPS,19980507,1.32,1.32,1.3,1.3,16600
SPT,19980507,3.76,3.76,3.75,3.75,16828
SQG,19980507,0.015,0.015,0.015,0.015,130000
SRI,19980507,0.081,0.081,0.075,0.075,442562
SRL,19980507,0.76,0.76,0.76,0.76,13172
SRO,19980507,0.062,0.062,0.062,0.062,92000
SRP,19980507,5.668,5.75,5.656,5.74,595672
SSE,19980507,0.66,0.67,0.66,0.66,154465
SSI,19980507,1.12,1.12,1.12,1.12,2300
SSN,19980507,0.03,0.03,0.03,0.03,826000
SSR,19980507,1.52,1.58,1.52,1.58,10189
STM,19980507,0.055,0.06,0.055,0.06,55000
STO,19980507,5.543,5.55,5.5,5.52,1459922
STS,19980507,2.61,2.61,2.61,2.61,3090
STU,19980507,0.16,0.165,0.16,0.165,25000
STV,19980507,12,12,12,12,1060
SUR,19980507,0.145,0.145,0.145,0.145,89000
SVR,19980507,0.69,0.69,0.68,0.69,576895
SWD,19980507,1.01,1.01,1,1,5281
SWS,19980507,3.9,3.9,3.87,3.88,71400
SYD,19980507,1.1,1.1,1.08,1.08,2359532
TAH,19980507,8.45,8.47,8.44,8.46,460190
TAI,19980507,0.095,0.095,0.09,0.091,1668043
TAM,19980507,0.12,0.12,0.115,0.115,100000
TAN,19980507,1.03,1.03,1,1,752000
TAP,19980507,1.21,1.21,1.19,1.2,66134
TAT,19980507,0.75,0.75,0.73,0.73,39850
TBR,19980507,0.07,0.07,0.07,0.07,10000
TCA,19980507,6.3,6.3,6.3,6.3,84
TCE,19980507,1.11,1.11,1.1,1.1,39000
TCL,19980507,1290,1290,1290,1290,80
TEH,19980507,1.6,1.6,1.57,1.6,32200
TEL,19980507,7.291,7.291,7.24,7.26,94300
TEM,19980507,1.2,1.2,1.2,1.2,1177
TEN,19980507,2.334,2.36,2.334,2.36,1887945
TGG,19980507,1.74,1.74,1.73,1.74,9098
TGL,19980507,0.021,0.021,0.021,0.021,103750
THG,19980507,0.64,0.65,0.64,0.64,639657
TIG,19980507,0.36,0.36,0.36,0.36,25251
TIM,19980507,4.75,4.75,4.65,4.65,4545
TIR,19980507,0.145,0.145,0.14,0.145,136000
TKR,19980507,0.14,0.14,0.14,0.14,26500
TLA,19980507,1.1,1.1,1.09,1.09,489814
TLN,19980507,0.06,0.061,0.06,0.061,58000
TMS,19980507,1.56,1.56,1.51,1.56,31497
TNY,19980507,1.1,1.15,1.1,1.15,89999
TOL,19980507,2.27,2.27,2.27,2.27,12001
TPT,19980507,0.37,0.37,0.37,0.37,70000
TRE,19980507,0.07,0.07,0.07,0.07,5000
TRI,19980507,0.098,0.1,0.098,0.1,565000
TRY,19980507,0.49,0.49,0.49,0.49,52840
TSP,19980507,0.255,0.26,0.255,0.255,206000
TSS,19980507,1.374,1.38,1.35,1.38,10951
TTH,19980507,0.345,0.345,0.345,0.345,4497
TTR,19980507,0.155,0.16,0.155,0.155,511210
TXR,19980507,0.025,0.025,0.025,0.025,400
TYA,19980507,2.62,2.65,2.62,2.65,22315
UAL,19980507,0.125,0.125,0.125,0.125,40000
UCR,19980507,3.6,3.69,3.6,3.69,546106
UGM,19980507,0.28,0.285,0.27,0.275,304140
UMG,19980507,0.047,0.047,0.047,0.047,380803
USC,19980507,0.19,0.19,0.19,0.19,26000
VEP,19980507,1.07,1.08,1.06,1.07,1430544
VII,19980507,0.065,0.065,0.065,0.065,120000
VNA,19980507,0.42,0.44,0.42,0.44,39179
VOS,19980507,0.4,0.4,0.4,0.4,5500
VPE,19980507,0.08,0.082,0.08,0.08,470500
VRL,19980507,3.41,3.43,3.4,3.4,70339
VWD,19980507,1.27,1.28,1.25,1.25,25155
VWL,19980507,0.34,0.34,0.34,0.34,38634
WAN,19980507,5.55,5.56,5.5,5.51,378338
WBA,19980507,0.86,0.86,0.86,0.86,3046
WBB,19980507,3.21,3.21,3.21,3.21,2
WBC,19980507,10.203,10.47,10.18,10.47,2355095
WEG,19980507,9,9,9,9,100
WES,19980507,13.38,13.5,13.38,13.44,97173
WFA,19980507,1.46,1.47,1.45,1.47,1147712
WFT,19980507,3.23,3.25,3.22,3.24,2445459
WGR,19980507,0.21,0.21,0.2,0.2,50000
WHF,19980507,2.3,2.35,2.3,2.35,31296
WHK,19980507,0.055,0.055,0.055,0.055,128000
WHW,19980507,2.55,2.6,2.55,2.6,7000
WJM,19980507,4,4,4,4,5000
WKC,19980507,0.78,0.78,0.75,0.75,548264
WKM,19980507,0.45,0.45,0.45,0.45,4400
WLH,19980507,0.07,0.071,0.07,0.071,30000
WMC,19980507,5.294,5.3,5.244,5.28,3718342
WME,19980507,0.051,0.051,0.051,0.051,1250
WMT,19980507,0.78,0.78,0.76,0.76,44800
WON,19980507,0.39,0.39,0.38,0.39,170000
WOW,19980507,5.378,5.56,5.33,5.55,1436742
WPL,19980507,9.83,9.85,9.7,9.75,857615
WPT,19980507,1.77,1.78,1.77,1.77,296033
WRF,19980507,0.35,0.35,0.33,0.33,80000
WSF,19980507,7.91,7.93,7.9,7.93,59440
WSG,19980507,0.14,0.14,0.14,0.14,75000
WSL,19980507,3.92,3.93,3.85,3.93,7772
WTP,19980507,0.38,0.38,0.38,0.38,95000
WWH,19980507,3.55,3.55,3.55,3.55,7200
WYL,19980507,5.215,5.25,5.2,5.25,106387
XEN,19980507,0.05,0.05,0.05,0.05,28000
YAM,19980507,0.092,0.097,0.091,0.095,106245
YDR,19980507,0.085,0.085,0.085,0.085,50500
YNX,19980507,0.13,0.14,0.13,0.14,216000
YTS,19980507,1.08,1.09,1.08,1.09,10300
