AAA,19980402,2.03,2.03,1.98,1.98,1001947
AAP,19980402,3.1,3.1,3.07,3.1,84746
AAR,19980402,0.031,0.038,0.031,0.038,90500
AAV,19980402,1.4,1.4,1.4,1.4,62360
ABC,19980402,1.169,1.22,1.169,1.21,46200
ABD,19980402,0.055,0.061,0.055,0.061,291500
ABF,19980402,2.2,2.2,2.18,2.18,303370
ABG,19980402,2.82,2.82,2.81,2.82,48785
ABN,19980402,0.64,0.64,0.63,0.64,115600
ACY,19980402,1.06,1.07,1.06,1.06,102750
ADA,19980402,0.97,0.97,0.97,0.97,8065
ADB,19980402,5.42,5.44,5.4,5.4,32875
ADF,19980402,0.125,0.125,0.125,0.125,77900
ADG,19980402,2.19,2.2,2.19,2.2,12970
ADH,19980402,0.54,0.55,0.52,0.52,82411
ADM,19980402,0.054,0.055,0.054,0.054,319150
ADX,19980402,0.33,0.33,0.32,0.32,124750
ADZ,19980402,3.06,3.07,3.04,3.04,27119
AEC,19980402,1.05,1.05,1.05,1.05,5600
AEG,19980402,0.13,0.13,0.13,0.13,100000
AET,19980402,0.7,0.7,0.7,0.7,10000
AEV,19980402,0.04,0.04,0.04,0.04,19600
AFF,19980402,0.395,0.395,0.395,0.395,110741
AFI,19980402,2.764,2.78,2.72,2.72,267190
AFK,19980402,0.37,0.37,0.345,0.345,454093
AFW,19980402,0.072,0.075,0.072,0.075,130000
AGE,19980402,22.023,22.023,20.7,20.7,91920
AGH,19980402,0.9,0.9,0.88,0.88,501500
AGL,19980402,12.139,12.2,11.86,11.86,650197
AGN,19980402,0.255,0.255,0.255,0.255,10000
AGR,19980402,0.4,0.4,0.4,0.4,209000
AHA,19980402,13.35,13.35,13.35,13.35,1
AHD,19980402,5.8,5.8,5.8,5.8,5525
AHF,19980402,0.75,0.75,0.74,0.74,5400
AHX,19980402,1.88,1.88,1.86,1.88,44304
AIE,19980402,0.075,0.09,0.075,0.075,104666
AIF,19980402,0.32,0.32,0.3,0.32,15000
AIX,19980402,2.72,2.72,2.7,2.7,182323
AIZ,19980402,2.19,2.19,2.19,2.19,7075
AJO,19980402,2.03,2.04,2.03,2.04,117215
AJR,19980402,0.99,1,0.99,0.99,254056
AJS,19980402,1.13,1.13,1.11,1.11,19689
AKC,19980402,4.15,4.2,4.15,4.2,5233
AKD,19980402,0.039,0.042,0.036,0.042,44200
AKL,19980402,0.18,0.185,0.18,0.18,517800
ALA,19980402,0.93,0.95,0.93,0.95,11701
ALK,19980402,0.3,0.3,0.3,0.3,310
ALL,19980402,3.68,3.68,3.6,3.62,44947
ALO,19980402,0.65,0.65,0.65,0.65,27000
AMC,19980402,6.638,6.7,6.62,6.68,1098817
AMI,19980402,0.085,0.095,0.08,0.095,728500
AML,19980402,2.36,2.36,2.35,2.35,22735
AMS,19980402,0.12,0.12,0.12,0.12,80600
AMU,19980402,0.175,0.175,0.175,0.175,10000
ANC,19980402,3.6,3.6,3.55,3.55,11788
ANE,19980402,2.9,2.9,2.9,2.9,4000
ANI,19980402,1.078,1.08,1.04,1.05,4579800
ANL,19980402,3.6,3.61,3.57,3.6,162764
ANZ,19980402,10.174,10.43,10.174,10.38,3456504
AOF,19980402,1.28,1.28,1.27,1.28,199996
AOG,19980402,1.67,1.67,1.67,1.67,76045
AOV,19980402,0.115,0.115,0.115,0.115,71528
APE,19980402,3.9,3.9,3.9,3.9,8000
APF,19980402,1.68,1.68,1.66,1.68,212827
API,19980402,2.46,2.46,2.46,2.46,4651
APN,19980402,2.71,2.75,2.7,2.75,850005
APU,19980402,0.36,0.36,0.36,0.36,500
APW,19980402,3.5,3.5,3.5,3.5,5222
AQS,19980402,0.38,0.38,0.38,0.38,5000
ARA,19980402,0.49,0.5,0.49,0.5,9122
ARC,19980402,0.15,0.15,0.15,0.15,64125
ARF,19980402,1.2,1.2,1.18,1.18,1600
ARG,19980402,3.6,3.63,3.56,3.62,69145
ARL,19980402,3.7,3.7,3.68,3.68,325340
ARO,19980402,1.2,1.2,1.2,1.2,1000
ARQ,19980402,0.4,0.4,0.39,0.39,41000
ARS,19980402,0.161,0.165,0.16,0.165,673701
ASE,19980402,0.24,0.24,0.24,0.24,22280
ASH,19980402,1.268,1.27,1.26,1.26,77851
ASL,19980402,0.81,0.82,0.8,0.81,28202
ASU,19980402,0.115,0.115,0.115,0.115,17000
ATP,19980402,0.27,0.28,0.27,0.27,21500
ATU,19980402,0.65,0.66,0.65,0.66,22095
AUC,19980402,0.71,0.73,0.71,0.73,12758
AUD,19980402,2.8,2.8,2.78,2.79,53370
AUG,19980402,1.54,1.54,1.5,1.5,19000
AUI,19980402,2.74,2.74,2.74,2.74,10000
AUM,19980402,0.05,0.05,0.05,0.05,26650
AUO,19980402,0.51,0.51,0.51,0.51,513300
AVJ,19980402,0.57,0.57,0.57,0.57,35000
AVL,19980402,0.175,0.185,0.175,0.18,1346390
AVR,19980402,0.89,0.9,0.88,0.89,806234
AWA,19980402,0.64,0.65,0.63,0.65,173397
AWE,19980402,0.44,0.46,0.44,0.46,386900
AWH,19980402,1.88,1.88,1.87,1.87,2899
AWI,19980402,0.33,0.33,0.33,0.33,95000
AXI,19980402,0.2,0.2,0.2,0.2,9000
AXR,19980402,0.392,0.392,0.37,0.37,292400
AYO,19980402,0.73,0.73,0.73,0.73,11671
BAE,19980402,0.305,0.305,0.3,0.3,64500
BAH,19980402,0.24,0.24,0.22,0.22,63666
BAT,19980402,27.7,27.7,27.65,27.65,1000
BCD,19980402,1.05,1.07,1.05,1.06,20050
BCH,19980402,0.17,0.17,0.17,0.17,6000
BDG,19980402,0.11,0.11,0.1,0.1,204500
BDL,19980402,0.67,0.67,0.66,0.67,85130
BDS,19980402,3.2,3.2,3.2,3.2,300
BEM,19980402,0.41,0.41,0.4,0.4,3000
BEN,19980402,4,4.02,3.96,3.99,36153
BER,19980402,0.52,0.52,0.52,0.52,3850
BGD,19980402,0.38,0.38,0.38,0.38,82500
BHP,19980402,15.377,15.43,15.3,15.41,3445370
BHT,19980402,0.92,0.93,0.92,0.93,508817
BIC,19980402,0.22,0.22,0.22,0.22,100000
BID,19980402,0.75,0.75,0.75,0.75,5000
BII,19980402,0.268,0.27,0.26,0.265,85000
BIL,19980402,30.84,31,30.8,30.8,443034
BIR,19980402,0.99,0.99,0.96,0.96,324650
BKA,19980402,0.17,0.17,0.17,0.17,5000
BKL,19980402,5.78,5.78,5.78,5.78,1000
BKR,19980402,0.67,0.67,0.66,0.66,42500
BKS,19980402,0.039,0.039,0.035,0.035,204000
BLI,19980402,0.14,0.14,0.14,0.14,11650
BLO,19980402,0.45,0.45,0.445,0.445,47000
BMX,19980402,0.25,0.25,0.25,0.25,4000
BOA,19980402,0.695,0.7,0.69,0.69,127762
BOC,19980402,0.405,0.41,0.4,0.41,280539
BOG,19980402,0.051,0.051,0.051,0.051,201000
BOR,19980402,3.718,3.72,3.66,3.67,3438661
BPC,19980402,0.213,0.215,0.205,0.205,462954
BPT,19980402,0.069,0.07,0.066,0.066,45300
BQD,19980402,5.54,5.54,5.51,5.51,2849
BRI,19980402,0.165,0.17,0.165,0.17,40000
BRL,19980402,5.16,5.22,5.16,5.2,238762
BRS,19980402,1.56,1.57,1.56,1.56,44600
BRY,19980402,0.878,0.88,0.84,0.84,3415891
BRZ,19980402,2.5,2.56,2.5,2.5,36140
BSG,19980402,0.072,0.072,0.072,0.072,4000
BSO,19980402,4.54,4.55,4.54,4.55,13000
BTA,19980402,4.47,4.5,4.45,4.5,288247
BTE,19980402,0.7,0.71,0.7,0.7,215618
BTG,19980402,0.65,0.65,0.64,0.65,23932
BTL,19980402,5.049,5.07,5.049,5.05,112307
BTM,19980402,0.365,0.365,0.36,0.36,323202
BTO,19980402,1.56,1.56,1.54,1.54,1323311
BTP,19980402,1.94,1.95,1.93,1.93,110895
BUG,19980402,1.02,1.02,1,1.01,60000
BVT,19980402,0.43,0.43,0.43,0.43,3300
BWA,19980402,3.2,3.26,3.2,3.23,201134
BYI,19980402,1.67,1.67,1.67,1.67,5766
CAA,19980402,3.28,3.31,3.28,3.3,452567
CAE,19980402,0.019,0.019,0.019,0.019,6375090
CAG,19980402,0.15,0.16,0.15,0.16,1449777
CAR,19980402,0.135,0.135,0.13,0.13,128500
CAT,19980402,0.34,0.34,0.34,0.34,29200
CBA,19980402,18.1,18.11,17.88,17.9,2255807
CBL,19980402,0.027,0.027,0.027,0.027,663400
CBN,19980402,0.12,0.12,0.12,0.12,29000
CBS,19980402,20.5,20.6,20.5,20.6,4210
CCL,19980402,12.088,12.29,12.03,12.15,664166
CCN,19980402,0.49,0.5,0.485,0.49,167295
CCR,19980402,0.2,0.22,0.2,0.22,34900
CCV,19980402,0.35,0.35,0.31,0.31,123800
CDX,19980402,3,3,3,3,2000
CEA,19980402,0.011,0.015,0.01,0.015,898000
CEP,19980402,2.61,2.63,2.61,2.61,24859
CEQ,19980402,1.38,1.38,1.36,1.38,33360
CEW,19980402,1.65,1.65,1.61,1.61,9733
CEY,19980402,0.52,0.52,0.51,0.52,67000
CGD,19980402,0.56,0.58,0.56,0.57,92502
CGH,19980402,5,5.05,5,5.03,1848207
CGN,19980402,0.09,0.105,0.09,0.09,618423
CGY,19980402,9.8,9.8,9.8,9.8,907
CHE,19980402,0.16,0.16,0.16,0.16,73000
CHF,19980402,0.47,0.47,0.435,0.435,190332
CHL,19980402,0.485,0.49,0.485,0.49,38891
CHO,19980402,10.7,10.75,10.6,10.6,171000
CHV,19980402,0.33,0.33,0.33,0.33,3000
CIA,19980402,1.84,1.84,1.84,1.84,19500
CIH,19980402,0.5,0.52,0.5,0.52,49541
CIM,19980402,0.215,0.225,0.215,0.22,452897
CIO,19980402,0.53,0.53,0.53,0.53,5000
CIP,19980402,2.06,2.06,2.05,2.05,194595
CIR,19980402,1.08,1.08,1.08,1.08,2000
CIS,19980402,0.1,0.1,0.1,0.1,3900
CLK,19980402,0.95,0.95,0.95,0.95,7000
CLO,19980402,0.78,0.79,0.76,0.79,674278
CLR,19980402,2.185,2.185,2.14,2.15,83179
CLS,19980402,2.3,2.31,2.3,2.3,28500
CMC,19980402,6.45,6.55,6.44,6.49,164993
CMF,19980402,1.42,1.42,1.4,1.4,292367
CMK,19980402,0.6,0.6,0.6,0.6,4000
CML,19980402,7.641,7.7,7.63,7.64,1432753
CMR,19980402,0.4,0.4,0.4,0.4,5000
CMU,19980402,1.12,1.12,1.12,1.12,10200
CMX,19980402,0.36,0.36,0.36,0.36,15000
CMZ,19980402,0.495,0.52,0.495,0.52,291638
CND,19980402,1.92,1.92,1.89,1.9,35200
CNF,19980402,0.091,0.091,0.091,0.091,6950
CNG,19980402,0.35,0.35,0.35,0.35,16000
CNM,19980402,0.04,0.041,0.04,0.04,1535000
CNN,19980402,0.6,0.61,0.59,0.59,20500
CNT,19980402,0.073,0.073,0.073,0.073,360000
COA,19980402,3.39,3.39,3.3,3.3,129476
COC,19980402,2.32,2.32,2.32,2.32,75696
COF,19980402,3.35,3.35,3.31,3.31,50000
COG,19980402,0.048,0.048,0.048,0.048,50000
COH,19980402,5.92,5.92,5.92,5.92,293248
COT,19980402,1.15,1.15,1.14,1.15,313891
CPB,19980402,4.88,4.88,4.88,4.88,500
CPC,19980402,0.13,0.13,0.13,0.13,72000
CPI,19980402,2.35,2.35,2.35,2.35,2000
CPL,19980402,2.27,2.28,2.27,2.28,127400
CPM,19980402,6.65,6.65,6.65,6.65,9001
CPU,19980402,4.5,4.6,4.5,4.6,86720
CPY,19980402,1.03,1.04,1.03,1.03,485240
CRG,19980402,11,11,10.75,10.75,49225
CRO,19980402,0.662,0.68,0.66,0.68,1617610
CRS,19980402,0.25,0.25,0.25,0.25,248000
CRT,19980402,0.54,0.54,0.54,0.54,1321
CRV,19980402,0.96,0.96,0.96,0.96,20367
CSA,19980402,0.22,0.22,0.215,0.22,24300
CSL,19980402,11.3,11.45,11.3,11.4,45301
CSP,19980402,4.309,4.309,4.3,4.3,3056
CSR,19980402,5.017,5.15,4.98,5,1608351
CTL,19980402,2.7,2.72,2.7,2.7,10400
CTR,19980402,0.83,0.84,0.82,0.82,785378
CTX,19980402,4.25,4.26,4.23,4.25,59168
CUC,19980402,1.06,1.06,1.06,1.06,2000
CUE,19980402,0.105,0.11,0.1,0.11,713889
CVI,19980402,2.2,2.2,2.2,2.2,2000
CVN,19980402,0.015,0.015,0.014,0.014,345000
CWG,19980402,0.15,0.15,0.15,0.15,10000
CWI,19980402,1.5,1.5,1.49,1.49,430691
CXR,19980402,0.303,0.315,0.295,0.3,1674635
CYH,19980402,0.056,0.056,0.056,0.056,50000
DAH,19980402,0.33,0.33,0.33,0.33,17000
DAR,19980402,1.25,1.25,1.25,1.25,18000
DCI,19980402,0.086,0.09,0.086,0.089,296000
DDV,19980402,0.125,0.125,0.12,0.12,35000
DEF,19980402,0.061,0.061,0.06,0.06,135000
DEM,19980402,0.2,0.2,0.2,0.2,100000
DFI,19980402,1.27,1.27,1.27,1.27,182147
DGD,19980402,1.999,2.02,1.999,2,169848
DGM,19980402,0.007,0.007,0.007,0.007,7
DGN,19980402,0.055,0.055,0.055,0.055,10000
DJS,19980402,1.729,1.77,1.729,1.75,660162
DJW,19980402,3.87,3.88,3.87,3.87,33555
DNR,19980402,0.096,0.096,0.096,0.096,30000
DOM,19980402,0.3,0.3,0.3,0.3,34283
DOR,19980402,0.091,0.091,0.091,0.091,51900
DPG,19980402,6.68,6.68,6.64,6.64,25300
DRA,19980402,0.052,0.052,0.052,0.052,50000
DRE,19980402,0.15,0.15,0.15,0.15,32109
DRN,19980402,0.54,0.59,0.54,0.58,45000
DSH,19980402,0.39,0.39,0.39,0.39,10470
DTL,19980402,1.78,1.78,1.78,1.78,10000
DUI,19980402,1.27,1.27,1.27,1.27,11
DVD,19980402,0.964,1,0.94,0.96,2408602
DVN,19980402,0.76,0.76,0.76,0.76,2586
EAM,19980402,1.4,1.4,1.4,1.4,9500
ECA,19980402,0.8,0.8,0.77,0.77,17000
ECM,19980402,0.6,0.6,0.55,0.6,107685
ECT,19980402,1,1,1,1,8000
EDI,19980402,4.456,4.53,4.456,4.53,94731
EEC,19980402,0.65,0.66,0.63,0.64,421096
EGD,19980402,0.05,0.05,0.05,0.05,100000
EGO,19980402,0.22,0.22,0.22,0.22,40000
ELT,19980402,1.36,1.37,1.36,1.36,16375
EML,19980402,3.556,3.6,3.45,3.45,1055276
EMM,19980402,0.175,0.175,0.17,0.17,36000
EMP,19980402,0.45,0.45,0.45,0.45,5000
ENE,19980402,2.6,2.6,2.6,2.6,7432
ENV,19980402,1.1,1.1,1.08,1.09,2341833
EQI,19980402,0.27,0.27,0.27,0.27,50000
EQK,19980402,0.62,0.63,0.62,0.62,55400
EQM,19980402,3.3,3.3,3.3,3.3,3100
EQR,19980402,0.145,0.165,0.145,0.165,30000
ERA,19980402,4.4,4.4,4.38,4.38,1102
ERG,19980402,1.25,1.26,1.24,1.24,45200
ERS,19980402,1.04,1.04,1.04,1.04,77219
ESA,19980402,0.18,0.18,0.18,0.18,24619
ESE,19980402,0.25,0.25,0.25,0.25,1000
ESI,19980402,0.32,0.32,0.31,0.32,332600
EWL,19980402,0.45,0.45,0.4,0.4,79389
EXO,19980402,0.275,0.275,0.275,0.275,15500
FAF,19980402,0.63,0.63,0.62,0.63,134550
FAI,19980402,0.445,0.45,0.445,0.45,374159
FBG,19980402,3.281,3.31,3.28,3.29,3694811
FBO,19980402,1.75,1.8,1.75,1.8,15000
FCL,19980402,1.76,1.78,1.75,1.75,209869
FDR,19980402,0.067,0.067,0.061,0.066,312819
FFL,19980402,1.76,1.77,1.7,1.7,86600
FHF,19980402,7.678,7.69,7.62,7.65,44834
FIF,19980402,5.09,5.12,4.94,4.95,858947
FIG,19980402,0.046,0.046,0.045,0.045,494038
FIM,19980402,0.072,0.08,0.072,0.08,152327
FLL,19980402,0.64,0.64,0.63,0.64,114205
FLT,19980402,3.08,3.08,3.05,3.05,3800
FMH,19980402,2.58,2.58,2.58,2.58,2400
FNC,19980402,0.05,0.051,0.05,0.051,446764
FOA,19980402,11.42,11.42,10.95,11.05,496148
FPF,19980402,1.16,1.17,1.15,1.15,25866
FPG,19980402,1.19,1.19,1.19,1.19,14000
FRD,19980402,0.19,0.19,0.19,0.19,20000
FRM,19980402,0.6,0.6,0.6,0.6,102610
FRO,19980402,0.075,0.075,0.075,0.075,71500
FRP,19980402,1.34,1.35,1.34,1.35,16300
FSR,19980402,0.04,0.05,0.04,0.05,440475
FST,19980402,2.51,2.51,2.5,2.5,5486
FTR,19980402,0.21,0.21,0.21,0.21,70000
FTU,19980402,0.016,0.016,0.016,0.016,150000
FWD,19980402,1.7,1.7,1.7,1.7,12036
FXF,19980402,0.235,0.24,0.23,0.24,329200
FXJ,19980402,2.97,3,2.97,2.98,1444327
GAN,19980402,1.2,1.2,1.19,1.2,358389
GAW,19980402,0.051,0.051,0.051,0.051,85000
GBG,19980402,0.14,0.14,0.14,0.14,63000
GCC,19980402,0.55,0.55,0.54,0.54,564947
GCM,19980402,2.05,2.07,2.05,2.06,270415
GCR,19980402,0.13,0.13,0.13,0.13,20000
GDA,19980402,0.035,0.035,0.032,0.032,304157
GDH,19980402,0.3,0.3,0.29,0.29,4000
GDN,19980402,0.076,0.076,0.07,0.07,210000
GEE,19980402,0.15,0.15,0.15,0.15,1188334
GEG,19980402,0.42,0.42,0.42,0.42,10000
GEL,19980402,0.3,0.31,0.29,0.31,153274
GFD,19980402,0.375,0.375,0.375,0.375,8620
GGS,19980402,0.086,0.086,0.08,0.08,100000
GGY,19980402,0.082,0.085,0.08,0.08,445418
GHM,19980402,0.052,0.052,0.052,0.052,23000
GHP,19980402,1.227,1.23,1.22,1.23,136453
GHR,19980402,0.255,0.255,0.255,0.255,591
GIO,19980402,4.525,4.59,4.52,4.59,2141742
GLD,19980402,1.467,1.47,1.45,1.45,5653
GLP,19980402,0.065,0.065,0.065,0.065,20000
GLT,19980402,0.125,0.125,0.11,0.11,72000
GME,19980402,0.065,0.065,0.065,0.065,16000
GMF,19980402,2.334,2.348,2.27,2.3,10036414
GMN,19980402,0.12,0.12,0.12,0.12,7000
GMS,19980402,0.5,0.51,0.5,0.5,69000
GNC,19980402,14.8,14.8,14.8,14.8,3945
GNR,19980402,0.085,0.085,0.085,0.085,60000
GNS,19980402,1.74,1.74,1.74,1.74,10000
GOW,19980402,2.35,2.35,2.35,2.35,1000
GPN,19980402,0.027,0.027,0.027,0.027,10000
GPT,19980402,2.915,2.93,2.9,2.91,2109165
GPY,19980402,0.205,0.205,0.205,0.205,38365
GRA,19980402,0.076,0.076,0.076,0.076,13000
GRE,19980402,0.38,0.38,0.37,0.37,160000
GRI,19980402,0.16,0.16,0.16,0.16,37105
GRN,19980402,0.11,0.11,0.11,0.11,2000
GRT,19980402,0.79,0.79,0.79,0.79,5000
GSE,19980402,0.062,0.062,0.062,0.062,46130
GSO,19980402,0.14,0.145,0.14,0.145,260000
GSP,19980402,0.82,0.82,0.82,0.82,79429
GTL,19980402,0.15,0.155,0.15,0.155,220000
GTN,19980402,0.15,0.15,0.15,0.15,93167
GUD,19980402,2.661,2.68,2.62,2.62,761247
GVM,19980402,0.165,0.18,0.165,0.18,68025
GWC,19980402,1.31,1.33,1.3,1.33,66586
GWT,19980402,3.053,3.09,3,3,30782
GYM,19980402,0.35,0.35,0.35,0.35,12000
HAH,19980402,4.74,4.9,4.74,4.9,290603
HAK,19980402,4.3,4.3,4.3,4.3,3202
HAM,19980402,0.39,0.39,0.38,0.38,31000
HAR,19980402,0.49,0.5,0.49,0.5,71151
HBL,19980402,0.25,0.25,0.25,0.25,155000
HCO,19980402,4.412,4.55,4.41,4.5,54743
HER,19980402,0.37,0.37,0.37,0.37,10000
HEX,19980402,0.072,0.078,0.072,0.078,401000
HFY,19980402,0.425,0.43,0.42,0.42,258857
HGR,19980402,0.935,0.935,0.75,0.83,149000
HIC,19980402,0.56,0.56,0.56,0.56,6000
HIG,19980402,0.69,0.69,0.68,0.68,47940
HIH,19980402,2.98,2.99,2.97,2.98,277401
HLL,19980402,0.135,0.135,0.13,0.13,79125
HLM,19980402,0.225,0.225,0.225,0.225,5000
HLN,19980402,1.21,1.21,1.19,1.19,60100
HLR,19980402,0.075,0.075,0.07,0.075,210000
HLX,19980402,0.33,0.33,0.32,0.32,40000
HLY,19980402,2.79,2.79,2.76,2.76,593911
HMC,19980402,0.04,0.042,0.04,0.042,224000
HMH,19980402,0.065,0.065,0.065,0.065,70000
HNG,19980402,1.56,1.56,1.55,1.55,12611
HOY,19980402,2.65,2.65,2.6,2.61,360195
HPL,19980402,1.3,1.3,1.3,1.3,125000
HRR,19980402,0.12,0.12,0.12,0.12,10879
HRW,19980402,2.05,2.05,1.97,1.99,545304
HSL,19980402,3.59,3.59,3.55,3.55,9678
HVN,19980402,7.95,8.12,7.85,7.85,61350
HZA,19980402,0.85,0.85,0.85,0.85,10000
IAM,19980402,2.4,2.4,2.39,2.39,40651
ICN,19980402,0.11,0.11,0.11,0.11,275100
ICT,19980402,5.65,5.84,5.65,5.7,15012
IDT,19980402,0.75,0.75,0.75,0.75,10000
IFA,19980402,0.82,0.82,0.8,0.81,2620774
IFT,19980402,1.38,1.39,1.36,1.37,354475
IHG,19980402,1.45,1.45,1.38,1.38,148339
IHN,19980402,0.6,0.6,0.6,0.6,124600
IIT,19980402,1.73,1.73,1.71,1.71,4355
IMD,19980402,0.19,0.19,0.19,0.19,40000
IMP,19980402,0.045,0.045,0.045,0.045,25000
INF,19980402,0.17,0.18,0.17,0.18,18000
IPH,19980402,1.98,2.03,1.94,2.03,61310
IPI,19980402,0.405,0.405,0.405,0.405,1050
IPY,19980402,1.01,1.02,1.01,1.02,247450
IRC,19980402,0.065,0.065,0.065,0.065,20000
IRO,19980402,0.9,0.9,0.83,0.83,31449
JBG,19980402,0.65,0.65,0.62,0.65,46350
JFC,19980402,0.6,0.6,0.59,0.59,59000
JLA,19980402,0.08,0.09,0.08,0.09,41667
JNA,19980402,1.4,1.4,1.38,1.4,47761
JOD,19980402,0.011,0.011,0.011,0.011,100
JRV,19980402,0.07,0.072,0.07,0.072,90000
JUP,19980402,2.609,2.64,2.6,2.61,35739
JWM,19980402,3.6,3.6,3.6,3.6,3800
JYC,19980402,1.46,1.46,1.46,1.46,415161
KBG,19980402,0.185,0.185,0.185,0.185,30000
KCG,19980402,0.15,0.15,0.15,0.15,40860
KCN,19980402,0.58,0.58,0.58,0.58,7996
KGH,19980402,0.47,0.47,0.46,0.46,80000
KGM,19980402,0.38,0.38,0.38,0.38,53114
KGR,19980402,0.05,0.051,0.049,0.05,761600
KIM,19980402,0.22,0.22,0.22,0.22,20000
KLS,19980402,0.115,0.125,0.115,0.125,201400
KLZ,19980402,1.8,1.8,1.76,1.78,52900
KPL,19980402,0.88,0.88,0.86,0.86,10500
KRS,19980402,0.06,0.06,0.06,0.06,313000
KUP,19980402,1.53,1.53,1.53,1.53,44500
KYC,19980402,1.65,1.65,1.6,1.6,24325
KYD,19980402,0.345,0.345,0.345,0.345,107169
LAC,19980402,1.89,1.89,1.88,1.88,644700
LAF,19980402,0.085,0.085,0.085,0.085,45000
LDW,19980402,2.7,2.7,2.7,2.7,500
LEG,19980402,0.2,0.2,0.19,0.19,134000
LEI,19980402,5.85,6.08,5.85,6.08,1755329
LEO,19980402,0.155,0.155,0.15,0.15,49040
LGI,19980402,1.12,1.13,1.12,1.13,148554
LHG,19980402,1.94,1.97,1.93,1.96,1048536
LKO,19980402,0.03,0.03,0.029,0.029,470664
LLC,19980402,35.357,35.9,35.35,35.69,513249
LLR,19980402,0.14,0.14,0.135,0.135,101390
LNN,19980402,3.96,3.96,3.96,3.96,171207
LSE,19980402,0.065,0.065,0.065,0.065,1200
LSG,19980402,0.9,0.91,0.9,0.91,110000
LVG,19980402,0.062,0.062,0.06,0.06,151000
LVN,19980402,0.1,0.1,0.1,0.1,54852
MAC,19980402,0.16,0.16,0.16,0.16,40000
MAG,19980402,2.7,2.7,2.7,2.7,365
MAH,19980402,0.52,0.52,0.51,0.51,48508
MAX,19980402,0.95,0.95,0.95,0.95,2500
MAY,19980402,7.85,7.93,7.85,7.87,1348594
MBC,19980402,5.4,5.4,5.4,5.4,900
MBK,19980402,2.89,2.89,2.89,2.89,18500
MBL,19980402,14.4,14.45,14.35,14.4,168055
MCH,19980402,0.35,0.35,0.35,0.35,10000
MCP,19980402,1.35,1.38,1.33,1.33,45400
MCT,19980402,0.14,0.14,0.13,0.13,144600
MDI,19980402,0.05,0.05,0.05,0.05,9000
MED,19980402,0.32,0.32,0.31,0.31,23000
MEE,19980402,0.18,0.18,0.18,0.18,86167
MEN,19980402,0.145,0.145,0.145,0.145,7000
MGL,19980402,0.13,0.13,0.12,0.125,96000
MGW,19980402,2,2,2,2,2100
MHI,19980402,0.11,0.11,0.11,0.11,30000
MIK,19980402,0.225,0.225,0.225,0.225,5000
MIM,19980402,0.91,0.92,0.88,0.89,3615598
MIV,19980402,0.32,0.32,0.32,0.32,25000
MJN,19980402,0.083,0.083,0.083,0.083,80000
MKA,19980402,0.18,0.18,0.18,0.18,29864
MLK,19980402,2.1,2.1,2.1,2.1,500
MLT,19980402,9.15,9.15,9.15,9.15,3593
MLY,19980402,0.13,0.13,0.13,0.13,13060
MMC,19980402,0.78,0.78,0.78,0.78,23500
MMD,19980402,0.29,0.295,0.29,0.295,5000
MMF,19980402,2.099,2.13,2.099,2.1,184181
MMN,19980402,0.07,0.07,0.07,0.07,17000
MMU,19980402,2.98,2.98,2.92,2.93,119091
MNE,19980402,0.19,0.2,0.19,0.2,57818
MNG,19980402,0.11,0.11,0.11,0.11,101800
MOO,19980402,0.125,0.125,0.125,0.125,10000
MOS,19980402,0.305,0.305,0.3,0.3,418153
MPI,19980402,0.075,0.075,0.075,0.075,2000
MPL,19980402,0.044,0.044,0.044,0.044,35500
MPO,19980402,0.04,0.04,0.04,0.04,1500
MPT,19980402,1.49,1.49,1.48,1.48,71179
MQL,19980402,0.255,0.255,0.25,0.25,184000
MRC,19980402,0.31,0.31,0.3,0.3,50000
MRD,19980402,1.5,1.57,1.49,1.57,56264
MRV,19980402,2.3,2.33,2.3,2.3,261510
MSC,19980402,0.23,0.24,0.23,0.24,17518
MSG,19980402,0.29,0.29,0.29,0.29,95100
MSI,19980402,0.16,0.16,0.16,0.16,30000
MTB,19980402,0.094,0.095,0.094,0.095,40000
MTD,19980402,0.11,0.11,0.1,0.105,35626
MTK,19980402,0.53,0.62,0.53,0.62,92466
MTL,19980402,2.006,2.05,2,2.04,603373
MUR,19980402,0.25,0.25,0.25,0.25,16400
MXC,19980402,0.34,0.34,0.34,0.34,35750
MZG,19980402,0.19,0.2,0.19,0.2,100000
NAB,19980402,21.484,21.61,21.42,21.44,2451467
NAU,19980402,0.85,0.86,0.85,0.86,5000
NBH,19980402,4.179,4.19,4.08,4.08,1256861
NCL,19980402,0.8,0.8,0.8,0.8,554895
NCM,19980402,2.49,2.49,2.43,2.45,763019
NCP,19980402,10.322,10.37,10.24,10.37,6318254
NCR,19980402,2.14,2.15,2.14,2.14,27750
NDY,19980402,1.605,1.64,1.602,1.64,4219688
NEX,19980402,0.04,0.041,0.04,0.041,70000
NFD,19980402,2.779,2.78,2.7,2.72,524336
NFG,19980402,0.38,0.38,0.37,0.37,32458
NFM,19980402,5.42,5.42,5.42,5.42,5300
NHG,19980402,0.098,0.1,0.098,0.1,361500
NIM,19980402,0.26,0.26,0.26,0.26,6000
NIV,19980402,0.06,0.06,0.06,0.06,937
NLY,19980402,1.32,1.32,1.3,1.3,1619043
NMF,19980402,0.78,0.8,0.78,0.8,55000
NMH,19980402,3.43,3.46,3.37,3.39,1468197
NML,19980402,2.32,2.35,2.32,2.33,54934
NMP,19980402,1.24,1.24,1.2,1.23,396607
NMW,19980402,1.2,1.2,1.2,1.2,4900
NNG,19980402,0.07,0.07,0.07,0.07,20000
NPT,19980402,1.16,1.17,1.16,1.17,132409
NRT,19980402,2.957,3.07,2.957,3,202637
NSL,19980402,0.44,0.45,0.44,0.45,137000
NTS,19980402,0.17,0.17,0.165,0.165,121600
NVS,19980402,3.394,3.4,3.2,3.28,1091312
NWE,19980402,0.13,0.13,0.13,0.13,38000
OEC,19980402,0.97,1.05,0.97,1.04,379176
OFT,19980402,0.72,0.72,0.72,0.72,9000
OHL,19980402,0.51,0.51,0.51,0.51,19000
OIL,19980402,0.245,0.25,0.24,0.24,30000
OMH,19980402,0.53,0.54,0.53,0.54,53000
OML,19980402,3.09,3.09,3.05,3.05,211153
OMO,19980402,0.17,0.17,0.17,0.17,3000
ONE,19980402,2.65,2.65,2.63,2.65,19000
ONI,19980402,0.285,0.285,0.285,0.285,4000
OPS,19980402,3.456,3.56,3.45,3.5,125397
ORI,19980402,10.583,10.65,10.564,10.64,816497
OSH,19980402,2.68,2.72,2.68,2.71,1687205
OTR,19980402,0.89,0.89,0.89,0.89,1175
OXR,19980402,0.17,0.17,0.15,0.15,1363100
PAL,19980402,0.1,0.105,0.1,0.105,100000
PAS,19980402,1.65,1.65,1.63,1.63,2101271
PBB,19980402,4.85,4.85,4.78,4.78,72073
PBL,19980402,7.923,7.942,7.72,7.72,543566
PBY,19980402,0.43,0.43,0.425,0.425,47000
PCE,19980402,0.6,0.6,0.6,0.6,13000
PCG,19980402,0.23,0.23,0.23,0.23,11500
PDC,19980402,1.34,1.34,1.33,1.34,221980
PDG,19980402,19.2,19.2,19,19,1268
PDN,19980402,0.12,0.12,0.12,0.12,205000
PDP,19980402,2.897,2.93,2.89,2.9,3034806
PDR,19980402,0.09,0.09,0.09,0.09,12000
PEM,19980402,0.45,0.46,0.45,0.46,210000
PFP,19980402,1.6,1.6,1.6,1.6,24200
PGL,19980402,4.95,4.95,4.95,4.95,500
PGP,19980402,0.05,0.05,0.05,0.05,14000
PHD,19980402,0.17,0.17,0.165,0.165,57067
PHI,19980402,0.49,0.49,0.49,0.49,5000
PHO,19980402,0.09,0.09,0.09,0.09,23000
PHT,19980402,1.08,1.08,1.08,1.08,2000
PHY,19980402,1.15,1.16,1.15,1.15,20415
PID,19980402,1.01,1.01,1,1.01,2053003
PIG,19980402,0.055,0.058,0.052,0.052,180000
PII,19980402,1.22,1.23,1.22,1.23,189994
PIP,19980402,0.757,0.76,0.74,0.74,3000853
PLF,19980402,1.593,1.6,1.5,1.5,74787
PLS,19980402,3.31,3.31,3.3,3.3,161334
PLT,19980402,3.444,3.69,3.444,3.6,104643
PLU,19980402,5.26,5.31,5.26,5.31,870383
PLW,19980402,2.28,2.28,2.28,2.28,4227
PMA,19980402,0.52,0.54,0.52,0.54,414933
PMC,19980402,0.96,0.98,0.96,0.96,100050
PMM,19980402,2.15,2.21,2.15,2.21,40230
PMP,19980402,2.89,2.9,2.83,2.83,860768
PMT,19980402,6.06,6.1,6.06,6.06,7500
PMV,19980402,2.39,2.42,2.39,2.42,29500
PNA,19980402,0.21,0.215,0.21,0.215,57500
PNI,19980402,4.297,4.31,4.12,4.13,4046494
PPK,19980402,0.57,0.57,0.57,0.57,31000
PPP,19980402,0.09,0.09,0.09,0.09,16220
PPT,19980402,10.9,11.38,10.9,11.18,6443
PRA,19980402,0.125,0.125,0.125,0.125,200000
PRB,19980402,0.017,0.017,0.017,0.017,122000
PRH,19980402,2.25,2.25,2.25,2.25,4400
PRL,19980402,0.76,0.76,0.75,0.75,5000
PRM,19980402,0.61,0.61,0.58,0.58,14034
PRP,19980402,1.14,1.14,1.13,1.14,226268
PRT,19980402,3.74,3.75,3.7,3.75,41796
PRX,19980402,1.05,1.05,1.05,1.05,114157
PSA,19980402,5.912,6.11,5.84,6.1,324388
PSE,19980402,0.13,0.13,0.13,0.13,130000
PSN,19980402,20.5,20.9,20.5,20.9,440
PSR,19980402,2.6,2.65,2.6,2.6,75520
PTD,19980402,0.221,0.235,0.22,0.23,295366
PTZ,19980402,1.095,1.095,1.05,1.07,1557062
PYT,19980402,0.26,0.26,0.25,0.25,196707
QAN,19980402,2.518,2.53,2.49,2.52,2190189
QBE,19980402,6.783,6.92,6.78,6.82,435595
QCC,19980402,1.2,1.21,1.2,1.21,17000
QCH,19980402,5.35,5.35,5.3,5.3,8219
QNI,19980402,0.98,0.99,0.96,0.99,1476540
QOP,19980402,0.14,0.14,0.14,0.14,5000
QRL,19980402,1.235,1.24,1.23,1.23,247501
QTK,19980402,0.06,0.06,0.056,0.056,88464
QUR,19980402,0.53,0.53,0.53,0.53,25000
RAC,19980402,4,4.05,4,4.04,708559
RAG,19980402,0.011,0.011,0.011,0.011,17360
RCR,19980402,0.365,0.37,0.365,0.37,30000
RCT,19980402,0.06,0.061,0.06,0.06,384856
REB,19980402,1.83,1.83,1.81,1.81,28489
RFM,19980402,0.06,0.06,0.06,0.06,7000
RGC,19980402,1.798,1.85,1.798,1.83,98452
RGR,19980402,0.03,0.03,0.03,0.03,107988
RHC,19980402,2.35,2.4,2.35,2.4,25000
RHO,19980402,0.06,0.06,0.057,0.057,100000
RIC,19980402,1.39,1.39,1.37,1.38,34450
RIO,19980402,19.998,20.37,19.995,20.1,734654
RPM,19980402,0.1,0.11,0.095,0.11,189023
RRR,19980402,0.22,0.22,0.22,0.22,1
RSG,19980402,1.27,1.34,1.27,1.33,6102142
RSM,19980402,0.83,0.84,0.83,0.84,348323
RTH,19980402,10,10,9.6,9.7,17001
RTM,19980402,0.071,0.078,0.07,0.078,325000
RTS,19980402,0.75,0.75,0.74,0.74,42080
RUP,19980402,4.8,4.8,4.8,4.8,1200
RUS,19980402,0.175,0.175,0.175,0.175,130000
RVS,19980402,0.105,0.105,0.105,0.105,1214600
SAQ,19980402,3.85,3.9,3.85,3.9,13500
SBC,19980402,6.9,6.9,6.84,6.85,29500
SBE,19980402,1.2,1.2,1.2,1.2,800
SBM,19980402,0.13,0.135,0.13,0.13,607500
SCH,19980402,2.727,2.73,2.71,2.71,1375879
SCM,19980402,2.25,2.25,2.25,2.25,5000
SCN,19980402,0.008,0.008,0.008,0.008,223945
SCP,19980402,1.48,1.48,1.43,1.43,190405
SCR,19980402,2.7,2.75,2.7,2.75,51035
SCS,19980402,0.255,0.255,0.255,0.255,109500
SCX,19980402,0.031,0.031,0.031,0.031,600
SDR,19980402,0.93,0.93,0.92,0.92,20000
SDT,19980402,0.21,0.215,0.205,0.205,149028
SED,19980402,0.147,0.147,0.145,0.145,50000
SET,19980402,4.28,4.28,4.28,4.28,585
SEV,19980402,5.684,5.76,5.68,5.7,862457
SFM,19980402,0.09,0.105,0.09,0.1,990702
SGB,19980402,8.93,8.96,8.9,8.9,998290
SGI,19980402,1.47,1.47,1.46,1.47,93770
SGP,19980402,3.86,3.88,3.85,3.86,493335
SGR,19980402,0.071,0.072,0.071,0.072,11000
SGW,19980402,4.29,4.32,4.25,4.3,145918
SHL,19980402,2.16,2.16,2.15,2.16,177400
SID,19980402,7.4,7.4,7.4,7.4,259758
SIS,19980402,0.41,0.41,0.41,0.41,4037
SKE,19980402,1.897,2,1.897,2,265783
SKS,19980402,0.45,0.45,0.45,0.45,10000
SME,19980402,8.571,8.7,8.57,8.68,31136
SMI,19980402,11.75,11.75,11.65,11.72,675834
SMS,19980402,7.75,7.77,7.68,7.73,113263
SMU,19980402,0.15,0.15,0.15,0.15,8000
SNM,19980402,0.601,0.64,0.601,0.64,1942542
SNX,19980402,0.25,0.25,0.25,0.25,3000
SOA,19980402,0.185,0.19,0.185,0.19,69600
SOH,19980402,0.86,0.86,0.86,0.86,25000
SOL,19980402,28,29.1,28,28.516,2350
SOV,19980402,0.05,0.05,0.05,0.05,20479
SOX,19980402,0.65,0.65,0.65,0.65,10000
SPC,19980402,0.46,0.46,0.46,0.46,202
SPD,19980402,0.36,0.36,0.36,0.36,25000
SPP,19980402,2.66,2.66,2.61,2.65,314500
SPS,19980402,1.28,1.32,1.28,1.32,59159
SPT,19980402,3.3,3.3,3.27,3.27,3600
SPX,19980402,0.158,0.158,0.15,0.15,105000
SRI,19980402,0.075,0.075,0.07,0.07,76000
SRL,19980402,0.66,0.66,0.66,0.66,4470
SRP,19980402,5.96,5.97,5.78,5.79,1865517
SSE,19980402,0.65,0.68,0.63,0.68,74600
SSI,19980402,1.3,1.3,1.3,1.3,13000
SSN,19980402,0.021,0.021,0.02,0.02,162633
SSR,19980402,1.55,1.55,1.55,1.55,296200
STO,19980402,5.718,5.78,5.66,5.72,889265
STU,19980402,0.155,0.155,0.155,0.155,20000
SUB,19980402,0.012,0.012,0.012,0.012,4616
SUR,19980402,0.18,0.185,0.18,0.185,148000
SVR,19980402,0.7,0.7,0.68,0.7,375591
SWD,19980402,1.02,1.05,1.02,1.05,21380
SWS,19980402,4.14,4.15,4.12,4.12,145955
SYD,19980402,1.22,1.22,1.17,1.17,2943523
TAH,19980402,8.019,8.05,7.98,8,264720
TAI,19980402,0.09,0.09,0.087,0.089,752620
TAM,19980402,0.13,0.13,0.13,0.13,12000
TAN,19980402,0.92,0.92,0.92,0.92,1000
TAP,19980402,1.28,1.31,1.28,1.31,29774
TAT,19980402,0.81,0.81,0.81,0.81,8000
TCA,19980402,6.55,6.55,6.55,6.55,1800
TCE,19980402,1.123,1.123,1.12,1.12,104715
TCL,19980402,1345,1350,1345,1350,252
TDG,19980402,1.23,1.23,1.23,1.23,6500
TEH,19980402,1.45,1.45,1.43,1.45,12000
TEL,19980402,7.39,7.4,7.39,7.4,4327
TEM,19980402,1.31,1.32,1.31,1.32,6589
TEN,19980402,2.745,2.748,2.7,2.71,4753859
TGG,19980402,1.8,1.8,1.8,1.8,76455
TGO,19980402,0.185,0.19,0.18,0.19,128000
TGS,19980402,0.13,0.13,0.13,0.13,66666
THG,19980402,0.58,0.59,0.57,0.58,468920
TIP,19980402,0.23,0.23,0.23,0.23,6114
TIR,19980402,0.145,0.145,0.145,0.145,97600
TKG,19980402,0.014,0.014,0.014,0.014,153375
TKR,19980402,0.14,0.14,0.14,0.14,10000
TLA,19980402,1.1,1.1,1.09,1.09,110885
TMG,19980402,0.1,0.1,0.096,0.096,36500
TNY,19980402,1.1,1.14,1.1,1.11,65000
TOL,19980402,2.35,2.36,2.33,2.35,250900
TOR,19980402,0.86,0.88,0.86,0.88,48630
TRE,19980402,0.09,0.09,0.09,0.09,25000
TRI,19980402,0.12,0.12,0.12,0.12,264546
TRY,19980402,0.5,0.5,0.5,0.5,5000
TSP,19980402,0.27,0.28,0.265,0.28,1114404
TSS,19980402,1.369,1.37,1.36,1.36,7660
TTR,19980402,0.185,0.185,0.18,0.18,275601
TXR,19980402,0.025,0.025,0.02,0.02,200000
TYA,19980402,2.75,2.78,2.71,2.73,51335
UAL,19980402,0.075,0.075,0.075,0.075,10000
UCR,19980402,3.75,3.75,3.7,3.7,94580
UGM,19980402,0.235,0.235,0.235,0.235,190000
UMG,19980402,0.05,0.05,0.049,0.049,28925
USC,19980402,0.22,0.22,0.22,0.22,26000
VEP,19980402,1.11,1.11,1.1,1.1,231420
VHL,19980402,0.33,0.33,0.31,0.31,28167
VNA,19980402,0.43,0.43,0.43,0.43,72000
VOS,19980402,0.44,0.44,0.44,0.44,109500
VPE,19980402,0.09,0.09,0.088,0.09,101000
VRL,19980402,4,4,3.95,3.97,222648
VSS,19980402,7.2,7.2,7.1,7.1,11092
VWD,19980402,1.32,1.32,1.3,1.3,12000
VWL,19980402,0.4,0.4,0.385,0.385,75000
WAH,19980402,0.055,0.055,0.05,0.05,93000
WAK,19980402,1.68,1.7,1.68,1.7,7714
WAN,19980402,5.708,5.75,5.66,5.68,1511549
WBC,19980402,10.223,10.3,10.21,10.25,3763087
WDM,19980402,0.28,0.28,0.28,0.28,28000
WES,19980402,13.8,13.85,13.75,13.75,149522
WFA,19980402,1.49,1.52,1.48,1.52,619527
WFI,19980402,1.8,1.8,1.8,1.8,10000
WFT,19980402,3.198,3.2,3.16,3.18,4609790
WGC,19980402,0.007,0.007,0.007,0.007,20000
WGR,19980402,0.2,0.2,0.2,0.2,500
WHK,19980402,0.071,0.071,0.071,0.071,9648
WHW,19980402,2.2,2.2,2.2,2.2,256287
WJM,19980402,4.2,4.2,4.2,4.2,53806
WKC,19980402,0.84,0.84,0.83,0.84,55100
WKM,19980402,0.45,0.45,0.45,0.45,295000
WLH,19980402,0.07,0.07,0.07,0.07,3000
WMC,19980402,5.152,5.192,5.11,5.15,5866491
WMI,19980402,0.025,0.025,0.025,0.025,533
WMT,19980402,0.81,0.82,0.81,0.82,146497
WON,19980402,0.305,0.31,0.305,0.31,91000
WOW,19980402,5.632,5.69,5.56,5.6,5681929
WPL,19980402,9.95,9.99,9.8,9.86,951211
WPT,19980402,1.78,1.78,1.77,1.78,610031
WRF,19980402,0.34,0.34,0.32,0.34,24440
WSF,19980402,7.75,7.75,7.6,7.65,174827
WSG,19980402,0.185,0.185,0.185,0.185,175000
WSL,19980402,3.86,3.88,3.86,3.88,149078
WTP,19980402,0.405,0.405,0.405,0.405,79000
WWH,19980402,3.3,3.3,3.3,3.3,2000
WYL,19980402,5.43,5.45,5.4,5.4,139838
YAM,19980402,0.125,0.14,0.125,0.125,98840
YDR,19980402,0.095,0.095,0.095,0.095,1250
YNX,19980402,0.16,0.16,0.155,0.155,100273
YTS,19980402,1.12,1.12,1.12,1.12,13000
ZEL,19980402,0.57,0.57,0.57,0.57,5561
ZYL,19980402,0.23,0.23,0.21,0.21,33121
