AAA,19980312,1.96,2.04,1.96,2.04,1371751
AAP,19980312,2.889,2.89,2.85,2.88,185587
AAV,19980312,1.38,1.4,1.33,1.4,153224
ABC,19980312,1.206,1.25,1.16,1.16,180781
ABD,19980312,0.053,0.053,0.053,0.053,10000
ABF,19980312,2.08,2.1,2.07,2.07,54466
ABG,19980312,3.09,3.09,2.99,3,17584
ABN,19980312,0.7,0.7,0.67,0.67,15052
ACY,19980312,1.04,1.04,1.03,1.03,2678700
ADA,19980312,1,1.02,1,1.02,30522
ADB,19980312,5.33,5.33,5.25,5.29,52619
ADH,19980312,0.38,0.4,0.38,0.4,221641
ADM,19980312,0.071,0.074,0.071,0.074,694860
ADN,19980312,0.14,0.14,0.14,0.14,5000
ADT,19980312,1.83,1.85,1.83,1.85,8500
ADX,19980312,0.34,0.34,0.335,0.335,88300
ADZ,19980312,3.2,3.2,3.16,3.16,595733
AEC,19980312,1.12,1.13,1.12,1.13,10500
AEX,19980312,0.019,0.019,0.018,0.018,260000
AFF,19980312,0.385,0.385,0.385,0.385,507414
AFI,19980312,2.62,2.63,2.6,2.62,990897
AFK,19980312,0.355,0.355,0.345,0.35,314944
AFW,19980312,0.069,0.069,0.069,0.069,107000
AGA,19980312,0.29,0.29,0.29,0.29,10000
AGH,19980312,0.89,0.91,0.89,0.91,5498903
AGL,19980312,12.449,12.55,12.44,12.55,262532
AGM,19980312,0.1,0.1,0.095,0.095,21250
AGN,19980312,0.252,0.26,0.25,0.255,172920
AGR,19980312,0.42,0.42,0.4,0.41,153000
AGS,19980312,0.047,0.047,0.047,0.047,20000
AHA,19980312,12.1,12.1,12.1,12.1,179
AHD,19980312,6,6,5.89,5.9,37064
AHX,19980312,2.02,2.03,2.01,2.03,68745
AIX,19980312,2.48,2.55,2.46,2.55,82589
AIZ,19980312,2.05,2.05,2.05,2.05,26000
AJO,19980312,2.109,2.11,2.08,2.08,126141
AJR,19980312,0.98,0.98,0.97,0.98,364107
AJS,19980312,1.12,1.12,1.12,1.12,76000
AKC,19980312,4.55,4.55,4.55,4.55,3000
AKD,19980312,0.042,0.042,0.041,0.041,134400
AKL,19980312,0.21,0.21,0.205,0.205,328536
ALA,19980312,0.95,0.96,0.94,0.95,21024
ALK,19980312,0.3,0.3,0.3,0.3,5000
ALL,19980312,3.68,3.71,3.68,3.71,101491
ALZ,19980312,1.5,1.5,1.47,1.47,38950
AMC,19980312,6.745,6.77,6.67,6.74,444607
AMI,19980312,0.09,0.09,0.09,0.09,44000
AML,19980312,2.47,2.48,2.45,2.48,38914
AMS,19980312,0.08,0.08,0.08,0.08,200000
AMU,19980312,0.185,0.185,0.185,0.185,61000
AMW,19980312,32,32,32,32,50
ANC,19980312,3.11,3.2,3.11,3.2,5000
ANE,19980312,2.92,2.92,2.92,2.92,1700
ANF,19980312,1.4,1.4,1.4,1.4,8000
ANI,19980312,1.087,1.09,1.06,1.07,3290700
ANL,19980312,3.55,3.55,3.52,3.55,130652
ANZ,19980312,10.397,10.46,10.27,10.3,4122045
AOF,19980312,1.26,1.26,1.25,1.25,6918331
AOG,19980312,1.9,1.9,1.88,1.88,5710
AOV,19980312,0.136,0.14,0.13,0.135,562506
APF,19980312,1.7,1.7,1.68,1.7,92769
APG,19980312,0.036,0.036,0.035,0.035,23000
API,19980312,2.53,2.55,2.52,2.52,38160
APN,19980312,2.62,2.63,2.6,2.61,121233
APU,19980312,0.472,0.472,0.44,0.45,56960
APW,19980312,3.59,3.6,3.5,3.6,26000
AQS,19980312,0.38,0.44,0.38,0.43,56167
ARA,19980312,0.49,0.52,0.49,0.52,975
ARC,19980312,0.17,0.17,0.17,0.17,38475
ARF,19980312,1.16,1.16,1.16,1.16,2500
ARG,19980312,3.57,3.58,3.52,3.52,81293
ARI,19980312,0.25,0.25,0.25,0.25,44000
ARK,19980312,0.19,0.19,0.19,0.19,2500
ARL,19980312,3.58,3.58,3.55,3.55,1315732
ARO,19980312,1.25,1.3,1.25,1.3,2350
ARQ,19980312,0.42,0.42,0.42,0.42,11400
ARS,19980312,0.17,0.175,0.165,0.165,678270
ASE,19980312,0.27,0.27,0.27,0.27,50000
ASH,19980312,1.4,1.4,1.39,1.39,110965
ASL,19980312,0.92,0.92,0.91,0.92,19200
ASR,19980312,0.41,0.41,0.41,0.41,5000
ATD,19980312,0.05,0.05,0.043,0.043,45473
ATG,19980312,0.95,0.95,0.95,0.95,2000
ATP,19980312,0.255,0.275,0.255,0.255,35000
ATU,19980312,0.66,0.66,0.66,0.66,4022125
AUC,19980312,0.72,0.72,0.72,0.72,1400
AUD,19980312,2.9,2.9,2.85,2.9,88850
AUG,19980312,1.3,1.3,1.3,1.3,363002
AUI,19980312,2.75,2.75,2.75,2.75,10400
AUO,19980312,0.5,0.5,0.5,0.5,20000
AVJ,19980312,0.54,0.54,0.54,0.54,11000
AVL,19980312,0.16,0.16,0.155,0.155,122202
AVR,19980312,0.96,0.97,0.96,0.96,14272
AWA,19980312,0.65,0.66,0.64,0.66,47888
AWE,19980312,0.425,0.425,0.41,0.41,86100
AWH,19980312,1.9,1.9,1.89,1.9,9876
AWI,19980312,0.35,0.39,0.34,0.39,440909
AXR,19980312,0.375,0.375,0.37,0.37,56285
AYO,19980312,0.88,0.88,0.88,0.88,17000
AZL,19980312,0.015,0.015,0.015,0.015,12069
BAE,19980312,0.3,0.3,0.3,0.3,66120
BAH,19980312,0.24,0.24,0.24,0.24,5000
BDG,19980312,0.085,0.088,0.085,0.088,100000
BDL,19980312,0.56,0.57,0.56,0.57,56553
BDS,19980312,3.38,3.38,3.38,3.38,640
BEM,19980312,0.426,0.426,0.425,0.425,14800
BEN,19980312,3.9,3.9,3.86,3.86,26665
BGD,19980312,0.417,0.46,0.41,0.45,244890
BGF,19980312,0.027,0.029,0.025,0.029,184042
BHP,19980312,15.814,15.814,15.48,15.56,3727597
BHT,19980312,0.94,0.95,0.94,0.95,1081340
BIC,19980312,0.18,0.18,0.18,0.18,20000
BII,19980312,0.28,0.28,0.27,0.27,50882
BIL,19980312,31.75,31.75,31.2,31.7,226267
BIR,19980312,0.99,0.99,0.97,0.97,4588086
BKA,19980312,0.155,0.155,0.155,0.155,885400
BKL,19980312,5.15,5.15,5.15,5.15,2470
BKR,19980312,0.75,0.75,0.74,0.74,6000
BLO,19980312,0.47,0.475,0.465,0.465,30044
BLV,19980312,1.55,1.55,1.55,1.55,20000
BOA,19980312,0.7,0.7,0.68,0.7,26200
BOC,19980312,0.425,0.43,0.425,0.43,4671
BOR,19980312,3.56,3.62,3.54,3.62,3915490
BPC,19980312,0.245,0.25,0.245,0.25,262487
BPT,19980312,0.075,0.075,0.072,0.072,307242
BQD,19980312,5.5,5.52,5.5,5.52,48866
BRI,19980312,0.17,0.17,0.165,0.17,103500
BRL,19980312,5.1,5.1,5,5,128122
BRN,19980312,0.295,0.295,0.295,0.295,9500
BRS,19980312,1.63,1.64,1.63,1.63,173900
BRY,19980312,0.93,0.93,0.92,0.93,484199
BRZ,19980312,2.4,2.4,2.38,2.4,106710
BSC,19980312,0.255,0.26,0.25,0.25,18100
BSG,19980312,0.082,0.082,0.08,0.082,129700
BSN,19980312,0.1,0.1,0.1,0.1,20000
BSO,19980312,4.57,4.57,4.55,4.55,6500
BTA,19980312,3.71,3.71,3.68,3.7,46298
BTE,19980312,0.71,0.74,0.71,0.74,68979
BTG,19980312,0.64,0.65,0.64,0.65,165563
BTL,19980312,4.6,4.6,4.6,4.6,25000
BTM,19980312,0.36,0.37,0.36,0.365,40535
BTO,19980312,1.6,1.6,1.6,1.6,52320
BTP,19980312,1.98,2,1.98,2,95672
BTY,19980312,3.65,3.65,3.65,3.65,500
BUG,19980312,1.07,1.08,1.07,1.08,9461
BVT,19980312,0.5,0.5,0.5,0.5,20000
BWA,19980312,3.209,3.25,3.17,3.18,727121
BYI,19980312,1.85,1.85,1.85,1.85,4049
CAA,19980312,3.2,3.21,3.18,3.2,867131
CAE,19980312,0.026,0.026,0.024,0.025,1212514
CAG,19980312,0.155,0.16,0.155,0.16,502265
CAI,19980312,0.24,0.24,0.24,0.24,131400
CAR,19980312,0.17,0.17,0.17,0.17,7000
CAT,19980312,0.39,0.39,0.39,0.39,14
CBA,19980312,18.097,18.1,17.72,17.8,1262198
CBI,19980312,1.24,1.24,1.24,1.24,15000
CBL,19980312,0.027,0.027,0.026,0.027,1650000
CCL,19980312,11.844,11.85,11.36,11.49,733339
CCN,19980312,0.52,0.52,0.5,0.52,100173
CCR,19980312,0.25,0.25,0.24,0.24,208716
CCV,19980312,0.39,0.4,0.39,0.4,87666
CCW,19980312,0.19,0.19,0.19,0.19,21684
CDN,19980312,0.25,0.25,0.25,0.25,10000
CEA,19980312,0.012,0.012,0.01,0.01,200000
CEP,19980312,2.56,2.6,2.54,2.57,885000
CEQ,19980312,1.42,1.42,1.4,1.4,3000
CEW,19980312,1.73,1.73,1.72,1.72,5100
CEY,19980312,0.56,0.56,0.53,0.53,61698
CFA,19980312,0.19,0.19,0.19,0.19,10000
CFR,19980312,0.019,0.019,0.019,0.019,14000
CGD,19980312,0.55,0.56,0.55,0.56,52500
CGH,19980312,5,5.01,4.89,4.92,1903091
CGL,19980312,0.067,0.067,0.06,0.06,853344
CGN,19980312,0.105,0.105,0.105,0.105,20000
CGY,19980312,9.43,9.43,9.43,9.43,10768
CHE,19980312,0.2,0.2,0.2,0.2,40000
CHF,19980312,0.52,0.58,0.5,0.58,854020
CHL,19980312,0.5,0.52,0.49,0.49,24000
CHO,19980312,10.7,10.7,10.7,10.7,5636
CHQ,19980312,1,1,1,1,4000
CHY,19980312,2.2,2.2,2.2,2.2,8598
CIA,19980312,1.74,1.74,1.7,1.7,3500
CIE,19980312,0.6,0.6,0.6,0.6,3806
CIH,19980312,0.58,0.59,0.58,0.58,50670
CIM,19980312,0.24,0.24,0.22,0.22,743600
CIO,19980312,0.66,0.66,0.62,0.62,137700
CIP,19980312,2.02,2.04,2.02,2.02,17150
CIR,19980312,1.01,1.02,1.01,1.01,3000
CKS,19980312,1.13,1.13,1.13,1.13,21000
CLI,19980312,2.26,2.26,2.23,2.23,19792
CLO,19980312,0.85,0.87,0.84,0.85,52175556
CLR,19980312,2.3,2.31,2.29,2.29,147848
CLS,19980312,2.1,2.1,2.1,2.1,1000
CMC,19980312,6.38,6.47,6.38,6.47,208357
CMF,19980312,1.39,1.39,1.38,1.39,2014184
CML,19980312,7.674,7.78,7.67,7.77,2535146
CMU,19980312,1.12,1.12,1.1,1.1,30000
CMX,19980312,0.32,0.32,0.32,0.32,6500
CMZ,19980312,0.465,0.465,0.46,0.46,111610
CND,19980312,2.05,2.06,2.05,2.05,59560
CNF,19980312,0.08,0.08,0.08,0.08,13750
CNG,19980312,0.36,0.36,0.36,0.36,11000
CNN,19980312,0.6,0.6,0.58,0.58,35432
CNT,19980312,0.08,0.08,0.08,0.08,125000
COA,19980312,3.15,3.17,3.15,3.15,199423
COC,19980312,2.32,2.33,2.32,2.33,43260
COF,19980312,3.33,3.35,3.33,3.35,5000
COH,19980312,5.5,5.5,5.5,5.5,910
COT,19980312,1.161,1.19,1.16,1.19,42409
CPB,19980312,4.9,4.9,4.9,4.9,3445
CPC,19980312,0.135,0.14,0.135,0.135,375088
CPI,19980312,2.492,2.5,2.44,2.49,47900
CPL,19980312,2.31,2.34,2.31,2.34,1812973
CPM,19980312,6.85,6.85,6.85,6.85,31330
CPU,19980312,3.99,4.05,3.99,4.05,40500
CPW,19980312,3.7,3.7,3.7,3.7,35410
CPY,19980312,0.98,0.98,0.98,0.98,272674
CRG,19980312,11.9,11.9,11.8,11.8,5668
CRO,19980312,0.71,0.71,0.69,0.7,8488142
CRS,19980312,0.23,0.23,0.23,0.23,36500
CRT,19980312,0.55,0.55,0.54,0.54,71827
CRV,19980312,0.92,0.94,0.92,0.94,91801
CSA,19980312,0.22,0.225,0.22,0.225,216000
CSL,19980312,11.5,11.5,11.2,11.3,248398
CSP,19980312,4.1,4.1,4,4,15966
CSR,19980312,4.857,4.9,4.83,4.85,880583
CTL,19980312,2.7,2.7,2.6,2.63,42030
CTM,19980312,2.65,2.65,2.62,2.62,6432
CTR,19980312,0.76,0.79,0.75,0.79,189345
CTX,19980312,4.38,4.4,4.38,4.4,480076
CUC,19980312,1.28,1.28,1.28,1.28,4000
CUE,19980312,0.105,0.105,0.1,0.1,360000
CVN,19980312,0.017,0.017,0.017,0.017,350000
CWI,19980312,1.47,1.49,1.47,1.49,61700
CWP,19980312,0.99,1.02,0.99,1,107680
CXA,19980312,0.105,0.105,0.105,0.105,47200
CXP,19980312,0.54,0.54,0.54,0.54,61000
CXR,19980312,0.295,0.295,0.29,0.29,184500
CYH,19980312,0.077,0.077,0.07,0.07,25500
DAH,19980312,0.348,0.348,0.348,0.348,4000
DEF,19980312,0.07,0.075,0.07,0.075,69000
DFI,19980312,1.22,1.22,1.21,1.22,8725
DGD,19980312,2.03,2.04,1.96,1.983,546030
DGM,19980312,0.007,0.007,0.007,0.007,10000
DGN,19980312,0.065,0.065,0.065,0.065,24760
DJS,19980312,1.6,1.61,1.58,1.58,984787
DJW,19980312,3.75,3.8,3.75,3.8,31487
DLS,19980312,0.079,0.08,0.072,0.072,398000
DMR,19980312,0.1,0.1,0.1,0.1,430000
DNS,19980312,0.081,0.095,0.08,0.095,123900
DOM,19980312,0.31,0.31,0.31,0.31,800
DOR,19980312,0.12,0.12,0.12,0.12,25000
DRA,19980312,0.055,0.055,0.055,0.055,50000
DTL,19980312,1.83,1.83,1.8,1.8,16700
DUI,19980312,1.25,1.25,1.24,1.24,72706
DVD,19980312,1.07,1.08,1.06,1.07,726630
DVL,19980312,1.22,1.22,1.17,1.17,236000
DVN,19980312,0.8,0.82,0.8,0.82,139917
EAM,19980312,1.44,1.44,1.42,1.42,26061
EBG,19980312,0.05,0.05,0.05,0.05,4000
ECA,19980312,0.95,0.95,0.95,0.95,1500
ECM,19980312,0.67,0.67,0.64,0.66,52094
ECT,19980312,0.98,0.98,0.98,0.98,5000
ECU,19980312,0.18,0.18,0.18,0.18,70000
EDI,19980312,4.3,4.37,4.28,4.37,57260
EEC,19980312,0.61,0.67,0.61,0.67,924372
EGL,19980312,0.045,0.045,0.045,0.045,12000
EGO,19980312,0.19,0.19,0.19,0.19,4000
ELA,19980312,0.12,0.12,0.105,0.105,19400
ELT,19980312,1.46,1.48,1.46,1.46,56857
EML,19980312,3.394,3.4,3.28,3.29,981713
EMP,19980312,0.43,0.43,0.42,0.42,212239
ENE,19980312,2.62,2.62,2.62,2.62,72450
ENV,19980312,1.161,1.17,1.15,1.16,231640
EQK,19980312,0.57,0.57,0.57,0.57,19700
EQM,19980312,3.01,3.01,3.01,3.01,1200
ERG,19980312,1.27,1.27,1.24,1.25,132469
ERS,19980312,1.01,1.01,1.01,1.01,50000
ESA,19980312,0.26,0.26,0.23,0.25,106775
ESI,19980312,0.285,0.29,0.285,0.285,234832
EWL,19980312,0.5,0.5,0.5,0.5,65000
EWN,19980312,0.25,0.25,0.25,0.25,4000
FAF,19980312,0.63,0.65,0.63,0.65,20000
FAI,19980312,0.45,0.45,0.44,0.445,1495590
FAR,19980312,0.22,0.22,0.22,0.22,3600
FBG,19980312,3.306,3.34,3.28,3.32,4291665
FBO,19980312,1.85,1.85,1.84,1.85,19000
FCL,19980312,1.67,1.7,1.67,1.7,272334
FDR,19980312,0.062,0.062,0.061,0.061,50000
FFL,19980312,2.07,2.07,2.05,2.07,276540
FGR,19980312,0.056,0.056,0.055,0.055,20000
FHF,19980312,7.9,7.95,7.85,7.9,229157
FHL,19980312,4.95,4.95,4.65,4.65,7500
FIF,19980312,5.12,5.13,5.05,5.1,214660
FIG,19980312,0.05,0.05,0.049,0.05,167000
FIM,19980312,0.07,0.07,0.07,0.07,120000
FLL,19980312,0.64,0.64,0.63,0.63,36381
FLT,19980312,2.9,2.9,2.9,2.9,1800
FMH,19980312,2.5,2.55,2.5,2.51,4100
FNC,19980312,0.075,0.077,0.074,0.074,193976
FOA,19980312,11.55,11.55,11.35,11.45,51943
FPF,19980312,1.17,1.17,1.17,1.17,10567
FPG,19980312,1.2,1.2,1.19,1.2,26533
FRD,19980312,0.2,0.2,0.2,0.2,5000
FRM,19980312,0.6,0.6,0.6,0.6,11675
FRO,19980312,0.1,0.1,0.1,0.1,605000
FRP,19980312,1.3,1.32,1.3,1.32,205200
FRT,19980312,1.3,1.3,1.25,1.25,10850
FSR,19980312,0.037,0.037,0.037,0.037,26432
FST,19980312,2.56,2.56,2.56,2.56,2000
FTR,19980312,0.22,0.22,0.22,0.22,2500
FWD,19980312,1.7,1.75,1.7,1.75,10298
FXF,19980312,0.24,0.25,0.24,0.245,229408
FXJ,19980312,2.92,2.92,2.9,2.91,1238327
FZC,19980312,4.2,4.2,4.2,4.2,5007
GAN,19980312,1.17,1.17,1.16,1.17,457038
GBG,19980312,0.14,0.14,0.14,0.14,30000
GCC,19980312,0.495,0.495,0.46,0.47,245500
GCM,19980312,1.9,1.9,1.84,1.85,867040
GDA,19980312,0.031,0.031,0.031,0.031,50000
GDC,19980312,0.115,0.12,0.115,0.115,43500
GDH,19980312,0.35,0.36,0.35,0.36,23099
GDL,19980312,0.255,0.255,0.255,0.255,20000
GDM,19980312,0.25,0.25,0.25,0.25,6500
GDN,19980312,0.08,0.08,0.08,0.08,100000
GED,19980312,0.25,0.25,0.24,0.24,19660
GEE,19980312,0.135,0.135,0.135,0.135,86000
GEG,19980312,0.5,0.5,0.5,0.5,25000
GEL,19980312,0.3,0.3,0.3,0.3,29166
GGR,19980312,0.09,0.09,0.09,0.09,25000
GGS,19980312,0.075,0.08,0.075,0.08,27025
GGY,19980312,0.086,0.086,0.086,0.086,8334
GHG,19980312,1.78,1.78,1.78,1.78,1000
GHL,19980312,0.035,0.035,0.031,0.031,50000
GHM,19980312,0.05,0.05,0.05,0.05,120000
GHP,19980312,1.23,1.23,1.23,1.23,106786
GHR,19980312,0.28,0.28,0.28,0.28,28026
GIO,19980312,4.22,4.3,4.22,4.3,1334650
GIR,19980312,0.085,0.085,0.085,0.085,10000
GLD,19980312,1.3,1.32,1.3,1.32,70000
GLP,19980312,0.06,0.06,0.06,0.06,100000
GLT,19980312,0.115,0.12,0.115,0.115,192600
GME,19980312,0.07,0.07,0.07,0.07,7389
GMF,19980312,2.39,2.39,2.35,2.38,2317396
GMN,19980312,0.13,0.13,0.13,0.13,20000
GMS,19980312,0.52,0.54,0.52,0.54,46630
GPT,19980312,2.798,2.8,2.78,2.79,755769
GPY,19980312,0.215,0.22,0.215,0.215,141733
GRE,19980312,0.35,0.35,0.35,0.35,48544
GRI,19980312,0.17,0.175,0.17,0.17,60761
GRN,19980312,0.095,0.1,0.095,0.1,30000
GRT,19980312,0.55,0.55,0.55,0.55,22000
GSE,19980312,0.072,0.072,0.072,0.072,20000
GSO,19980312,0.155,0.155,0.155,0.155,40000
GSP,19980312,0.812,0.812,0.8,0.81,125500
GSR,19980312,0.041,0.041,0.041,0.041,97600
GTM,19980312,0.033,0.033,0.031,0.031,100000
GTS,19980312,0.32,0.32,0.32,0.32,32410
GUD,19980312,3.26,3.26,3.25,3.26,94559
GVM,19980312,0.21,0.21,0.2,0.2,144208
GWC,19980312,1.31,1.32,1.3,1.32,25043
GWT,19980312,3.13,3.13,3.08,3.08,29918
GYM,19980312,0.37,0.37,0.365,0.37,68460
HAH,19980312,4.36,4.41,4.33,4.365,747196
HAM,19980312,0.36,0.36,0.36,0.36,20000
HAO,19980312,0.175,0.175,0.175,0.175,24000
HAR,19980312,0.47,0.47,0.45,0.45,13723
HBL,19980312,0.3,0.3,0.29,0.29,304552
HCO,19980312,4.55,4.55,4.55,4.55,2000
HDR,19980312,0.057,0.057,0.057,0.057,24200
HER,19980312,0.29,0.29,0.29,0.29,20000
HFY,19980312,0.39,0.39,0.385,0.385,45250
HGV,19980312,0.74,0.75,0.74,0.75,3000
HHM,19980312,0.08,0.08,0.08,0.08,9000
HIC,19980312,0.55,0.55,0.54,0.54,45000
HIG,19980312,0.71,0.71,0.71,0.71,109700
HIH,19980312,3.03,3.05,3.01,3.04,360644
HIL,19980312,2.4,2.4,2.38,2.4,11270
HLL,19980312,0.14,0.155,0.14,0.15,486631
HLM,19980312,0.25,0.25,0.25,0.25,10000
HLN,19980312,1.31,1.31,1.23,1.23,76942
HLR,19980312,0.08,0.08,0.07,0.07,47000
HLX,19980312,0.38,0.38,0.38,0.38,70300
HLY,19980312,2.75,2.78,2.75,2.75,142700
HMC,19980312,0.045,0.05,0.043,0.044,1686900
HNG,19980312,1.56,1.56,1.54,1.54,7946
HOY,19980312,2.703,2.703,2.63,2.63,237756
HPL,19980312,1.2,1.23,1.19,1.23,139005
HRR,19980312,0.135,0.135,0.135,0.135,17000
HRW,19980312,2.27,2.27,2.24,2.25,120300
HSH,19980312,4.1,4.2,4,4,8100
HSL,19980312,3.4,3.42,3.4,3.4,43200
HSP,19980312,0.73,0.73,0.73,0.73,26000
HTH,19980312,0.8,0.8,0.8,0.8,500
HVN,19980312,6.12,6.12,6.05,6.05,91717
IAM,19980312,2.3,2.34,2.3,2.33,14977
ICN,19980312,0.105,0.105,0.105,0.105,43400
ICT,19980312,5.54,5.55,5.45,5.45,7937
IDH,19980312,0.38,0.38,0.38,0.38,12000
IFA,19980312,0.84,0.85,0.83,0.84,421212
IFT,19980312,1.41,1.41,1.38,1.4,810562
IGM,19980312,0.06,0.069,0.06,0.069,9000
IHG,19980312,1.51,1.51,1.47,1.47,46466
IHN,19980312,0.61,0.61,0.6,0.6,6000
IIT,19980312,1.72,1.74,1.72,1.74,293610
IMD,19980312,0.205,0.205,0.2,0.2,82000
IMM,19980312,0.115,0.115,0.115,0.115,7573
IMP,19980312,0.04,0.04,0.04,0.04,20000
IMR,19980312,0.065,0.065,0.065,0.065,40000
INF,19980312,0.17,0.2,0.17,0.2,99000
INX,19980312,0.35,0.4,0.35,0.4,14000
ION,19980312,0.29,0.29,0.29,0.29,5700
IPH,19980312,2.09,2.09,2.09,2.09,2800
IPY,19980312,1,1.01,1,1.01,223221
IRO,19980312,1.2,1.2,1.1,1.17,110600
IXL,19980312,0.7,0.7,0.6,0.65,20436
JBG,19980312,0.67,0.67,0.66,0.67,9375
JFC,19980312,0.59,0.59,0.59,0.59,44437
JJS,19980312,1.79,1.8,1.79,1.79,30014
JNA,19980312,1.36,1.36,1.32,1.36,36770
JOD,19980312,0.013,0.013,0.013,0.013,150000
JRV,19980312,0.075,0.075,0.075,0.075,40000
JUP,19980312,2.64,2.65,2.63,2.64,125088
JWM,19980312,3.5,3.6,3.5,3.6,6190
JYC,19980312,1.5,1.54,1.5,1.54,6820
KBO,19980312,0.14,0.14,0.14,0.14,33900
KCG,19980312,0.15,0.15,0.15,0.15,5000
KCN,19980312,0.56,0.56,0.56,0.56,27650
KGH,19980312,0.45,0.45,0.45,0.45,72000
KGM,19980312,0.41,0.41,0.39,0.4,83000
KGR,19980312,0.048,0.05,0.048,0.049,388000
KIM,19980312,0.196,0.196,0.19,0.19,28600
KLS,19980312,0.13,0.13,0.12,0.12,45000
KLZ,19980312,2.01,2.01,1.98,2,46250
KMN,19980312,0.04,0.04,0.04,0.04,340813
KPL,19980312,0.97,0.97,0.96,0.96,14000
KUG,19980312,0.065,0.065,0.061,0.061,50000
KUP,19980312,1.54,1.54,1.52,1.53,90078
KYC,19980312,2.641,2.65,2.6,2.62,10450
KYD,19980312,0.4,0.41,0.4,0.41,82800
LAC,19980312,2.038,2.06,2.03,2.05,102770
LEG,19980312,0.21,0.21,0.2,0.21,397698
LEI,19980312,5.58,5.58,5.46,5.46,133253
LEO,19980312,0.149,0.15,0.149,0.15,171000
LEV,19980312,3.5,3.5,3.5,3.5,5000
LGI,19980312,1.13,1.13,1.13,1.13,56700
LHG,19980312,1.76,1.79,1.75,1.78,258513
LKO,19980312,0.031,0.031,0.03,0.03,442055
LLC,19980312,35.85,36,35.52,35.65,224337
LLR,19980312,0.11,0.115,0.11,0.115,65000
LNN,19980312,3.78,3.8,3.78,3.8,5002
LSE,19980312,0.076,0.076,0.076,0.076,82000
LYG,19980312,0.06,0.06,0.06,0.06,124000
MAG,19980312,2.7,2.7,2.7,2.7,438
MAH,19980312,0.587,0.59,0.57,0.57,160638
MAX,19980312,0.98,0.98,0.97,0.98,48469
MAY,19980312,7.8,7.8,7.76,7.8,163521
MBG,19980312,0.05,0.05,0.05,0.05,6000
MBL,19980312,14.45,14.45,14.35,14.42,584527
MCP,19980312,1.38,1.38,1.3,1.3,54493
MCT,19980312,0.1,0.1,0.1,0.1,200000
MDC,19980312,2.73,2.73,2.73,2.73,5300
MDI,19980312,0.052,0.06,0.052,0.06,23000
MDN,19980312,0.09,0.09,0.09,0.09,22000
MEM,19980312,1.12,1.12,1.12,1.12,116
MEX,19980312,0.98,0.98,0.98,0.98,1000
MGL,19980312,0.12,0.12,0.12,0.12,10000
MGU,19980312,0.05,0.05,0.05,0.05,16000
MGW,19980312,2,2,1.98,1.99,121000
MHI,19980312,0.11,0.11,0.11,0.11,6600
MIC,19980312,0.046,0.046,0.046,0.046,10000
MIK,19980312,0.2,0.2,0.2,0.2,20494
MIM,19980312,0.766,0.78,0.75,0.75,8874563
MIV,19980312,0.275,0.275,0.275,0.275,20000
MJN,19980312,0.08,0.08,0.08,0.08,125000
MKA,19980312,0.24,0.24,0.24,0.24,916848
MLK,19980312,1.95,1.95,1.95,1.95,4025
MLT,19980312,9.05,9.05,9.05,9.05,11500
MLY,19980312,0.2,0.2,0.185,0.185,18092
MMC,19980312,0.86,0.86,0.86,0.86,110000
MMD,19980312,0.33,0.33,0.31,0.33,222800
MMF,19980312,2,2.02,2,2.02,653762
MMN,19980312,0.078,0.078,0.077,0.077,58334
MMU,19980312,3.1,3.12,3.09,3.12,19540
MND,19980312,3,3,3,3,2000
MNE,19980312,0.23,0.23,0.23,0.23,126100
MNG,19980312,0.145,0.145,0.14,0.14,5000
MOO,19980312,0.15,0.15,0.15,0.15,20000
MOS,19980312,0.29,0.3,0.285,0.29,127001
MOT,19980312,0.9,0.9,0.9,0.9,70000
MPH,19980312,0.41,0.41,0.39,0.41,152000
MPL,19980312,0.052,0.052,0.045,0.045,295000
MPT,19980312,1.47,1.48,1.47,1.47,431329
MQL,19980312,0.255,0.27,0.255,0.27,392758
MRC,19980312,0.31,0.315,0.31,0.315,35760
MRD,19980312,1.6,1.61,1.6,1.6,26129
MRH,19980312,0.56,0.56,0.56,0.56,5000
MRV,19980312,2.26,2.26,2.24,2.24,1527414
MSC,19980312,0.21,0.21,0.21,0.21,12000
MSI,19980312,0.164,0.165,0.15,0.15,47000
MTK,19980312,0.75,0.77,0.75,0.77,50000
MTL,19980312,2.36,2.37,2.32,2.32,43704
MTM,19980312,0.06,0.06,0.06,0.06,59500
MUR,19980312,0.24,0.26,0.24,0.26,78500
MXC,19980312,0.33,0.33,0.32,0.32,87500
MZG,19980312,0.19,0.19,0.19,0.19,5300
NAB,19980312,20.694,20.84,20.6,20.793,2569842
NAU,19980312,0.9,0.92,0.9,0.92,30500
NBH,19980312,4.1,4.2,4.1,4.16,1827368
NCL,19980312,0.65,0.67,0.65,0.66,535448
NCM,19980312,1.969,1.98,1.96,1.97,153533
NCP,19980312,10.3,10.6,10.05,10.15,8210964
NCR,19980312,2.15,2.15,2.15,2.15,38500
NDB,19980312,0.187,0.187,0.165,0.165,85000
NDY,19980312,1.46,1.46,1.42,1.43,3232336
NEX,19980312,0.046,0.046,0.045,0.045,33000
NFD,19980312,2.91,2.92,2.89,2.9,139094
NFG,19980312,0.41,0.41,0.4,0.4,82563
NHG,19980312,0.1,0.1,0.097,0.097,133000
NHM,19980312,0.03,0.03,0.03,0.03,100000
NHR,19980312,0.67,0.67,0.67,0.67,10000
NIX,19980312,1.25,1.26,1.25,1.26,37355
NLB,19980312,0.26,0.26,0.26,0.26,19500
NLY,19980312,1.43,1.43,1.43,1.43,5000
NMF,19980312,0.81,0.81,0.8,0.8,29800
NMH,19980312,3.01,3.04,3,3.01,2130413
NML,19980312,2.05,2.05,2.05,2.05,2800
NMP,19980312,1.26,1.27,1.25,1.27,157571
NMW,19980312,1.14,1.18,1.14,1.18,120096
NNG,19980312,0.061,0.061,0.06,0.061,70000
NPC,19980312,0.9,1,0.9,1,110589
NPT,19980312,1.14,1.15,1.14,1.15,118650
NRT,19980312,2.191,2.191,2.15,2.18,78350
NSL,19980312,0.4,0.4,0.4,0.4,24600
NVS,19980312,3.53,3.53,3.42,3.43,212618
NWE,19980312,0.135,0.135,0.13,0.13,167500
OCA,19980312,3.47,3.47,3.47,3.47,12133
OCN,19980312,0.025,0.025,0.024,0.024,39813
OEC,19980312,1.03,1.03,1.01,1.01,125553
OFT,19980312,0.79,0.8,0.79,0.79,14800
OHL,19980312,0.52,0.52,0.52,0.52,44500
OIL,19980312,0.28,0.285,0.28,0.28,129000
OML,19980312,3.05,3.07,3.04,3.07,271851
OMO,19980312,0.18,0.18,0.18,0.18,202000
OMP,19980312,0.77,0.77,0.77,0.77,10000
ONE,19980312,2.49,2.5,2.46,2.46,28500
ONI,19980312,0.225,0.225,0.205,0.205,12813
OPS,19980312,3.7,3.7,3.6,3.6,94205
ORI,19980312,10.365,10.49,10.35,10.4,404092
OSH,19980312,2.59,2.6,2.54,2.55,822657
OTR,19980312,0.85,0.85,0.85,0.85,2120
OXR,19980312,0.105,0.11,0.105,0.105,248000
PAL,19980312,0.063,0.071,0.063,0.071,255000
PAS,19980312,1.58,1.58,1.55,1.55,817325
PAT,19980312,2.4,2.4,2.4,2.4,500
PBB,19980312,4.48,4.5,4.45,4.5,25450
PBL,19980312,7.27,7.35,7.27,7.34,1087598
PBY,19980312,0.44,0.44,0.44,0.44,3863
PCE,19980312,0.62,0.64,0.6,0.6,63000
PCG,19980312,0.2,0.24,0.18,0.24,25000
PCR,19980312,0.2,0.2,0.2,0.2,10000
PDC,19980312,1.24,1.25,1.24,1.25,1466234
PDG,19980312,18,18,18,18,66
PDN,19980312,0.135,0.14,0.135,0.14,50000
PDP,19980312,2.628,2.628,2.57,2.6,1221623
PDR,19980312,0.095,0.095,0.095,0.095,17000
PEM,19980312,0.415,0.415,0.41,0.415,60928
PFM,19980312,0.2,0.2,0.2,0.2,7900
PGL,19980312,5.15,5.15,5,5.05,12640
PGT,19980312,0.065,0.065,0.065,0.065,960
PHD,19980312,0.15,0.15,0.15,0.15,8373
PHT,19980312,1.08,1.1,1.08,1.1,20000
PHY,19980312,1.14,1.15,1.14,1.14,28000
PID,19980312,1.02,1.02,1.02,1.02,54800
PII,19980312,1.27,1.27,1.26,1.27,212568
PIP,19980312,0.79,0.79,0.78,0.78,594840
PLC,19980312,0.51,0.51,0.51,0.51,13000
PLM,19980312,4.15,4.15,4.15,4.15,5800
PLR,19980312,0.7,0.7,0.7,0.7,10000
PLT,19980312,3.47,3.47,3.45,3.45,4250
PLU,19980312,4.92,4.92,4.86,4.88,147459
PLW,19980312,2.12,2.16,2.12,2.16,20500
PMA,19980312,0.55,0.55,0.53,0.53,317400
PMC,19980312,0.93,0.95,0.93,0.95,110500
PMM,19980312,2.2,2.2,2.18,2.18,109811
PMP,19980312,3.001,3.03,3,3,794624
PMV,19980312,2,2,1.95,1.95,15000
PNI,19980312,4.29,4.33,4.25,4.33,1265912
PNL,19980312,0.24,0.25,0.24,0.24,21715
PPK,19980312,0.55,0.55,0.54,0.54,22000
PPP,19980312,0.11,0.11,0.11,0.11,15000
PPR,19980312,1,1,1,1,2000
PPT,19980312,11.9,11.9,11.8,11.8,4025
PRB,19980312,0.02,0.02,0.019,0.019,482000
PRE,19980312,0.065,0.07,0.065,0.07,73939
PRH,19980312,2.6,2.6,2.6,2.6,371
PRL,19980312,0.76,0.76,0.76,0.76,50500
PRM,19980312,0.65,0.65,0.65,0.65,3000
PRP,19980312,1.17,1.18,1.16,1.18,326995
PRT,19980312,3.55,3.55,3.55,3.55,2229979
PRX,19980312,1.09,1.09,1.08,1.08,719400
PSA,19980312,4.75,4.78,4.7,4.7,87538
PSE,19980312,0.145,0.145,0.145,0.145,55000
PSR,19980312,3,3,2.844,2.844,119870
PTD,19980312,0.24,0.24,0.24,0.24,80770
PTZ,19980312,1.13,1.13,1.08,1.1,748628
PYT,19980312,0.255,0.255,0.255,0.255,11923
QAN,19980312,2.64,2.66,2.64,2.66,1321380
QBE,19980312,6.15,6.24,6.15,6.23,1023891
QCH,19980312,5.25,5.3,5.25,5.3,4386
QMC,19980312,0.93,0.93,0.93,0.93,21632
QNI,19980312,0.89,0.91,0.88,0.9,545465
QRL,19980312,1.2,1.23,1.2,1.23,378606
QTK,19980312,0.075,0.075,0.07,0.07,746000
QUF,19980312,3.3,3.4,3.3,3.4,175992
QUR,19980312,0.59,0.59,0.57,0.59,65000
RAC,19980312,3.72,3.76,3.72,3.76,234860
RAG,19980312,0.01,0.01,0.007,0.007,491412
RBK,19980312,0.087,0.09,0.087,0.087,28000
RBL,19980312,0.44,0.44,0.44,0.44,1000
RCT,19980312,0.072,0.072,0.072,0.072,70000
RDL,19980312,0.017,0.017,0.017,0.017,207450
REB,19980312,1.83,1.83,1.83,1.83,5162
REE,19980312,0.145,0.145,0.145,0.145,9000
RGC,19980312,1.84,1.84,1.77,1.77,188853
RGR,19980312,0.033,0.033,0.033,0.033,300000
RHC,19980312,2.28,2.28,2.25,2.25,18700
RHO,19980312,0.065,0.065,0.065,0.065,10580
RIC,19980312,1.343,1.45,1.34,1.41,1436205
RIO,19980312,19.592,19.6,19.4,19.46,743695
ROK,19980312,2.37,2.37,2.37,2.37,900
ROR,19980312,0.45,0.45,0.45,0.45,12500
RPM,19980312,0.11,0.11,0.11,0.11,43987
RRR,19980312,0.22,0.22,0.22,0.22,50000
RSG,19980312,1.42,1.43,1.41,1.42,156337
RSM,19980312,0.779,0.78,0.77,0.77,63204
RTH,19980312,9.1,9.15,9.1,9.15,16458
RTS,19980312,0.75,0.75,0.75,0.75,27752
RUP,19980312,4.45,4.45,4.45,4.45,6800
RUS,19980312,0.185,0.185,0.185,0.185,5000
RVS,19980312,0.12,0.12,0.12,0.12,1871100
SAQ,19980312,3.75,3.75,3.75,3.75,34000
SAS,19980312,0.18,0.18,0.18,0.18,500
SBC,19980312,6.99,7,6.99,7,130489
SBM,19980312,0.105,0.11,0.105,0.11,1259500
SCD,19980312,0.48,0.48,0.48,0.48,250
SCH,19980312,2.66,2.67,2.66,2.66,319551
SCN,19980312,0.008,0.009,0.008,0.008,1724313
SCP,19980312,1.62,1.64,1.62,1.62,52040
SCR,19980312,2.6,2.6,2.6,2.6,17600
SCS,19980312,0.23,0.235,0.23,0.235,95466
SDI,19980312,0.36,0.36,0.345,0.345,8000
SDR,19980312,0.94,0.95,0.94,0.95,21760
SDT,19980312,0.18,0.185,0.18,0.18,91315
SET,19980312,4.3,4.3,4.3,4.3,1344
SEV,19980312,5.45,5.47,5.4,5.44,210672
SFM,19980312,0.078,0.078,0.078,0.078,25000
SGA,19980312,0.42,0.42,0.42,0.42,3000
SGB,19980312,8.744,8.8,8.74,8.76,455991
SGF,19980312,12,12,12,12,400
SGI,19980312,1.39,1.42,1.39,1.42,180630
SGP,19980312,3.751,3.8,3.74,3.75,744468
SGR,19980312,0.077,0.078,0.075,0.075,138250
SGW,19980312,4.4,4.45,4.4,4.44,28830
SHL,19980312,2.25,2.3,2.25,2.26,39452
SHM,19980312,0.09,0.09,0.09,0.09,2400
SHV,19980312,1.12,1.12,1.1,1.1,52355
SID,19980312,7.6,7.6,7.57,7.6,159244
SIS,19980312,0.43,0.44,0.41,0.41,142870
SKE,19980312,1.74,1.76,1.73,1.75,51225
SMC,19980312,0.045,0.045,0.045,0.045,10000
SME,19980312,7.999,8.03,7.95,8.03,345229
SMI,19980312,12.15,12.2,11.91,11.95,258337
SMS,19980312,8.5,8.5,8.43,8.43,42624
SMU,19980312,0.1,0.1,0.1,0.1,20000
SNM,19980312,0.415,0.425,0.415,0.42,200001
SNX,19980312,0.26,0.26,0.26,0.26,32000
SOA,19980312,0.199,0.2,0.19,0.19,216331
SOL,19980312,31,31,30.1,30.1,2263
SOV,19980312,0.065,0.065,0.065,0.065,60000
SPC,19980312,0.51,0.51,0.51,0.51,10100
SPP,19980312,2.88,2.88,2.85,2.85,54374
SPS,19980312,1.15,1.16,1.14,1.16,29470
SPT,19980312,3.43,3.43,3.41,3.41,2228
SPX,19980312,0.14,0.15,0.14,0.15,448143
SQG,19980312,0.013,0.013,0.013,0.013,587666
SRI,19980312,0.09,0.091,0.087,0.091,297900
SRL,19980312,0.67,0.67,0.67,0.67,10000
SRO,19980312,0.086,0.086,0.086,0.086,472180
SRP,19980312,5.695,6,5.695,5.9,747496
SSE,19980312,0.69,0.69,0.68,0.68,168400
SSR,19980312,1.49,1.49,1.49,1.49,1008100
STH,19980312,0.041,0.041,0.041,0.041,5400
STO,19980312,5.565,5.65,5.5,5.535,3864742
STS,19980312,3.04,3.04,3.04,3.04,2700
STU,19980312,0.17,0.17,0.17,0.17,5000
SUR,19980312,0.19,0.19,0.19,0.19,84000
SVR,19980312,0.71,0.72,0.7,0.72,12993481
SWD,19980312,1.11,1.11,1.1,1.1,45165
SWS,19980312,4.18,4.25,4.18,4.25,6650
SYD,19980312,1.38,1.38,1.31,1.31,2788442
TAG,19980312,0.14,0.14,0.14,0.14,1000
TAH,19980312,7.52,7.55,7.5,7.53,497243
TAI,19980312,0.091,0.091,0.089,0.089,1630200
TAM,19980312,0.09,0.09,0.09,0.09,10000
TAN,19980312,0.99,1,0.99,1,10000
TAP,19980312,1.354,1.354,1.3,1.3,142918
TAT,19980312,0.76,0.76,0.76,0.76,9000
TCA,19980312,6.8,6.8,6.7,6.7,35000
TCE,19980312,1.12,1.12,1.11,1.12,71350
TCL,19980312,1300,1320,1300,1320,149
TCT,19980312,8.7,8.7,8.6,8.69,82121
TDG,19980312,1.23,1.24,1.23,1.23,29300
TEC,19980312,0.28,0.28,0.27,0.27,39310
TEH,19980312,1.35,1.35,1.35,1.35,7500
TEL,19980312,7.05,7.05,7.05,7.05,6630
TEM,19980312,1.38,1.38,1.37,1.37,101800
TGG,19980312,1.7,1.71,1.7,1.7,21500
TGL,19980312,0.025,0.025,0.024,0.025,581711
TGO,19980312,0.18,0.18,0.18,0.18,45000
THG,19980312,0.63,0.64,0.63,0.64,63000
TIG,19980312,0.385,0.385,0.38,0.385,219000
TIM,19980312,4.15,4.15,4.15,4.15,7000
TIP,19980312,0.28,0.28,0.28,0.28,4546
TIR,19980312,0.14,0.15,0.14,0.15,247350
TKR,19980312,0.125,0.2,0.125,0.2,198816
TLA,19980312,1.05,1.05,1.04,1.05,8700
TMG,19980312,0.135,0.135,0.125,0.125,111012
TMS,19980312,1.63,1.65,1.63,1.65,486358
TNY,19980312,0.91,0.91,0.91,0.91,14100
TOL,19980312,2.4,2.42,2.4,2.42,21351
TOR,19980312,0.85,0.85,0.84,0.84,53247
TPT,19980312,0.365,0.375,0.365,0.375,489482
TRC,19980312,0.125,0.125,0.125,0.125,54130
TRE,19980312,0.1,0.1,0.1,0.1,81000
TRI,19980312,0.143,0.143,0.135,0.135,3551350
TSS,19980312,1.36,1.39,1.36,1.39,5500
TTH,19980312,0.35,0.35,0.33,0.33,45209
TTR,19980312,0.175,0.175,0.175,0.175,305000
TYA,19980312,2.86,2.9,2.86,2.87,33640
UAL,19980312,0.092,0.097,0.092,0.097,30000
UCR,19980312,3.89,3.97,3.89,3.95,1900485
UGM,19980312,0.25,0.25,0.25,0.25,6000
UMG,19980312,0.05,0.05,0.05,0.05,45530
VHL,19980312,0.34,0.35,0.34,0.35,26074
VNA,19980312,0.51,0.51,0.48,0.48,378600
VOS,19980312,0.38,0.395,0.38,0.395,288713
VPE,19980312,0.1,0.105,0.1,0.105,193201
VRL,19980312,4.3,4.32,4.2,4.26,181346
VSS,19980312,7.75,7.75,7.75,7.75,3380
VWD,19980312,1.38,1.38,1.37,1.38,17900
VWL,19980312,0.32,0.345,0.32,0.345,19634
WAH,19980312,0.07,0.07,0.05,0.07,115570
WAK,19980312,1.7,1.7,1.7,1.7,305
WAN,19980312,5.94,5.95,5.87,5.92,299781
WAT,19980312,0.78,0.78,0.78,0.78,3200
WBA,19980312,0.97,0.97,0.97,0.97,1868
WBC,19980312,10.393,10.47,10.37,10.4,3658450
WCO,19980312,0.3,0.35,0.3,0.35,9500
WDM,19980312,0.34,0.34,0.34,0.34,10000
WDP,19980312,1.2,1.2,1.2,1.2,18500
WEG,19980312,8.8,8.8,8.8,8.8,2200
WER,19980312,1.16,1.16,1.16,1.16,7500
WES,19980312,14.4,14.4,14.21,14.3,638045
WFA,19980312,1.46,1.46,1.45,1.46,2747269
WFT,19980312,3.15,3.17,3.14,3.15,1951867
WHF,19980312,2.22,2.22,2.22,2.22,200
WHK,19980312,0.081,0.081,0.08,0.08,200000
WHW,19980312,2.24,2.24,2.24,2.24,6080
WJM,19980312,4.35,4.35,4.35,4.35,4000
WKC,19980312,0.88,0.89,0.88,0.89,90635
WKM,19980312,0.445,0.445,0.44,0.44,136075
WMC,19980312,5.179,5.18,5.12,5.13,2210312
WMT,19980312,0.75,0.76,0.75,0.76,228750
WOW,19980312,6.014,6.07,6.01,6.042,2969603
WPL,19980312,9.183,9.193,9.01,9.1,1362384
WPT,19980312,1.88,1.88,1.86,1.88,1381928
WSF,19980312,7,7.22,7,7.2,703994
WSG,19980312,0.195,0.195,0.195,0.195,249200
WSL,19980312,4,4,3.95,3.97,43038
WTP,19980312,0.41,0.42,0.41,0.41,63302
WWH,19980312,3.6,3.6,3.6,3.6,500
WYL,19980312,5.577,5.599,5.45,5.49,162101
YAM,19980312,0.15,0.17,0.15,0.17,450000
YDR,19980312,0.105,0.105,0.105,0.105,2500
YNX,19980312,0.155,0.16,0.155,0.155,914483
YTS,19980312,1.11,1.14,1.11,1.11,143470
ZEL,19980312,0.68,0.68,0.67,0.68,22071
ZPR,19980312,0.041,0.041,0.041,0.041,16296
ZYL,19980312,0.3,0.3,0.28,0.28,25666
