AAA,19980727,1.93,1.94,1.89,1.93,161850
AAP,19980727,3.2,3.2,3.17,3.2,67639
AAV,19980727,1.25,1.25,1.25,1.25,2000
ABC,19980727,0.9,0.92,0.87,0.9,85153
ABD,19980727,0.048,0.05,0.048,0.05,146000
ABF,19980727,3,3.01,3,3.01,278004
ABG,19980727,1.8,1.8,1.78,1.78,22750
ABN,19980727,1,1,0.98,0.98,142000
ABR,19980727,0.07,0.07,0.07,0.07,5000
ADA,19980727,0.66,0.66,0.66,0.66,4000
ADB,19980727,5.7,5.7,5.65,5.69,29636
ADM,19980727,0.061,0.061,0.058,0.058,252731
ADX,19980727,0.37,0.37,0.37,0.37,4000
ADZ,19980727,2.68,2.72,2.68,2.69,74220
AEC,19980727,0.9,0.92,0.9,0.92,6500
AEX,19980727,0.02,0.02,0.02,0.02,10000
AFI,19980727,2.7,2.72,2.65,2.65,240673
AFK,19980727,0.22,0.22,0.2,0.205,612552
AFW,19980727,0.071,0.071,0.07,0.07,60000
AGE,19980727,23,23,23,23,500
AGH,19980727,0.71,0.72,0.71,0.71,1707201
AGL,19980727,10.65,10.65,10.35,10.37,420825
AGR,19980727,0.49,0.52,0.49,0.52,726200
AHD,19980727,4.6,4.6,4.59,4.6,10952
AHX,19980727,1.25,1.26,1.24,1.24,36128
AIF,19980727,0.35,0.35,0.35,0.35,50000
AIU,19980727,0.063,0.063,0.063,0.063,50000
AIX,19980727,2.1,2.1,2.06,2.06,160678
AJO,19980727,2.149,2.16,2.14,2.15,366448
AJR,19980727,0.91,0.92,0.9,0.9,664103
AJS,19980727,1.01,1.02,1.01,1.02,350803
AKC,19980727,4.15,4.16,4.15,4.15,67000
AKD,19980727,0.026,0.026,0.024,0.024,69000
AKL,19980727,0.175,0.175,0.17,0.175,764600
ALA,19980727,0.74,0.74,0.74,0.74,1000
ALI,19980727,0.45,0.45,0.45,0.45,5000
ALK,19980727,0.33,0.33,0.33,0.33,3200
ALL,19980727,3.92,3.92,3.91,3.91,55876
ALO,19980727,0.72,0.72,0.71,0.71,25000
ALP,19980727,0.6,0.6,0.5,0.5,18890
ALZ,19980727,1.07,1.09,1.07,1.07,14000
AMC,19980727,7.24,7.3,6.97,6.98,1287855
AMG,19980727,0.09,0.09,0.09,0.09,12000
AMI,19980727,0.145,0.145,0.135,0.14,1998516
AML,19980727,2.04,2.05,2,2,23498
AMP,19980727,19.7,19.94,19.69,19.92,3005346
AMU,19980727,0.12,0.12,0.12,0.12,40000
AMV,19980727,0.145,0.145,0.145,0.145,28000
ANE,19980727,1.96,1.98,1.95,1.95,27454
ANF,19980727,1.24,1.24,1.24,1.24,1600
ANI,19980727,0.9,0.95,0.9,0.93,1518708
ANL,19980727,3.5,3.5,3.45,3.45,60822
ANZ,19980727,10.95,11,10.72,10.72,4550709
AOF,19980727,1.27,1.27,1.26,1.26,80616
AOG,19980727,1.41,1.41,1.4,1.4,20000
APE,19980727,3.8,3.8,3.8,3.8,10600
APF,19980727,1.57,1.58,1.55,1.58,816617
APG,19980727,0.041,0.041,0.041,0.041,207334
API,19980727,2.35,2.35,2.35,2.35,127096
APN,19980727,2.15,2.15,2.13,2.15,21627
APU,19980727,0.26,0.27,0.26,0.27,25000
APW,19980727,2.75,2.75,2.75,2.75,2000
APY,19980727,1.23,1.23,1.22,1.22,28000
AQS,19980727,0.53,0.53,0.51,0.51,26884
ARA,19980727,0.45,0.46,0.45,0.46,30263
ARC,19980727,0.145,0.145,0.145,0.145,30000
ARG,19980727,3.19,3.19,3.11,3.14,48997
ARL,19980727,2.53,2.54,2.41,2.41,266872
ARP,19980727,3.8,3.8,3.8,3.8,100
ARQ,19980727,0.33,0.33,0.315,0.315,58788
ARS,19980727,0.235,0.24,0.225,0.225,340750
ASE,19980727,0.2,0.2,0.19,0.19,39000
ASH,19980727,1.04,1.04,1.04,1.04,27298
ASL,19980727,0.7,0.7,0.7,0.7,23732
ATE,19980727,0.022,0.022,0.022,0.022,130200
ATP,19980727,0.25,0.25,0.25,0.25,13000
ATU,19980727,0.65,0.67,0.65,0.66,232450
AUD,19980727,2.7,2.75,2.7,2.75,36953
AUG,19980727,1.3,1.3,1.28,1.29,277043
AUO,19980727,0.4,0.4,0.4,0.4,21154
AVJ,19980727,0.415,0.415,0.41,0.41,61000
AVL,19980727,0.17,0.17,0.16,0.16,64000
AVR,19980727,0.82,0.82,0.8,0.8,30454
AWA,19980727,0.67,0.67,0.65,0.66,174044
AWE,19980727,0.25,0.25,0.245,0.245,40714
AWH,19980727,1.72,1.72,1.7,1.7,8177
AXI,19980727,0.105,0.105,0.1,0.1,66300
AYO,19980727,0.49,0.5,0.49,0.5,19500
AZL,19980727,0.19,0.19,0.185,0.185,63083
BAE,19980727,0.155,0.155,0.155,0.155,7500
BAH,19980727,0.29,0.3,0.29,0.3,60000
BAT,19980727,27.35,27.35,27.35,27.35,705
BCD,19980727,0.89,0.9,0.88,0.89,19100
BDG,19980727,0.1,0.1,0.098,0.098,245000
BDS,19980727,3,3,3,3,7500
BEM,19980727,0.46,0.46,0.435,0.435,10250
BEN,19980727,4.005,4.05,3.9,3.9,110043
BGD,19980727,0.255,0.255,0.23,0.23,15500
BGF,19980727,0.026,0.026,0.026,0.026,60000
BHP,19980727,14,14.05,13.77,13.8,3332504
BHT,19980727,0.86,0.87,0.86,0.87,302500
BIC,19980727,0.313,0.313,0.313,0.313,3227
BII,19980727,0.2,0.2,0.2,0.2,83200
BIL,19980727,34.5,34.7,34.3,34.45,271375
BIR,19980727,0.81,0.82,0.81,0.82,35850
BKA,19980727,0.195,0.2,0.195,0.2,940919
BKL,19980727,5.74,5.74,5.74,5.74,500
BKR,19980727,0.29,0.29,0.26,0.29,80150
BKW,19980727,34,34,34,34,172
BLI,19980727,0.07,0.07,0.07,0.07,35000
BLO,19980727,0.405,0.405,0.39,0.39,191100
BMX,19980727,0.145,0.145,0.145,0.145,100000
BNA,19980727,0.115,0.12,0.115,0.115,282120
BOA,19980727,0.69,0.7,0.69,0.7,15430
BOC,19980727,0.36,0.36,0.36,0.36,29100
BOG,19980727,0.175,0.175,0.17,0.17,47856
BOR,19980727,3.05,3.05,2.97,2.99,1591971
BPC,19980727,0.15,0.15,0.14,0.14,255529
BPT,19980727,0.038,0.038,0.038,0.038,46182
BQD,19980727,5.7,5.8,5.7,5.7,13503
BRI,19980727,0.145,0.145,0.14,0.145,22500
BRL,19980727,4.925,4.93,4.87,4.89,239592
BRN,19980727,0.21,0.21,0.205,0.205,75000
BRS,19980727,1.3,1.32,1.3,1.3,12100
BRY,19980727,0.82,0.82,0.8,0.81,707173
BRZ,19980727,2.36,2.36,2.35,2.35,16400
BSG,19980727,0.11,0.11,0.11,0.11,202000
BSO,19980727,4.25,4.25,4.2,4.2,7060
BTA,19980727,5.1,5.12,4.95,5.02,121206
BTE,19980727,0.71,0.71,0.69,0.69,90450
BTG,19980727,0.75,0.75,0.75,0.75,6278
BTL,19980727,3.96,4.05,3.96,4.05,8226
BTO,19980727,1.57,1.57,1.55,1.56,612296
BTP,19980727,2.02,2.03,1.99,2.02,114828
BTS,19980727,3.46,3.55,3.46,3.55,78973
BTY,19980727,3.03,3.03,3.03,3.03,7905
BUG,19980727,1.02,1.03,1.02,1.03,9667
BVT,19980727,0.42,0.42,0.415,0.415,49500
BWA,19980727,3.07,3.1,3,3,310494
CAA,19980727,2.49,2.49,2.44,2.45,640757
CAE,19980727,0.013,0.013,0.013,0.013,400000
CAG,19980727,0.076,0.076,0.075,0.075,326000
CAI,19980727,0.32,0.32,0.29,0.29,59000
CAT,19980727,0.3,0.3,0.29,0.29,13000
CBA,19980727,20,20.2,19.9,19.91,1668744
CBI,19980727,1.105,1.105,1.105,1.105,4000
CBL,19980727,0.23,0.23,0.23,0.23,7000
CBN,19980727,0.1,0.1,0.1,0.1,25000
CBO,19980727,0.76,0.76,0.68,0.68,377809
CBS,19980727,23.049,23.05,23.049,23.05,955
CCB,19980727,4.82,4.95,4.82,4.93,1841243
CCH,19980727,0.18,0.19,0.18,0.19,53000
CCL,19980727,6.9,6.95,6.85,6.858,480715
CCN,19980727,0.43,0.43,0.41,0.41,73557
CCR,19980727,0.13,0.13,0.13,0.13,69000
CCV,19980727,0.195,0.195,0.195,0.195,250000
CDF,19980727,1.02,1.02,1.02,1.02,2500
CEA,19980727,0.009,0.009,0.009,0.009,288000
CEP,19980727,2.541,2.541,2.53,2.54,266714
CEQ,19980727,1.41,1.43,1.4,1.4,35986
CEW,19980727,1.5,1.5,1.5,1.5,5000
CEY,19980727,0.52,0.52,0.52,0.52,3717
CFA,19980727,0.17,0.17,0.17,0.17,10000
CFR,19980727,0.021,0.021,0.02,0.021,247300
CFS,19980727,1,1,1,1,20000
CGD,19980727,0.78,0.8,0.78,0.8,22000
CGH,19980727,5.18,5.2,5.1,5.18,2085042
CHE,19980727,0.2,0.2,0.2,0.2,40000
CHF,19980727,1,1.04,0.93,0.93,777916
CHL,19980727,0.37,0.37,0.37,0.37,9091
CIA,19980727,1.97,1.97,1.97,1.97,6800
CID,19980727,0.34,0.34,0.34,0.34,3000
CIE,19980727,0.85,0.85,0.85,0.85,2108
CIH,19980727,0.34,0.34,0.32,0.32,32762
CIM,19980727,0.13,0.135,0.125,0.125,411944
CIN,19980727,11,11,11,11,700
CIO,19980727,0.3,0.3,0.295,0.295,56659
CIP,19980727,1.95,1.98,1.95,1.98,17552
CLI,19980727,2.1,2.15,2.1,2.1,30807
CLO,19980727,0.54,0.54,0.52,0.52,60100
CLR,19980727,0.71,0.71,0.69,0.69,421270
CMC,19980727,6.08,6.15,6,6,187308
CMF,19980727,1.29,1.3,1.28,1.3,436367
CMK,19980727,0.245,0.245,0.245,0.245,1000
CML,19980727,6.39,6.47,6.3,6.31,690848
CMU,19980727,1.02,1.02,1,1,28600
CMZ,19980727,0.5,0.5,0.49,0.49,300000
CNA,19980727,7.31,7.31,7.31,7.31,740
CND,19980727,1.53,1.53,1.45,1.5,20530
CNF,19980727,0.12,0.12,0.12,0.12,32400
CNG,19980727,0.415,0.43,0.41,0.42,37682
CNM,19980727,0.057,0.057,0.057,0.057,20000
CNN,19980727,0.59,0.59,0.56,0.56,50761
COA,19980727,2.65,2.67,2.65,2.65,5400
COC,19980727,2.1,2.13,2.1,2.13,74813
COF,19980727,3.07,3.07,3.02,3.02,11000
COH,19980727,6.55,6.55,6.55,6.55,5250
COT,19980727,1.07,1.09,1.07,1.09,31006
CPB,19980727,4.35,4.35,4.35,4.35,500
CPC,19980727,0.097,0.099,0.097,0.099,339200
CPI,19980727,1.65,1.65,1.65,1.65,20000
CPL,19980727,2.29,2.29,2.26,2.27,583119
CPU,19980727,5.595,5.61,5.59,5.6,68179
CPW,19980727,4.4,4.4,4.38,4.38,8800
CPY,19980727,0.93,0.93,0.9,0.9,217901
CQT,19980727,0.145,0.16,0.14,0.15,97000
CRG,19980727,9.5,9.5,9.35,9.36,13073
CRO,19980727,0.52,0.52,0.5,0.51,597260
CRS,19980727,0.24,0.24,0.235,0.235,52000
CRT,19980727,0.58,0.62,0.58,0.59,52702
CRV,19980727,0.55,0.55,0.55,0.55,300
CSA,19980727,0.33,0.36,0.33,0.36,843250
CSL,19980727,10.56,10.56,10.3,10.35,242066
CSR,19980727,4.42,4.5,4.31,4.35,1430891
CSY,19980727,0.105,0.13,0.105,0.125,338264
CTL,19980727,2.88,2.9,2.85,2.9,51304
CTR,19980727,0.57,0.57,0.54,0.55,764917
CTX,19980727,4.05,4.12,3.96,3.96,151044
CUC,19980727,0.65,0.69,0.6,0.69,34800
CUE,19980727,0.07,0.07,0.065,0.065,410000
CUP,19980727,0.87,0.88,0.86,0.88,259700
CWG,19980727,0.16,0.16,0.16,0.16,40000
CWI,19980727,1.45,1.47,1.45,1.47,431591
CXR,19980727,0.17,0.17,0.165,0.17,177200
CYH,19980727,0.07,0.075,0.07,0.074,283500
DAR,19980727,1.05,1.05,1.05,1.05,163179
DEF,19980727,0.041,0.044,0.041,0.044,344000
DFI,19980727,1.75,1.75,1.75,1.75,280
DGD,19980727,2,2.05,1.95,1.95,145979
DGL,19980727,0.56,0.56,0.56,0.56,8000
DGM,19980727,0.007,0.007,0.006,0.006,47500
DJS,19980727,1.85,1.86,1.81,1.85,724663
DJW,19980727,3.57,3.58,3.55,3.57,66118
DLS,19980727,0.071,0.071,0.071,0.071,10000
DMR,19980727,0.095,0.099,0.095,0.099,100000
DOM,19980727,0.38,0.42,0.38,0.41,362825
DOR,19980727,0.12,0.125,0.12,0.12,171000
DPG,19980727,5.8,5.8,5.8,5.8,5440
DRA,19980727,0.038,0.038,0.038,0.038,7500
DRE,19980727,0.2,0.2,0.2,0.2,10000
DRN,19980727,0.43,0.43,0.43,0.43,2000
DSH,19980727,0.75,0.77,0.74,0.74,1176124
DTL,19980727,1.46,1.46,1.45,1.45,5880
DUI,19980727,1.25,1.26,1.25,1.26,93001
DVD,19980727,0.47,0.47,0.45,0.45,91445
DVL,19980727,1.23,1.23,1.23,1.23,10000
DVN,19980727,0.65,0.66,0.65,0.66,31000
EAM,19980727,1.32,1.32,1.3,1.3,85697
EBG,19980727,0.052,0.052,0.052,0.052,84000
EBR,19980727,0.2,0.2,0.195,0.2,114000
ECA,19980727,0.62,0.62,0.62,0.62,2414
ECM,19980727,0.49,0.5,0.49,0.5,14400
ECT,19980727,0.75,0.75,0.74,0.74,5850
EDI,19980727,4.1,4.14,4.06,4.11,4024
EEC,19980727,0.495,0.5,0.49,0.5,274958
EGD,19980727,0.09,0.09,0.09,0.09,100000
EGL,19980727,0.079,0.079,0.066,0.066,325000
EGO,19980727,0.31,0.34,0.3,0.32,324965
ELT,19980727,1.22,1.25,1.2,1.2,23500
EMD,19980727,0.003,0.003,0.003,0.003,10000
EML,19980727,3.02,3.02,3,3,237504
EMM,19980727,0.3,0.3,0.3,0.3,4000
EMP,19980727,0.4,0.4,0.38,0.385,419852
ENE,19980727,2.36,2.36,2.3,2.3,17932
ENV,19980727,0.97,0.98,0.96,0.97,155320
EQI,19980727,0.35,0.35,0.35,0.35,20000
EQK,19980727,0.63,0.64,0.63,0.64,511000
EQR,19980727,0.125,0.125,0.12,0.12,6413
ERA,19980727,3.06,3.06,3.04,3.05,21112
ERG,19980727,0.97,1.1,0.97,1.01,346889
ESA,19980727,0.12,0.12,0.12,0.12,18000
ESI,19980727,0.2,0.2,0.2,0.2,25000
EWL,19980727,0.41,0.41,0.4,0.41,83000
EWN,19980727,0.25,0.25,0.25,0.25,20000
EXO,19980727,0.26,0.26,0.26,0.26,11000
FAF,19980727,0.6,0.6,0.6,0.6,12764
FAI,19980727,0.455,0.455,0.45,0.45,35588
FBG,19980727,3.7,3.73,3.66,3.7,1254976
FBO,19980727,2,2,1.9,1.9,9938
FCL,19980727,1.54,1.54,1.48,1.48,773394
FDR,19980727,0.05,0.051,0.05,0.051,411670
FFI,19980727,1,1,1,1,1183
FFL,19980727,1.3,1.3,1.25,1.25,43182
FHF,19980727,7.35,7.36,7.22,7.28,74101
FIF,19980727,4.5,4.5,4.4,4.4,70108
FIG,19980727,0.04,0.04,0.038,0.038,78000
FIM,19980727,0.04,0.044,0.04,0.044,25000
FLL,19980727,0.59,0.59,0.58,0.58,164755
FLT,19980727,3.09,3.09,3.05,3.05,8120
FMH,19980727,2.25,2.27,2.25,2.27,7000
FNC,19980727,0.043,0.046,0.043,0.046,325000
FOA,19980727,9.9,9.9,9.71,9.81,52802
FPF,19980727,1.06,1.06,1.06,1.06,19696
FPG,19980727,1.05,1.05,1.04,1.04,4000
FRM,19980727,0.83,0.85,0.83,0.85,461000
FRP,19980727,1.13,1.13,1.11,1.11,19120
FSR,19980727,0.039,0.039,0.039,0.039,150
FST,19980727,2.36,2.36,2.36,2.36,2100
FXF,19980727,0.21,0.21,0.2,0.2,331818
FXJ,19980727,2.833,2.833,2.73,2.74,296745
GAL,19980727,2.2,2.2,2.2,2.2,150
GAN,19980727,1.2,1.21,1.2,1.21,653167
GCC,19980727,0.34,0.34,0.34,0.34,20000
GCM,19980727,1.6,1.6,1.57,1.6,165631
GCR,19980727,0.1,0.1,0.1,0.1,10000
GDH,19980727,0.18,0.2,0.18,0.2,32000
GDM,19980727,0.25,0.25,0.25,0.25,129400
GDP,19980727,0.81,0.81,0.81,0.81,10000
GEE,19980727,0.105,0.11,0.105,0.11,220000
GEL,19980727,0.3,0.3,0.3,0.3,32962
GGR,19980727,0.066,0.069,0.065,0.065,44329
GGS,19980727,0.07,0.07,0.07,0.07,3420299
GHG,19980727,1.82,1.82,1.78,1.78,315814
GHP,19980727,1.2,1.22,1.2,1.22,193347
GHR,19980727,0.255,0.27,0.255,0.27,45000
GIO,19980727,4.24,4.24,4.16,4.17,1619376
GLD,19980727,1.69,1.7,1.68,1.69,1355972
GLT,19980727,0.115,0.115,0.115,0.115,20000
GMF,19980727,2.05,2.05,2.01,2.01,6064191
GMN,19980727,0.1,0.1,0.1,0.1,5000
GNC,19980727,11.2,11.3,11.2,11.3,3085
GNR,19980727,0.05,0.055,0.05,0.055,50000
GOW,19980727,2.25,2.26,2.25,2.26,45136
GPT,19980727,2.849,2.88,2.84,2.86,859487
GPY,19980727,0.22,0.225,0.22,0.22,102452
GRA,19980727,0.088,0.09,0.088,0.09,579926
GRE,19980727,0.195,0.195,0.195,0.195,28000
GRI,19980727,0.105,0.105,0.1,0.1,106500
GRN,19980727,0.1,0.1,0.1,0.1,113005
GSE,19980727,0.055,0.055,0.055,0.055,10000
GSO,19980727,0.086,0.086,0.08,0.08,100000
GSP,19980727,1.33,1.33,1.31,1.31,19969
GTL,19980727,0.15,0.15,0.15,0.15,35000
GTM,19980727,0.027,0.028,0.027,0.028,252000
GTN,19980727,0.6,0.6,0.6,0.6,8749
GTS,19980727,0.26,0.27,0.25,0.25,140000
GUD,19980727,2.15,2.16,2.12,2.12,48417
GUL,19980727,0.044,0.06,0.044,0.06,1900
GVM,19980727,0.11,0.11,0.1,0.1,24594
GWF,19980727,0.7,0.7,0.7,0.7,10000
GWT,19980727,2.6,2.6,2.59,2.59,94300
GYM,19980727,0.365,0.37,0.365,0.365,11000
GZL,19980727,1.58,1.58,1.55,1.58,50000
HAH,19980727,4.27,4.32,4.21,4.23,180271
HAM,19980727,0.32,0.32,0.32,0.32,3000
HAO,19980727,0.165,0.19,0.165,0.17,63680
HAR,19980727,0.37,0.375,0.37,0.375,3600
HBL,19980727,0.245,0.25,0.245,0.25,11789
HCL,19980727,0.7,0.7,0.7,0.7,127159
HCO,19980727,3.7,3.7,3.7,3.7,1107
HDR,19980727,0.07,0.07,0.068,0.068,318000
HEI,19980727,0.32,0.32,0.32,0.32,17
HER,19980727,0.29,0.3,0.29,0.3,6026
HFY,19980727,0.75,0.75,0.7,0.7,463148
HGV,19980727,0.6,0.6,0.6,0.6,5000
HIC,19980727,0.51,0.53,0.51,0.53,212000
HIG,19980727,0.5,0.5,0.46,0.46,83554
HIH,19980727,2.66,2.66,2.58,2.58,68312
HIL,19980727,2.31,2.31,2.3,2.3,24365
HLN,19980727,0.92,0.94,0.92,0.94,185839
HLX,19980727,0.295,0.3,0.29,0.3,40000
HLY,19980727,2.83,2.86,2.83,2.85,1089508
HMC,19980727,0.034,0.035,0.034,0.035,153000
HMT,19980727,2.4,2.4,2.4,2.4,860
HNG,19980727,1.61,1.61,1.6,1.6,14573
HOY,19980727,2.25,2.25,2.12,2.15,121965
HPA,19980727,0.09,0.09,0.09,0.09,25000
HPL,19980727,1,1,1,1,8400
HRP,19980727,1.28,1.29,1.28,1.28,263700
HRT,19980727,0.14,0.14,0.14,0.14,11000
HRW,19980727,1.7,1.7,1.68,1.69,58983
HSL,19980727,2.55,2.55,2.55,2.55,2200
HSM,19980727,15.8,15.8,15.8,15.8,49004
HSP,19980727,0.56,0.56,0.56,0.56,90000
HVN,19980727,8.75,8.75,8.7,8.7,15008
IAM,19980727,2.01,2.01,2,2,2864
ICN,19980727,0.054,0.054,0.052,0.052,185000
ICT,19980727,5.1,5.12,5.04,5.04,27270
ICW,19980727,2.59,2.6,2.59,2.6,7500
IFA,19980727,0.67,0.67,0.65,0.66,115889
IFT,19980727,1.27,1.27,1.26,1.26,1640143
IGP,19980727,0.38,0.38,0.38,0.38,4000
IHG,19980727,0.8,0.81,0.79,0.79,24136
IHN,19980727,0.36,0.36,0.36,0.36,1334
IIT,19980727,1.6,1.65,1.6,1.65,94402
ILH,19980727,0.35,0.35,0.35,0.35,15000
IMD,19980727,0.155,0.155,0.155,0.155,28333
IMP,19980727,0.026,0.026,0.026,0.026,134
IMR,19980727,0.08,0.08,0.075,0.075,102000
INF,19980727,0.17,0.17,0.17,0.17,4893
IPH,19980727,1.8,1.8,1.8,1.8,5500
IPY,19980727,1.02,1.02,1,1,556926
IXL,19980727,0.34,0.34,0.32,0.32,35362
JFC,19980727,0.49,0.49,0.49,0.49,7583
JJS,19980727,1.16,1.16,1.16,1.16,1900
JLA,19980727,0.042,0.05,0.042,0.05,22814
JNA,19980727,3.74,3.74,3.73,3.73,105800
JRV,19980727,0.05,0.05,0.05,0.05,200000
JUP,19980727,2.45,2.53,2.45,2.53,61367
JWM,19980727,3.35,3.35,3.35,3.35,200
JYC,19980727,1.34,1.35,1.34,1.35,11000
KBO,19980727,0.085,0.086,0.085,0.086,270500
KCN,19980727,0.45,0.45,0.43,0.43,40000
KGM,19980727,0.6,0.6,0.6,0.6,200
KGR,19980727,0.023,0.024,0.023,0.023,1000000
KLA,19980727,0.071,0.071,0.071,0.071,275
KLS,19980727,0.125,0.135,0.125,0.125,145435
KLZ,19980727,1.19,1.2,1.19,1.2,38874
KRS,19980727,0.21,0.21,0.21,0.21,3500
KYC,19980727,0.8,0.8,0.76,0.76,98500
LAC,19980727,1.98,2,1.95,2,33100
LAF,19980727,0.06,0.06,0.06,0.06,10000
LEG,19980727,0.185,0.185,0.185,0.185,104000
LEI,19980727,5.3,5.45,5.21,5.21,178892
LEO,19980727,0.09,0.09,0.09,0.09,82200
LGI,19980727,1.12,1.12,1.12,1.12,51400
LHG,19980727,2.08,2.08,2.01,2.01,1161336
LKO,19980727,0.018,0.019,0.018,0.018,113600
LLC,19980727,35.26,35.5,35,35,300874
LLR,19980727,0.051,0.051,0.05,0.05,80000
LNN,19980727,3.85,3.85,3.75,3.78,76451
LSE,19980727,0.045,0.045,0.04,0.04,66260
LSG,19980727,0.79,0.79,0.77,0.77,29500
LVG,19980727,0.041,0.043,0.041,0.041,270685
LWT,19980727,0.82,0.83,0.82,0.83,400966
LYG,19980727,0.27,0.27,0.27,0.27,44961
MAG,19980727,2.31,2.31,2.31,2.31,1885
MAH,19980727,0.395,0.4,0.395,0.4,777900
MAX,19980727,0.94,0.94,0.93,0.93,20000
MAY,19980727,9.36,9.4,9.09,9.19,520162
MBC,19980727,7.1,7.1,7.1,7.1,8000
MBF,19980727,0.14,0.14,0.14,0.14,9500
MBK,19980727,3.18,3.19,3.16,3.19,13040
MBL,19980727,14.65,14.7,14.55,14.59,87994
MCP,19980727,1.35,1.36,1.31,1.31,11250
MED,19980727,0.34,0.35,0.34,0.35,173000
MEE,19980727,0.2,0.215,0.2,0.215,207275
MEM,19980727,1.35,1.35,1.35,1.35,93
MGD,19980727,0.4,0.4,0.38,0.4,41219
MGW,19980727,1.86,1.86,1.82,1.85,18543
MIK,19980727,0.16,0.16,0.15,0.15,23760
MIM,19980727,0.81,0.82,0.78,0.78,3608545
MIV,19980727,0.245,0.25,0.245,0.25,21615
MJN,19980727,0.105,0.105,0.105,0.105,100000
MKA,19980727,0.165,0.165,0.165,0.165,2541
MLT,19980727,8.25,8.25,8,8,12784
MLY,19980727,0.15,0.155,0.15,0.155,4146
MMC,19980727,0.63,0.63,0.63,0.63,19450
MMD,19980727,0.2,0.2,0.2,0.2,20000
MMF,19980727,2.08,2.08,2.03,2.05,141725
MMN,19980727,0.081,0.085,0.078,0.078,167500
MMU,19980727,2.1,2.13,2.03,2.03,33974
MNE,19980727,0.18,0.18,0.175,0.175,50000
MNG,19980727,0.082,0.082,0.082,0.082,10000
MOO,19980727,0.08,0.08,0.08,0.08,25000
MOS,19980727,0.265,0.27,0.26,0.27,165775
MPH,19980727,0.25,0.25,0.25,0.25,2000
MPI,19980727,0.14,0.14,0.14,0.14,45000
MPT,19980727,1.54,1.55,1.53,1.54,269402
MRC,19980727,0.19,0.19,0.19,0.19,50000
MRD,19980727,0.85,0.85,0.83,0.83,28615
MRH,19980727,0.45,0.48,0.44,0.46,25000
MRL,19980727,0.94,0.95,0.94,0.95,78160
MRV,19980727,1.88,1.88,1.87,1.87,18290
MSC,19980727,0.13,0.13,0.13,0.13,500
MSG,19980727,0.24,0.24,0.23,0.23,89900
MSI,19980727,0.1,0.1,0.1,0.1,257825
MTB,19980727,0.061,0.061,0.061,0.061,1500
MTD,19980727,0.099,0.099,0.095,0.095,52500
MTL,19980727,1.5,1.5,1.49,1.49,91452
MUR,19980727,0.14,0.14,0.13,0.13,97509
MZG,19980727,0.18,0.18,0.18,0.18,200000
NAB,19980727,23.309,23.5,23.1,23.1,2650244
NAM,19980727,0.77,0.77,0.77,0.77,45500
NAU,19980727,0.7,0.7,0.7,0.7,3000
NBH,19980727,3.72,3.75,3.65,3.67,484251
NCC,19980727,1.65,1.65,1.64,1.64,23000
NCM,19980727,1.95,1.96,1.94,1.96,147175
NCP,19980727,12.352,12.44,12.21,12.25,1788974
NDB,19980727,0.13,0.135,0.13,0.135,40000
NDY,19980727,1.3,1.32,1.3,1.31,1581565
NEX,19980727,0.033,0.033,0.03,0.03,88000
NFD,19980727,2.8,2.8,2.72,2.72,151744
NFG,19980727,0.315,0.315,0.31,0.31,20000
NFM,19980727,4.6,4.6,4.6,4.6,1000
NFO,19980727,0.1,0.1,0.1,0.1,10000
NHG,19980727,0.086,0.087,0.085,0.085,107200
NIX,19980727,1.2,1.2,1.19,1.19,7117
NMF,19980727,0.63,0.63,0.63,0.63,20000
NMH,19980727,3.19,3.2,3.15,3.17,1372607
NML,19980727,2.375,2.38,2.35,2.35,21620
NMP,19980727,1.36,1.36,1.35,1.35,363742
NMW,19980727,1.12,1.12,1.1,1.1,10633
NPS,19980727,1.13,1.13,1.13,1.13,6000
NPT,19980727,1.11,1.11,1.07,1.08,164262
NRT,19980727,3.06,3.1,3.06,3.08,25659
NSL,19980727,0.315,0.315,0.315,0.315,8000
NVS,19980727,2.15,2.15,2.07,2.07,25161
NWE,19980727,0.11,0.11,0.105,0.105,28000
NZO,19980727,0.33,0.33,0.32,0.32,102384
OEC,19980727,0.98,0.98,0.95,0.97,382261
OFT,19980727,0.45,0.45,0.45,0.45,20000
OIL,19980727,0.225,0.225,0.22,0.22,43000
OML,19980727,2.23,2.26,2.18,2.19,432593
OMO,19980727,0.155,0.155,0.15,0.15,183000
ONE,19980727,2.6,2.65,2.56,2.65,1585
ONI,19980727,0.42,0.42,0.42,0.42,6000
OPS,19980727,3.39,3.44,3.37,3.4,83496
ORI,19980727,9.1,9.1,8.9,8.9,2296047
OSH,19980727,2.42,2.42,2.35,2.36,478870
OTR,19980727,1.04,1.04,1.04,1.04,2750
OXR,19980727,0.075,0.075,0.072,0.075,151483
OZM,19980727,3.7,3.77,3.65,3.65,98410
PAL,19980727,0.105,0.11,0.105,0.11,91938
PAS,19980727,1.33,1.35,1.31,1.31,784227
PAT,19980727,2.15,2.15,2.15,2.15,40370
PBB,19980727,3.87,3.87,3.78,3.8,218903
PBL,19980727,6.96,7,6.9,6.9,86654
PBV,19980727,2.6,2.6,2.6,2.6,15270
PBY,19980727,0.325,0.325,0.315,0.32,126094
PCG,19980727,0.25,0.25,0.25,0.25,23000
PDC,19980727,1.31,1.31,1.3,1.3,468971
PDG,19980727,17.15,17.15,17.15,17.15,13320
PDN,19980727,0.145,0.15,0.14,0.15,1502144
PDP,19980727,2.91,2.95,2.89,2.9,1609845
PEM,19980727,0.35,0.35,0.35,0.35,55000
PFM,19980727,0.27,0.27,0.26,0.26,3136
PGL,19980727,7.25,7.25,7.1,7.1,7494
PHD,19980727,0.31,0.31,0.305,0.305,37000
PHI,19980727,0.49,0.49,0.49,0.49,3652
PHY,19980727,0.94,0.95,0.94,0.95,2500
PID,19980727,0.96,0.96,0.94,0.94,409003
PII,19980727,1.19,1.22,1.19,1.22,974293
PIP,19980727,0.72,0.73,0.71,0.73,984455
PLM,19980727,4.65,4.7,4.65,4.7,5615
PLS,19980727,4.96,4.96,4.96,4.96,3814
PLT,19980727,2.95,2.95,2.9,2.9,383962
PMA,19980727,0.65,0.66,0.65,0.66,85915
PMC,19980727,1.14,1.15,1.14,1.15,43201
PML,19980727,0.62,0.62,0.62,0.62,400
PMM,19980727,1.2,1.2,1.18,1.19,159293
PMP,19980727,2.65,2.65,2.62,2.63,237080
PMT,19980727,6.5,6.55,6.5,6.55,8470
PNA,19980727,0.15,0.155,0.145,0.145,95467
PNI,19980727,4,4,3.85,3.86,3020559
PNL,19980727,0.2,0.2,0.2,0.2,10000
PPK,19980727,0.57,0.57,0.57,0.57,9000
PPL,19980727,0.28,0.28,0.28,0.28,8000
PPP,19980727,0.105,0.11,0.105,0.11,3542
PPR,19980727,0.93,0.93,0.93,0.93,1000
PPT,19980727,14.4,14.4,14.4,14.4,10500
PRB,19980727,0.02,0.02,0.02,0.02,100000
PRE,19980727,0.056,0.056,0.056,0.056,35714
PRH,19980727,2.49,2.49,2.38,2.38,200
PRL,19980727,0.77,0.8,0.77,0.8,15800
PRM,19980727,0.28,0.28,0.28,0.28,1146
PRN,19980727,0.01,0.01,0.01,0.01,3000
PRP,19980727,1.13,1.15,1.13,1.14,562435
PRT,19980727,2.05,2.11,2.05,2.1,117069
PRX,19980727,0.98,0.98,0.95,0.95,327466
PSA,19980727,4.65,4.65,4.37,4.37,99807
PSE,19980727,0.11,0.11,0.11,0.11,40000
PSR,19980727,2.55,2.6,2.55,2.55,36200
PTD,19980727,0.45,0.47,0.45,0.465,567250
PTL,19980727,0.4,0.4,0.39,0.39,9124
PTZ,19980727,1.01,1.01,0.98,0.98,349953
QAN,19980727,2.53,2.56,2.51,2.54,919894
QBE,19980727,6.05,6.05,5.88,5.9,211173
QCH,19980727,5.1,5.1,5.06,5.08,21932
QMC,19980727,1.07,1.07,1.06,1.07,566652
QNI,19980727,0.77,0.77,0.76,0.77,429496
QRL,19980727,1.12,1.14,1.1,1.12,227889
QST,19980727,0.18,0.18,0.18,0.18,4000
QTI,19980727,0.14,0.14,0.14,0.14,276
QTK,19980727,0.04,0.049,0.04,0.04,181161
QUR,19980727,0.49,0.49,0.49,0.49,4488
RAC,19980727,4.25,4.25,4.15,4.19,404262
RAG,19980727,0.011,0.011,0.011,0.011,10969
RBK,19980727,0.08,0.08,0.08,0.08,10934
RDF,19980727,0.65,0.65,0.65,0.65,100
REB,19980727,1.3,1.3,1.26,1.26,2917
REC,19980727,1.07,1.07,1.06,1.06,50000
RFR,19980727,0.13,0.13,0.125,0.125,518761
RGC,19980727,2.75,2.76,2.5,2.6,323120
RGR,19980727,0.015,0.015,0.015,0.015,185000
RGS,19980727,4.1,4.1,4.09,4.09,57304
RHC,19980727,1.81,1.81,1.75,1.75,11900
RHO,19980727,0.026,0.026,0.025,0.025,250000
RIC,19980727,1.35,1.35,1.34,1.34,115282
RIO,19980727,19.18,19.25,19.05,19.12,454676
RMW,19980727,2.9,2.9,2.9,2.9,85
ROK,19980727,2.32,2.32,2.3,2.3,1145
RPM,19980727,0.07,0.07,0.07,0.07,2000
RSG,19980727,1.45,1.45,1.38,1.4,1207216
RSM,19980727,0.81,0.81,0.79,0.79,112119
RTH,19980727,9.95,9.95,9.87,9.87,5132
RTS,19980727,0.7,0.7,0.68,0.68,79899
RUP,19980727,5.1,5.1,5.1,5.1,3490
RVS,19980727,0.081,0.09,0.081,0.09,385000
SAS,19980727,0.21,0.215,0.2,0.21,98500
SBC,19980727,6.55,6.55,6.5,6.5,20882
SBE,19980727,1.25,1.25,1.25,1.25,7000
SCE,19980727,0.25,0.25,0.25,0.25,19000
SCH,19980727,2.53,2.54,2.51,2.52,1751022
SCM,19980727,1.75,1.75,1.75,1.75,15000
SCN,19980727,0.007,0.007,0.006,0.006,1630000
SCP,19980727,1.3,1.3,1.25,1.25,117272
SCS,19980727,0.24,0.24,0.23,0.23,104000
SCY,19980727,1.05,1.07,1.05,1.06,127602
SDI,19980727,0.29,0.29,0.27,0.27,76400
SDR,19980727,0.86,0.86,0.86,0.86,9173
SDT,19980727,0.064,0.067,0.064,0.067,32500
SED,19980727,0.079,0.079,0.079,0.079,8000
SET,19980727,3.6,3.6,3.6,3.6,200
SEV,19980727,4.5,4.5,4.33,4.35,244202
SGA,19980727,0.4,0.4,0.4,0.4,2000
SGB,19980727,10.644,10.75,10.51,10.6,480479
SGI,19980727,1.31,1.32,1.29,1.3,308207
SGN,19980727,4.05,4.05,4.05,4.05,2000
SGP,19980727,3.83,3.85,3.8,3.82,438269
SGR,19980727,0.04,0.04,0.04,0.04,30000
SGW,19980727,4.31,4.35,4.25,4.32,88318
SHL,19980727,2.1,2.1,2.07,2.07,41499
SHV,19980727,1.05,1.05,1.05,1.05,25180
SID,19980727,5.35,5.35,5.35,5.35,1000
SKE,19980727,1.29,1.3,1.28,1.28,114050
SKS,19980727,0.355,0.355,0.355,0.355,865
SLX,19980727,0.54,0.57,0.54,0.57,16600
SMC,19980727,0.035,0.035,0.035,0.035,77000
SME,19980727,8.31,8.31,8.1,8.19,120181
SMI,19980727,9.74,9.85,9.5,9.5,123569
SMS,19980727,6.8,6.85,6.75,6.75,55861
SNM,19980727,0.73,0.75,0.73,0.75,171422
SNX,19980727,0.23,0.235,0.23,0.235,50000
SOA,19980727,0.098,0.098,0.098,0.098,940
SOH,19980727,1.12,1.12,1.12,1.12,7900
SOL,19980727,29.1,29.1,29,29,8184
SOX,19980727,0.51,0.51,0.51,0.51,20000
SPP,19980727,2.05,2.07,2,2.02,106930
SPS,19980727,1.12,1.12,1.12,1.12,15836
SPT,19980727,3.45,3.45,3.45,3.45,8700
SPX,19980727,0.125,0.125,0.12,0.12,85000
SQG,19980727,0.008,0.008,0.008,0.008,2307650
SRA,19980727,1.4,1.4,1.37,1.37,18600
SRI,19980727,0.07,0.07,0.066,0.066,137000
SRL,19980727,0.69,0.69,0.69,0.69,25000
SRO,19980727,0.05,0.053,0.05,0.053,186760
SRP,19980727,4.75,4.76,4.7,4.7,871805
SSE,19980727,0.61,0.61,0.6,0.61,123680
SSN,19980727,0.018,0.02,0.018,0.02,263000
SST,19980727,4.25,4.35,4.25,4.35,994
STO,19980727,4.55,4.62,4.4,4.4,2005371
STS,19980727,2.38,2.38,2.38,2.38,980
STU,19980727,0.19,0.19,0.19,0.19,32000
SUR,19980727,0.105,0.11,0.105,0.11,65285
SVR,19980727,0.67,0.68,0.66,0.66,351603
SWD,19980727,0.79,0.79,0.79,0.79,3200
SWS,19980727,3.69,3.7,3.65,3.65,31383
TAB,19980727,2.8,2.84,2.79,2.81,3889782
TAG,19980727,0.14,0.14,0.13,0.13,30200
TAH,19980727,8.867,8.95,8.83,8.85,212012
TAI,19980727,0.08,0.08,0.077,0.077,175000
TAM,19980727,0.09,0.09,0.09,0.09,30000
TAN,19980727,1.45,1.45,1.44,1.44,18510
TAP,19980727,1.15,1.16,1.1,1.12,322695
TCE,19980727,1.02,1.02,1,1.01,360260
TCL,19980727,1250,1250,1240,1240,1483
TDG,19980727,1.11,1.11,1.1,1.1,20000
TEH,19980727,1.55,1.6,1.5,1.6,16142
TEL,19980727,7.24,7.24,7.2,7.2,3826
TEN,19980727,2.05,2.07,2.03,2.05,358990
TGG,19980727,1.85,1.91,1.85,1.91,13000
TGL,19980727,0.016,0.016,0.015,0.015,472183
TGO,19980727,0.135,0.145,0.135,0.145,214000
THG,19980727,0.62,0.63,0.62,0.63,487231
TIM,19980727,5.05,5.05,5,5,11316
TIR,19980727,0.14,0.14,0.14,0.14,85502
TLA,19980727,1,1,0.97,0.97,68250
TLN,19980727,0.048,0.048,0.048,0.048,16000
TMS,19980727,1.41,1.41,1.41,1.41,5706
TNY,19980727,0.77,0.8,0.77,0.8,15000
TOL,19980727,2.29,2.29,2.26,2.26,24749
TOR,19980727,0.82,0.82,0.8,0.8,117165
TPT,19980727,0.38,0.38,0.37,0.37,26735
TRI,19980727,0.95,0.95,0.95,0.95,52833
TSP,19980727,0.24,0.24,0.24,0.24,114165
TSS,19980727,1.35,1.37,1.35,1.37,20430
TTH,19980727,0.3,0.3,0.3,0.3,2219
TTR,19980727,0.135,0.135,0.13,0.13,534550
TXR,19980727,0.018,0.018,0.018,0.018,100000
TYA,19980727,2.3,2.3,2.2,2.2,302559
UAL,19980727,0.3,0.305,0.29,0.3,2418248
UCR,19980727,3.23,3.23,3.18,3.18,36993
UEL,19980727,1.95,1.95,1.93,1.93,196175
USC,19980727,0.18,0.18,0.18,0.18,5000
VEP,19980727,1.03,1.05,1.03,1.05,242200
VIA,19980727,0.35,0.35,0.35,0.35,22000
VKI,19980727,0.095,0.095,0.095,0.095,36768
VNA,19980727,0.4,0.42,0.4,0.42,128000
VOS,19980727,0.44,0.44,0.435,0.435,128100
VPE,19980727,0.049,0.049,0.049,0.049,96885
VRL,19980727,3.34,3.35,3.15,3.17,357391
VWD,19980727,1.2,1.2,1.13,1.13,121160
VWL,19980727,0.35,0.35,0.35,0.35,100000
WAK,19980727,1.58,1.58,1.58,1.58,1000
WAN,19980727,5.089,5.15,5.07,5.07,202679
WAT,19980727,0.86,0.86,0.86,0.86,16550
WBB,19980727,3.25,3.25,3.25,3.25,13800
WBC,19980727,10.491,10.55,10.45,10.45,2399852
WDP,19980727,1.26,1.26,1.26,1.26,10000
WEG,19980727,7.5,7.5,7.5,7.5,52
WER,19980727,1.02,1.02,1.01,1.01,17490
WES,19980727,12.1,12.15,11.8,11.85,251187
WFA,19980727,1.59,1.6,1.59,1.59,1025029
WFI,19980727,1.5,1.5,1.5,1.5,415
WFT,19980727,3.35,3.37,3.34,3.35,1445039
WGR,19980727,0.23,0.23,0.23,0.23,7000
WHF,19980727,2.41,2.41,2.35,2.35,6000
WHW,19980727,3,3,3,3,10600
WKC,19980727,0.61,0.61,0.61,0.61,37960
WLH,19980727,0.04,0.055,0.04,0.055,130000
WMC,19980727,5.1,5.17,4.98,5.026,3124911
WMT,19980727,0.78,0.78,0.76,0.76,397274
WOW,19980727,5.1,5.18,5.08,5.08,1396341
WPL,19980727,8,8,7.86,7.87,1462691
WPT,19980727,1.71,1.73,1.7,1.71,564317
WRF,19980727,0.28,0.285,0.28,0.285,94000
WSF,19980727,8.2,8.2,7.9,7.9,69691
WSG,19980727,0.17,0.175,0.17,0.175,18000
WSI,19980727,0.11,0.11,0.11,0.11,4167
WSL,19980727,3.49,3.49,3.22,3.24,307179
WSM,19980727,0.16,0.16,0.16,0.16,5000
WTP,19980727,0.35,0.35,0.35,0.35,44495
WWH,19980727,2.85,2.85,2.85,2.85,2100
WYL,19980727,4.68,4.68,4.65,4.67,8398
YDR,19980727,0.09,0.09,0.09,0.09,60000
YNX,19980727,0.125,0.125,0.125,0.125,70000
YSL,19980727,0.65,0.67,0.65,0.65,64500
YTS,19980727,1.04,1.04,1.02,1.02,15000
ZEL,19980727,0.47,0.52,0.45,0.46,98000
ZPR,19980727,0.02,0.023,0.02,0.022,450000
ZYL,19980727,0.11,0.15,0.11,0.15,7290
