AAR,20010612,0.02,0.02,0.02,0.02,28000
AAT,20010612,0.54,0.54,0.51,0.52,603319
AAU,20010612,0.87,0.9,0.87,0.9,2500
ABC,20010612,0.53,0.55,0.53,0.55,125216
ABG,20010612,2,2.04,2,2,45974
ABK,20010612,0.185,0.185,0.18,0.18,180000
ABS,20010612,3.1,3.25,3.1,3.25,15708
ACC,20010612,0.044,0.044,0.041,0.044,145039
ACE,20010612,0.24,0.25,0.24,0.25,13333
ACU,20010612,0.195,0.195,0.195,0.195,3500
ACV,20010612,0.075,0.08,0.075,0.08,35000
ACY,20010612,0.82,0.83,0.81,0.83,132754
ADA,20010612,1.57,1.6,1.51,1.51,69472
ADB,20010612,5.68,5.7,5.65,5.69,77896
ADH,20010612,0.095,0.095,0.095,0.095,110000
ADM,20010612,0.052,0.053,0.05,0.05,153216
ADP,20010612,2.4,2.41,2.39,2.4,822740
ADR,20010612,0.036,0.036,0.034,0.034,469000
ADU,20010612,0.19,0.19,0.18,0.19,158000
ADX,20010612,0.145,0.145,0.14,0.14,53550
ADZ,20010612,2.17,2.18,2.16,2.17,579337
AEC,20010612,0.78,0.78,0.78,0.78,28700
AEN,20010612,0.24,0.24,0.2,0.2,398700
AEO,20010612,1.97,1.98,1.97,1.97,363483
AES,20010612,0.435,0.435,0.435,0.435,2490
AET,20010612,2.55,2.55,2.55,2.55,1000
AEX,20010612,0.175,0.185,0.175,0.185,192156
AFF,20010612,0.28,0.28,0.28,0.28,30000
AFI,20010612,2.85,2.9,2.85,2.87,451556
AGA,20010612,0.008,0.009,0.008,0.009,70000
AGG,20010612,71,71,70,70,397
AGH,20010612,0.63,0.63,0.63,0.63,28920
AGL,20010612,9.45,9.51,9.09,9.257,4911861
AGS,20010612,0.07,0.075,0.07,0.07,105891
AGT,20010612,0.79,0.79,0.75,0.75,34197
AGY,20010612,0.415,0.415,0.38,0.38,881210
AGZ,20010612,0.004,0.005,0.004,0.005,1318600
AHD,20010612,1.9,1.9,1.86,1.86,27235
AHF,20010612,0.16,0.16,0.16,0.16,30000
AIE,20010612,0.198,0.198,0.18,0.18,294118
AIL,20010612,0.45,0.48,0.45,0.48,55166
AIP,20010612,1.02,1.02,1.01,1.02,447108
AIX,20010612,1.944,1.95,1.93,1.94,89211
AIZ,20010612,1.15,1.17,1.13,1.15,304100
AJL,20010612,1.15,1.17,1.15,1.16,26750
AKC,20010612,2.551,2.551,2.52,2.52,40623
AKD,20010612,0.028,0.028,0.028,0.028,130570
ALA,20010612,0.405,0.415,0.405,0.405,90600
ALK,20010612,0.235,0.265,0.235,0.26,554150
ALL,20010612,6.74,6.74,6.68,6.7,1022823
ALN,20010612,3.344,3.344,3.26,3.29,165434
ALO,20010612,0.62,0.62,0.61,0.61,52000
ALQ,20010612,1.17,1.17,1.16,1.16,214500
ALZ,20010612,1.49,1.55,1.47,1.55,17700
AMC,20010612,6.7,6.7,6.54,6.55,1701122
AMG,20010612,0.169,0.169,0.169,0.169,6000
AMH,20010612,1.9,1.91,1.89,1.89,238768
AML,20010612,0.91,0.91,0.89,0.91,40063
AMM,20010612,0.225,0.23,0.21,0.22,520706
AMP,20010612,20.332,20.35,20.14,20.27,4260499
AMS,20010612,0.135,0.135,0.125,0.125,155000
AMU,20010612,0.098,0.105,0.098,0.105,153500
ANC,20010612,4.4,4.4,4.4,4.4,500
ANE,20010612,2.15,2.2,2.15,2.2,8145
ANK,20010612,0.12,0.12,0.11,0.11,14000
ANL,20010612,1.636,1.64,1.55,1.55,319595
ANM,20010612,2.55,2.55,2.41,2.48,134404
ANX,20010612,0.43,0.43,0.42,0.42,223235
ANZ,20010612,15.644,15.9,15.6,15.75,5710773
AOE,20010612,0.1,0.1,0.09,0.09,128395
AOF,20010612,1.2,1.22,1.2,1.2,496050
AOG,20010612,1.72,1.72,1.7,1.7,4027
AOL,20010612,0.015,0.015,0.013,0.014,1289334
AOV,20010612,0.16,0.19,0.16,0.185,897229
APA,20010612,2.517,2.53,2.35,2.372,192268
APE,20010612,4.15,4.2,4.15,4.2,2131
APG,20010612,0.115,0.115,0.11,0.11,310550
API,20010612,2.44,2.44,2.44,2.44,6000
APL,20010612,0.93,0.93,0.8,0.84,580578
APN,20010612,3.898,4,3.898,4,107455
APU,20010612,0.11,0.11,0.105,0.105,57350
APX,20010612,0.015,0.015,0.014,0.014,1065000
APY,20010612,0.45,0.45,0.44,0.44,32000
AQA,20010612,0.34,0.35,0.34,0.35,40000
AQP,20010612,8.65,8.75,8.65,8.7,58729
ARA,20010612,0.28,0.28,0.27,0.27,37216
ARC,20010612,0.1,0.1,0.1,0.1,40000
ARG,20010612,3.75,3.78,3.74,3.76,99824
ARL,20010612,0.43,0.435,0.4,0.4,1649911
ARO,20010612,0.08,0.08,0.08,0.08,46250
ARP,20010612,8.41,8.41,8.41,8.41,600
ARQ,20010612,0.135,0.14,0.135,0.135,783284
ART,20010612,1.36,1.37,1.36,1.36,1960266
ASB,20010612,1.07,1.07,1,1.04,14790
ASC,20010612,0.18,0.185,0.18,0.18,45000
ASN,20010612,0.087,0.087,0.087,0.087,12000
ASU,20010612,0.011,0.011,0.009,0.01,566600
ASX,20010612,13.017,13.02,12.89,12.99,166078
ATE,20010612,0.17,0.17,0.17,0.17,81127
ATG,20010612,0.1,0.1,0.1,0.1,5000
ATI,20010612,0.2,0.2,0.2,0.2,5900
ATN,20010612,0.02,0.02,0.02,0.02,145000
ATP,20010612,0.256,0.256,0.25,0.25,48000
ATT,20010612,0.041,0.041,0.04,0.04,73000
ATX,20010612,0.15,0.155,0.14,0.155,140000
AUD,20010612,1.46,1.5,1.45,1.5,106755
AUG,20010612,0.155,0.155,0.15,0.155,132000
AUL,20010612,0.018,0.018,0.018,0.018,50000
AUN,20010612,1,1,0.96,0.96,400764
AUO,20010612,0.453,0.475,0.453,0.47,145284
AUR,20010612,0.07,0.07,0.06,0.065,110000
AUY,20010612,0.8,0.8,0.77,0.8,121200
AVJ,20010612,0.68,0.68,0.68,0.68,6000
AVL,20010612,0.046,0.056,0.046,0.055,1489801
AVR,20010612,0.18,0.185,0.17,0.17,398540
AVT,20010612,0.088,0.088,0.08,0.085,423700
AWE,20010612,0.51,0.53,0.51,0.51,120424
AXA,20010612,2.83,2.85,2.82,2.85,1354274
AXI,20010612,0.015,0.015,0.015,0.015,20000
AXL,20010612,0.09,0.09,0.07,0.075,92998
AXN,20010612,1.13,1.13,1.08,1.09,474483
AXP,20010612,1.12,1.12,1.11,1.11,1009591
AYO,20010612,0.78,0.79,0.76,0.79,51079
AZE,20010612,0.02,0.02,0.02,0.02,45000
AZL,20010612,0.031,0.031,0.03,0.03,185605
AZR,20010612,0.077,0.078,0.077,0.077,1079750
BAH,20010612,0.1,0.1,0.1,0.1,1000
BAR,20010612,0.3,0.3,0.3,0.3,10200
BAY,20010612,9.9,9.9,9.9,9.9,10000
BBB,20010612,0.18,0.195,0.18,0.195,111000
BBG,20010612,4.91,4.93,4.85,4.9,268426
BBL,20010612,0.16,0.16,0.16,0.16,52000
BCH,20010612,0.1,0.1,0.1,0.1,62570
BDF,20010612,2.2,2.25,2.2,2.24,37500
BDG,20010612,0.17,0.17,0.16,0.16,375146
BDL,20010612,1.95,1.95,1.9,1.95,119574
BEN,20010612,6.359,6.58,6.359,6.43,113218
BER,20010612,0.345,0.345,0.33,0.33,65000
BGD,20010612,0.214,0.225,0.214,0.22,220040
BGF,20010612,0.034,0.035,0.034,0.035,89240
BGN,20010612,1.11,1.11,1.06,1.06,27080
BHL,20010612,2.952,2.952,2.952,2.952,325
BHP,20010612,22.35,22.47,21.82,21.85,11558916
BIG,20010612,0.061,0.061,0.061,0.061,3000
BII,20010612,0.345,0.345,0.34,0.34,203500
BIL,20010612,47.8,49,47.5,48.808,1187154
BIR,20010612,0.8,0.82,0.8,0.82,167824
BIT,20010612,0.335,0.34,0.33,0.34,68074
BKA,20010612,0.13,0.16,0.13,0.16,55014
BKL,20010612,6.25,6.25,6.21,6.21,600
BKR,20010612,0.125,0.14,0.125,0.14,27500
BKS,20010612,0.026,0.026,0.025,0.026,751698
BKW,20010612,5.5,5.51,5.5,5.5,8500
BLD,20010612,2.59,2.62,2.59,2.61,1404436
BLO,20010612,0.16,0.16,0.155,0.155,121525
BLR,20010612,0.105,0.105,0.1,0.105,275650
BLV,20010612,0.34,0.4,0.34,0.4,14920
BLZ,20010612,0.115,0.13,0.11,0.12,57000
BMC,20010612,0.155,0.155,0.14,0.14,206271
BMS,20010612,0.73,0.73,0.73,0.73,16000
BMX,20010612,0.29,0.305,0.285,0.285,215489
BNA,20010612,0.17,0.175,0.17,0.17,1443693
BNK,20010612,0.74,0.74,0.74,0.74,2500
BNO,20010612,1,1.01,1,1.01,51036
BOC,20010612,0.165,0.165,0.165,0.165,25300
BOQ,20010612,6.53,6.6,6.53,6.6,27522
BPC,20010612,0.415,0.42,0.41,0.41,2226345
BPO,20010612,0.235,0.24,0.23,0.23,447695
BPT,20010612,0.052,0.055,0.052,0.053,1712775
BRE,20010612,0.05,0.05,0.05,0.05,50000
BRI,20010612,0.297,0.297,0.28,0.28,23000
BRL,20010612,9.87,9.95,9.85,9.94,893467
BRN,20010612,0.115,0.115,0.115,0.115,16000
BRS,20010612,1.85,1.85,1.79,1.8,57709
BRY,20010612,0.49,0.49,0.48,0.485,74788
BRZ,20010612,1.1,1.14,1.09,1.09,147531
BSO,20010612,4.009,4.03,4,4,53448
BTA,20010612,0.95,0.95,0.91,0.918,388027
BTB,20010612,0.04,0.05,0.03,0.04,209259
BTC,20010612,0.355,0.355,0.34,0.345,55957
BTE,20010612,0.67,0.67,0.66,0.66,121757
BTG,20010612,0.86,0.86,0.83,0.83,27500
BTO,20010612,1.49,1.5,1.48,1.49,1509685
BUG,20010612,0.39,0.39,0.37,0.375,32000
BUU,20010612,0.058,0.058,0.058,0.058,17083
BWA,20010612,4.08,4.11,4.06,4.09,723761
BWI,20010612,0.95,0.95,0.95,0.95,14170
BWP,20010612,1.15,1.15,1.14,1.15,71839
BWT,20010612,0.043,0.043,0.042,0.042,200000
CAA,20010612,2.158,2.17,2.158,2.17,25834
CAB,20010612,3.51,3.51,3.48,3.48,4000
CAI,20010612,0.767,0.78,0.75,0.76,193200
CAT,20010612,7.3,7.8,7.3,7.6,14191
CBA,20010612,31.98,32.86,31.75,32.8,11909663
CBD,20010612,0.02,0.02,0.02,0.02,134031
CBH,20010612,0.125,0.125,0.12,0.12,555437
CBI,20010612,1.68,1.68,1.68,1.68,6485
CBO,20010612,0.031,0.034,0.031,0.033,138807
CBT,20010612,0.056,0.061,0.056,0.061,219333
CBW,20010612,0.6,0.61,0.6,0.6,70833
CCK,20010612,0.13,0.13,0.13,0.13,3100
CCL,20010612,4.65,4.65,4.55,4.61,1534226
CCO,20010612,0.046,0.05,0.046,0.05,370500
CCP,20010612,0.48,0.48,0.48,0.48,3200
CCV,20010612,0.027,0.028,0.025,0.028,369740
CCZ,20010612,0.73,0.73,0.72,0.72,25001
CDF,20010612,1.23,1.23,1.22,1.22,27461
CDO,20010612,1.6,1.67,1.6,1.66,167759
CDP,20010612,2.09,2.1,2.09,2.1,29850
CDR,20010612,0.67,0.69,0.67,0.68,324900
CED,20010612,0.3,0.32,0.3,0.32,6000
CEP,20010612,2.899,2.93,2.899,2.91,166348
CEQ,20010612,2.03,2.03,2.02,2.02,116830
CEW,20010612,1.37,1.37,1.3,1.33,601215
CEY,20010612,1.15,1.15,1.13,1.13,802676
CFA,20010612,0.082,0.082,0.082,0.082,15725
CFR,20010612,0.02,0.021,0.019,0.02,726101
CFT,20010612,2.07,2.08,2.07,2.07,3479479
CGB,20010612,0.03,0.03,0.026,0.026,68500
CGC,20010612,0.04,0.04,0.04,0.04,83000
CHB,20010612,21.21,21.3,21.21,21.25,79264
CHF,20010612,0.83,0.84,0.81,0.82,172122
CHL,20010612,0.17,0.175,0.16,0.17,99500
CHO,20010612,14,14,14,14,4515
CHP,20010612,0.041,0.041,0.041,0.041,20000
CHQ,20010612,0.5,0.5,0.48,0.48,40122
CHS,20010612,0.145,0.145,0.14,0.14,6060
CHV,20010612,0.733,0.733,0.72,0.73,198000
CHY,20010612,1.39,1.39,1.39,1.39,2444
CIM,20010612,0.055,0.056,0.055,0.056,300000
CIR,20010612,2.8,2.8,2.6,2.615,113518
CKG,20010612,0.025,0.025,0.023,0.024,850653
CKS,20010612,0.11,0.11,0.11,0.11,4550
CLH,20010612,4.7,4.7,4.55,4.55,50200
CLI,20010612,3.75,3.75,3.63,3.69,159687
CLO,20010612,0.91,0.91,0.91,0.91,65587
CLT,20010612,1.28,1.28,1.27,1.27,2800
CLV,20010612,0.2,0.22,0.185,0.185,61500
CMI,20010612,1.08,1.11,1.07,1.09,43351
CML,20010612,7.22,7.27,7.18,7.208,1628491
CMP,20010612,0.84,0.84,0.82,0.82,6000
CMQ,20010612,0.41,0.41,0.4,0.4,50000
CMS,20010612,0.068,0.068,0.062,0.063,439915
CMX,20010612,0.07,0.07,0.07,0.07,13000
CNA,20010612,26,26,26,26,350
CND,20010612,1.14,1.16,1.13,1.13,42900
CNG,20010612,0.34,0.34,0.34,0.34,17000
CNM,20010612,0.05,0.055,0.05,0.05,1699754
CNN,20010612,0.073,0.073,0.06,0.06,375058
CNT,20010612,0.14,0.15,0.14,0.145,1527500
COA,20010612,0.83,0.84,0.82,0.82,281808
COF,20010612,2.57,2.57,2.5,2.5,10060
COH,20010612,36.5,36.69,36.14,36.28,130842
COM,20010612,0.33,0.33,0.33,0.33,33322
COP,20010612,0.008,0.009,0.008,0.008,5560000
COU,20010612,0.5,0.5,0.5,0.5,30000
CPA,20010612,1.07,1.08,1.07,1.07,895672
CPB,20010612,4.752,4.8,4.7,4.8,8950
CPC,20010612,0.25,0.25,0.25,0.25,20000
CPE,20010612,0.029,0.029,0.029,0.029,70000
CPH,20010612,0.36,0.36,0.355,0.36,623173
CPI,20010612,1.1,1.2,1.1,1.19,56044
CPM,20010612,2.393,2.393,2.39,2.39,4978
CPU,20010612,6.39,6.39,6.07,6.161,2233082
CQT,20010612,0.174,0.174,0.15,0.15,100782
CRG,20010612,7.269,7.27,7.26,7.26,14198
CRL,20010612,0.52,0.53,0.52,0.52,87664
CRS,20010612,0.33,0.33,0.315,0.32,13500
CRT,20010612,1.07,1.07,1.05,1.07,111000
CRU,20010612,0.16,0.165,0.16,0.16,392301
CSB,20010612,0.27,0.29,0.25,0.25,52000
CSG,20010612,0.083,0.083,0.08,0.08,79655
CSI,20010612,0.031,0.033,0.031,0.031,338500
CSL,20010612,38.922,39,38.52,38.938,317931
CSM,20010612,0.483,0.5,0.48,0.5,101216
CSR,20010612,6.391,6.78,6.391,6.73,10069431
CST,20010612,0.434,0.445,0.43,0.435,153380
CSX,20010612,0.15,0.15,0.12,0.12,9000
CSY,20010612,0.056,0.078,0.056,0.075,563750
CTC,20010612,0.095,0.095,0.095,0.095,5000
CTI,20010612,0.2,0.2,0.2,0.2,53800
CTL,20010612,2.11,2.12,2.11,2.11,48614
CTO,20010612,0.074,0.079,0.074,0.079,298049
CTT,20010612,0.73,0.75,0.73,0.75,196278
CTX,20010612,1.99,2,1.99,1.99,527280
CUE,20010612,0.057,0.057,0.05,0.05,767500
CUL,20010612,0.022,0.022,0.02,0.02,455000
CUS,20010612,0.066,0.066,0.066,0.066,20000
CVI,20010612,0.49,0.49,0.43,0.445,33988
CVN,20010612,0.095,0.095,0.087,0.09,110875
CWL,20010612,0.8,0.8,0.8,0.8,11677
CWO,20010612,3.54,3.56,3.5,3.52,10431677
CXL,20010612,0.02,0.022,0.02,0.02,261000
CXP,20010612,4.45,4.69,4.45,4.64,95716
CYG,20010612,3.75,3.8,3.75,3.75,23514
DAD,20010612,6.251,6.251,6.15,6.2,476281
DAR,20010612,0.37,0.38,0.35,0.38,33747
DAY,20010612,0.18,0.185,0.18,0.185,20100
DCI,20010612,0.03,0.03,0.029,0.029,80250
DCL,20010612,0.2,0.2,0.195,0.195,28874
DCS,20010612,0.15,0.15,0.135,0.14,81100
DDV,20010612,0.07,0.07,0.07,0.07,12000
DFT,20010612,0.039,0.039,0.037,0.038,85900
DGD,20010612,1.46,1.46,1.4,1.43,1763162
DGH,20010612,0.39,0.39,0.39,0.39,25000
DGM,20010612,0.006,0.006,0.005,0.006,16701000
DIO,20010612,0.067,0.068,0.065,0.066,516000
DIT,20010612,1.49,1.5,1.49,1.5,286752
DJS,20010612,1.11,1.11,1.09,1.09,1720736
DJW,20010612,3.675,3.69,3.63,3.65,68578
DKN,20010612,0.29,0.31,0.29,0.31,78511
DNI,20010612,0.085,0.085,0.075,0.075,192356
DOM,20010612,0.34,0.36,0.34,0.36,41000
DOT,20010612,1.32,1.33,1.32,1.32,1606544
DOW,20010612,0.52,0.54,0.52,0.52,1723521
DRA,20010612,0.035,0.035,0.033,0.033,127027
DRD,20010612,2,2,2,2,2500
DRE,20010612,0.66,0.66,0.66,0.66,9000
DRN,20010612,0.11,0.11,0.105,0.11,78495
DSF,20010612,0.49,0.5,0.49,0.5,5500
DSW,20010612,0.015,0.016,0.015,0.016,503657
DTL,20010612,0.48,0.5,0.46,0.5,37600
DUI,20010612,1.86,1.86,1.86,1.86,3400
DVC,20010612,1.14,1.15,1.1,1.1,12800
DVN,20010612,0.18,0.185,0.18,0.18,69250
DVT,20010612,0.115,0.12,0.1,0.105,3249751
DWY,20010612,0.34,0.35,0.335,0.34,489000
EBG,20010612,0.054,0.054,0.053,0.053,94900
EBR,20010612,0.088,0.088,0.085,0.086,160500
EBT,20010612,0.28,0.28,0.27,0.275,327537
ECE,20010612,0.011,0.012,0.011,0.012,236240
ECL,20010612,0.042,0.042,0.04,0.04,625252
ECM,20010612,0.11,0.145,0.11,0.14,648400
ECO,20010612,0.03,0.03,0.03,0.03,233000
ECP,20010612,0.6,0.61,0.55,0.57,871991
ECU,20010612,0.023,0.023,0.022,0.022,116936
EEC,20010612,0.096,0.098,0.092,0.092,382632
EEL,20010612,0.3,0.35,0.3,0.35,9000
EFC,20010612,0.315,0.315,0.315,0.315,12000
EFN,20010612,0.065,0.065,0.061,0.065,21500
EGI,20010612,0.316,0.35,0.305,0.34,51521
EGO,20010612,0.105,0.105,0.1,0.1,145000
EHY,20010612,0.038,0.038,0.038,0.038,135000
EIF,20010612,0.09,0.09,0.09,0.09,74000
EIT,20010612,0.145,0.145,0.145,0.145,20690
EKL,20010612,0.071,0.071,0.07,0.07,24000
ELC,20010612,0.18,0.18,0.18,0.18,65000
ELL,20010612,0.085,0.085,0.08,0.08,24167
EMI,20010612,0.091,0.091,0.091,0.091,86885
EMM,20010612,0.18,0.18,0.18,0.18,35000
EMP,20010612,0.32,0.32,0.295,0.295,13000
ENE,20010612,10.53,10.53,10.29,10.29,158191
ENV,20010612,0.81,0.81,0.79,0.8,626056
EPH,20010612,0.063,0.064,0.062,0.064,1790700
EPR,20010612,0.14,0.14,0.14,0.14,40000
EPT,20010612,0.075,0.075,0.075,0.075,25000
EQI,20010612,0.47,0.49,0.47,0.49,5450
EQL,20010612,0.012,0.012,0.012,0.012,72200
EQM,20010612,1.25,1.25,1.25,1.25,170
EQR,20010612,0.062,0.062,0.062,0.062,10000
EQS,20010612,0.075,0.076,0.075,0.076,308717
EQX,20010612,0.003,0.003,0.003,0.003,467603
ERA,20010612,2.28,2.3,2.28,2.3,14225
ERG,20010612,1.27,1.27,1.21,1.21,2354419
ERS,20010612,0.77,0.77,0.76,0.76,14336
ESG,20010612,0.125,0.125,0.115,0.115,117568
ESI,20010612,0.63,0.64,0.63,0.64,52778
ESL,20010612,0.76,0.76,0.73,0.73,13783
EST,20010612,0.115,0.115,0.11,0.11,105374
ESX,20010612,0.105,0.12,0.105,0.12,45935
ETR,20010612,0.427,0.45,0.427,0.435,6726
ETW,20010612,1.15,1.15,1.1,1.1,35429
EWL,20010612,0.1,0.125,0.065,0.115,1805000
EXS,20010612,0.085,0.085,0.085,0.085,50000
EZE,20010612,0.075,0.08,0.075,0.075,37500
EZL,20010612,0.51,0.51,0.5,0.5,110000
EZY,20010612,0.072,0.072,0.071,0.072,250000
FAN,20010612,1.26,1.26,1.18,1.18,11500
FBG,20010612,5.32,5.39,5.29,5.39,12607874
FBU,20010612,1.85,1.85,1.85,1.85,250
FCL,20010612,2.43,2.49,2.42,2.47,1140179
FDR,20010612,1.45,1.55,1.45,1.47,76043
FEA,20010612,0.084,0.085,0.082,0.082,751166
FEC,20010612,0.6,0.6,0.6,0.6,1000
FFL,20010612,1.22,1.24,1.22,1.24,53400
FGR,20010612,0.015,0.015,0.015,0.015,81535
FHF,20010612,12.8,12.88,12.71,12.841,912845
FHL,20010612,0.3,0.3,0.25,0.25,133755
FHT,20010612,0.18,0.2,0.18,0.2,27500
FIM,20010612,0.09,0.095,0.086,0.086,239500
FKP,20010612,0.76,0.76,0.74,0.74,36380
FLO,20010612,0.18,0.18,0.16,0.165,293326
FLT,20010612,26,26,25.75,25.75,225965
FNC,20010612,1.55,1.59,1.5,1.55,45414
FOA,20010612,9.329,9.42,9.3,9.42,234158
FPF,20010612,1.06,1.06,1.06,1.06,34583
FPG,20010612,0.396,0.396,0.39,0.39,28250
FRU,20010612,1.28,1.3,1.28,1.3,6500
FSL,20010612,0.033,0.033,0.033,0.033,9555
FTR,20010612,0.09,0.09,0.085,0.085,103713
FUN,20010612,0.47,0.5,0.47,0.5,179608
FWD,20010612,1.33,1.33,1.33,1.33,1000
FXJ,20010612,4.003,4.003,3.94,3.94,5410925
FXO,20010612,0.059,0.059,0.052,0.052,159816
GAN,20010612,1.11,1.12,1.11,1.11,727292
GAP,20010612,0.605,0.61,0.6,0.6,251922
GAR,20010612,0.28,0.285,0.28,0.28,48000
GBG,20010612,0.13,0.13,0.13,0.13,54927
GBL,20010612,0.14,0.15,0.14,0.14,140000
GBS,20010612,0.065,0.065,0.061,0.062,88000
GDM,20010612,0.55,0.55,0.52,0.52,134550
GDN,20010612,0.042,0.049,0.042,0.049,105000
GDP,20010612,3.8,3.98,3.8,3.98,13423
GEC,20010612,0.18,0.18,0.17,0.17,51800
GFA,20010612,1.8,1.8,1.8,1.8,12311
GFD,20010612,0.26,0.26,0.24,0.24,61075
GGY,20010612,0.035,0.035,0.035,0.035,69334
GHG,20010612,1.13,1.14,1.13,1.14,299399
GIP,20010612,0.032,0.032,0.032,0.032,15000
GIR,20010612,0.042,0.042,0.04,0.04,17000
GKR,20010612,0.05,0.05,0.05,0.05,16000
GLB,20010612,1.47,1.47,1.45,1.45,1037233
GLD,20010612,1.68,1.7,1.65,1.67,568715
GLP,20010612,0.029,0.029,0.029,0.029,180000
GME,20010612,0.029,0.029,0.027,0.027,150000
GMF,20010612,1.14,1.14,1.08,1.11,13386985
GML,20010612,0.065,0.065,0.065,0.065,101600
GNC,20010612,10.29,10.43,10.29,10.4,7672
GNR,20010612,0.068,0.069,0.068,0.069,100000
GNS,20010612,4.1,4.1,4.07,4.1,103918
GOD,20010612,0.025,0.025,0.023,0.023,410000
GOI,20010612,0.3,0.3,0.3,0.3,10000
GOW,20010612,2.23,2.23,2.2,2.2,5000
GPN,20010612,0.021,0.021,0.02,0.02,367000
GPO,20010612,0.13,0.145,0.13,0.145,35000
GPT,20010612,2.68,2.7,2.67,2.69,4471900
GRD,20010612,1.32,1.32,1.27,1.27,38000
GRN,20010612,0.035,0.035,0.035,0.035,143000
GRO,20010612,2.51,2.51,2.39,2.39,18482
GRT,20010612,0.275,0.275,0.275,0.275,4000
GSE,20010612,0.04,0.05,0.04,0.05,103500
GSF,20010612,0.31,0.31,0.31,0.31,7000
GSP,20010612,1.31,1.31,1.26,1.3,111116
GTA,20010612,0.43,0.43,0.43,0.43,1000
GTG,20010612,0.7,0.7,0.69,0.69,106700
GTI,20010612,0.047,0.047,0.047,0.047,15000
GTL,20010612,0.083,0.083,0.08,0.08,348639
GTM,20010612,0.036,0.04,0.034,0.036,1570000
GTN,20010612,0.23,0.23,0.23,0.23,70000
GTP,20010612,0.67,0.67,0.65,0.65,559365
GUD,20010612,1.706,1.71,1.7,1.71,22433
GUL,20010612,0.02,0.02,0.02,0.02,160000
GUN,20010612,0.19,0.19,0.19,0.19,38200
GVM,20010612,0.038,0.038,0.038,0.038,85300
GWT,20010612,2.39,2.39,2.32,2.32,61054
GYM,20010612,0.78,0.81,0.77,0.8,128716
HAH,20010612,4.95,4.98,4.95,4.97,6529105
HAM,20010612,2.29,2.29,2.29,2.29,42008
HAN,20010612,12.5,12.56,12.5,12.56,2425
HAO,20010612,0.13,0.13,0.13,0.13,5000
HBL,20010612,0.15,0.16,0.15,0.16,182858
HBR,20010612,0.37,0.37,0.37,0.37,29987
HCL,20010612,0.7,0.7,0.7,0.7,400
HCN,20010612,0.27,0.275,0.265,0.27,73500
HDN,20010612,0.24,0.24,0.23,0.235,126159
HDR,20010612,0.74,0.75,0.72,0.72,1220279
HER,20010612,0.512,0.512,0.51,0.51,24500
HFY,20010612,0.8,0.8,0.78,0.78,110251
HGR,20010612,0.045,0.045,0.045,0.045,2000
HGV,20010612,0.85,0.85,0.85,0.85,1722
HHL,20010612,1.8,1.8,1.77,1.77,9931
HHM,20010612,0.09,0.09,0.09,0.09,195000
HIC,20010612,0.674,0.69,0.66,0.69,82000
HIG,20010612,0.115,0.125,0.115,0.125,97948
HIL,20010612,2.6,2.65,2.6,2.65,55360
HJB,20010612,0.28,0.285,0.28,0.285,235000
HLL,20010612,0.055,0.055,0.055,0.055,5000
HLM,20010612,0.155,0.155,0.155,0.155,5000
HLT,20010612,0.07,0.07,0.05,0.05,83000
HLX,20010612,0.55,0.55,0.5,0.52,266000
HLY,20010612,4.746,4.78,4.746,4.78,136838
HMC,20010612,0.046,0.046,0.046,0.046,20000
HML,20010612,0.205,0.21,0.2,0.205,57500
HNG,20010612,1.17,1.17,1.16,1.16,28691
HOM,20010612,1.25,1.26,1.24,1.24,13634
HPL,20010612,1.4,1.4,1.4,1.4,210
HPX,20010612,1.935,1.94,1.91,1.94,74306
HRD,20010612,0.16,0.16,0.16,0.16,72700
HRK,20010612,0.076,0.08,0.073,0.073,232000
HRP,20010612,1.42,1.45,1.42,1.45,69241
HRR,20010612,0.26,0.27,0.255,0.27,44300
HRZ,20010612,0.29,0.29,0.28,0.28,51333
HSN,20010612,1.75,1.75,1.7,1.7,2900
HSP,20010612,1.53,1.55,1.52,1.52,9600
HTA,20010612,0.3,0.3,0.265,0.275,7927676
HTE,20010612,0.093,0.095,0.092,0.095,192993
HTS,20010612,0.078,0.078,0.07,0.071,264995
HUG,20010612,0.065,0.065,0.065,0.065,46839
HVN,20010612,4.14,4.14,4,4,3196024
HWE,20010612,1,1,0.96,0.96,243116
HWG,20010612,0.125,0.125,0.125,0.125,30000
HWI,20010612,0.83,0.83,0.82,0.82,12500
HWL,20010612,0.12,0.125,0.12,0.12,130666
HWT,20010612,0.669,0.68,0.669,0.68,10015
HWW,20010612,0.1,0.1,0.1,0.1,71000
HZM,20010612,0.53,0.53,0.5,0.5,84625
IAS,20010612,0.21,0.22,0.2,0.2,10500
IBA,20010612,0.185,0.2,0.18,0.2,200600
IBI,20010612,0.17,0.17,0.165,0.165,65000
ICE,20010612,0.061,0.061,0.055,0.055,889119
ICH,20010612,0.073,0.085,0.073,0.085,27000
ICM,20010612,0.082,0.11,0.082,0.085,42700
ICN,20010612,0.072,0.073,0.068,0.07,1147310
ICO,20010612,0.011,0.011,0.011,0.011,435000
ICS,20010612,0.16,0.16,0.15,0.15,16650
ICT,20010612,5.65,5.8,5.65,5.8,2175
IDT,20010612,4.55,4.55,4.5,4.5,46458
IDX,20010612,2.81,2.81,2.79,2.79,25470
IFM,20010612,1.65,1.75,1.65,1.75,28468
IGM,20010612,0.04,0.04,0.036,0.036,184717
IGP,20010612,3.4,3.4,3.3,3.3,41469
IHG,20010612,1.13,1.14,1.07,1.07,339935
IIF,20010612,1.45,1.46,1.45,1.46,364836
IIN,20010612,0.27,0.3,0.26,0.28,83267
ILU,20010612,4.72,4.72,4.6,4.65,240744
IMD,20010612,0.25,0.25,0.245,0.245,28117
IMI,20010612,0.085,0.085,0.08,0.08,19400
IMP,20010612,0.027,0.027,0.027,0.027,240911
IMW,20010612,0.022,0.022,0.022,0.022,15000
INC,20010612,0.052,0.052,0.04,0.045,50031
IOC,20010612,1.359,1.4,1.35,1.4,46713
IOF,20010612,1.09,1.1,1.08,1.1,512085
ION,20010612,0.99,1,0.98,0.98,388104
IPG,20010612,1.76,1.77,1.75,1.75,243218
IPH,20010612,1.47,1.47,1.47,1.47,27867
IRC,20010612,0.04,0.04,0.04,0.04,28000
IRI,20010612,0.57,0.58,0.56,0.57,429802
ISA,20010612,0.1,0.1,0.1,0.1,2500
ISC,20010612,0.043,0.049,0.043,0.044,272140
ITC,20010612,0.062,0.062,0.061,0.061,118080
ITE,20010612,0.11,0.12,0.105,0.105,81800
ITL,20010612,0.3,0.31,0.3,0.31,13890
ITP,20010612,0.15,0.15,0.15,0.15,109060
IVK,20010612,0.025,0.03,0.025,0.03,171920
IWF,20010612,0.72,0.75,0.72,0.75,22784
IWI,20010612,2.443,2.48,2.4,2.48,63769
IWL,20010612,0.2,0.22,0.19,0.205,1090605
IXL,20010612,0.08,0.08,0.08,0.08,227272
IYS,20010612,1.9,1.9,1.9,1.9,5000
JAM,20010612,0.16,0.16,0.16,0.16,5384
JBM,20010612,1.65,1.77,1.65,1.7,828367
JJS,20010612,1.17,1.21,1.16,1.21,78101
JLA,20010612,0.081,0.081,0.075,0.075,187000
JRV,20010612,0.07,0.07,0.063,0.063,219000
JUM,20010612,0.019,0.019,0.019,0.019,7000
JUP,20010612,3.791,3.791,3.75,3.75,313031
JWM,20010612,0.04,0.04,0.03,0.03,70000
KAZ,20010612,1.3,1.31,1.29,1.31,1158755
KBO,20010612,0.165,0.165,0.15,0.15,67080
KCG,20010612,0.18,0.2,0.18,0.2,192466
KCN,20010612,0.84,0.84,0.84,0.84,71000
KGM,20010612,0.3,0.3,0.275,0.28,99588
KIC,20010612,1.79,1.79,1.66,1.66,44743
KIM,20010612,0.65,0.66,0.62,0.62,706910
KLA,20010612,0.155,0.155,0.15,0.15,22000
KLS,20010612,0.08,0.085,0.075,0.075,148500
KMN,20010612,0.063,0.069,0.06,0.069,1806400
KRZ,20010612,0.029,0.03,0.028,0.028,241000
KSC,20010612,1.85,1.85,1.81,1.81,15900
KSM,20010612,0.062,0.063,0.055,0.061,1284865
KSP,20010612,0.046,0.046,0.042,0.042,27979
KYC,20010612,2.042,2.06,1.88,1.92,191293
LAC,20010612,10.03,10.05,9.92,9.988,365986
LAK,20010612,0.32,0.32,0.285,0.31,71600
LCH,20010612,0.145,0.145,0.13,0.13,40250
LCL,20010612,0.61,0.62,0.6,0.62,35000
LEG,20010612,0.17,0.17,0.165,0.165,190400
LEI,20010612,7.36,7.5,7.35,7.49,281546
LEL,20010612,0.27,0.27,0.25,0.25,64951
LGO,20010612,0.018,0.018,0.018,0.018,456
LHG,20010612,0.83,0.84,0.81,0.81,3112349
LKO,20010612,0.04,0.04,0.038,0.039,8134775
LLC,20010612,12.29,12.3,11.79,11.82,1427810
LMC,20010612,1.1,1.1,1.1,1.1,10024
LNN,20010612,3.969,4.02,3.969,4.02,307451
LOK,20010612,0.14,0.14,0.135,0.135,1431233
LON,20010612,0.36,0.365,0.35,0.365,122187
LSG,20010612,0.67,0.67,0.66,0.66,38000
LUM,20010612,0.11,0.115,0.11,0.115,37675
LUO,20010612,1.238,1.26,1.238,1.25,787419
LYC,20010612,0.16,0.17,0.155,0.155,205000
MAG,20010612,2.29,2.29,2.1,2.1,7894
MAH,20010612,0.09,0.092,0.087,0.09,1293787
MAQ,20010612,0.17,0.175,0.16,0.165,226532
MAX,20010612,1.17,1.18,1.16,1.18,200430
MAY,20010612,6.307,6.44,6.307,6.42,1494167
MBC,20010612,3.95,3.95,3.95,3.95,4550
MBG,20010612,0.092,0.095,0.092,0.095,45126
MBL,20010612,33.482,33.5,32.5,33.38,600688
MBP,20010612,0.72,0.73,0.71,0.73,37175
MBX,20010612,0.036,0.036,0.036,0.036,149420
MCA,20010612,1.15,1.15,1.14,1.14,15500
MCD,20010612,1.06,1.09,1.01,1.08,205153
MCL,20010612,0.035,0.038,0.033,0.033,158285
MCO,20010612,0.055,0.055,0.055,0.055,15000
MCP,20010612,1.11,1.13,1.1,1.1,23468
MCR,20010612,0.185,0.19,0.175,0.175,1790239
MCT,20010612,0.05,0.05,0.05,0.05,1950500
MCW,20010612,1.44,1.45,1.43,1.45,194780
MDC,20010612,1.76,1.76,1.76,1.76,4949
MDR,20010612,0.205,0.205,0.205,0.205,4000
MEE,20010612,0.063,0.067,0.062,0.062,449254
MGD,20010612,0.205,0.205,0.195,0.195,118522
MGE,20010612,0.36,0.36,0.355,0.355,55410
MGI,20010612,1.349,1.36,1.34,1.34,803320
MGM,20010612,0.74,0.75,0.72,0.72,118100
MGR,20010612,3.59,3.63,3.59,3.62,670741
MGW,20010612,3.2,3.3,3.2,3.24,35884
MIA,20010612,1.137,1.137,1.08,1.09,386946
MIC,20010612,0.032,0.033,0.03,0.033,322000
MIG,20010612,2.78,2.88,2.78,2.87,3906767
MIK,20010612,0.077,0.077,0.073,0.073,108200
MIM,20010612,1.25,1.25,1.17,1.18,15148834
MIW,20010612,0.13,0.13,0.13,0.13,5282
MJN,20010612,0.23,0.23,0.21,0.215,836300
MLB,20010612,0.661,0.661,0.61,0.61,129355
MLE,20010612,0.57,0.58,0.56,0.57,300241
MLT,20010612,10.3,10.4,10.3,10.4,8700
MMD,20010612,0.65,0.67,0.63,0.66,718326
MME,20010612,0.345,0.35,0.345,0.345,999799
MMN,20010612,0.045,0.047,0.045,0.047,79000
MND,20010612,2.1,2.1,2.09,2.09,14265
MNG,20010612,0.09,0.09,0.085,0.085,38000
MNR,20010612,0.11,0.11,0.105,0.105,98664
MNS,20010612,1.09,1.09,1.08,1.08,2000
MOB,20010612,0.185,0.185,0.17,0.17,142200
MOD,20010612,0.175,0.175,0.175,0.175,33000
MOF,20010612,1.17,1.18,1.17,1.18,562189
MOO,20010612,0.07,0.07,0.07,0.07,13000
MOS,20010612,0.165,0.165,0.16,0.165,145000
MPH,20010612,0.18,0.18,0.18,0.18,31600
MPI,20010612,0.068,0.068,0.068,0.068,95500
MPO,20010612,0.036,0.038,0.036,0.038,235000
MRL,20010612,5.772,5.78,5.75,5.77,374634
MRM,20010612,0.82,0.83,0.74,0.74,99397
MSC,20010612,0.25,0.25,0.245,0.245,600800
MSG,20010612,0.16,0.16,0.16,0.16,11000
MSI,20010612,0.06,0.06,0.041,0.06,15664
MST,20010612,1.44,1.46,1.426,1.426,104954
MTB,20010612,0.079,0.079,0.079,0.079,35000
MTC,20010612,0.068,0.07,0.061,0.061,1192135
MTD,20010612,0.125,0.125,0.125,0.125,10000
MTR,20010612,0.485,0.485,0.45,0.45,217300
MTT,20010612,1.12,1.15,1.12,1.15,635346
MUL,20010612,0.037,0.039,0.034,0.035,712770
MUR,20010612,1.39,1.39,1.37,1.37,26140
MXA,20010612,0.008,0.008,0.007,0.007,643000
MXE,20010612,0.023,0.024,0.023,0.024,254000
MXI,20010612,0.14,0.145,0.14,0.145,57000
MXM,20010612,0.031,0.031,0.03,0.031,200000
MXO,20010612,0.18,0.18,0.175,0.175,371125
MYC,20010612,0.026,0.034,0.026,0.034,403100
MYM,20010612,0.021,0.025,0.021,0.024,439169
MYO,20010612,0.48,0.495,0.46,0.465,808390
MZG,20010612,0.04,0.04,0.038,0.038,190000
NAB,20010612,33.209,34.26,33.2,34.2,7104744
NAL,20010612,0.65,0.65,0.65,0.65,13000
NAM,20010612,0.354,0.354,0.354,0.354,4284
NAU,20010612,0.28,0.28,0.28,0.28,1200
NBL,20010612,0.69,0.69,0.68,0.68,28729
NCA,20010612,0.17,0.17,0.17,0.17,120000
NCI,20010612,0.82,0.82,0.81,0.81,3000
NCM,20010612,3.98,4.02,3.95,3.99,247724
NCP,20010612,17.859,18.16,17.859,18.12,8521832
NDC,20010612,0.2,0.2,0.2,0.2,52500
NDO,20010612,0.016,0.018,0.016,0.018,1009075
NDY,20010612,1.16,1.18,1.13,1.15,6084551
NEV,20010612,3.699,3.7,3.66,3.7,234082
NFD,20010612,1.89,1.92,1.85,1.86,214467
NFG,20010612,0.17,0.17,0.17,0.17,10000
NFM,20010612,6.75,6.75,6.75,6.75,500
NFR,20010612,0.17,0.17,0.17,0.17,5000
NGA,20010612,0.43,0.435,0.43,0.43,162107
NGH,20010612,0.12,0.12,0.1,0.105,379529
NHG,20010612,0.27,0.27,0.27,0.27,30000
NHM,20010612,0.036,0.037,0.033,0.034,953777
NHR,20010612,0.25,0.25,0.25,0.25,54865
NIX,20010612,0.5,0.5,0.5,0.5,21548
NLB,20010612,0.4,0.4,0.4,0.4,711
NLY,20010612,0.475,0.475,0.47,0.475,26600
NMW,20010612,0.2,0.2,0.2,0.2,234146
NNG,20010612,0.1,0.1,0.1,0.1,60000
NOL,20010612,0.62,0.62,0.6,0.6,49959
NRL,20010612,0.056,0.07,0.056,0.07,5100
NRM,20010612,3.22,3.22,3.14,3.17,2917530
NRT,20010612,2.21,2.25,2.12,2.12,52566
NTC,20010612,0.095,0.095,0.09,0.09,14620
NTG,20010612,0.55,0.57,0.55,0.56,429700
NUF,20010612,3.03,3.03,2.99,2.99,14778
NVS,20010612,1.97,1.97,1.93,1.93,259695
NWE,20010612,0.056,0.056,0.05,0.05,263149
NWL,20010612,0.35,0.4,0.34,0.4,476267
NZO,20010612,0.3,0.3,0.3,0.3,3336
OBJ,20010612,0.039,0.039,0.034,0.034,258000
OCO,20010612,0.05,0.05,0.05,0.05,65250
OEC,20010612,0.71,0.72,0.71,0.71,1680831
OHL,20010612,0.089,0.09,0.089,0.09,60555
OIL,20010612,1.4,1.4,1.35,1.35,21800
OKN,20010612,0.9,0.9,0.88,0.88,34041
OLA,20010612,0.061,0.061,0.057,0.057,72084
OLE,20010612,0.285,0.285,0.25,0.25,12000
OLH,20010612,1.1,1.1,1.1,1.1,5800
OMH,20010612,0.12,0.12,0.12,0.12,20000
OMI,20010612,0.8,0.8,0.79,0.79,17000
OML,20010612,1.07,1.07,1.04,1.05,95285
OMP,20010612,2.3,2.3,2.3,2.3,33800
OPM,20010612,0.055,0.055,0.055,0.055,10000
OPS,20010612,2.42,2.43,2.4,2.4,84379
OPT,20010612,0.045,0.046,0.045,0.046,81400
ORG,20010612,2.92,2.95,2.9,2.92,2059702
ORI,20010612,4.4,4.4,4.28,4.321,927307
ORL,20010612,3.35,3.35,3.35,3.35,2655
ORP,20010612,0.026,0.028,0.026,0.026,494085
OSH,20010612,1.35,1.35,1.3,1.33,944581
OST,20010612,0.91,0.92,0.9,0.9,524392
OTO,20010612,0.046,0.046,0.045,0.045,32832
OTR,20010612,0.15,0.15,0.135,0.135,26500
OTS,20010612,0.024,0.024,0.024,0.024,26000
OTT,20010612,0.135,0.14,0.13,0.135,3236025
OXR,20010612,0.14,0.15,0.14,0.145,2223016
PAH,20010612,0.04,0.04,0.04,0.04,250200
PAI,20010612,0.081,0.081,0.08,0.08,118831
PAL,20010612,0.29,0.3,0.29,0.3,624552
PAR,20010612,0.1,0.1,0.1,0.1,5000
PAS,20010612,0.425,0.43,0.4,0.405,6559032
PAT,20010612,2.18,2.18,2.17,2.18,15370
PBB,20010612,3.441,3.441,3.29,3.34,343376
PBL,20010612,9.28,9.34,9.14,9.22,1168448
PBO,20010612,0.95,0.95,0.93,0.95,49465
PBT,20010612,0.85,0.92,0.85,0.92,73039
PCE,20010612,0.65,0.68,0.61,0.63,1214000
PCG,20010612,0.13,0.13,0.125,0.13,135000
PCO,20010612,0.73,0.73,0.65,0.67,235910
PDG,20010612,19.5,19.5,19.5,19.5,400
PDN,20010612,0.033,0.033,0.03,0.03,305459
PDP,20010612,0.88,0.91,0.83,0.89,5851971
PEA,20010612,0.75,0.75,0.75,0.75,4000
PEG,20010612,0.1,0.1,0.1,0.1,9000
PEM,20010612,0.3,0.31,0.29,0.3,163192
PEP,20010612,0.909,0.94,0.909,0.91,117800
PFP,20010612,1.53,1.53,1.53,1.53,3407
PGL,20010612,1.35,1.35,1.35,1.35,2250
PHI,20010612,0.14,0.14,0.14,0.14,50000
PHO,20010612,0.14,0.14,0.13,0.13,108763
PHT,20010612,0.56,0.56,0.56,0.56,20000
PHX,20010612,0.185,0.2,0.18,0.19,234755
PHY,20010612,4.4,4.45,4.36,4.45,125411
PIL,20010612,0.135,0.14,0.135,0.14,107525
PKT,20010612,0.042,0.045,0.042,0.043,174022
PLA,20010612,0.54,0.54,0.54,0.54,27732
PLF,20010612,2.4,2.4,2.35,2.35,24238
PLL,20010612,1.58,1.58,1.55,1.55,13687
PLM,20010612,5.05,5.05,5.05,5.05,367
PLN,20010612,0.42,0.44,0.42,0.44,318831
PLT,20010612,2.35,2.38,2.2,2.2,22710
PLX,20010612,0.039,0.045,0.039,0.043,94403
PMA,20010612,0.03,0.032,0.029,0.029,385790
PMC,20010612,1.96,1.98,1.95,1.98,169778
PMD,20010612,0.045,0.048,0.038,0.042,569300
PME,20010612,1.18,1.18,1.18,1.18,10000
PML,20010612,0.9,0.9,0.9,0.9,7000
PMM,20010612,1.32,1.35,1.31,1.34,136337
PMP,20010612,0.49,0.495,0.445,0.48,2371665
PMT,20010612,7.5,7.5,7.5,7.5,1300
PMV,20010612,1.61,1.61,1.6,1.6,30840
PNA,20010612,0.037,0.038,0.037,0.038,171500
PNH,20010612,0.4,0.41,0.36,0.36,131671
PNO,20010612,0.03,0.03,0.03,0.03,2000
POT,20010612,0.041,0.041,0.041,0.041,30000
PPD,20010612,0.35,0.365,0.35,0.35,105150
PPH,20010612,2.14,2.14,2.03,2.04,21371
PPK,20010612,0.66,0.66,0.66,0.66,15000
PPL,20010612,0.06,0.06,0.06,0.06,10000
PPP,20010612,0.09,0.098,0.09,0.098,139775
PPT,20010612,40,40.2,39.75,40.05,73413
PPX,20010612,4.15,4.16,4.12,4.14,390675
PRE,20010612,0.019,0.022,0.019,0.022,80000
PRG,20010612,2.05,2.05,2,2.03,12751
PRI,20010612,5.243,5.243,4.93,5,46845
PRM,20010612,0.19,0.19,0.19,0.19,15000
PRO,20010612,0.41,0.45,0.41,0.45,8000
PRT,20010612,1.88,1.88,1.75,1.75,6463
PRX,20010612,0.75,0.75,0.74,0.74,339721
PRY,20010612,4.51,4.6,4.5,4.6,23590
PSA,20010612,0.16,0.16,0.155,0.16,310967
PSD,20010612,0.218,0.22,0.21,0.21,152000
PSG,20010612,0.315,0.315,0.315,0.315,532000
PSI,20010612,0.22,0.22,0.22,0.22,30000
PSN,20010612,8.4,8.4,8.4,8.4,1200
PSV,20010612,0.08,0.08,0.08,0.08,2931
PSX,20010612,0.16,0.16,0.155,0.155,39500
PTD,20010612,2.08,2.16,2.04,2.06,403845
PTL,20010612,0.15,0.15,0.15,0.15,147666
PTS,20010612,0.084,0.084,0.082,0.082,100000
PTZ,20010612,0.7,0.7,0.7,0.7,12600
PVL,20010612,0.385,0.385,0.385,0.385,6083
PWR,20010612,0.74,0.74,0.7,0.72,597952
PWT,20010612,0.35,0.35,0.32,0.32,1211544
PXI,20010612,0.08,0.08,0.08,0.08,20000
PYT,20010612,0.335,0.335,0.335,0.335,2480
QAD,20010612,0.428,0.45,0.428,0.45,143985
QAN,20010612,3.44,3.45,3.38,3.38,3776864
QBE,20010612,10.88,10.99,10.82,10.96,1159231
QCH,20010612,3.5,3.55,3.5,3.53,79456
QES,20010612,0.165,0.165,0.165,0.165,50000
QGC,20010612,0.27,0.27,0.265,0.265,228000
QMM,20010612,0.065,0.067,0.06,0.06,165975
QOP,20010612,0.045,0.045,0.045,0.045,100000
QPX,20010612,0.472,0.472,0.46,0.46,17070
QTK,20010612,0.064,0.065,0.064,0.064,333980
QTL,20010612,0.039,0.045,0.039,0.04,41083
QUR,20010612,0.026,0.026,0.026,0.026,7000
QVL,20010612,4.28,4.28,4.1,4.1,17720
RAC,20010612,0.075,0.081,0.074,0.074,493081
RBC,20010612,0.52,0.52,0.48,0.48,2188
RBK,20010612,0.145,0.145,0.14,0.14,28000
RBS,20010612,2.38,2.38,2.38,2.38,1000
RBT,20010612,0.031,0.031,0.031,0.031,62800
RCR,20010612,0.105,0.105,0.1,0.1,10000
RCT,20010612,0.076,0.078,0.076,0.076,16570
RDF,20010612,1.637,1.637,1.61,1.61,12900
REA,20010612,0.125,0.125,0.12,0.12,57000
REB,20010612,0.84,0.84,0.83,0.84,120484
REC,20010612,0.27,0.27,0.26,0.26,10000
REL,20010612,2.19,2.2,2.14,2.16,1128825
RFS,20010612,0.305,0.305,0.295,0.3,388533
RGS,20010612,0.68,0.68,0.68,0.68,43380
RHC,20010612,2.7,2.7,2.69,2.7,28970
RIC,20010612,0.68,0.68,0.67,0.67,273437
RIM,20010612,0.11,0.11,0.105,0.105,143000
RIO,20010612,35.58,35.58,34.7,34.7,1694549
RKN,20010612,0.14,0.14,0.135,0.135,137300
RMD,20010612,9.969,10.04,9.76,10.01,2219904
RMG,20010612,0.24,0.24,0.23,0.23,210451
RMW,20010612,0.7,0.8,0.7,0.7,16200
RND,20010612,1.22,1.22,1.18,1.22,21500
ROC,20010612,1.65,1.7,1.65,1.7,67740
ROK,20010612,2.65,2.65,2.61,2.61,3500
RPD,20010612,0.16,0.18,0.16,0.18,80555
RPM,20010612,0.04,0.04,0.04,0.04,60000
RRS,20010612,0.04,0.04,0.04,0.04,10000
RSG,20010612,0.098,0.098,0.094,0.094,181857
RTM,20010612,0.08,0.095,0.08,0.093,1409000
RTS,20010612,0.13,0.13,0.13,0.13,22871
RUP,20010612,4.5,4.5,4.4,4.4,19654
RUS,20010612,0.025,0.025,0.025,0.025,20000
SAQ,20010612,3.55,3.6,3.55,3.6,7500
SAR,20010612,0.11,0.11,0.091,0.091,25000
SAS,20010612,0.425,0.425,0.405,0.405,434844
SAX,20010612,0.09,0.09,0.09,0.09,9000
SBC,20010612,13,13,12.9,12.9,16568
SBE,20010612,1.61,1.61,1.61,1.61,5146
SBM,20010612,0.155,0.155,0.15,0.15,405000
SCD,20010612,0.045,0.045,0.044,0.044,10750
SCG,20010612,0.125,0.125,0.125,0.125,20000
SCN,20010612,0.003,0.004,0.003,0.004,590000
SDR,20010612,0.23,0.23,0.23,0.23,79000
SED,20010612,0.105,0.105,0.105,0.105,4000
SEN,20010612,0.135,0.14,0.12,0.12,417625
SES,20010612,0.23,0.235,0.22,0.23,564200
SEV,20010612,6.96,6.96,6.8,6.81,167655
SEX,20010612,0.19,0.21,0.19,0.21,12988
SFD,20010612,0.355,0.355,0.34,0.34,41906
SFG,20010612,0.039,0.039,0.038,0.038,212000
SFL,20010612,0.94,0.94,0.93,0.93,47039
SGB,20010612,15.68,15.82,15.65,15.7,2438852
SGC,20010612,0.4,0.4,0.39,0.4,180590
SGN,20010612,3.8,3.85,3.75,3.85,14980
SGO,20010612,0.319,0.33,0.319,0.33,104572
SGP,20010612,3.99,4.02,3.99,4.01,1806641
SGS,20010612,1.09,1.1,1.08,1.1,67869
SGW,20010612,9.55,9.55,9.44,9.47,455461
SHL,20010612,7.581,7.59,7.5,7.56,337029
SHM,20010612,0.155,0.155,0.155,0.155,200
SHV,20010612,1.65,1.7,1.65,1.7,21005
SIG,20010612,2.17,2.19,2.12,2.12,192300
SIU,20010612,0.37,0.37,0.35,0.35,23000
SKC,20010612,8.3,8.3,8.3,8.3,10000
SKD,20010612,1.44,1.44,1.35,1.35,85607
SKE,20010612,0.92,0.92,0.88,0.92,74975
SKG,20010612,0.18,0.18,0.18,0.18,43700
SKR,20010612,0.105,0.105,0.095,0.099,1940020
SLN,20010612,1.04,1.04,1.03,1.03,3900
SLX,20010612,4.4,4.43,4.35,4.4,71600
SMA,20010612,0.029,0.029,0.028,0.028,110000
SME,20010612,13.71,13.93,13.71,13.8,584516
SMI,20010612,9.944,9.98,9.55,9.751,789613
SMO,20010612,0.02,0.035,0.02,0.035,514041
SMS,20010612,5.32,5.35,5.3,5.34,263230
SNC,20010612,0.11,0.11,0.11,0.11,128
SNX,20010612,1.41,1.59,1.37,1.54,1523496
SOF,20010612,0.075,0.075,0.06,0.06,524000
SOH,20010612,1.09,1.09,1.01,1.05,197816
SOL,20010612,47.5,47.6,47.5,47.55,3400
SOT,20010612,0.25,0.255,0.25,0.255,278748
SPC,20010612,0.75,0.75,0.71,0.71,93634
SPD,20010612,0.26,0.26,0.26,0.26,10000
SPH,20010612,0.068,0.068,0.068,0.068,82250
SPK,20010612,0.105,0.105,0.095,0.095,60049
SPL,20010612,0.5,0.5,0.5,0.5,2000
SPP,20010612,0.96,1,0.95,0.97,69841
SPT,20010612,6.97,6.98,6.9,6.9,39838
SPX,20010612,0.08,0.08,0.075,0.08,313015
SRA,20010612,0.94,0.94,0.92,0.94,62450
SRI,20010612,0.07,0.07,0.07,0.07,65600
SRL,20010612,0.55,0.57,0.55,0.57,49400
SRO,20010612,0.098,0.1,0.097,0.1,622632
SRP,20010612,6.2,6.55,6.1,6.5,5532858
SRT,20010612,0.065,0.065,0.06,0.06,148718
SRV,20010612,6.2,6.3,6.2,6.25,3400
SRX,20010612,1.84,1.84,1.76,1.76,11027
SSE,20010612,0.425,0.425,0.415,0.415,47772
SSH,20010612,0.47,0.48,0.47,0.47,110000
SSI,20010612,0.27,0.27,0.21,0.27,44350
SSN,20010612,0.11,0.11,0.11,0.11,500
SSR,20010612,0.3,0.31,0.3,0.31,31798
SST,20010612,1.7,1.7,1.65,1.65,20050
SSX,20010612,0.85,0.85,0.8,0.84,456025
STH,20010612,0.06,0.06,0.06,0.06,10000
STN,20010612,0.25,0.255,0.25,0.255,159091
STO,20010612,6.86,6.934,6.82,6.934,3585574
STP,20010612,0.36,0.36,0.34,0.35,201666
STS,20010612,0.82,0.82,0.8,0.8,62269
STT,20010612,0.022,0.022,0.02,0.02,435600
STU,20010612,0.315,0.315,0.315,0.315,41000
SUR,20010612,0.085,0.085,0.081,0.081,154500
SVP,20010612,0.062,0.065,0.062,0.062,22133
SVS,20010612,0.3,0.3,0.3,0.3,5000
SWC,20010612,0.29,0.29,0.28,0.29,280322
SWD,20010612,0.83,0.83,0.83,0.83,122273
SWG,20010612,0.047,0.047,0.04,0.04,98885
SWS,20010612,2.655,2.655,2.55,2.6,36170
SWT,20010612,0.075,0.077,0.075,0.076,196500
SYM,20010612,1.74,1.75,1.72,1.72,52500
TAB,20010612,2.93,2.94,2.88,2.89,689104
TAG,20010612,0.125,0.125,0.12,0.12,11000
TAH,20010612,9.341,9.41,9.25,9.26,1013088
TAN,20010612,1.3,1.3,1.3,1.3,10000
TAP,20010612,1.27,1.27,1.25,1.25,118060
TAW,20010612,0.41,0.44,0.41,0.44,30500
TBC,20010612,0.065,0.065,0.065,0.065,180000
TBL,20010612,0.017,0.017,0.016,0.016,35000
TBR,20010612,0.8,0.8,0.8,0.8,8025
TCA,20010612,12.692,12.692,12.692,12.692,500
TCL,20010612,3.942,3.942,3.85,3.9,1218519
TEE,20010612,0.04,0.04,0.04,0.04,29945
TEL,20010612,4.482,4.49,4.37,4.43,675590
TEM,20010612,2.12,2.14,2.12,2.14,88286
TEN,20010612,1.87,1.88,1.83,1.87,267728
TGG,20010612,1.87,1.9,1.86,1.89,41749
TGL,20010612,0.026,0.026,0.022,0.022,108800
THG,20010612,0.64,0.64,0.63,0.63,110780
THL,20010612,0.29,0.29,0.28,0.28,142000
THX,20010612,0.395,0.395,0.37,0.37,73437
TIF,20010612,0.76,0.76,0.74,0.75,47859
TIM,20010612,1.11,1.15,1.07,1.15,296526
TIR,20010612,0.235,0.24,0.23,0.23,118000
TKG,20010612,0.006,0.007,0.006,0.006,1391410
TKR,20010612,0.65,0.65,0.62,0.63,80000
TLA,20010612,0.66,0.68,0.66,0.67,235602
TLE,20010612,0.05,0.05,0.05,0.05,25000
TLN,20010612,0.11,0.115,0.11,0.115,237500
TLO,20010612,0.088,0.088,0.077,0.079,920614
TLS,20010612,6.25,6.37,6.05,6.08,86105312
TMO,20010612,0.38,0.38,0.38,0.38,1350
TMS,20010612,0.63,0.65,0.63,0.65,182577
TMT,20010612,0.95,0.97,0.95,0.97,408007
TNE,20010612,0.88,0.89,0.86,0.87,228355
TOL,20010612,17.972,18,17.77,17.85,139318
TOR,20010612,1.11,1.12,1.11,1.12,12784
TOX,20010612,0.124,0.15,0.12,0.13,1001986
TPL,20010612,0.025,0.025,0.018,0.02,187000
TQL,20010612,2.45,2.48,2.43,2.48,83340
TRD,20010612,0.04,0.04,0.033,0.038,3943158
TRE,20010612,0.039,0.039,0.037,0.037,775976
TRT,20010612,0.022,0.023,0.021,0.021,600000
TRY,20010612,0.68,0.68,0.68,0.68,9000
TSE,20010612,1.76,1.77,1.75,1.75,81850
TSR,20010612,5.5,5.5,5.5,5.5,8924
TSS,20010612,0.69,0.69,0.67,0.67,28100
TST,20010612,0.2,0.2,0.195,0.2,22000
TTH,20010612,0.17,0.17,0.17,0.17,29392
TTL,20010612,0.072,0.072,0.071,0.071,34290
TTR,20010612,0.115,0.115,0.115,0.115,39250
TVL,20010612,0.239,0.24,0.22,0.22,49720
TVN,20010612,0.09,0.09,0.09,0.09,6000
TVS,20010612,0.061,0.066,0.06,0.066,533248
TWR,20010612,4.3,4.32,4.28,4.3,135289
TXT,20010612,0.83,0.84,0.82,0.82,12700
UCL,20010612,0.044,0.044,0.041,0.043,1770438
UEC,20010612,0.235,0.24,0.205,0.226,3778083
UEL,20010612,2.4,2.48,2.4,2.45,495287
UGL,20010612,2.08,2.1,2.06,2.1,81611
USC,20010612,0.63,0.63,0.62,0.62,157117
VCM,20010612,2.9,2.9,2.55,2.6,19560
VGL,20010612,1.25,1.27,1.25,1.27,47700
VHL,20010612,0.61,0.61,0.55,0.55,15000
VIA,20010612,0.072,0.075,0.072,0.075,24000
VIT,20010612,0.23,0.25,0.23,0.25,205000
VLS,20010612,2.78,2.78,2.7,2.7,47103
VNA,20010612,0.13,0.135,0.13,0.13,267526
VNT,20010612,0.009,0.009,0.008,0.008,321418
VPE,20010612,0.061,0.062,0.059,0.059,6112479
VRI,20010612,0.51,0.51,0.48,0.48,6250
VRL,20010612,1.47,1.48,1.44,1.47,60754
VSL,20010612,3.21,3.21,3.15,3.17,41641
VTI,20010612,0.45,0.485,0.43,0.455,977842
VWD,20010612,0.64,0.65,0.63,0.63,263500
VWL,20010612,0.075,0.075,0.075,0.075,80000
VXS,20010612,0.27,0.29,0.255,0.255,29900
WAD,20010612,2.25,2.26,2.15,2.15,5800
WAL,20010612,0.325,0.33,0.32,0.32,21800
WAN,20010612,4.9,4.94,4.9,4.91,235522
WAT,20010612,1.86,1.86,1.85,1.85,4000
WBB,20010612,3.81,3.85,3.81,3.81,15335
WBC,20010612,13.732,13.98,13.732,13.896,5410241
WDP,20010612,1.25,1.25,1.25,1.25,4000
WEB,20010612,0.049,0.049,0.049,0.049,95000
WEL,20010612,0.37,0.375,0.345,0.345,275698
WES,20010612,21.349,22.07,21.349,21.86,405609
WET,20010612,0.031,0.034,0.03,0.03,1368700
WFA,20010612,1.58,1.59,1.58,1.58,2489838
WFT,20010612,3.19,3.22,3.19,3.21,3414914
WGC,20010612,0.006,0.006,0.005,0.006,454250
WGR,20010612,0.067,0.067,0.067,0.067,350
WHK,20010612,0.004,0.004,0.004,0.004,840000
WHL,20010612,0.056,0.056,0.055,0.055,129500
WIT,20010612,1.2,1.2,1.2,1.2,6000
WMC,20010612,9.47,9.71,9.47,9.54,12022846
WME,20010612,0.06,0.06,0.06,0.06,50000
WMG,20010612,0.19,0.19,0.18,0.18,38001
WMT,20010612,0.13,0.135,0.125,0.135,5717666
WON,20010612,0.048,0.048,0.048,0.048,342700
WOW,20010612,9.8,10,9.8,9.9,3942504
WPL,20010612,15.7,15.9,15.7,15.83,2006324
WPO,20010612,0.062,0.062,0.061,0.061,90730
WRF,20010612,0.46,0.46,0.45,0.45,140809
WSF,20010612,13.37,13.54,13.31,13.326,554670
WSG,20010612,0.15,0.16,0.14,0.155,825550
WSK,20010612,0.9,0.94,0.9,0.9,50289
WSS,20010612,0.14,0.14,0.14,0.14,10556
WSY,20010612,0.048,0.049,0.045,0.045,75000
WTE,20010612,0.016,0.016,0.016,0.016,97250
WTP,20010612,0.28,0.285,0.28,0.285,22000
WWA,20010612,0.37,0.37,0.37,0.37,8000
WWT,20010612,0.155,0.155,0.14,0.145,492000
WYL,20010612,1.62,1.63,1.61,1.62,107966
XAI,20010612,5742.6,5742.6,5668.9,5698.7,0
XAM,20010612,696.4,697.9,683.9,685.2,0
XAN,20010612,0.335,0.335,0.3,0.3,249482
XAO,20010612,3365.4,3365.4,3326.4,3335.1,0
XAR,20010612,1586.7,1586.7,1558.7,1560,0
XAT,20010612,14744.1,14818.9,14460.1,14818.9,0
XBF,20010612,8945.3,9080.8,8898.2,9064.5,0
XBI,20010612,5046.6,5098.1,5018.2,5094.1,0
XBM,20010612,3055.2,3123.4,3029.7,3116.2,0
XCE,20010612,1972.1,1973.6,1946.5,1967.7,0
XDC,20010612,7180.5,7232.8,7095.2,7108.6,0
XDI,20010612,4956.2,4991.1,4902.1,4965.1,0
XDR,20010612,3930.4,3930.4,3832.5,3835.6,0
XEG,20010612,1268.8,1268.8,1245.5,1257.2,0
XEY,20010612,1747.3,1759.3,1746.8,1758.8,0
XFH,20010612,3591.7,3591.7,3518.9,3549.9,0
XFL,20010612,3593,3593,3544,3556.2,0
XGO,20010612,793.9,800.2,783.8,787.2,0
XHB,20010612,5048,5048,4983.6,5000.4,0
XIF,20010612,3660.4,3660.4,3607.5,3616.2,0
XIN,20010612,7806.7,7806.7,7707.6,7748,0
XIU,20010612,2681.7,2681.7,2652.4,2665.6,0
XJI,20010612,58.66,58.66,57.86,58.19,0
XJO,20010612,34.34,34.34,33.92,34.02,0
XJP,20010612,13.16,13.23,13.14,13.18,0
XJR,20010612,16.16,16.16,15.84,15.86,0
XKI,20010612,58.41,58.41,57.62,57.94,0
XKO,20010612,34.21,34.21,33.8,33.89,0
XKP,20010612,13.18,13.25,13.16,13.2,0
XKR,20010612,16.13,16.13,15.83,15.84,0
XMD,20010612,2289.9,2289.9,2274.5,2281,0
XME,20010612,33174.2,33174.2,32464.8,32783.6,0
XMI,20010612,1668.9,1669,1653.7,1662.7,0
XMR,20010612,1011.3,1016.3,994.1,996.8,0
XMT,20010612,2625.7,2625.7,2606.9,2617.7,0
XOM,20010612,1084.6,1086.1,1055.8,1057.2,0
XPI,20010612,34.34,34.34,33.92,34.02,0
XPP,20010612,1594.4,1605.1,1574.2,1575.1,0
XPT,20010612,1321.9,1328.5,1319.4,1324,0
XRE,20010612,5267.7,5267.7,5201,5213.4,0
XSI,20010612,1886.1,1886.1,1867,1872.5,0
XSO,20010612,1672.7,1672.7,1656.7,1660.6,0
XSR,20010612,1255.4,1255.6,1244,1246.4,0
XTI,20010612,3160.7,3160.7,3115.4,3135.5,0
XTL,20010612,2131.2,2131.2,2100.3,2107.4,0
XTO,20010612,2811.5,2811.5,2775.2,2784.6,0
XTP,20010612,6543.1,6577.9,6463.4,6558.2,0
XTR,20010612,2226.8,2226.8,2183.5,2185.5,0
XTU,20010612,3081,3081,3046.1,3051,0
YAM,20010612,0.012,0.012,0.011,0.011,146000
YDR,20010612,0.087,0.087,0.087,0.087,21818
YSL,20010612,0.44,0.45,0.43,0.45,34308
YTL,20010612,0.305,0.305,0.255,0.255,490308
ZAL,20010612,0.02,0.02,0.02,0.02,123500
ZEL,20010612,0.25,0.25,0.23,0.23,5610
ZIM,20010612,1.01,1.01,1,1,33360
ZYL,20010612,0.06,0.06,0.06,0.06,205321
