AAT,20010321,0.48,0.48,0.48,0.48,180000
AAU,20010321,0.95,0.95,0.95,0.95,3000
ABC,20010321,0.44,0.44,0.43,0.44,2191012
ABG,20010321,1.8,1.8,1.8,1.8,92000
ABS,20010321,2.1,2.1,1.9,2,761291
ACC,20010321,0.1,0.105,0.085,0.085,60967
ACV,20010321,0.14,0.14,0.14,0.14,150000
ACY,20010321,0.84,0.85,0.8,0.85,513400
ADA,20010321,1.61,1.61,1.6,1.6,19105
ADB,20010321,4.99,5.04,4.99,5.02,82695
ADG,20010321,1.85,1.88,1.85,1.85,36166
ADH,20010321,0.12,0.12,0.11,0.115,406000
ADM,20010321,0.06,0.06,0.06,0.06,3000
ADN,20010321,0.073,0.073,0.073,0.073,10000
ADP,20010321,2.5,2.51,2.5,2.51,202424
ADR,20010321,0.032,0.032,0.029,0.029,2109374
ADX,20010321,0.185,0.185,0.185,0.185,29737
ADZ,20010321,2.3,2.37,2.29,2.3,2941074
AEC,20010321,0.8,0.81,0.79,0.79,11275
AEN,20010321,0.68,0.7,0.68,0.7,15183
AEO,20010321,1.7,1.7,1.68,1.69,575126
AES,20010321,0.4,0.4,0.38,0.38,8000
AET,20010321,2.15,2.15,2,2,2500
AEX,20010321,0.16,0.16,0.155,0.155,10000
AFF,20010321,0.28,0.28,0.28,0.28,91102
AFI,20010321,2.56,2.59,2.56,2.56,324423
AGG,20010321,59,59,59,59,1500
AGH,20010321,0.58,0.58,0.58,0.58,521135
AGL,20010321,10.75,10.9,10.55,10.7,973362
AGM,20010321,0.06,0.061,0.055,0.055,85467
AGT,20010321,1.23,1.23,1.23,1.23,651
AGY,20010321,0.2,0.22,0.2,0.22,92900
AHD,20010321,2.1,2.1,2.08,2.08,59913
AHH,20010321,0.1,0.1,0.1,0.1,50000
AHL,20010321,0.175,0.175,0.175,0.175,6432
AHT,20010321,0.6,0.6,0.6,0.6,30000
AIA,20010321,3,3.05,3,3.05,14412
AIE,20010321,0.125,0.14,0.125,0.13,212169
AIP,20010321,0.98,1,0.98,1,172697
AIX,20010321,1.83,1.83,1.8,1.8,102223
AJL,20010321,1.6,1.6,1.6,1.6,14500
AKC,20010321,2.29,2.29,2.24,2.24,25596
ALA,20010321,0.432,0.432,0.4,0.41,94000
ALK,20010321,0.2,0.2,0.2,0.2,160000
ALL,20010321,6.877,6.9,6.75,6.82,408871
ALN,20010321,3.12,3.2,3.12,3.2,103608
ALQ,20010321,0.67,0.67,0.64,0.66,39000
ALZ,20010321,1.25,1.28,1.25,1.28,25733
AMB,20010321,0.65,0.65,0.6,0.6,5000
AMC,20010321,5.52,5.728,5.52,5.728,757161
AMH,20010321,1.85,1.85,1.83,1.85,55978
AML,20010321,0.93,0.96,0.93,0.96,60694
AMM,20010321,0.6,0.6,0.56,0.57,81000
AMP,20010321,20.24,20.65,20.24,20.65,5279872
AMS,20010321,0.095,0.095,0.095,0.095,25000
AMU,20010321,0.105,0.105,0.105,0.105,63593
ANE,20010321,2.23,2.25,2.2,2.25,3200
ANK,20010321,0.15,0.15,0.15,0.15,1000
ANL,20010321,1.2,1.2,1.06,1.14,356160
ANM,20010321,2.007,2.12,2.007,2.12,267647
ANX,20010321,0.47,0.47,0.47,0.47,54500
ANZ,20010321,14.28,14.48,14.25,14.473,4806862
AOF,20010321,1.25,1.25,1.24,1.25,1190320
AOG,20010321,1.8,1.81,1.8,1.8,117364
AOL,20010321,0.02,0.02,0.018,0.02,478980
APA,20010321,2.47,2.5,2.47,2.5,140579
APG,20010321,0.105,0.11,0.1,0.11,471000
API,20010321,2.42,2.43,2.42,2.42,30649
APL,20010321,1.11,1.15,1.05,1.05,215040
APN,20010321,3.68,3.72,3.65,3.7,186115
APU,20010321,0.115,0.115,0.115,0.115,47685
APX,20010321,0.024,0.025,0.022,0.023,3937073
APY,20010321,0.375,0.395,0.37,0.395,607600
AQA,20010321,0.62,0.62,0.59,0.59,14817
AQP,20010321,8.52,8.52,8.52,8.52,14124
ARA,20010321,0.27,0.27,0.27,0.27,58000
ARC,20010321,0.11,0.11,0.1,0.1,130000
ARG,20010321,3.41,3.43,3.4,3.41,25498
ARL,20010321,1.07,1.08,1.05,1.06,859751
ARO,20010321,0.2,0.2,0.2,0.2,10000
ARP,20010321,9.2,9.2,9.2,9.2,921
ARQ,20010321,0.125,0.125,0.12,0.12,59676
ART,20010321,1.31,1.33,1.31,1.32,538358
ARX,20010321,0.04,0.04,0.04,0.04,100000
ASB,20010321,1.2,1.2,1.2,1.2,17230
ASC,20010321,0.2,0.23,0.2,0.23,76087
ASL,20010321,0.1,0.105,0.1,0.105,74565
ASN,20010321,0.07,0.07,0.07,0.07,50000
ASP,20010321,0.071,0.071,0.071,0.071,2767
ASU,20010321,0.011,0.011,0.009,0.009,374082
ASX,20010321,11.7,11.99,11.55,11.95,89173
ATE,20010321,0.165,0.165,0.165,0.165,65000
ATN,20010321,0.04,0.041,0.039,0.041,353100
ATX,20010321,0.105,0.115,0.105,0.115,251500
AUD,20010321,1.12,1.14,1.1,1.1,56100
AUG,20010321,0.21,0.225,0.2,0.205,1744803
AUL,20010321,0.014,0.014,0.012,0.012,600000
AUM,20010321,0.037,0.037,0.037,0.037,40000
AUN,20010321,0.9,0.91,0.81,0.85,1327092
AUO,20010321,0.315,0.33,0.31,0.33,264530
AUR,20010321,0.15,0.15,0.15,0.15,141000
AUY,20010321,0.91,0.92,0.88,0.92,42000
AVJ,20010321,0.69,0.69,0.69,0.69,5000
AVL,20010321,0.034,0.034,0.033,0.033,120000
AVR,20010321,0.3,0.3,0.275,0.28,351821
AVT,20010321,0.16,0.165,0.15,0.15,204300
AWE,20010321,0.59,0.59,0.56,0.57,6299000
AXA,20010321,2.78,2.82,2.73,2.82,9996066
AXL,20010321,0.15,0.15,0.14,0.14,122842
AXN,20010321,1.11,1.11,1.02,1.09,620217
AXP,20010321,1.14,1.15,1.14,1.15,447133
AYO,20010321,0.71,0.87,0.7,0.82,1321315
AZL,20010321,0.04,0.04,0.04,0.04,3362
AZR,20010321,0.097,0.097,0.09,0.09,647940
BAM,20010321,17.51,17.52,17.5,17.51,22687
BAR,20010321,0.36,0.36,0.35,0.35,51000
BBB,20010321,0.235,0.24,0.23,0.23,49700
BBG,20010321,4.95,5.16,4.93,5.08,697053
BCD,20010321,0.26,0.26,0.26,0.26,2293
BCH,20010321,0.105,0.12,0.105,0.115,81870
BDF,20010321,2.35,2.35,2.35,2.35,3100
BDG,20010321,0.155,0.155,0.15,0.15,16667
BDL,20010321,1.82,1.83,1.75,1.77,177200
BEN,20010321,6.25,6.25,6.2,6.23,80296
BFS,20010321,0.7,0.7,0.7,0.7,48500
BGD,20010321,0.11,0.11,0.11,0.11,10000
BGF,20010321,0.056,0.057,0.056,0.057,7700
BGN,20010321,1.108,1.17,1.1,1.1,27500
BHP,20010321,20,20.36,19.83,20.208,22059708
BIG,20010321,0.081,0.081,0.076,0.076,80000
BII,20010321,0.35,0.36,0.335,0.34,526949
BIL,20010321,45.2,45.7,44.8,45.7,820097
BIR,20010321,0.77,0.78,0.76,0.77,280892
BIT,20010321,0.4,0.4,0.355,0.38,105000
BKA,20010321,0.39,0.39,0.39,0.39,15000
BKL,20010321,5.8,5.8,5.8,5.8,3350
BKR,20010321,0.115,0.115,0.11,0.115,221255
BKS,20010321,0.032,0.032,0.029,0.029,660707
BKW,20010321,5.65,5.65,5.55,5.6,5800
BLD,20010321,2.27,2.32,2.27,2.3,1262847
BLN,20010321,0.11,0.11,0.1,0.1,243630
BLO,20010321,0.13,0.135,0.13,0.135,109355
BLR,20010321,0.105,0.105,0.1,0.1,121500
BLZ,20010321,0.07,0.07,0.07,0.07,100000
BMC,20010321,0.24,0.24,0.215,0.215,168627
BMR,20010321,0.39,0.39,0.39,0.39,20634
BMS,20010321,0.5,0.5,0.5,0.5,4000
BMX,20010321,0.295,0.295,0.285,0.285,331980
BNA,20010321,0.11,0.11,0.105,0.105,882920
BNK,20010321,0.78,0.78,0.76,0.78,21556
BNO,20010321,1.01,1.05,0.95,1.05,84036
BOC,20010321,0.14,0.14,0.14,0.14,1576
BOQ,20010321,6.23,6.3,6.22,6.3,49969
BPC,20010321,0.47,0.47,0.45,0.46,212200
BPO,20010321,0.105,0.105,0.105,0.105,12500
BPT,20010321,0.04,0.041,0.039,0.039,811841
BRI,20010321,0.255,0.26,0.255,0.255,49950
BRL,20010321,9.31,9.42,9.21,9.41,480614
BRN,20010321,0.18,0.18,0.1,0.15,47915
BRS,20010321,1.6,1.6,1.58,1.59,128411
BRY,20010321,0.56,0.56,0.55,0.55,96500
BRZ,20010321,1.34,1.35,1.28,1.3,1510049
BSN,20010321,0.075,0.075,0.075,0.075,4000
BSO,20010321,3.64,3.64,3.64,3.64,2529
BTA,20010321,2.23,2.23,2.1,2.14,96839
BTC,20010321,0.373,0.375,0.37,0.37,68778
BTE,20010321,0.7,0.7,0.69,0.69,82940
BTG,20010321,0.82,0.82,0.8,0.8,43845
BTM,20010321,0.475,0.475,0.475,0.475,21835
BTO,20010321,1.5,1.55,1.5,1.54,592215
BUG,20010321,0.395,0.395,0.35,0.35,8000
BUU,20010321,0.09,0.09,0.09,0.09,3500
BWA,20010321,3.75,3.81,3.7,3.7,327155
BWI,20010321,0.92,0.92,0.92,0.92,10000
BWP,20010321,1.09,1.1,1.08,1.08,51870
BWT,20010321,0.038,0.038,0.038,0.038,18000
BYI,20010321,0.55,0.65,0.55,0.65,35000
BYO,20010321,0.28,0.28,0.28,0.28,10000
CAA,20010321,2.18,2.18,2.12,2.12,27102
CAB,20010321,3.06,3.06,3.03,3.03,44230
CAG,20010321,0.195,0.195,0.17,0.18,550364
CAI,20010321,0.68,0.68,0.67,0.67,17471
CAT,20010321,7.025,7.025,6.58,6.8,21043
CBA,20010321,29.5,29.5,29,29.25,4784497
CBD,20010321,0.052,0.052,0.05,0.05,96000
CBH,20010321,0.13,0.13,0.125,0.125,44350
CBI,20010321,1.36,1.36,1.36,1.36,4400
CBO,20010321,0.053,0.053,0.052,0.052,239625
CBT,20010321,0.08,0.082,0.079,0.08,217220
CCL,20010321,4.5,4.8,4.5,4.75,838660
CCO,20010321,0.105,0.12,0.105,0.12,60000
CCP,20010321,0.56,0.56,0.54,0.54,20000
CCV,20010321,0.03,0.03,0.029,0.03,201700
CCZ,20010321,0.76,0.76,0.75,0.76,83000
CDF,20010321,1.15,1.16,1.15,1.15,26978
CDO,20010321,1.26,1.26,1.23,1.23,18309
CDP,20010321,2,2,2,2,1000
CDR,20010321,0.82,0.83,0.81,0.82,159682
CDX,20010321,1.958,1.958,1.9,1.95,5700
CEP,20010321,2.84,2.84,2.83,2.83,536602
CEQ,20010321,2.1,2.1,2.08,2.1,31500
CEW,20010321,1.4,1.4,1.39,1.4,77300
CEY,20010321,1.06,1.12,1.04,1.1,346949
CFA,20010321,0.068,0.068,0.065,0.065,20000
CFR,20010321,0.031,0.031,0.029,0.029,1332298
CFS,20010321,0.72,0.72,0.72,0.72,20000
CFT,20010321,2.06,2.07,2.06,2.07,422771
CGB,20010321,0.055,0.055,0.055,0.055,20000
CGC,20010321,0.08,0.08,0.08,0.08,150000
CGO,20010321,0.96,1,0.96,1,13000
CHB,20010321,29.25,29.25,29.23,29.25,2866
CHF,20010321,0.74,0.75,0.73,0.73,58942
CHL,20010321,0.13,0.13,0.13,0.13,16000
CHP,20010321,0.06,0.06,0.06,0.06,93664
CHS,20010321,0.155,0.155,0.15,0.15,39700
CHV,20010321,0.459,0.46,0.459,0.46,54500
CHY,20010321,1.662,1.662,1.6,1.6,31794
CID,20010321,0.255,0.26,0.255,0.255,15000
CIM,20010321,0.035,0.035,0.035,0.035,6800
CIN,20010321,9,9,9,9,7000
CIR,20010321,2.792,2.792,2.65,2.65,192966
CLA,20010321,2.7,2.7,2.6,2.6,100600
CLH,20010321,3.51,3.55,3.5,3.53,76018
CLI,20010321,3.606,3.72,3.6,3.7,84196
CLO,20010321,0.72,0.72,0.7,0.7,28802
CLT,20010321,1.7,1.7,1.7,1.7,14500
CLV,20010321,0.36,0.36,0.35,0.35,140000
CMI,20010321,0.98,1,0.98,0.99,17000
CML,20010321,6.15,6.36,6.13,6.312,4120785
CMP,20010321,0.9,0.9,0.88,0.89,38000
CMQ,20010321,0.47,0.48,0.47,0.48,19800
CMS,20010321,0.145,0.145,0.12,0.12,53150
CMX,20010321,0.074,0.074,0.073,0.073,20000
CNA,20010321,21.1,22,21.1,22,1462
CND,20010321,1.54,1.54,1.45,1.46,17728
CNF,20010321,0.041,0.041,0.04,0.04,20000
CNG,20010321,0.33,0.33,0.325,0.325,762700
CNM,20010321,0.04,0.043,0.04,0.043,343255
CNT,20010321,0.06,0.06,0.06,0.06,48166
COA,20010321,1,1.02,1,1,146598
COF,20010321,2.5,2.6,2.48,2.5,36520
COH,20010321,37.13,37.13,36.86,37,84851
COM,20010321,0.42,0.42,0.405,0.405,43279
COP,20010321,0.011,0.012,0.011,0.011,1235551
COU,20010321,0.48,0.48,0.48,0.48,20000
CPA,20010321,1.05,1.08,1.05,1.07,1644018
CPB,20010321,5,5,4.95,4.95,13700
CPC,20010321,0.245,0.245,0.245,0.245,5000
CPE,20010321,0.051,0.06,0.051,0.06,177000
CPH,20010321,0.415,0.42,0.41,0.42,352559
CPM,20010321,4.3,4.5,4.3,4.4,15038
CPU,20010321,7.26,7.3,7.21,7.27,1114672
CQT,20010321,0.2,0.21,0.195,0.2,345630
CRG,20010321,6.907,6.907,6.75,6.86,74828
CRL,20010321,0.48,0.48,0.47,0.475,83750
CRS,20010321,0.35,0.35,0.35,0.35,118400
CRT,20010321,0.76,0.76,0.75,0.75,6105
CRU,20010321,0.28,0.28,0.28,0.28,15000
CSA,20010321,0.021,0.021,0.02,0.02,280000
CSB,20010321,0.38,0.38,0.38,0.38,4000
CSG,20010321,0.17,0.19,0.17,0.185,124480
CSI,20010321,0.1,0.1,0.1,0.1,10000
CSL,20010321,34.4,35.5,34.4,35.2,167988
CSM,20010321,0.45,0.45,0.435,0.435,21500
CSR,20010321,5.19,5.38,5.19,5.37,6924499
CSY,20010321,0.078,0.078,0.075,0.075,226333
CTC,20010321,0.165,0.165,0.16,0.16,3000
CTI,20010321,0.35,0.35,0.35,0.35,10000
CTL,20010321,1.41,1.44,1.4,1.44,41701
CTO,20010321,0.071,0.072,0.071,0.072,45954
CTT,20010321,0.61,0.61,0.61,0.61,55000
CTX,20010321,2.02,2.09,2.02,2.06,218574
CUE,20010321,0.037,0.04,0.037,0.04,265000
CUL,20010321,0.015,0.016,0.015,0.016,116714
CVI,20010321,0.465,0.465,0.43,0.44,97450
CVN,20010321,0.05,0.05,0.048,0.05,110000
CWO,20010321,3.82,3.96,3.79,3.9,15496040
CWP,20010321,0.41,0.41,0.405,0.405,39824
CXL,20010321,0.037,0.037,0.036,0.036,100000
CXP,20010321,8.87,8.87,8.8,8.87,24087
CYB,20010321,0.004,0.004,0.004,0.004,41000
CYG,20010321,3.185,3.185,3.18,3.18,9700
DAD,20010321,5.72,5.85,5.7,5.79,46066
DAY,20010321,0.3,0.31,0.3,0.31,18000
DCL,20010321,0.24,0.24,0.24,0.24,40000
DCS,20010321,0.185,0.185,0.185,0.185,15000
DEF,20010321,0.037,0.037,0.032,0.034,1496283
DEL,20010321,5.6,5.6,5.55,5.55,13500
DFT,20010321,0.035,0.035,0.035,0.035,100000
DGD,20010321,1.21,1.26,1.21,1.26,545402
DGH,20010321,0.31,0.31,0.28,0.28,72380
DGL,20010321,0.425,0.435,0.415,0.435,526177
DGM,20010321,0.006,0.006,0.005,0.005,760000
DIO,20010321,0.065,0.065,0.063,0.064,892605
DIT,20010321,1.44,1.46,1.43,1.46,180562
DJS,20010321,1.25,1.25,1.18,1.19,1631862
DJW,20010321,3.27,3.3,3.26,3.3,131571
DKN,20010321,0.26,0.275,0.26,0.275,26190
DKS,20010321,8,8,8,8,1000
DNI,20010321,0.115,0.12,0.115,0.12,93040
DOM,20010321,0.28,0.28,0.28,0.28,8574
DOT,20010321,1.34,1.36,1.33,1.34,357896
DRA,20010321,0.043,0.043,0.043,0.043,18957
DRD,20010321,1.8,1.8,1.8,1.8,7713
DRE,20010321,0.53,0.53,0.53,0.53,2720
DRN,20010321,0.155,0.155,0.135,0.14,298000
DSW,20010321,0.023,0.025,0.023,0.025,86000
DTL,20010321,0.52,0.52,0.45,0.45,12500
DUI,20010321,1.65,1.66,1.61,1.66,14662
DVC,20010321,1.07,1.07,1.07,1.07,1500
DVN,20010321,0.14,0.14,0.14,0.14,5000
DVT,20010321,0.335,0.34,0.3,0.305,6000
DWY,20010321,0.27,0.27,0.26,0.265,322000
EBG,20010321,0.068,0.068,0.068,0.068,10109
EBR,20010321,0.3,0.3,0.29,0.295,208625
EBT,20010321,0.165,0.175,0.165,0.175,32548
ECE,20010321,0.021,0.021,0.021,0.021,100000
ECL,20010321,0.052,0.052,0.05,0.05,235044
ECP,20010321,0.77,0.77,0.71,0.71,702801
ECU,20010321,0.029,0.029,0.029,0.029,210000
EEC,20010321,0.12,0.12,0.12,0.12,81000
EEI,20010321,0.065,0.065,0.065,0.065,1000
EFN,20010321,0.15,0.15,0.12,0.135,49131
EGI,20010321,0.35,0.36,0.3,0.36,19400
EGL,20010321,0.081,0.081,0.072,0.08,155000
EGO,20010321,0.085,0.085,0.083,0.085,540000
EHY,20010321,0.047,0.047,0.042,0.042,175643
EIF,20010321,0.15,0.15,0.135,0.135,220000
EIT,20010321,0.09,0.09,0.08,0.09,185320
ELE,20010321,0.155,0.155,0.155,0.155,40000
ELL,20010321,0.074,0.075,0.071,0.075,51517
EMI,20010321,0.1,0.1,0.1,0.1,3380
EMP,20010321,0.335,0.335,0.335,0.335,25000
ENE,20010321,12.153,12.153,11.95,12,72443
ENV,20010321,0.83,0.84,0.82,0.84,326366
EPH,20010321,0.08,0.08,0.08,0.08,20000
EPR,20010321,0.14,0.14,0.14,0.14,42500
EQL,20010321,0.023,0.025,0.022,0.022,443625
EQR,20010321,0.072,0.072,0.072,0.072,9800
EQS,20010321,0.061,0.061,0.061,0.061,14525
ERA,20010321,2.45,2.45,2.45,2.45,2243
ERG,20010321,1.43,1.43,1.33,1.35,8218863
ESG,20010321,0.155,0.155,0.155,0.155,6400
ESH,20010321,0.37,0.37,0.37,0.37,1000
ESI,20010321,0.641,0.641,0.6,0.64,111115
ESL,20010321,1.2,1.2,1.2,1.2,800
ESV,20010321,0.79,0.8,0.7,0.8,12000
ESX,20010321,0.16,0.17,0.16,0.165,63580
ETR,20010321,0.77,0.77,0.73,0.73,78265
ETW,20010321,1.22,1.22,1.21,1.21,31000
EWL,20010321,0.17,0.17,0.17,0.17,50000
EXO,20010321,0.23,0.23,0.195,0.195,74500
EZY,20010321,0.145,0.15,0.13,0.135,46200
FAN,20010321,1.07,1.13,1.07,1.1,32451
FAR,20010321,0.117,0.117,0.1,0.105,2330000
FBG,20010321,5.1,5.14,5.02,5.05,8000381
FCL,20010321,1.96,2.04,1.96,2.03,868946
FDR,20010321,1.65,1.65,1.63,1.63,5000
FEA,20010321,0.215,0.215,0.2,0.205,287725
FEC,20010321,0.8,0.8,0.8,0.8,2682
FFL,20010321,1.1,1.1,1.1,1.1,15000
FHF,20010321,9.45,9.68,9.4,9.44,724895
FHL,20010321,0.85,0.85,0.85,0.85,2120
FHT,20010321,0.28,0.28,0.26,0.26,5000
FIF,20010321,7.37,7.668,7.37,7.668,268747
FKP,20010321,0.74,0.74,0.73,0.73,41000
FLK,20010321,0.52,0.52,0.5,0.5,22300
FLO,20010321,0.355,0.36,0.34,0.34,103918
FLT,20010321,25.8,26,25.8,26,7144
FNC,20010321,2.34,2.34,2.3,2.3,767315
FOA,20010321,9,9.15,9,9.05,179347
FPF,20010321,0.97,0.97,0.96,0.96,19040
FPG,20010321,0.38,0.38,0.38,0.38,47800
FPS,20010321,1.48,1.48,1.48,1.48,50000
FRI,20010321,0.25,0.25,0.245,0.245,25600
FSL,20010321,0.055,0.055,0.055,0.055,25000
FTR,20010321,0.15,0.15,0.145,0.15,141379
FUN,20010321,0.47,0.475,0.465,0.47,62000
FWD,20010321,1.32,1.32,1.25,1.25,19812
FXJ,20010321,3.56,3.64,3.55,3.56,5093746
FXO,20010321,0.1,0.1,0.1,0.1,9000
GAN,20010321,1.13,1.14,1.13,1.13,3120840
GAP,20010321,1,1,1,1,10000
GBL,20010321,0.16,0.16,0.15,0.15,25000
GBS,20010321,0.095,0.105,0.071,0.105,349000
GCR,20010321,0.07,0.07,0.068,0.068,32399
GDM,20010321,0.48,0.5,0.48,0.5,42850
GDP,20010321,3.7,3.75,3.4,3.5,33063
GED,20010321,0.065,0.065,0.065,0.065,10000
GEE,20010321,0.84,0.84,0.84,0.84,2500
GFD,20010321,0.315,0.315,0.315,0.315,65000
GGY,20010321,0.042,0.042,0.042,0.042,166000
GHG,20010321,1.1,1.1,1.07,1.09,106650
GHR,20010321,0.135,0.14,0.135,0.14,50000
GIP,20010321,0.05,0.05,0.05,0.05,160000
GIR,20010321,0.042,0.042,0.041,0.041,40000
GKR,20010321,0.11,0.13,0.1,0.13,54000
GLD,20010321,1.49,1.53,1.49,1.5,38846
GME,20010321,0.032,0.038,0.032,0.038,130000
GMF,20010321,1.39,1.4,1.38,1.4,3404859
GMS,20010321,0.35,0.35,0.35,0.35,9750
GNC,20010321,9.15,9.16,9.12,9.12,14087
GNS,20010321,3.5,3.6,3.5,3.5,33048
GOD,20010321,0.035,0.04,0.034,0.039,5069376
GOW,20010321,2.344,2.35,2.33,2.33,30700
GPN,20010321,0.025,0.025,0.024,0.024,180966
GPT,20010321,2.737,2.74,2.69,2.72,3165267
GRD,20010321,1.18,1.2,1.18,1.2,52000
GRN,20010321,0.045,0.045,0.045,0.045,10000
GRO,20010321,2.79,2.79,2.72,2.72,9250
GSE,20010321,0.048,0.048,0.048,0.048,5000
GSF,20010321,0.285,0.285,0.285,0.285,5000
GSP,20010321,1.26,1.26,1.26,1.26,4000
GTG,20010321,0.56,0.56,0.52,0.52,100223
GTM,20010321,0.046,0.046,0.046,0.046,102977
GTP,20010321,1.33,1.34,1.33,1.33,128501
GUD,20010321,1.71,1.74,1.71,1.74,31632
GUL,20010321,0.025,0.025,0.022,0.022,257291
GUN,20010321,0.22,0.22,0.21,0.21,209100
GVM,20010321,0.035,0.035,0.035,0.035,40000
GWT,20010321,1.95,2,1.93,1.95,4168960
GYM,20010321,0.475,0.475,0.46,0.465,65068
HAH,20010321,3.98,4.01,3.98,4.01,668871
HAK,20010321,4,4,4,4,239
HAM,20010321,2.38,2.38,2.37,2.37,1000
HAN,20010321,11.85,11.85,11.85,11.85,2611
HBN,20010321,0.23,0.23,0.23,0.23,15000
HBR,20010321,0.425,0.425,0.425,0.425,10000
HCN,20010321,0.44,0.48,0.44,0.48,1500
HDN,20010321,0.22,0.22,0.22,0.22,43000
HDR,20010321,0.39,0.41,0.385,0.4,1134166
HER,20010321,0.62,0.62,0.62,0.62,4000
HFY,20010321,0.7,0.73,0.7,0.72,96000
HGV,20010321,0.817,0.83,0.81,0.83,343500
HHL,20010321,1.37,1.37,1.37,1.37,2500
HHM,20010321,0.076,0.076,0.076,0.076,10000
HIC,20010321,0.59,0.59,0.59,0.59,50000
HIG,20010321,0.1,0.1,0.09,0.09,327946
HIL,20010321,2.35,2.35,2.34,2.35,13300
HIT,20010321,0.52,0.54,0.52,0.54,57150
HJB,20010321,0.52,0.52,0.51,0.51,6000
HLT,20010321,0.1,0.1,0.09,0.09,63000
HLX,20010321,0.69,0.69,0.67,0.68,89080
HLY,20010321,4.88,4.95,4.88,4.94,7935
HMC,20010321,0.05,0.05,0.049,0.05,380000
HOM,20010321,1,1.02,1,1.02,207500
HPG,20010321,0.22,0.22,0.22,0.22,13060
HPL,20010321,1.3,1.35,1.3,1.35,3184
HPX,20010321,1.5,1.5,1.45,1.45,46570
HRD,20010321,0.19,0.19,0.18,0.18,37981
HRK,20010321,0.069,0.069,0.069,0.069,4800
HRP,20010321,1.4,1.4,1.4,1.4,31880
HRR,20010321,0.275,0.275,0.27,0.27,130344
HRS,20010321,0.05,0.05,0.05,0.05,200
HRT,20010321,0.205,0.205,0.205,0.205,22200
HRZ,20010321,0.31,0.31,0.3,0.3,18300
HSL,20010321,0.93,0.93,0.89,0.93,72227
HSM,20010321,10.01,10.01,10.01,10.01,170
HSN,20010321,1.85,1.88,1.85,1.88,17800
HSP,20010321,1.1,1.1,1.06,1.1,43400
HTA,20010321,0.84,0.92,0.84,0.92,560028
HTE,20010321,0.1,0.1,0.098,0.098,119454
HTM,20010321,0.027,0.027,0.027,0.027,82000
HTS,20010321,0.17,0.18,0.15,0.155,388000
HUG,20010321,0.09,0.09,0.09,0.09,2000
HVN,20010321,3.47,3.47,3.43,3.44,1793273
HWE,20010321,0.86,0.86,0.8,0.81,352747
HWI,20010321,0.83,0.87,0.83,0.87,13850
HWT,20010321,0.66,0.66,0.65,0.65,10000
HZM,20010321,0.52,0.52,0.5,0.5,23000
IBA,20010321,0.24,0.25,0.24,0.25,75000
ICH,20010321,0.055,0.055,0.055,0.055,12000
ICM,20010321,0.14,0.17,0.14,0.14,81865
ICN,20010321,0.083,0.086,0.08,0.082,213000
ICS,20010321,0.12,0.12,0.12,0.12,8000
ICT,20010321,5.3,5.3,5.1,5.1,910
IDT,20010321,3.66,3.72,3.65,3.72,33795
IDX,20010321,2.62,2.63,2.61,2.63,29200
IFM,20010321,1.73,1.85,1.73,1.8,587367
IGM,20010321,0.035,0.035,0.035,0.035,195057
IGP,20010321,3.888,3.888,3.888,3.888,3500
IHG,20010321,1.11,1.11,1.07,1.11,138730
IIF,20010321,1.45,1.46,1.45,1.45,283344
IIN,20010321,0.7,0.71,0.7,0.7,35600
ILU,20010321,4.671,4.75,4.53,4.75,387886
IMD,20010321,0.255,0.265,0.255,0.265,80000
IMI,20010321,0.155,0.155,0.14,0.145,58393
IMP,20010321,0.031,0.031,0.031,0.031,12000
INC,20010321,0.11,0.11,0.11,0.11,34000
INO,20010321,0.85,0.9,0.85,0.9,13600
IOC,20010321,0.6,0.6,0.6,0.6,13547
IOF,20010321,1.13,1.15,1.13,1.15,488261
ION,20010321,0.77,0.77,0.76,0.77,41100
IPG,20010321,1.8,1.81,1.8,1.81,54716
IPH,20010321,1.51,1.53,1.51,1.53,20000
IRC,20010321,0.04,0.04,0.04,0.04,90
IRI,20010321,1.1,1.1,1.03,1.05,34563
ISA,20010321,0.089,0.089,0.089,0.089,1913
ISC,20010321,0.13,0.13,0.125,0.125,140280
ITC,20010321,0.053,0.053,0.053,0.053,23000
ITE,20010321,0.11,0.115,0.11,0.11,36000
IWI,20010321,2.38,2.4,2.38,2.4,162900
IWL,20010321,0.18,0.18,0.18,0.18,63000
IXL,20010321,0.16,0.16,0.14,0.145,221845
IYS,20010321,1.96,1.96,1.96,1.96,2000
JBM,20010321,1.35,1.37,1.35,1.37,89000
JJS,20010321,1,1.04,1,1.04,112765
JLA,20010321,0.066,0.066,0.065,0.065,98050
JRR,20010321,0.66,0.66,0.66,0.66,16500
JUM,20010321,0.024,0.025,0.024,0.024,231000
JUP,20010321,3.94,4.06,3.94,4.06,156044
JYC,20010321,0.7,0.7,0.7,0.7,1000
KAZ,20010321,1.25,1.31,1.23,1.28,308367
KBO,20010321,0.155,0.155,0.145,0.15,196560
KCN,20010321,0.77,0.77,0.77,0.77,50000
KGM,20010321,0.13,0.13,0.125,0.125,10000
KIC,20010321,2.16,2.16,2.12,2.14,37100
KID,20010321,0.043,0.044,0.043,0.044,32250
KIM,20010321,0.51,0.61,0.495,0.61,1597368
KLS,20010321,0.09,0.095,0.09,0.09,45000
KMN,20010321,0.051,0.051,0.051,0.051,19695
KRS,20010321,0.06,0.06,0.06,0.06,5000
KRZ,20010321,0.028,0.028,0.028,0.028,487461
KSC,20010321,1.6,1.6,1.55,1.55,9331
KSM,20010321,0.107,0.11,0.1,0.11,557730
KSP,20010321,0.062,0.062,0.062,0.062,52625
KUG,20010321,0.36,0.375,0.345,0.372,1258421
KYC,20010321,5.28,5.42,5.1,5.11,51695
KZL,20010321,0.32,0.32,0.32,0.32,76000
LAC,20010321,10.77,10.96,10.66,10.7,647089
LAK,20010321,0.39,0.395,0.37,0.375,51370
LCO,20010321,0.88,0.88,0.88,0.88,600
LEG,20010321,0.125,0.125,0.125,0.125,37116
LEI,20010321,6.524,6.73,6.524,6.73,217335
LEL,20010321,0.29,0.29,0.29,0.29,7500
LGO,20010321,0.02,0.02,0.02,0.02,170000
LHG,20010321,0.66,0.66,0.65,0.66,703171
LKO,20010321,0.024,0.027,0.024,0.027,1503811
LLC,20010321,14,14,13.82,13.928,3124588
LLR,20010321,0.066,0.066,0.065,0.065,100000
LNN,20010321,4.18,4.19,4.14,4.15,222510
LOK,20010321,0.145,0.145,0.14,0.14,2198313
LON,20010321,0.245,0.25,0.245,0.25,35500
LSG,20010321,0.69,0.69,0.69,0.69,10000
LTC,20010321,0.007,0.01,0.005,0.008,3768130
LUM,20010321,0.13,0.13,0.13,0.13,40000
LUO,20010321,1.18,1.18,1.17,1.18,341162
LYC,20010321,0.125,0.125,0.12,0.12,45500
MAH,20010321,0.145,0.15,0.145,0.145,662333
MAQ,20010321,0.265,0.265,0.225,0.23,1453840
MAX,20010321,1.01,1.01,1,1,134500
MAY,20010321,6.534,6.534,6.46,6.5,2997243
MBG,20010321,0.07,0.075,0.07,0.075,46050
MBL,20010321,27.55,27.71,27.5,27.6,214889
MBX,20010321,0.051,0.051,0.051,0.051,6700
MCA,20010321,1.36,1.38,1.31,1.31,30514
MCL,20010321,0.115,0.115,0.09,0.1,380753
MCO,20010321,0.06,0.06,0.06,0.06,4000
MCP,20010321,1.14,1.17,1.14,1.17,11114
MCR,20010321,0.12,0.12,0.11,0.11,1553895
MCT,20010321,0.056,0.056,0.056,0.056,150000
MCW,20010321,1.39,1.39,1.37,1.39,129280
MDL,20010321,0.26,0.26,0.255,0.255,5833
MED,20010321,0.195,0.195,0.18,0.195,107000
MEE,20010321,0.061,0.061,0.06,0.06,145000
MGD,20010321,0.195,0.2,0.195,0.2,200000
MGE,20010321,0.47,0.47,0.46,0.46,75000
MGI,20010321,1.31,1.32,1.31,1.31,474221
MGM,20010321,0.53,0.53,0.52,0.52,2670
MGR,20010321,3.6,3.64,3.6,3.6,597250
MGU,20010321,0.031,0.031,0.031,0.031,6083
MGW,20010321,2.83,2.86,2.83,2.85,125320
MIA,20010321,1.01,1.02,0.99,1.01,400726
MIG,20010321,2.627,2.69,2.59,2.595,1041471
MIK,20010321,0.06,0.06,0.055,0.055,110000
MIM,20010321,1.1,1.16,1.1,1.16,19216019
MIW,20010321,0.16,0.16,0.16,0.16,89000
MJN,20010321,0.27,0.28,0.265,0.265,1580372
MLB,20010321,1.02,1.02,0.92,0.96,281364
MLE,20010321,0.58,0.58,0.57,0.57,50100
MLT,20010321,9.37,9.38,9.34,9.38,22025
MMD,20010321,0.435,0.44,0.435,0.435,118800
MME,20010321,0.27,0.27,0.2,0.2,223500
MMN,20010321,0.038,0.038,0.038,0.038,50114
MND,20010321,1.9,1.9,1.9,1.9,4150
MOB,20010321,0.21,0.215,0.205,0.21,52000
MOD,20010321,0.165,0.165,0.165,0.165,53280
MOF,20010321,1.17,1.18,1.165,1.165,214243
MOO,20010321,0.072,0.072,0.072,0.072,22088
MOS,20010321,0.175,0.175,0.16,0.17,102000
MPH,20010321,0.22,0.22,0.22,0.22,200
MPI,20010321,0.072,0.072,0.061,0.066,495250
MPO,20010321,0.047,0.05,0.046,0.05,750250
MQL,20010321,0.225,0.225,0.215,0.22,320000
MRC,20010321,0.065,0.065,0.065,0.065,158633
MRL,20010321,4.342,4.49,4.34,4.49,83293
MRM,20010321,0.7,0.7,0.68,0.68,19000
MSC,20010321,0.25,0.265,0.25,0.265,127500
MSG,20010321,0.155,0.155,0.15,0.15,100000
MST,20010321,1.15,1.16,1.12,1.13,288572
MTB,20010321,0.098,0.098,0.098,0.098,5753
MTC,20010321,0.07,0.07,0.065,0.07,556400
MTD,20010321,0.055,0.055,0.055,0.055,5000
MTR,20010321,0.43,0.44,0.43,0.44,62600
MTT,20010321,0.43,0.44,0.43,0.44,85360
MUL,20010321,0.056,0.062,0.056,0.059,273310
MUR,20010321,1.29,1.29,1.29,1.29,150627
MXA,20010321,0.008,0.008,0.005,0.005,7000000
MXE,20010321,0.036,0.036,0.036,0.036,302193
MXO,20010321,0.175,0.175,0.165,0.17,478545
MYC,20010321,0.052,0.055,0.045,0.045,85000
MYM,20010321,0.035,0.037,0.03,0.037,1257505
MYO,20010321,1.45,1.46,1.42,1.45,179154
NAB,20010321,28.2,28.46,28.15,28.405,3901077
NAL,20010321,0.59,0.59,0.58,0.58,156500
NAM,20010321,0.42,0.42,0.42,0.42,40000
NAU,20010321,0.49,0.49,0.49,0.49,300
NBL,20010321,0.7,0.7,0.7,0.7,10100
NCE,20010321,0.43,0.44,0.43,0.43,82036
NCM,20010321,3.89,3.97,3.85,3.97,669055
NCP,20010321,15.98,16.05,15.7,15.991,6596100
NDC,20010321,0.285,0.29,0.275,0.29,65000
NDO,20010321,0.015,0.015,0.015,0.015,81500
NDY,20010321,0.94,0.95,0.93,0.95,1099753
NEV,20010321,4.1,4.1,4.1,4.1,122850
NFD,20010321,2.15,2.2,2.1,2.13,309570
NFM,20010321,6.35,6.35,6.35,6.35,2000
NFR,20010321,0.175,0.2,0.175,0.2,64000
NGA,20010321,0.175,0.175,0.14,0.14,56400
NGH,20010321,0.09,0.12,0.088,0.12,5298044
NHG,20010321,0.27,0.275,0.27,0.27,1124883
NHM,20010321,0.024,0.026,0.024,0.025,142000
NIX,20010321,0.56,0.56,0.55,0.55,16390
NLY,20010321,0.465,0.465,0.465,0.465,7000
NMW,20010321,0.43,0.47,0.39,0.47,139750
NOL,20010321,0.94,0.94,0.85,0.89,228586
NRL,20010321,0.1,0.1,0.1,0.1,50000
NRM,20010321,2.78,2.86,2.77,2.84,2630078
NRT,20010321,3.1,3.13,3.05,3.1,20550
NSL,20010321,0.365,0.365,0.365,0.365,23397
NTC,20010321,0.215,0.215,0.215,0.215,24650
NTG,20010321,0.6,0.6,0.58,0.59,129200
NUF,20010321,3,3,2.99,2.99,14564
NVS,20010321,1.68,1.74,1.68,1.72,3210013
NWE,20010321,0.08,0.08,0.076,0.079,150000
NWL,20010321,0.32,0.325,0.3,0.305,310824
OCL,20010321,0.49,0.5,0.49,0.5,55000
OCO,20010321,0.083,0.083,0.083,0.083,23050
OEC,20010321,1.15,1.19,1.14,1.16,721012
OHL,20010321,0.225,0.23,0.225,0.23,18000
OIL,20010321,1.32,1.32,1.2,1.25,110047
OKN,20010321,1,1,1,1,11850
OMI,20010321,1,1,0.95,1,16325
OML,20010321,1.22,1.25,1.22,1.25,149582
OMP,20010321,1.9,2,1.9,2,6200
ONE,20010321,0.395,0.395,0.38,0.395,440312
OPM,20010321,0.07,0.07,0.07,0.07,25000
OPS,20010321,1.99,2.04,1.98,2,108232
OPT,20010321,0.063,0.064,0.061,0.061,265166
ORC,20010321,0.096,0.096,0.096,0.096,100000
ORG,20010321,2.15,2.2,2.14,2.2,1104841
ORI,20010321,5.09,5.22,5.08,5.19,1021271
ORL,20010321,2.84,2.84,2.83,2.83,5663
ORP,20010321,0.036,0.036,0.032,0.032,25000
OSH,20010321,1.42,1.44,1.41,1.44,534228
OST,20010321,0.88,0.88,0.85,0.87,841496
OTO,20010321,0.067,0.075,0.055,0.07,387900
OTR,20010321,0.18,0.18,0.18,0.18,19450
OTT,20010321,0.759,0.81,0.759,0.8,640014
OXR,20010321,0.077,0.078,0.075,0.077,786900
PAH,20010321,0.065,0.065,0.065,0.065,45300
PAI,20010321,0.09,0.092,0.09,0.092,40000
PAL,20010321,0.29,0.29,0.27,0.27,339548
PAS,20010321,0.64,0.64,0.63,0.63,3023314
PAT,20010321,2.11,2.11,2.1,2.1,25445
PBB,20010321,3.46,3.59,3.46,3.59,327404
PBL,20010321,10.85,10.979,10.82,10.979,966508
PBT,20010321,0.75,0.75,0.71,0.71,49700
PBV,20010321,1.85,1.85,1.81,1.81,9000
PCE,20010321,0.47,0.48,0.46,0.46,45500
PCG,20010321,0.175,0.175,0.165,0.165,15000
PCL,20010321,0.042,0.047,0.042,0.047,265000
PCO,20010321,1.25,1.35,1.25,1.3,87213
PDG,20010321,17.01,17.01,17.01,17.01,26
PDN,20010321,0.042,0.042,0.04,0.04,302000
PDP,20010321,1.28,1.31,1.27,1.3,978783
PDR,20010321,0.105,0.11,0.105,0.105,1499450
PEM,20010321,0.23,0.235,0.23,0.235,54500
PEP,20010321,0.71,0.71,0.68,0.68,71450
PGL,20010321,1.57,1.57,1.55,1.55,2000
PHA,20010321,1.05,1.05,1.05,1.05,151
PHO,20010321,0.19,0.19,0.17,0.18,35753
PHT,20010321,0.7,0.7,0.69,0.7,63000
PHX,20010321,0.17,0.175,0.17,0.175,480560
PHY,20010321,3.25,3.36,3.23,3.36,82750
PIE,20010321,0.12,0.12,0.11,0.12,49322
PIL,20010321,0.255,0.26,0.25,0.25,34765
PKT,20010321,0.042,0.042,0.04,0.04,4500
PLA,20010321,0.61,0.61,0.6,0.61,94450
PLF,20010321,2.75,2.8,2.73,2.73,20100
PLL,20010321,1.375,1.375,1.31,1.32,6600
PLM,20010321,4.65,4.65,4.65,4.65,1300
PLN,20010321,0.47,0.5,0.47,0.5,42750
PLT,20010321,2.35,2.35,2.3,2.3,34584
PLX,20010321,0.061,0.062,0.06,0.06,154419
PMC,20010321,1.73,1.8,1.72,1.79,66896
PMD,20010321,0.061,0.061,0.059,0.059,519000
PME,20010321,1.2,1.25,1.2,1.25,2500
PMM,20010321,1.178,1.19,1.178,1.18,442429
PMP,20010321,1.1,1.12,1.1,1.1,210752
PNA,20010321,0.046,0.046,0.045,0.045,112222
PNO,20010321,0.044,0.044,0.04,0.04,525000
PPD,20010321,0.37,0.37,0.35,0.37,27500
PPH,20010321,2.28,2.31,2.28,2.3,64480
PPK,20010321,0.59,0.59,0.59,0.59,9000
PPP,20010321,0.076,0.08,0.076,0.078,241500
PPT,20010321,37.1,37.79,37.06,37.79,13146
PPX,20010321,3.67,3.76,3.67,3.73,567929
PRE,20010321,0.024,0.024,0.024,0.024,40000
PRG,20010321,1.75,1.75,1.75,1.75,3000
PRI,20010321,3.55,3.9,3.55,3.9,334544
PRO,20010321,0.55,0.55,0.54,0.55,30350
PRT,20010321,1.55,1.56,1.55,1.56,34500
PRX,20010321,0.75,0.75,0.74,0.75,200854
PRY,20010321,4.7,5,4.7,5,7000
PSA,20010321,0.11,0.115,0.11,0.115,89689
PSG,20010321,0.43,0.435,0.41,0.43,81910
PSI,20010321,0.2,0.2,0.2,0.2,14000
PSN,20010321,8.6,8.6,8.6,8.6,570
PSV,20010321,0.072,0.072,0.07,0.07,43618
PSX,20010321,0.34,0.34,0.3,0.3,96100
PTD,20010321,2.93,2.95,2.86,2.92,788937
PTL,20010321,0.265,0.27,0.26,0.265,175947
PTZ,20010321,0.66,0.7,0.66,0.7,2000
PVL,20010321,0.43,0.43,0.43,0.43,5000
PWR,20010321,0.81,0.83,0.8,0.81,1019229
PWT,20010321,0.56,0.57,0.54,0.57,885035
QAD,20010321,0.53,0.53,0.49,0.49,47307
QAN,20010321,2.875,2.92,2.86,2.91,3696503
QBE,20010321,10.67,10.67,10.23,10.43,2077085
QCH,20010321,3.28,3.29,3.25,3.29,26700
QES,20010321,0.19,0.195,0.18,0.195,505750
QGC,20010321,0.215,0.215,0.21,0.21,86150
QIL,20010321,0.08,0.08,0.08,0.08,10000
QMM,20010321,0.096,0.1,0.096,0.096,40000
QTK,20010321,0.086,0.09,0.086,0.09,294834
QTL,20010321,0.09,0.11,0.09,0.11,27000
QUR,20010321,0.047,0.047,0.047,0.047,7875
QVL,20010321,4.17,4.17,3.98,3.98,53620
RAC,20010321,0.072,0.073,0.07,0.072,179800
RAL,20010321,0.18,0.18,0.18,0.18,163928
RBK,20010321,0.2,0.2,0.2,0.2,20000
RBS,20010321,2.11,2.11,2.09,2.11,16600
RCT,20010321,0.067,0.069,0.067,0.069,184570
RDF,20010321,1.25,1.25,1.25,1.25,12560
REA,20010321,0.11,0.13,0.105,0.13,34400
REB,20010321,0.65,0.69,0.65,0.69,2550
REC,20010321,0.5,0.5,0.5,0.5,5000
REG,20010321,1.83,1.83,1.83,1.83,17000
REH,20010321,18,18,18,18,250
REL,20010321,1.6,1.64,1.56,1.6,912483
RHC,20010321,2.35,2.39,2.35,2.39,15242
RIC,20010321,0.7,0.71,0.69,0.7,330683
RIM,20010321,0.07,0.085,0.07,0.085,115910
RIO,20010321,33.51,34.1,33.39,33.8,3951715
RKN,20010321,0.13,0.13,0.125,0.125,67000
RMD,20010321,7.891,8.004,7.88,8.004,230173
RMG,20010321,0.145,0.145,0.135,0.14,510550
RND,20010321,0.8,0.8,0.8,0.8,10250
ROC,20010321,1.27,1.28,1.27,1.28,16200
ROK,20010321,2.53,2.53,2.52,2.52,1870
RPG,20010321,0.16,0.165,0.16,0.165,25000
RSG,20010321,0.091,0.091,0.087,0.088,115387
RTM,20010321,0.115,0.115,0.1,0.1,1182359
RTS,20010321,0.205,0.205,0.205,0.205,15737
RUP,20010321,4.5,4.5,4.46,4.46,780
RUS,20010321,0.04,0.04,0.04,0.04,193029
SAR,20010321,0.09,0.09,0.09,0.09,5000
SAS,20010321,0.384,0.395,0.375,0.38,312510
SAX,20010321,0.1,0.15,0.095,0.15,10000
SBC,20010321,10.3,10.4,10.3,10.4,33223
SBD,20010321,0.09,0.09,0.087,0.087,110000
SBE,20010321,1.5,1.5,1.5,1.5,21993
SBM,20010321,0.12,0.12,0.115,0.12,170984
SCD,20010321,0.056,0.056,0.052,0.053,151965
SCG,20010321,0.15,0.15,0.14,0.14,15000
SCN,20010321,0.004,0.004,0.004,0.004,469000
SDC,20010321,0.29,0.29,0.29,0.29,3560
SDI,20010321,0.54,0.56,0.54,0.55,54450
SDR,20010321,0.25,0.25,0.25,0.25,24576
SED,20010321,0.08,0.08,0.063,0.063,86142
SEE,20010321,0.175,0.175,0.17,0.17,12500
SEN,20010321,0.205,0.21,0.195,0.21,515673
SES,20010321,0.21,0.21,0.205,0.205,17350
SEV,20010321,6.5,6.54,6.49,6.54,109704
SFD,20010321,0.45,0.45,0.45,0.45,8500
SFG,20010321,0.049,0.049,0.048,0.048,1403768
SFL,20010321,0.89,0.9,0.88,0.89,17571
SGB,20010321,13.383,13.64,13.38,13.6,1156179
SGC,20010321,0.57,0.6,0.57,0.58,189527
SGN,20010321,3.55,3.57,3.55,3.55,6250
SGP,20010321,4.07,4.1,4.06,4.1,744889
SGS,20010321,0.8,0.8,0.8,0.8,10800
SGW,20010321,8.16,8.3,8.16,8.3,96149
SHL,20010321,7.444,7.47,7.31,7.4,620642
SHV,20010321,1.5,1.5,1.5,1.5,500
SIG,20010321,1.425,1.425,1.4,1.4,11700
SKD,20010321,1.68,1.7,1.67,1.68,92573
SKE,20010321,0.734,0.734,0.7,0.72,38836
SKG,20010321,0.21,0.24,0.21,0.24,18000
SKR,20010321,0.11,0.115,0.105,0.11,411236
SLN,20010321,1.1,1.1,1.1,1.1,2044
SLT,20010321,0.04,0.04,0.04,0.04,15000
SLV,20010321,0.26,0.26,0.26,0.26,10000
SLX,20010321,3.807,3.88,3.78,3.85,131735
SME,20010321,11.6,11.8,11.6,11.7,406891
SMG,20010321,0.315,0.315,0.3,0.31,135000
SMI,20010321,8.55,8.55,8.44,8.45,3173941
SMO,20010321,0.024,0.024,0.024,0.024,100000
SMS,20010321,4.894,4.894,4.85,4.85,92932
SNX,20010321,2.2,2.346,2.1,2.346,896403
SOF,20010321,0.115,0.115,0.105,0.105,103600
SOH,20010321,0.96,0.99,0.95,0.99,185176
SOL,20010321,47,48,47,48,3457
SPC,20010321,0.82,0.82,0.82,0.82,23812
SPD,20010321,0.29,0.3,0.29,0.3,90000
SPH,20010321,0.065,0.065,0.057,0.057,3250
SPK,20010321,0.175,0.18,0.175,0.175,10350
SPL,20010321,0.64,0.65,0.64,0.65,56927
SPP,20010321,1.9,1.92,1.9,1.9,99598
SPT,20010321,6.4,6.4,6.3,6.35,39563
SPX,20010321,0.105,0.105,0.1,0.1,79508
SQS,20010321,0.087,0.087,0.087,0.087,90000
SRA,20010321,1.04,1.04,1.02,1.03,23891
SRL,20010321,0.38,0.38,0.37,0.375,35893
SRO,20010321,0.069,0.069,0.068,0.068,90000
SRP,20010321,6.35,6.45,6.3,6.4,1924451
SRV,20010321,6.65,6.7,6.65,6.7,14500
SRX,20010321,2.22,2.22,2,2.15,65300
SSE,20010321,0.405,0.41,0.405,0.41,115500
SSH,20010321,0.67,0.69,0.67,0.69,68918
SSI,20010321,0.38,0.38,0.35,0.38,40265
SSN,20010321,0.14,0.14,0.14,0.14,5000
SST,20010321,1.82,1.82,1.82,1.82,1538
SSX,20010321,0.77,0.77,0.72,0.72,2062141
STA,20010321,0.125,0.125,0.125,0.125,5000
STN,20010321,0.24,0.24,0.22,0.23,64250
STO,20010321,6.775,6.85,6.77,6.85,2526888
STT,20010321,0.021,0.021,0.021,0.021,11766
STU,20010321,0.381,0.381,0.36,0.36,100900
SUR,20010321,0.061,0.062,0.061,0.062,100000
SWC,20010321,0.38,0.385,0.37,0.37,1340901
SWD,20010321,0.59,0.59,0.59,0.59,193950
SWG,20010321,0.05,0.05,0.05,0.05,8000
SWS,20010321,2.75,2.76,2.75,2.75,55852
SWT,20010321,0.165,0.165,0.16,0.165,221555
SYM,20010321,1.16,1.18,1.16,1.16,106186
TAB,20010321,3.14,3.24,3.14,3.19,655504
TAH,20010321,9.5,9.74,9.5,9.691,879688
TAI,20010321,0.092,0.092,0.092,0.092,493000
TAM,20010321,0.1,0.1,0.1,0.1,3300
TAN,20010321,1.27,1.27,1.27,1.27,5000
TAP,20010321,1.1,1.1,1.05,1.05,29100
TBR,20010321,0.73,0.83,0.73,0.83,208437
TCL,20010321,4,4.15,4,4.06,957354
TDG,20010321,0.93,0.93,0.93,0.93,7000
TEE,20010321,0.05,0.05,0.05,0.05,86000
TEL,20010321,5.15,5.15,5.01,5.07,1106168
TEM,20010321,1.64,1.65,1.64,1.65,5161
TEN,20010321,1.99,2,1.97,2,889555
TGG,20010321,1.62,1.62,1.61,1.61,85625
TGL,20010321,0.028,0.03,0.027,0.03,71820
THG,20010321,0.67,0.69,0.67,0.68,214069
THL,20010321,0.15,0.15,0.15,0.15,105000
TIF,20010321,0.64,0.68,0.61,0.68,716800
TIM,20010321,1.31,1.31,1.25,1.3,76073
TIR,20010321,0.225,0.225,0.22,0.225,99984
TKG,20010321,0.012,0.012,0.012,0.012,645600
TKR,20010321,0.4,0.4,0.4,0.4,50000
TLA,20010321,0.691,0.7,0.68,0.68,341457
TLN,20010321,0.098,0.098,0.098,0.098,81400
TLO,20010321,0.14,0.14,0.13,0.135,651409
TLS,20010321,6.43,6.55,6.43,6.52,12557100
TMN,20010321,0.45,0.455,0.39,0.39,167757
TMO,20010321,0.375,0.39,0.375,0.39,130000
TMS,20010321,0.96,0.97,0.96,0.96,587759
TMT,20010321,0.89,0.9,0.89,0.89,67181
TNE,20010321,0.8,0.8,0.78,0.78,67319
TOL,20010321,16.213,16.455,15.8,16.455,103158
TOM,20010321,0.6,0.6,0.6,0.6,16000
TOR,20010321,1.2,1.2,1.19,1.19,28281
TOX,20010321,0.13,0.13,0.11,0.11,430000
TPL,20010321,0.15,0.16,0.1,0.1,172835
TQL,20010321,2.38,2.39,2.36,2.36,42903
TRD,20010321,0.17,0.17,0.16,0.16,99000
TRE,20010321,0.056,0.06,0.056,0.06,1169400
TRT,20010321,0.05,0.05,0.047,0.047,1886788
TSR,20010321,2.4,2.4,2.35,2.35,1250
TSS,20010321,0.98,0.99,0.98,0.99,18700
TST,20010321,0.25,0.25,0.25,0.25,1950
TTH,20010321,0.17,0.17,0.17,0.17,16635
TTL,20010321,0.145,0.145,0.145,0.145,10500
TTR,20010321,0.115,0.12,0.115,0.12,46800
TVL,20010321,0.26,0.26,0.25,0.25,104000
TVN,20010321,0.22,0.28,0.2,0.2,21300
TVS,20010321,0.066,0.074,0.066,0.074,103500
TWR,20010321,4.51,4.53,4.4,4.49,70866
TXT,20010321,1.05,1.05,1.05,1.05,5000
UCL,20010321,0.066,0.066,0.065,0.065,462989
UEC,20010321,1.23,1.24,1.2,1.2,85500
UEL,20010321,3.264,3.27,3.23,3.26,857701
UGL,20010321,1.43,1.46,1.42,1.43,1403213
USC,20010321,0.66,0.67,0.65,0.67,60152
VGL,20010321,1.2,1.23,1.2,1.2,11000
VHL,20010321,0.78,0.78,0.78,0.78,10400
VII,20010321,0.22,0.225,0.22,0.225,77700
VIT,20010321,0.235,0.235,0.235,0.235,11500
VLS,20010321,2.5,2.52,2.5,2.52,30000
VNA,20010321,0.261,0.265,0.25,0.265,1317194
VNT,20010321,0.008,0.008,0.007,0.007,755835
VOS,20010321,0.085,0.085,0.07,0.07,219600
VPE,20010321,0.04,0.04,0.039,0.039,968241
VRI,20010321,0.4,0.4,0.4,0.4,25000
VRL,20010321,1.425,1.43,1.405,1.405,45595
VSL,20010321,2.8,2.94,2.78,2.94,187262
VTI,20010321,0.5,0.55,0.5,0.52,176600
VWD,20010321,0.65,0.65,0.64,0.64,17000
VWL,20010321,0.1,0.1,0.1,0.1,80000
VXS,20010321,0.52,0.52,0.52,0.52,12800
WAL,20010321,0.53,0.53,0.49,0.49,24258
WAM,20010321,0.99,0.99,0.96,0.96,30000
WAN,20010321,4.963,5,4.95,4.95,111410
WAT,20010321,1.96,1.96,1.95,1.95,12400
WBB,20010321,3.77,3.78,3.77,3.78,2000
WBC,20010321,12.783,13.17,12.783,13.14,6832875
WBZ,20010321,0.25,0.25,0.25,0.25,5000
WEB,20010321,0.054,0.054,0.04,0.041,1306000
WEG,20010321,7.4,7.4,7.4,7.4,4000
WEL,20010321,0.205,0.21,0.19,0.19,66260
WES,20010321,18.85,19.22,18.85,19.209,239360
WET,20010321,0.051,0.051,0.051,0.051,6750
WFA,20010321,1.62,1.63,1.62,1.63,1849369
WFL,20010321,0.75,0.75,0.75,0.75,1000
WFT,20010321,3.18,3.22,3.17,3.21,4887907
WGC,20010321,0.009,0.009,0.009,0.009,604376
WGR,20010321,0.065,0.065,0.065,0.065,1500
WHF,20010321,2.8,2.8,2.8,2.8,1100
WHK,20010321,0.01,0.01,0.01,0.01,335000
WHL,20010321,0.105,0.105,0.105,0.105,30000
WHS,20010321,5.05,5.05,5.05,5.05,1200
WIF,20010321,0.26,0.26,0.26,0.26,24000
WIN,20010321,0.21,0.22,0.21,0.22,238848
WJM,20010321,2.81,2.81,2.81,2.81,1243
WMC,20010321,8.49,8.75,8.4,8.55,9392802
WME,20010321,0.1,0.1,0.1,0.1,18000
WMT,20010321,0.115,0.122,0.115,0.122,1117130
WON,20010321,0.081,0.081,0.08,0.08,216000
WOW,20010321,8.24,8.35,8.24,8.33,4909057
WPL,20010321,13.7,13.9,13.7,13.8,3179124
WPO,20010321,0.08,0.08,0.07,0.07,47481
WRF,20010321,0.532,0.532,0.52,0.52,32000
WSA,20010321,0.18,0.18,0.18,0.18,15000
WSF,20010321,12.399,12.6,12.343,12.343,401514
WSG,20010321,0.09,0.09,0.083,0.089,856520
WSK,20010321,0.86,0.87,0.86,0.86,66261
WSX,20010321,0.065,0.065,0.062,0.065,420001
WTP,20010321,0.24,0.24,0.24,0.24,20000
WWT,20010321,0.065,0.065,0.065,0.065,24000
WYL,20010321,1.87,1.9,1.85,1.85,56131
XEN,20010321,0.375,0.375,0.37,0.37,20000
YAM,20010321,0.013,0.013,0.012,0.012,450000
YDR,20010321,0.125,0.125,0.125,0.125,75000
YTS,20010321,0.165,0.17,0.16,0.17,132000
ZEL,20010321,0.26,0.26,0.25,0.25,7000
ZIM,20010321,1.3,1.4,1.3,1.39,318178
ZYL,20010321,0.089,0.089,0.085,0.085,19572
