AAC,20011101,0.82,0.88,0.82,0.86,1327338
AAR,20011101,0.021,0.021,0.021,0.021,200000
AAT,20011101,0.23,0.235,0.225,0.225,287587
AAU,20011101,0.9,0.9,0.9,0.9,17102
ABC,20011101,0.841,0.85,0.82,0.829,149156
ABG,20011101,2.1,2.1,2.1,2.1,10500
ABI,20011101,1.57,1.57,1.52,1.54,195287
ABK,20011101,0.2,0.2,0.2,0.2,15000
ABS,20011101,10.25,10.25,9.7,9.7,36687
ACE,20011101,0.15,0.15,0.15,0.15,16667
ACU,20011101,0.165,0.165,0.165,0.165,51000
ADA,20011101,1.03,1.03,1.01,1.02,32261
ADB,20011101,6.45,6.51,6.43,6.45,74948
ADG,20011101,1.84,1.84,1.82,1.82,7500
ADP,20011101,2.57,2.59,2.56,2.579,503999
ADR,20011101,0.075,0.081,0.075,0.078,2025800
ADT,20011101,1.2,1.2,1.2,1.2,4977
ADX,20011101,0.22,0.22,0.22,0.22,94000
ADZ,20011101,2.19,2.19,2.18,2.18,164833
AEC,20011101,0.78,0.78,0.78,0.78,20000
AEO,20011101,2.05,2.09,2.05,2.069,466560
AES,20011101,0.4,0.4,0.4,0.4,10000
AET,20011101,2.14,2.15,2.14,2.15,5000
AEX,20011101,0.135,0.135,0.12,0.12,364904
AFI,20011101,2.9,2.92,2.87,2.872,380713
AFL,20011101,0.4,0.4,0.4,0.4,2505
AGA,20011101,0.009,0.009,0.009,0.009,686185
AGG,20011101,64.6,64.6,64.6,64.6,175
AGH,20011101,0.69,0.69,0.69,0.69,5825
AGL,20011101,8.89,8.92,8.81,8.87,645846
AGM,20011101,0.032,0.033,0.032,0.033,60000
AGX,20011101,0.3,0.3,0.29,0.3,151000
AGY,20011101,0.39,0.39,0.375,0.375,40483
AGZ,20011101,0.011,0.014,0.011,0.013,16755436
AHD,20011101,1.76,1.8,1.76,1.8,21455
AHT,20011101,0.42,0.42,0.4,0.4,85208
AIA,20011101,2.85,2.85,2.85,2.85,5000
AIE,20011101,0.145,0.145,0.145,0.145,9000
AIL,20011101,0.28,0.3,0.28,0.3,30000
AIP,20011101,1.07,1.08,1.07,1.07,257440
AIX,20011101,1.52,1.56,1.51,1.545,74305
AIZ,20011101,0.24,0.24,0.235,0.235,478432
AJL,20011101,0.9,0.9,0.88,0.89,52089
ALK,20011101,0.19,0.19,0.19,0.19,6100
ALL,20011101,6.45,6.58,6.45,6.556,632913
ALN,20011101,3.62,3.65,3.58,3.59,116998
ALO,20011101,0.54,0.54,0.54,0.54,10000
ALS,20011101,3.05,3.06,3.05,3.06,20639
ALU,20011101,4.44,4.44,4.3,4.32,36024
ALZ,20011101,1.6,1.6,1.6,1.6,29950
AMC,20011101,6.59,6.59,6.5,6.51,1281658
AMH,20011101,1.57,1.57,1.55,1.55,31500
AML,20011101,0.78,0.78,0.74,0.75,116850
AMM,20011101,0.17,0.17,0.155,0.155,670095
AMP,20011101,18,18.15,17.85,17.9,2357123
AMU,20011101,0.12,0.12,0.12,0.12,62784
ANE,20011101,2.26,2.26,2.21,2.21,14250
ANL,20011101,0.7,0.74,0.7,0.74,399410
ANM,20011101,0.71,0.72,0.71,0.72,141545
ANX,20011101,0.325,0.355,0.325,0.355,1093450
ANY,20011101,0.17,0.17,0.17,0.17,28900
ANZ,20011101,17.452,17.61,17.36,17.492,7304609
AOF,20011101,1.27,1.28,1.268,1.268,3648047
AOG,20011101,1.52,1.54,1.52,1.54,14640
APA,20011101,2.5,2.51,2.48,2.48,157645
APE,20011101,3.78,3.78,3.78,3.78,6114
APG,20011101,0.091,0.092,0.089,0.09,438100
API,20011101,2.79,2.79,2.75,2.78,132415
APN,20011101,3.85,3.85,3.58,3.58,218227
APX,20011101,0.019,0.021,0.019,0.019,15592225
AQP,20011101,7.9,7.96,7.8,7.8,105735
ARA,20011101,0.225,0.23,0.225,0.23,55600
ARC,20011101,0.085,0.085,0.085,0.085,32000
ARG,20011101,3.96,3.99,3.95,3.95,92938
ARL,20011101,0.227,0.28,0.225,0.26,2292569
ARP,20011101,9.2,9.2,9.2,9.2,2300
ARQ,20011101,0.16,0.16,0.155,0.155,364591
ART,20011101,1.46,1.46,1.44,1.45,398847
ASB,20011101,1.24,1.24,1.21,1.21,187687
ASC,20011101,0.17,0.17,0.155,0.16,381703
ASL,20011101,0.084,0.084,0.084,0.084,1278
ASX,20011101,11.3,11.54,11.3,11.5,287190
ATE,20011101,0.11,0.12,0.11,0.12,297292
ATG,20011101,0.18,0.18,0.18,0.18,5000
ATN,20011101,0.014,0.014,0.012,0.012,88000
ATP,20011101,0.285,0.285,0.255,0.255,36000
ATX,20011101,0.069,0.07,0.069,0.07,20000
AUD,20011101,1.5,1.54,1.5,1.53,219049
AUG,20011101,0.135,0.14,0.135,0.135,88000
AUN,20011101,0.25,0.255,0.24,0.243,729253
AUO,20011101,0.28,0.28,0.28,0.28,98790
AUR,20011101,0.057,0.057,0.05,0.05,143500
AUY,20011101,0.47,0.47,0.46,0.46,96471
AVJ,20011101,0.87,0.87,0.86,0.86,10500
AVR,20011101,0.155,0.165,0.15,0.15,29186
AVT,20011101,0.095,0.099,0.095,0.099,54460
AWB,20011101,3.69,3.86,3.69,3.86,286014
AWE,20011101,0.56,0.56,0.54,0.54,10154454
AXA,20011101,2.51,2.53,2.49,2.499,924007
AXI,20011101,0.012,0.012,0.012,0.012,1000
AXN,20011101,0.8,0.84,0.8,0.83,302687
AYO,20011101,0.73,0.78,0.73,0.76,258500
AZE,20011101,0.021,0.021,0.021,0.021,26302
AZL,20011101,0.021,0.021,0.021,0.021,165000
BAR,20011101,0.28,0.28,0.27,0.27,38000
BAY,20011101,9.75,9.75,9.75,9.75,3358
BBB,20011101,0.12,0.12,0.12,0.12,50000
BBG,20011101,7.95,7.98,7.9,7.95,449495
BCH,20011101,0.095,0.095,0.095,0.095,43200
BDG,20011101,0.15,0.15,0.145,0.15,115000
BDL,20011101,0.61,0.65,0.6,0.6,652383
BDS,20011101,0.93,0.93,0.93,0.93,20000
BEN,20011101,6.55,6.65,6.51,6.627,76888
BER,20011101,0.315,0.315,0.315,0.315,2000
BFS,20011101,0.7,0.7,0.7,0.7,20000
BGN,20011101,0.97,0.98,0.97,0.97,10685
BHP,20011101,8.95,9.06,8.91,8.95,11971339
BIL,20011101,10.882,11.04,10.87,10.9,2798266
BIR,20011101,0.7,0.71,0.7,0.7,144603
BIT,20011101,0.42,0.465,0.42,0.465,409450
BKL,20011101,6.5,6.51,6.5,6.51,4380
BKR,20011101,0.13,0.13,0.13,0.13,20000
BKS,20011101,0.028,0.029,0.027,0.027,2023015
BKV,20011101,0.18,0.195,0.18,0.195,37225
BKW,20011101,5.99,5.99,5.92,5.95,4200
BLD,20011101,3.305,3.33,3.3,3.31,1350468
BLO,20011101,0.14,0.14,0.135,0.14,46328
BLR,20011101,0.046,0.046,0.041,0.045,150000
BLZ,20011101,0.03,0.03,0.026,0.026,297000
BMC,20011101,0.051,0.052,0.051,0.051,254000
BMS,20011101,0.59,0.59,0.59,0.59,2300
BMX,20011101,0.265,0.265,0.26,0.26,111400
BNK,20011101,1.18,1.18,1.16,1.17,177238
BNO,20011101,0.63,0.64,0.63,0.64,9900
BOQ,20011101,6.1,6.15,6.09,6.13,34752
BPC,20011101,0.465,0.475,0.46,0.465,2586420
BPO,20011101,0.205,0.215,0.2,0.215,467970
BPT,20011101,0.056,0.058,0.055,0.057,4540000
BRI,20011101,0.27,0.27,0.27,0.27,5000
BRL,20011101,10.62,10.76,10.62,10.73,131319
BRS,20011101,2.68,2.71,2.66,2.7,221938
BRY,20011101,0.25,0.255,0.245,0.245,16500
BRZ,20011101,1.45,1.45,1.4,1.4,189045
BSO,20011101,3.65,3.68,3.65,3.68,500
BTA,20011101,0.71,0.72,0.69,0.69,438356
BTC,20011101,0.335,0.34,0.325,0.325,23520
BTE,20011101,0.65,0.65,0.65,0.65,15624
BTG,20011101,0.67,0.67,0.67,0.67,5000
BTO,20011101,1.61,1.61,1.59,1.6,1993065
BUG,20011101,0.38,0.38,0.38,0.38,5300
BWA,20011101,4.02,4.07,4.01,4.044,531449
BWI,20011101,0.9,0.9,0.9,0.9,3000
BWP,20011101,1.3,1.3,1.29,1.3,208699
BWT,20011101,0.018,0.018,0.017,0.017,26000
CAA,20011101,2.037,2.15,2.037,2.14,126890
CAB,20011101,3.1,3.1,3.1,3.1,5128
CAG,20011101,0.054,0.055,0.052,0.052,667093
CAI,20011101,0.61,0.61,0.6,0.6,4634
CAT,20011101,6.25,6.3,5.8,6.22,16802
CBA,20011101,29.79,30,29.72,29.82,2911260
CBD,20011101,0.021,0.021,0.021,0.021,45000
CBH,20011101,0.085,0.09,0.085,0.085,30600
CBI,20011101,1.68,1.68,1.65,1.65,9863
CBO,20011101,0.024,0.027,0.024,0.026,1523900
CBT,20011101,0.069,0.07,0.069,0.07,416889
CBW,20011101,0.47,0.47,0.45,0.47,39851
CCL,20011101,4.994,5.18,4.99,5.135,4792850
CCP,20011101,0.6,0.63,0.6,0.63,44333
CCV,20011101,0.043,0.043,0.042,0.043,30000
CCZ,20011101,0.81,0.81,0.8,0.8,189850
CDF,20011101,1.19,1.19,1.17,1.18,16769
CDK,20011101,1.1,1.1,1.1,1.1,5818
CDO,20011101,1.73,1.73,1.65,1.7,430889
CDP,20011101,2.06,2.07,2.06,2.07,19788
CDR,20011101,0.78,0.78,0.76,0.76,178982
CDX,20011101,1.05,1.05,1.05,1.05,7600
CEP,20011101,3.33,3.36,3.31,3.36,1214708
CEQ,20011101,1.94,1.94,1.91,1.91,59680
CEW,20011101,1.37,1.38,1.33,1.33,44563
CEY,20011101,1.26,1.27,1.26,1.26,279883
CFR,20011101,0.018,0.018,0.018,0.018,170297
CFT,20011101,2.18,2.19,2.18,2.18,1148396
CGC,20011101,0.049,0.055,0.049,0.055,147520
CHB,20011101,24.55,25.11,24.55,25.11,2161
CHF,20011101,0.91,0.93,0.9,0.9,82700
CHO,20011101,14.5,14.5,14.5,14.5,465
CHQ,20011101,0.39,0.39,0.39,0.39,15239
CHS,20011101,0.081,0.081,0.07,0.07,72554
CHV,20011101,0.63,0.63,0.62,0.62,100000
CHY,20011101,1.169,1.19,1.169,1.19,7000
CID,20011101,0.135,0.135,0.135,0.135,26000
CIR,20011101,2.088,2.18,2.088,2.18,84218
CKG,20011101,0.027,0.029,0.027,0.029,25000
CLA,20011101,0.3,0.3,0.3,0.3,57148
CLH,20011101,4.15,4.2,4.14,4.2,181673
CLI,20011101,3.39,3.49,3.39,3.46,140659
CLL,20011101,1.4,1.4,1.4,1.4,735
CLO,20011101,0.99,0.99,0.98,0.98,397050
CLT,20011101,1.1,1.11,1.1,1.1,31624
CLV,20011101,0.165,0.17,0.16,0.165,116525
CLX,20011101,0.32,0.32,0.32,0.32,249
CMI,20011101,1.07,1.07,1.06,1.06,27573
CML,20011101,7.56,7.65,7.55,7.596,1048175
CMP,20011101,0.7,0.71,0.7,0.7,104656
CMQ,20011101,1.313,1.46,1.29,1.42,415644
CMR,20011101,0.39,0.39,0.39,0.39,20000
CMS,20011101,0.048,0.048,0.048,0.048,27000
CND,20011101,0.95,0.95,0.9,0.9,12994
CNE,20011101,0.07,0.07,0.065,0.065,30000
CNG,20011101,0.295,0.295,0.29,0.295,222975
CNM,20011101,0.022,0.022,0.022,0.022,120000
CNN,20011101,0.066,0.066,0.066,0.066,50000
CNT,20011101,0.16,0.16,0.155,0.16,549800
COA,20011101,1.04,1.04,1.02,1.03,228500
COF,20011101,1.86,1.86,1.86,1.86,2000
COH,20011101,50.171,50.47,50.12,50.38,37443
COM,20011101,0.24,0.24,0.24,0.24,8900
COU,20011101,0.49,0.5,0.49,0.5,221000
CPA,20011101,1.19,1.2,1.19,1.2,142959
CPB,20011101,5.18,5.18,5.18,5.18,965
CPC,20011101,0.285,0.285,0.285,0.285,2000
CPH,20011101,0.41,0.42,0.41,0.415,423970
CPI,20011101,0.75,0.8,0.75,0.8,29387
CPM,20011101,1.51,1.51,1.51,1.51,401
CPU,20011101,5.048,5.1,5.02,5.059,242608
CRG,20011101,7.73,7.85,7.73,7.8,37627
CRL,20011101,0.056,0.056,0.056,0.056,75000
CRS,20011101,0.25,0.255,0.25,0.25,156550
CRU,20011101,0.24,0.24,0.24,0.24,46000
CSG,20011101,0.052,0.052,0.052,0.052,5000
CSL,20011101,50.039,50.53,50.039,50.25,290796
CSM,20011101,0.48,0.48,0.475,0.475,35000
CSR,20011101,6.32,6.46,6.31,6.45,2142433
CST,20011101,2.06,2.51,2.05,2.51,1575991
CSY,20011101,0.05,0.05,0.049,0.049,144677
CTI,20011101,0.105,0.105,0.105,0.105,10000
CTL,20011101,1.72,1.72,1.66,1.7,49235
CTX,20011101,1.18,1.21,1.18,1.21,369180
CUE,20011101,0.051,0.053,0.05,0.05,967700
CUL,20011101,0.015,0.015,0.015,0.015,200000
CVC,20011101,0.55,0.55,0.55,0.55,317500
CVN,20011101,0.046,0.046,0.046,0.046,6000
CWP,20011101,0.48,0.48,0.47,0.47,24000
CXP,20011101,4.96,5.01,4.87,5,317969
CYG,20011101,3.83,3.83,3.82,3.82,7086
DAD,20011101,6.25,6.25,6.15,6.25,65366
DAY,20011101,0.065,0.065,0.065,0.065,30000
DDF,20011101,1.18,1.19,1.17,1.18,692110
DGD,20011101,2.29,2.37,2.29,2.36,2402019
DGM,20011101,0.006,0.006,0.005,0.005,2029640
DID,20011101,0.12,0.12,0.105,0.105,14540
DIO,20011101,0.063,0.063,0.061,0.063,428611
DIT,20011101,1.54,1.55,1.53,1.539,2995168
DJS,20011101,1.11,1.11,1.098,1.098,780629
DJW,20011101,3.36,3.4,3.36,3.4,56259
DKN,20011101,0.135,0.135,0.12,0.12,160000
DMX,20011101,0.32,0.32,0.29,0.29,487643
DNS,20011101,0.03,0.03,0.03,0.03,53300
DOM,20011101,0.35,0.35,0.35,0.35,12000
DOT,20011101,1.4,1.41,1.39,1.41,1361536
DOW,20011101,0.82,0.82,0.8,0.82,459127
DRA,20011101,0.04,0.044,0.04,0.044,164000
DRD,20011101,2.55,2.55,2.5,2.5,9301
DRE,20011101,0.53,0.53,0.53,0.53,3500
DRN,20011101,0.085,0.085,0.085,0.085,70000
DVC,20011101,1.45,1.6,1.45,1.55,183074
DVN,20011101,0.285,0.285,0.275,0.28,112700
DVT,20011101,0.058,0.062,0.058,0.06,6639107
DWY,20011101,1.08,1.08,1,1,82666
EBG,20011101,0.09,0.09,0.09,0.09,7500
EBR,20011101,0.097,0.097,0.097,0.097,30200
EBT,20011101,0.18,0.18,0.175,0.175,44000
ECE,20011101,0.005,0.005,0.005,0.005,128200
ECL,20011101,0.036,0.036,0.035,0.035,27391
ECM,20011101,0.1,0.1,0.1,0.1,7000
ECP,20011101,0.465,0.59,0.465,0.58,4777578
EEC,20011101,0.07,0.07,0.063,0.065,144850
EEL,20011101,0.61,0.61,0.59,0.59,20236
EGO,20011101,0.033,0.034,0.033,0.034,206700
EHO,20011101,0.061,0.061,0.06,0.06,114051
EHY,20011101,0.034,0.034,0.034,0.034,197500
EIF,20011101,0.105,0.105,0.105,0.105,70299
EKL,20011101,0.07,0.07,0.07,0.07,10000
ELL,20011101,0.06,0.06,0.06,0.06,16630
ELX,20011101,0.99,1.02,0.95,0.96,642945
EMI,20011101,0.065,0.085,0.065,0.07,266309
EMP,20011101,0.35,0.35,0.34,0.34,16000
ENE,20011101,8.25,8.25,8.12,8.15,287145
ENV,20011101,0.91,0.92,0.9,0.906,263276
EPR,20011101,0.195,0.2,0.195,0.2,20000
EPT,20011101,0.091,0.091,0.091,0.091,34000
EQI,20011101,0.48,0.48,0.48,0.48,10000
EQX,20011101,0.003,0.003,0.002,0.002,585000
ERA,20011101,1.96,1.96,1.96,1.96,125
ERG,20011101,0.67,0.7,0.63,0.66,20345618
ERS,20011101,0.817,0.817,0.817,0.817,3000
ESG,20011101,0.125,0.125,0.125,0.125,60000
ESI,20011101,0.6,0.6,0.58,0.58,62296
ESL,20011101,0.36,0.39,0.36,0.39,7100
EST,20011101,0.08,0.08,0.08,0.08,25000
ESV,20011101,0.47,0.47,0.45,0.45,30000
ESX,20011101,0.22,0.24,0.22,0.235,70424
ETK,20011101,0.051,0.051,0.051,0.051,100000
ETR,20011101,0.48,0.49,0.48,0.49,2582
ETW,20011101,1.66,1.68,1.66,1.68,24488
EWL,20011101,0.115,0.115,0.115,0.115,7842
EWN,20011101,0.14,0.14,0.14,0.14,5000
EZE,20011101,0.065,0.065,0.065,0.065,60000
EZY,20011101,0.085,0.085,0.085,0.085,3400
FAR,20011101,0.08,0.08,0.08,0.08,178000
FBU,20011101,2.21,2.21,2.21,2.21,8000
FCL,20011101,1.67,1.68,1.66,1.67,1469488
FDR,20011101,1.62,1.72,1.55,1.7,133190
FEA,20011101,0.126,0.13,0.12,0.125,118000
FFL,20011101,1.33,1.35,1.33,1.34,32678
FGL,20011101,4.82,4.86,4.8,4.81,4420478
FKP,20011101,0.895,0.91,0.89,0.9,132350
FLK,20011101,0.43,0.43,0.43,0.43,30000
FLO,20011101,0.08,0.08,0.075,0.075,102500
FLT,20011101,20.81,21.01,20.7,21,10859
FNC,20011101,0.405,0.41,0.39,0.39,496535
FOA,20011101,11.34,11.45,11.34,11.36,85711
FPF,20011101,1.09,1.09,1.09,1.09,623
FPG,20011101,0.335,0.335,0.33,0.33,20324
FPS,20011101,0.85,0.85,0.81,0.81,41186
FRU,20011101,1.99,1.99,1.99,1.99,9046
FSL,20011101,0.025,0.025,0.025,0.025,2000
FUN,20011101,0.47,0.48,0.47,0.48,10000
FWD,20011101,1.48,1.48,1.48,1.48,700
FXJ,20011101,3.4,3.42,3.37,3.38,1665746
GAN,20011101,1.2,1.21,1.19,1.21,715072
GAP,20011101,0.6,0.6,0.6,0.6,8000
GAR,20011101,0.16,0.16,0.16,0.16,2000
GBG,20011101,0.13,0.13,0.13,0.13,100000
GBL,20011101,0.13,0.13,0.115,0.115,171091
GBS,20011101,0.045,0.045,0.042,0.042,127500
GCN,20011101,0.03,0.03,0.03,0.03,11000
GDM,20011101,0.43,0.43,0.43,0.43,28000
GDN,20011101,0.025,0.025,0.025,0.025,50000
GDP,20011101,2.68,2.75,2.68,2.68,51227
GED,20011101,0.045,0.045,0.045,0.045,10000
GEE,20011101,0.6,0.6,0.6,0.6,2000
GFD,20011101,0.35,0.36,0.35,0.355,137450
GGL,20011101,0.96,0.96,0.94,0.95,191894
GGR,20011101,0.05,0.05,0.05,0.05,3155725
GHG,20011101,0.67,0.68,0.67,0.68,131994
GLB,20011101,1.929,1.929,1.9,1.9,48917
GLD,20011101,2.46,2.54,2.46,2.54,692883
GMF,20011101,1.41,1.41,1.39,1.4,1913405
GNC,20011101,11.25,11.25,11.25,11.25,2417
GNR,20011101,0.075,0.075,0.075,0.075,100000
GNS,20011101,3.87,3.9,3.87,3.89,49066
GOD,20011101,0.017,0.017,0.016,0.016,800000
GOW,20011101,2.13,2.14,2.1,2.14,39329
GPN,20011101,0.018,0.018,0.016,0.017,792094
GPT,20011101,2.82,2.83,2.8,2.81,7873549
GRD,20011101,1.05,1.07,1.05,1.069,111905
GRN,20011101,0.034,0.04,0.034,0.04,163000
GRO,20011101,2.366,2.38,2.36,2.38,4400
GSE,20011101,0.041,0.045,0.041,0.045,362943
GSP,20011101,1.3,1.3,1.25,1.25,7930
GTG,20011101,0.39,0.39,0.385,0.39,13733
GTM,20011101,0.03,0.032,0.029,0.032,515733
GTP,20011101,0.82,0.83,0.81,0.83,114985
GUD,20011101,1.72,1.73,1.72,1.73,16562
GUL,20011101,0.018,0.018,0.018,0.018,50000
GUN,20011101,0.095,0.095,0.095,0.095,4902
GVM,20011101,0.033,0.033,0.032,0.032,66000
GWT,20011101,2.36,2.43,2.36,2.43,144806
GYM,20011101,0.66,0.66,0.63,0.65,92260
GZL,20011101,2,2,2,2,70000
HAM,20011101,2.05,2.05,2,2,7721
HAN,20011101,13.11,13.11,13.11,13.11,4003
HAO,20011101,0.095,0.095,0.09,0.09,100000
HCD,20011101,0.9,0.9,0.86,0.86,19400
HCN,20011101,0.35,0.37,0.35,0.36,84200
HDR,20011101,0.495,0.51,0.495,0.495,853228
HFY,20011101,1.01,1.02,1.007,1.007,837540
HGL,20011101,0.4,0.4,0.4,0.4,467
HGV,20011101,0.65,0.65,0.65,0.65,12000
HHL,20011101,2.11,2.25,2.11,2.25,13056
HIC,20011101,0.61,0.61,0.6,0.61,11100
HIG,20011101,0.125,0.125,0.125,0.125,187100
HIL,20011101,2.695,2.695,2.66,2.66,31113
HLL,20011101,0.04,0.04,0.04,0.04,62700
HLM,20011101,0.14,0.14,0.14,0.14,23167
HLT,20011101,0.12,0.12,0.11,0.11,22200
HLX,20011101,0.33,0.33,0.305,0.305,26000
HLY,20011101,5.35,5.35,5.32,5.33,119892
HMC,20011101,0.04,0.045,0.04,0.045,25027
HOM,20011101,1.22,1.25,1.2,1.2,37700
HPL,20011101,0.81,0.81,0.8,0.8,56459
HPX,20011101,2.12,2.16,2.12,2.12,50203
HRD,20011101,0.17,0.185,0.17,0.18,222839
HRK,20011101,0.045,0.045,0.045,0.045,60000
HRP,20011101,1.56,1.58,1.56,1.57,30948842
HRR,20011101,0.21,0.21,0.19,0.19,123944
HSM,20011101,16,16,16,16,69
HSP,20011101,2.52,2.54,2.5,2.54,346772
HTA,20011101,0.245,0.27,0.245,0.26,2783012
HTE,20011101,0.12,0.12,0.115,0.115,310000
HUG,20011101,0.07,0.07,0.07,0.07,15000
HVN,20011101,3.34,3.5,3.34,3.45,2990581
HWE,20011101,1.09,1.14,1.08,1.08,182277
HWI,20011101,0.8,0.8,0.79,0.79,10500
HWL,20011101,0.12,0.125,0.12,0.125,74952
HWT,20011101,0.485,0.485,0.485,0.485,2200
IBA,20011101,0.175,0.175,0.17,0.17,30700
ICE,20011101,0.061,0.07,0.06,0.07,75000
ICM,20011101,0.032,0.032,0.032,0.032,70000
ICN,20011101,0.062,0.066,0.061,0.061,1052000
ICO,20011101,0.005,0.005,0.004,0.004,609587
ICP,20011101,0.32,0.32,0.32,0.32,5000
ICS,20011101,0.14,0.14,0.14,0.14,28000
IDT,20011101,3.976,4.06,3.97,4.05,48621
IDX,20011101,2.66,2.66,2.66,2.66,3825
IFM,20011101,1.53,1.58,1.53,1.54,103857
IGM,20011101,0.022,0.022,0.022,0.022,156995
IGP,20011101,2.55,2.55,2.5,2.55,11012
IHG,20011101,0.74,0.77,0.73,0.77,112255
IIF,20011101,1.59,1.59,1.57,1.58,255855
IIN,20011101,0.325,0.34,0.325,0.325,8000
ILU,20011101,3.76,3.76,3.7,3.7,142013
IMD,20011101,0.26,0.26,0.26,0.26,87500
IMF,20011101,0.165,0.165,0.165,0.165,22361
IMI,20011101,0.048,0.048,0.048,0.048,50000
IMP,20011101,0.024,0.024,0.02,0.02,484047
INV,20011101,0.17,0.17,0.17,0.17,10000
IOC,20011101,0.78,0.78,0.78,0.78,801
IOF,20011101,1.18,1.19,1.18,1.19,678084
ION,20011101,1.5,1.5,1.47,1.49,923539
IPG,20011101,2,2.01,1.99,2,337697
IPH,20011101,1.61,1.61,1.61,1.61,2000
IRC,20011101,0.045,0.045,0.045,0.045,50000
IRE,20011101,2.19,2.2,2.19,2.2,41190
IRI,20011101,0.57,0.59,0.57,0.59,51000
ISA,20011101,0.075,0.09,0.075,0.09,12333
ISC,20011101,0.037,0.037,0.035,0.035,61500
ISY,20011101,0.02,0.02,0.018,0.018,1855000
ITE,20011101,0.17,0.175,0.165,0.165,29800
ITL,20011101,0.21,0.21,0.21,0.21,9000
ITP,20011101,0.05,0.05,0.05,0.05,61162
IVK,20011101,0.015,0.015,0.014,0.014,47000
IWI,20011101,2.9,2.9,2.87,2.9,3440
IWL,20011101,0.175,0.18,0.175,0.18,401117
IXL,20011101,0.037,0.037,0.035,0.036,96396
JBM,20011101,1.39,1.41,1.38,1.38,66693
JHX,20011101,4.41,4.43,4.38,4.4,1451518
JLA,20011101,0.036,0.039,0.036,0.036,154000
JRV,20011101,0.03,0.03,0.028,0.028,170000
JUM,20011101,0.019,0.019,0.019,0.019,82000
JUP,20011101,4.37,4.39,4.3,4.32,310713
KAZ,20011101,1.19,1.19,1.16,1.169,528010
KBO,20011101,0.09,0.09,0.09,0.09,92528
KCN,20011101,1.05,1.1,1.05,1.1,72188
KIM,20011101,0.627,0.64,0.6,0.62,352032
KRZ,20011101,0.015,0.015,0.014,0.015,333600
KSC,20011101,2.09,2.1,2.08,2.08,21825
KSM,20011101,0.035,0.035,0.033,0.033,338269
KYC,20011101,0.9,0.91,0.85,0.9,94110
KZL,20011101,0.25,0.25,0.25,0.25,160000
LAC,20011101,10.75,10.75,10.7,10.73,217710
LAF,20011101,0.07,0.07,0.07,0.07,9603
LAK,20011101,0.205,0.21,0.2,0.2,32658
LAS,20011101,0.42,0.42,0.42,0.42,1000
LCH,20011101,0.145,0.145,0.135,0.14,69934
LCL,20011101,0.82,0.82,0.82,0.82,5000
LCO,20011101,0.6,0.6,0.6,0.6,5000
LEI,20011101,10,10.1,9.96,10.1,405991
LEL,20011101,0.2,0.2,0.2,0.2,30000
LGO,20011101,0.026,0.028,0.026,0.028,350000
LHG,20011101,1.15,1.19,1.15,1.18,9196506
LKO,20011101,0.033,0.033,0.032,0.032,475000
LLC,20011101,11,11.06,10.88,10.891,763145
LMC,20011101,0.93,0.95,0.93,0.95,112000
LNN,20011101,4.33,4.38,4.33,4.344,518216
LOC,20011101,0.025,0.025,0.025,0.025,87000
LOK,20011101,0.067,0.072,0.066,0.07,6970117
LON,20011101,0.31,0.31,0.31,0.31,20000
LSG,20011101,0.59,0.61,0.58,0.58,180250
LUO,20011101,1.35,1.37,1.35,1.37,16372127
LYC,20011101,0.145,0.145,0.145,0.145,30090
MAH,20011101,0.11,0.115,0.11,0.115,154088
MAQ,20011101,0.21,0.21,0.195,0.205,550600
MAX,20011101,1.08,1.08,1.08,1.08,33332
MAY,20011101,7.458,7.5,7.458,7.49,3240947
MBL,20011101,37.789,37.84,37.4,37.68,270472
MBP,20011101,0.6,0.6,0.59,0.6,12000
MCA,20011101,1.14,1.15,1.14,1.15,14000
MCC,20011101,1.25,1.28,1.25,1.28,35748
MCP,20011101,1.24,1.25,1.24,1.25,79500
MCR,20011101,0.14,0.145,0.14,0.145,1281396
MCW,20011101,1.56,1.57,1.55,1.56,703924
MDC,20011101,1.304,1.304,1.304,1.304,1000
MDM,20011101,0.09,0.1,0.09,0.1,174355
MEE,20011101,0.048,0.048,0.048,0.048,100000
MEO,20011101,0.083,0.083,0.081,0.081,70000
MGD,20011101,0.14,0.14,0.14,0.14,7000
MGE,20011101,0.29,0.29,0.28,0.29,9980
MGI,20011101,1.4,1.4,1.39,1.4,495425
MGM,20011101,0.97,0.98,0.97,0.98,406023
MGR,20011101,3.864,3.9,3.86,3.9,650585
MGW,20011101,4.52,4.54,4.5,4.52,13404
MIA,20011101,1.41,1.41,1.39,1.41,2528283
MIC,20011101,0.02,0.02,0.02,0.02,649500
MIG,20011101,3.82,3.9,3.82,3.9,5611866
MIM,20011101,0.98,1.01,0.97,1,6201805
MIR,20011101,1.04,1.04,1,1,81721
MJN,20011101,0.078,0.078,0.075,0.077,329354
MLB,20011101,0.668,0.69,0.668,0.69,49989
MLE,20011101,0.55,0.56,0.55,0.56,105788
MLT,20011101,11.25,11.25,11.25,11.25,4172
MMD,20011101,0.63,0.66,0.62,0.65,445810
MME,20011101,0.425,0.425,0.425,0.425,5650
MMN,20011101,0.038,0.038,0.038,0.038,5000
MND,20011101,1.5,1.55,1.5,1.55,14000
MNG,20011101,0.042,0.042,0.042,0.042,3500
MOB,20011101,0.09,0.09,0.08,0.08,46000
MOD,20011101,0.23,0.23,0.23,0.23,10000
MOF,20011101,1.25,1.25,1.24,1.25,725644
MOS,20011101,0.22,0.225,0.21,0.225,528453
MPD,20011101,0.155,0.155,0.155,0.155,13000
MPI,20011101,0.09,0.092,0.09,0.092,58350
MPO,20011101,0.039,0.039,0.03,0.03,835000
MRC,20011101,0.095,0.095,0.095,0.095,25000
MRL,20011101,3.01,3.05,2.99,2.99,345110
MRM,20011101,0.79,0.8,0.79,0.8,113640
MRX,20011101,0.023,0.023,0.023,0.023,20000
MSC,20011101,0.23,0.23,0.23,0.23,750000
MSF,20011101,7.2,7.2,7,7,7800
MST,20011101,1.37,1.42,1.35,1.36,215335
MTB,20011101,0.078,0.078,0.075,0.075,5630
MTD,20011101,0.11,0.11,0.095,0.095,22500
MTR,20011101,0.44,0.485,0.44,0.47,699096
MTT,20011101,1.41,1.5,1.4,1.478,646812
MUL,20011101,0.013,0.013,0.013,0.013,345000
MUR,20011101,1,1,0.98,1,41301
MXA,20011101,0.012,0.012,0.011,0.011,431000
MXE,20011101,0.033,0.039,0.033,0.038,7129756
MXI,20011101,0.16,0.165,0.16,0.16,136000
MXO,20011101,0.275,0.285,0.27,0.27,3442046
MYC,20011101,0.024,0.041,0.024,0.038,1286281
MYM,20011101,0.015,0.017,0.015,0.017,55250
MYO,20011101,0.61,0.72,0.61,0.7,1816650
MZG,20011101,0.019,0.019,0.018,0.018,100000
NAB,20011101,30.57,30.9,30.4,30.5,4399452
NAL,20011101,1.11,1.19,1.11,1.15,949519
NAM,20011101,0.23,0.23,0.23,0.23,25000
NBL,20011101,0.65,0.65,0.65,0.65,27000
NCA,20011101,0.11,0.11,0.11,0.11,6650
NCM,20011101,3.45,3.46,3.26,3.296,1559110
NCP,20011101,13.853,13.9,13.74,13.85,3577688
NDC,20011101,0.14,0.14,0.135,0.14,82900
NDO,20011101,0.017,0.017,0.017,0.017,20000
NDY,20011101,1.41,1.42,1.4,1.4,8699376
NEV,20011101,3.567,3.567,3.5,3.55,53714
NFD,20011101,2.591,2.6,2.525,2.525,249234
NFM,20011101,9.3,9.3,9.3,9.3,10347
NGH,20011101,0.105,0.105,0.105,0.105,227964
NHM,20011101,0.013,0.013,0.013,0.013,107000
NIX,20011101,0.64,0.64,0.64,0.64,7319
NLB,20011101,0.18,0.22,0.18,0.22,17200
NLY,20011101,0.39,0.39,0.39,0.39,3000
NNG,20011101,0.105,0.105,0.105,0.105,20000
NOL,20011101,0.51,0.51,0.51,0.51,31179
NPH,20011101,0.6,0.6,0.6,0.6,895
NRM,20011101,3.17,3.17,3.12,3.13,6977873
NRT,20011101,1.32,1.39,1.3,1.35,215225
NTG,20011101,0.64,0.64,0.62,0.62,27000
NUF,20011101,2.77,2.8,2.77,2.78,126855
NVS,20011101,1.75,1.76,1.74,1.76,60038
NWE,20011101,0.1,0.1,0.099,0.1,413687
NWL,20011101,0.305,0.305,0.28,0.3,615966
OBJ,20011101,0.029,0.029,0.029,0.029,37462
OEC,20011101,0.57,0.57,0.55,0.562,174191
OIL,20011101,0.67,0.75,0.67,0.73,204013
OKN,20011101,0.9,0.9,0.88,0.88,10170
OMI,20011101,1.05,1.09,1.03,1.09,56218
OML,20011101,1.255,1.255,1.2,1.242,263923
OMP,20011101,3.05,3.07,3.02,3.02,40194
OPS,20011101,3.741,3.82,3.74,3.75,421893
ORC,20011101,0.058,0.058,0.053,0.053,1600000
ORG,20011101,3.02,3.07,3.01,3.06,918440
ORI,20011101,4.58,4.62,4.55,4.59,452562
ORL,20011101,3.1,3.1,3.1,3.1,13919
OSH,20011101,1.06,1.06,1.03,1.046,1751768
OST,20011101,1,1.02,0.98,0.98,841918
OTR,20011101,0.175,0.185,0.175,0.185,60901
OTT,20011101,0.095,0.125,0.095,0.12,17345645
OXR,20011101,0.14,0.15,0.14,0.15,2943334
PAI,20011101,0.08,0.08,0.08,0.08,139199
PAL,20011101,0.175,0.185,0.175,0.185,167151
PAT,20011101,2.59,2.63,2.59,2.6,29137
PBB,20011101,3.08,3.08,3.02,3.05,353336
PBL,20011101,9.11,9.25,9.1,9.14,855713
PBO,20011101,0.96,0.96,0.95,0.95,31000
PBT,20011101,0.967,0.97,0.96,0.96,32568
PBV,20011101,2.03,2.04,2.03,2.04,38658
PCE,20011101,0.42,0.42,0.4,0.4,5249
PCG,20011101,0.088,0.088,0.084,0.088,2137910
PCL,20011101,0.04,0.04,0.04,0.04,5200
PCO,20011101,0.226,0.235,0.225,0.235,245942
PDG,20011101,21.41,21.41,21.41,21.41,50
PDN,20011101,0.027,0.027,0.025,0.025,583250
PDP,20011101,0.8,0.82,0.8,0.81,1306631
PDR,20011101,0.09,0.09,0.09,0.09,10000
PEM,20011101,0.31,0.34,0.31,0.33,47500
PEP,20011101,0.9,0.95,0.9,0.9,58305
PFP,20011101,1.39,1.39,1.35,1.35,2334
PGL,20011101,1.04,1.04,1.03,1.03,5780
PHT,20011101,0.38,0.38,0.38,0.38,20000
PHY,20011101,4.32,4.39,4.28,4.28,109817
PIL,20011101,0.15,0.155,0.13,0.155,73000
PLF,20011101,2.3,2.3,2.28,2.3,15000
PLL,20011101,2.55,2.6,2.53,2.6,11134
PLM,20011101,7.16,7.2,7.16,7.2,3979998
PLT,20011101,2.992,2.992,2.92,2.93,35884
PLW,20011101,3.55,3.75,3.55,3.7,23901
PLX,20011101,0.016,0.016,0.016,0.016,6000
PMA,20011101,0.16,0.17,0.16,0.17,15444
PMC,20011101,2.01,2.05,2.009,2.009,127759
PMD,20011101,0.035,0.035,0.034,0.034,208500
PME,20011101,1.19,1.19,1.16,1.18,12318
PMM,20011101,1.32,1.36,1.32,1.35,240086
PMP,20011101,0.62,0.62,0.61,0.62,262604
PNH,20011101,0.21,0.21,0.21,0.21,3000
PPD,20011101,0.16,0.16,0.16,0.16,5000
PPH,20011101,2.46,2.47,2.46,2.46,87854
PPK,20011101,0.85,0.85,0.8,0.8,16437
PPP,20011101,0.086,0.086,0.084,0.084,63000
PPT,20011101,38,38.25,37.95,38.01,9806
PPX,20011101,4.19,4.2,4.15,4.15,390054
PRG,20011101,2.13,2.13,2.13,2.13,1000
PRO,20011101,0.32,0.32,0.32,0.32,2300
PRR,20011101,0.145,0.15,0.145,0.15,159401
PRT,20011101,1.87,1.87,1.85,1.85,162280
PRX,20011101,0.86,0.86,0.84,0.86,126375
PRY,20011101,5.232,5.25,5.23,5.23,13506
PSD,20011101,0.21,0.25,0.21,0.25,1052907
PSG,20011101,0.25,0.25,0.25,0.25,2000
PSV,20011101,0.055,0.06,0.055,0.06,427000
PSX,20011101,0.085,0.085,0.081,0.081,29120
PTD,20011101,3.45,3.52,3.435,3.435,503271
PTZ,20011101,0.7,0.7,0.7,0.7,3650
PWR,20011101,0.37,0.37,0.36,0.37,475671
PWT,20011101,0.23,0.23,0.22,0.225,683284
PXI,20011101,0.055,0.055,0.055,0.055,263786
QAD,20011101,0.458,0.5,0.458,0.5,258700
QAN,20011101,3.94,4,3.94,3.98,12149949
QBE,20011101,7,7.25,6.98,7.24,1522086
QCH,20011101,3.23,3.24,3.2,3.21,17466
QGC,20011101,0.295,0.295,0.295,0.295,77231
QTK,20011101,0.034,0.034,0.033,0.034,504465
QUE,20011101,0.055,0.06,0.055,0.06,15000
QUR,20011101,0.03,0.03,0.03,0.03,3000
QVL,20011101,1.4,1.43,1.38,1.39,70105
RBL,20011101,0.37,0.38,0.37,0.38,5000
RBS,20011101,2.47,2.47,2.4,2.4,200000
RBT,20011101,0.026,0.026,0.026,0.026,42400
RCT,20011101,1.3,1.35,1.3,1.35,4629
RDF,20011101,0.9,0.9,0.89,0.89,11400
REB,20011101,1.47,1.47,1.46,1.46,18773
REC,20011101,0.27,0.28,0.25,0.25,1650028
REH,20011101,20,20.5,20,20.5,400
REL,20011101,1.28,1.29,1.26,1.28,257773
RFS,20011101,0.285,0.285,0.285,0.285,100720
RGS,20011101,1.08,1.1,1.07,1.1,28000
RHC,20011101,4.96,5,4.94,4.94,292900
RIC,20011101,0.97,0.99,0.96,0.97,172421
RIO,20011101,32.07,32.4,32.07,32.2,1239415
RKN,20011101,0.105,0.11,0.1,0.1,42800
RLD,20011101,0.1,0.1,0.1,0.1,9000
RMD,20011101,11.25,11.25,11.01,11.16,2988529
RMG,20011101,0.225,0.225,0.22,0.225,525273
RML,20011101,0.005,0.005,0.005,0.005,200000
RMW,20011101,1.15,1.15,1.15,1.15,500
RND,20011101,0.67,0.67,0.65,0.65,13000
ROC,20011101,1.37,1.37,1.36,1.36,8230
ROK,20011101,2.83,2.83,2.8,2.8,1375
RPD,20011101,0.19,0.19,0.19,0.19,10000
RPG,20011101,0.24,0.24,0.22,0.22,23000
RSG,20011101,0.54,0.55,0.53,0.54,241736
RUP,20011101,5.05,5.05,5.05,5.05,15504
SAQ,20011101,3.3,3.3,3.3,3.3,26000
SAX,20011101,0.045,0.045,0.045,0.045,6000
SBC,20011101,11.157,11.2,11.15,11.16,101052
SBE,20011101,1.65,1.7,1.65,1.7,1568
SBM,20011101,0.23,0.235,0.23,0.235,364869
SBP,20011101,0.125,0.13,0.125,0.125,282970
SBR,20011101,0.088,0.088,0.088,0.088,2400
SCD,20011101,0.055,0.055,0.055,0.055,26000
SCE,20011101,0.011,0.011,0.011,0.011,700000
SCN,20011101,0.003,0.003,0.002,0.002,1027000
SDG,20011101,0.4,0.4,0.4,0.4,5000
SDI,20011101,0.67,0.68,0.67,0.68,16916
SDR,20011101,0.255,0.255,0.25,0.25,150750
SDS,20011101,0.49,0.5,0.49,0.5,6000
SED,20011101,0.1,0.1,0.1,0.1,20000
SEN,20011101,0.071,0.071,0.066,0.066,3026522
SES,20011101,0.17,0.17,0.17,0.17,10000
SEV,20011101,6.75,6.85,6.75,6.77,363953
SEX,20011101,0.1,0.12,0.09,0.09,30100
SFD,20011101,0.2,0.2,0.2,0.2,63592
SFL,20011101,1.29,1.31,1.28,1.31,71150
SGB,20011101,16.31,16.31,16.19,16.3,399213
SGC,20011101,0.385,0.39,0.38,0.385,147800
SGN,20011101,3.9,3.9,3.9,3.9,5811
SGP,20011101,4.44,4.481,4.42,4.481,1589538
SGS,20011101,0.693,0.693,0.68,0.69,109839
SGT,20011101,1.873,1.88,1.83,1.83,4978277
SGW,20011101,7.097,7.25,7.097,7.25,646697
SHL,20011101,8.52,8.55,8.45,8.5,680541
SHR,20011101,1.5,1.5,1.5,1.5,3516
SHV,20011101,1.72,1.72,1.7,1.7,30387
SIG,20011101,3.34,3.35,3.3,3.3,171276
SKC,20011101,10.25,10.25,10.25,10.25,1000
SKD,20011101,0.305,0.325,0.29,0.325,300591
SKE,20011101,0.82,0.83,0.82,0.82,53615
SKG,20011101,0.1,0.1,0.1,0.1,63500
SKR,20011101,0.044,0.051,0.044,0.05,1106000
SLN,20011101,1.02,1.04,1.02,1.04,31900
SLV,20011101,0.153,0.153,0.153,0.153,2000
SLX,20011101,2.3,2.56,2.3,2.51,110659
SMA,20011101,0.023,0.023,0.022,0.022,130857
SMC,20011101,0.072,0.072,0.07,0.07,129000
SMS,20011101,5.2,5.22,5.16,5.19,123433
SMX,20011101,0.38,0.41,0.375,0.4,3548880
SMY,20011101,0.16,0.16,0.16,0.16,60000
SNC,20011101,0.15,0.15,0.15,0.15,3500
SNF,20011101,0.62,0.62,0.62,0.62,1737
SNX,20011101,1.66,1.78,1.66,1.77,146546
SOH,20011101,0.7,0.71,0.69,0.69,246979
SOL,20011101,42.3,42.3,42.2,42.22,6171
SOT,20011101,0.22,0.22,0.22,0.22,12300
SOX,20011101,0.08,0.08,0.08,0.08,10000
SPC,20011101,0.77,0.78,0.77,0.77,216760
SPK,20011101,0.032,0.037,0.032,0.037,1005000
SPL,20011101,0.7,0.72,0.7,0.72,108700
SPP,20011101,0.61,0.653,0.61,0.653,9175
SPT,20011101,6.149,6.15,6.1,6.1,143596
SPX,20011101,0.055,0.055,0.055,0.055,60000
SQS,20011101,0.016,0.017,0.016,0.017,980405
SRA,20011101,0.7,0.7,0.69,0.7,59704
SRI,20011101,0.076,0.076,0.076,0.076,65000
SRL,20011101,0.35,0.35,0.35,0.35,10000
SRO,20011101,0.05,0.05,0.05,0.05,274059
SRP,20011101,7.29,7.35,7.25,7.32,907991
SRT,20011101,0.032,0.032,0.032,0.032,35000
SRV,20011101,4.15,4.15,4.15,4.15,17984
SRX,20011101,1.23,1.23,1.21,1.21,77000
SSE,20011101,0.64,0.64,0.63,0.63,70000
SSH,20011101,0.52,0.52,0.51,0.52,8000
SSR,20011101,0.45,0.45,0.45,0.45,1250
SSX,20011101,1,1.02,0.99,0.999,330615
STN,20011101,0.265,0.265,0.26,0.26,243042
STO,20011101,6.33,6.35,6.15,6.16,1878588
STP,20011101,0.405,0.435,0.405,0.425,879496
STS,20011101,0.78,0.78,0.78,0.78,1967
STT,20011101,0.022,0.022,0.022,0.022,120000
STU,20011101,0.35,0.355,0.35,0.355,5900
SUN,20011101,13.4,13.55,13.4,13.504,829377
SVP,20011101,0.042,0.045,0.042,0.045,65000
SWD,20011101,0.78,0.8,0.78,0.8,3025
SWG,20011101,0.02,0.02,0.02,0.02,45000
SWS,20011101,2.4,2.44,2.4,2.44,24727
TAB,20011101,2.91,2.95,2.9,2.92,1040278
TAH,20011101,9.98,10.31,9.95,10.25,1634243
TAM,20011101,0.095,0.095,0.095,0.095,52000
TAP,20011101,1.26,1.27,1.25,1.26,376487
TBC,20011101,0.089,0.089,0.086,0.086,150000
TBR,20011101,0.67,0.67,0.65,0.65,83500
TCL,20011101,4.5,4.6,4.5,4.55,480296
TEH,20011101,0.091,0.094,0.086,0.086,507569
TEL,20011101,3.77,3.8,3.728,3.728,207844
TEM,20011101,2.59,2.64,2.54,2.54,30051
TEN,20011101,1.88,1.94,1.87,1.89,1467633
TGG,20011101,1.58,1.6,1.58,1.58,47800
TGL,20011101,0.24,0.24,0.24,0.24,5000
THG,20011101,0.48,0.48,0.47,0.475,154566
THL,20011101,0.47,0.47,0.47,0.47,2000
THX,20011101,0.39,0.39,0.38,0.38,36895
TIM,20011101,0.66,0.66,0.63,0.64,320288
TIR,20011101,0.165,0.165,0.165,0.165,5000
TKG,20011101,0.014,0.015,0.014,0.014,3014651
TKR,20011101,0.67,0.67,0.67,0.67,3000
TLA,20011101,0.73,0.73,0.73,0.73,4791
TLN,20011101,0.086,0.086,0.086,0.086,13334
TLO,20011101,0.031,0.032,0.03,0.03,553550
TLS,20011101,4.95,5.02,4.9,4.9,19034679
TMO,20011101,0.53,0.53,0.53,0.53,550
TMS,20011101,0.54,0.54,0.53,0.53,67956
TMT,20011101,1.03,1.06,1.03,1.049,148150
TNE,20011101,0.9,0.92,0.88,0.887,64094
TNY,20011101,0.051,0.051,0.051,0.051,37375
TOL,20011101,27,27.468,27,27.468,43556
TOR,20011101,1.05,1.1,1.02,1.1,245523
TOX,20011101,0.09,0.09,0.09,0.09,20000
TPL,20011101,0.015,0.015,0.015,0.015,32295
TPX,20011101,7.5,7.51,7.5,7.51,3650
TQL,20011101,3,3.07,3,3.06,121981
TRD,20011101,0.029,0.03,0.029,0.03,79842
TRT,20011101,0.04,0.041,0.039,0.039,2673801
TRY,20011101,0.92,0.92,0.9,0.9,8462
TSE,20011101,2.18,2.2,2.18,2.2,64612
TSR,20011101,0.85,0.88,0.85,0.88,12984
TSS,20011101,0.59,0.6,0.59,0.6,21450
TTR,20011101,0.056,0.056,0.051,0.055,88400
TVL,20011101,0.15,0.17,0.15,0.17,37800
TVN,20011101,0.06,0.06,0.06,0.06,46717
TVS,20011101,0.05,0.051,0.049,0.05,1006414
TWD,20011101,0.78,0.79,0.78,0.79,5500
TWR,20011101,4.13,4.2,4.13,4.2,268295
TXT,20011101,1.2,1.22,1.17,1.22,1503000
UCL,20011101,0.018,0.018,0.017,0.017,443000
UEC,20011101,0.13,0.135,0.125,0.125,165278
UEL,20011101,2.44,2.44,2.37,2.39,1414524
UGL,20011101,2.043,2.06,2.04,2.05,76029
USC,20011101,0.56,0.57,0.56,0.57,15400
VGL,20011101,1.135,1.135,1.12,1.12,7950
VII,20011101,0.45,0.45,0.45,0.45,36000
VIT,20011101,0.25,0.25,0.245,0.245,54000
VLS,20011101,2.1,2.1,2.02,2.1,20522
VNA,20011101,0.041,0.042,0.041,0.041,205700
VOY,20011101,0.165,0.165,0.16,0.16,283000
VPE,20011101,0.03,0.03,0.029,0.029,576600
VRI,20011101,0.5,0.52,0.5,0.52,56332
VRL,20011101,1.567,1.6,1.567,1.6,100203
VSL,20011101,2.35,2.35,2.3,2.32,145804
VTI,20011101,0.475,0.48,0.465,0.48,355692
VWD,20011101,0.56,0.56,0.54,0.54,111880
VWL,20011101,0.115,0.115,0.115,0.115,95000
VXS,20011101,0.18,0.18,0.17,0.17,10000
WAL,20011101,0.45,0.45,0.43,0.43,16500
WAM,20011101,1.27,1.27,1.26,1.26,15240
WAN,20011101,5.22,5.26,5.16,5.21,64838
WBA,20011101,0.35,0.355,0.35,0.355,21809
WBC,20011101,14.82,14.83,14.57,14.67,6976770
WEB,20011101,0.046,0.046,0.044,0.044,56400
WES,20011101,29.808,30.08,29.75,29.966,468759
WET,20011101,0.02,0.02,0.02,0.02,100000
WFA,20011101,1.83,1.83,1.82,1.83,1620546
WFL,20011101,0.69,0.69,0.69,0.69,1500
WFT,20011101,3.48,3.5,3.47,3.5,3840126
WGR,20011101,0.061,0.061,0.061,0.061,23900
WHK,20011101,0.003,0.003,0.003,0.003,465000
WHL,20011101,0.057,0.057,0.057,0.057,40000
WHS,20011101,5.3,5.38,5.3,5.38,9338
WJM,20011101,4.006,4.006,3.9,3.9,5143
WMC,20011101,9.34,9.54,9.34,9.49,4445459
WME,20011101,0.06,0.06,0.06,0.06,30000
WMT,20011101,0.034,0.034,0.033,0.033,1388220
WON,20011101,0.045,0.045,0.044,0.044,438570
WOW,20011101,11.35,11.45,11.35,11.38,2717123
WPL,20011101,13.8,13.89,13.72,13.75,1198951
WPO,20011101,0.1,0.1,0.1,0.1,216835
WRF,20011101,0.36,0.36,0.36,0.36,2989
WSA,20011101,0.155,0.155,0.155,0.155,35500
WSF,20011101,17,17.04,16.89,17.018,938857
WSG,20011101,0.079,0.08,0.078,0.08,1172988
WSY,20011101,0.026,0.026,0.026,0.026,23000
WTP,20011101,0.295,0.295,0.295,0.295,20000
WWA,20011101,0.489,0.49,0.47,0.47,75700
WYL,20011101,1.6,1.65,1.6,1.639,38934
XAI,20011101,5501.7,5514.1,5493.4,5500,0
XAM,20011101,650.1,657.3,649.6,654.7,0
XAN,20011101,0.25,0.255,0.245,0.25,155641
XAO,20011101,3185.3,3194.2,3181.6,3185.7,0
XAR,20011101,1395.7,1407.1,1395.7,1399.5,0
XAT,20011101,14806.8,14867.8,14769.2,14794.3,0
XBF,20011101,8848.9,8848.9,8789.9,8806,0
XBI,20011101,4876.3,4876.3,4846.3,4854,0
XBM,20011101,3136.3,3173.8,3136.3,3171.9,0
XCE,20011101,2018.4,2018.4,2000.1,2009.8,0
XDC,20011101,8235.2,8248.9,8206.1,8229.5,0
XDI,20011101,6045.9,6088.3,6028.6,6066.5,0
XDJ,20011101,2062.5,2087.8,2061.4,2079.9,0
XDR,20011101,3402.1,3444.9,3402.1,3421.3,0
XEG,20011101,1279.3,1295.4,1279.3,1286.7,0
XEJ,20011101,4251.7,4251.7,4197.1,4207.4,0
XEN,20011101,0.085,0.085,0.08,0.08,20000
XEY,20011101,1548.2,1548.2,1530.8,1533.3,0
XFH,20011101,4262.5,4300.4,4250.9,4280,0
XFJ,20011101,4100.1,4100.1,4080.1,4086.7,0
XFL,20011101,3347.2,3355.7,3342,3345.4,0
XGO,20011101,890.8,898.8,887.7,892.1,0
XHB,20011101,6049.9,6052.8,5999.9,6020.2,0
XHJ,20011101,6183.3,6185.8,6125.7,6147.8,0
XIF,20011101,3296.8,3322.3,3293.6,3308.8,0
XIJ,20011101,569.1,579.7,566.2,575,0
XIN,20011101,6733.9,6759.4,6691.1,6712.5,0
XIU,20011101,2865.1,2894.4,2865.1,2886.2,0
XJI,20011101,5624.4,5635.7,5615,5620.6,0
XJO,20011101,3249.6,3258.1,3245.3,3248.8,0
XJP,20011101,1420.8,1424.9,1417.2,1424.9,0
XJR,20011101,1410.3,1422.5,1410.3,1413.7,0
XKI,20011101,5603,5614.3,5593.8,5599.6,0
XKO,20011101,3238.3,3246.7,3234.1,3237.6,0
XKP,20011101,1423.8,1428,1420.4,1428,0
XKR,20011101,1407,1419,1407,1410.4,0
XMD,20011101,2434.1,2439.6,2428.5,2436.2,0
XME,20011101,25975.1,26265.8,25973.4,26149.3,0
XMI,20011101,1522.3,1529.3,1515.9,1524,0
XMJ,20011101,3740.5,3773.3,3740.5,3759.9,0
XMR,20011101,825.6,825.6,816.8,819.7,0
XMT,20011101,2854.4,2862.1,2849,2858.7,0
XNJ,20011101,4297.9,4346.9,4295.9,4335,0
XOM,20011101,762.8,781.2,762.8,776.5,0
XPJ,20011101,1421,1425.1,1417.4,1425.1,0
XPP,20011101,1586.4,1587.4,1568.1,1569.3,0
XPT,20011101,1425.4,1429.8,1422.2,1429.8,0
XRE,20011101,5480.7,5556,5475.8,5527.4,0
XSI,20011101,1842.7,1850.2,1840.4,1844.9,0
XSJ,20011101,4280.8,4301,4275,4283.9,0
XSO,20011101,1617.2,1625.7,1616,1621.1,0
XSR,20011101,1109.4,1125.3,1109.4,1122.2,0
XTI,20011101,3028.2,3033.8,3022.8,3025.9,0
XTJ,20011101,1746.1,1759.3,1719.7,1719.7,0
XTL,20011101,1912.9,1918.9,1908.5,1909.5,0
XTO,20011101,2657,2663.6,2653.2,2655.9,0
XTP,20011101,6724.6,6815.2,6716.8,6765.2,0
XTR,20011101,1940.7,1957.7,1940.2,1944.5,0
XTU,20011101,3153.8,3196.3,3136.1,3184.6,0
XUJ,20011101,3239.8,3245.6,3207.7,3210.8,0
XXJ,20011101,4191.1,4191.1,4166.3,4172.6,0
YAM,20011101,0.009,0.009,0.009,0.009,311500
YDR,20011101,0.051,0.051,0.051,0.051,60000
YTL,20011101,0.145,0.15,0.14,0.14,485672
ZEL,20011101,0.125,0.125,0.12,0.12,23100
ZIM,20011101,0.9,0.92,0.9,0.9,28610
ZYL,20011101,0.085,0.085,0.075,0.075,139140
