AAC,20010924,0.772,0.772,0.72,0.73,188300
AAR,20010924,0.017,0.017,0.017,0.017,131248
AAT,20010924,0.23,0.23,0.195,0.215,821082
ABC,20010924,0.63,0.67,0.63,0.67,143676
ABG,20010924,1.803,1.85,1.803,1.85,89753
ABI,20010924,0.8,0.8,0.75,0.75,14000
ABS,20010924,6.05,6.05,6,6,3700
ACC,20010924,0.016,0.016,0.016,0.016,28000
ACU,20010924,0.096,0.1,0.096,0.1,20800
ACV,20010924,0.08,0.08,0.08,0.08,100000
ADA,20010924,0.97,0.97,0.91,0.91,44016
ADB,20010924,5.8,5.87,5.51,5.7,79645
ADG,20010924,1.88,1.88,1.86,1.86,18761
ADM,20010924,0.042,0.042,0.042,0.042,8894
ADN,20010924,0.05,0.05,0.05,0.05,70000
ADP,20010924,2.53,2.54,2.47,2.475,1544519
ADR,20010924,0.032,0.035,0.03,0.032,501000
ADS,20010924,0.025,0.025,0.025,0.025,35242
ADX,20010924,0.18,0.18,0.18,0.18,4350
ADZ,20010924,2.05,2.08,2.03,2.04,414631
AEC,20010924,0.84,0.84,0.83,0.83,37500
AEO,20010924,1.86,1.95,1.86,1.92,722441
AES,20010924,0.305,0.315,0.305,0.315,45000
AET,20010924,1.75,1.75,1.75,1.75,250
AEX,20010924,0.14,0.14,0.135,0.135,312100
AFF,20010924,0.27,0.27,0.27,0.27,21905
AFI,20010924,2.682,2.69,2.58,2.6,841098
AFL,20010924,0.6,0.6,0.6,0.6,487
AGA,20010924,0.007,0.007,0.007,0.007,100000
AGG,20010924,65,65,63,63,350
AGH,20010924,0.59,0.6,0.58,0.58,109950
AGL,20010924,9.3,9.3,9.1,9.2,1660072
AGM,20010924,0.032,0.032,0.032,0.032,136500
AGS,20010924,0.048,0.048,0.048,0.048,20000
AGT,20010924,0.794,0.794,0.72,0.79,39124
AGX,20010924,0.243,0.25,0.24,0.25,178534
AGY,20010924,0.35,0.35,0.33,0.33,38500
AGZ,20010924,0.01,0.011,0.009,0.009,541568
AHD,20010924,1.641,1.641,1.52,1.57,30000
AHT,20010924,0.47,0.47,0.46,0.46,22500
AIA,20010924,2.6,2.6,2.6,2.6,239500
AIE,20010924,0.165,0.175,0.16,0.165,288529
AIL,20010924,0.3,0.3,0.3,0.3,2000
AIP,20010924,1.038,1.04,1.02,1.02,148750
AIX,20010924,1.35,1.35,1.29,1.29,91735
AJL,20010924,0.88,0.89,0.88,0.89,14000
AKC,20010924,2.58,2.75,2.55,2.75,28418
AKD,20010924,0.015,0.015,0.015,0.015,400000
ALK,20010924,0.165,0.17,0.165,0.165,90000
ALL,20010924,5.25,5.416,5.14,5.416,2380268
ALN,20010924,3.357,3.36,3.32,3.32,111828
ALO,20010924,0.55,0.55,0.54,0.54,97000
ALU,20010924,4.04,4.04,3.9,3.97,56150
ALZ,20010924,1.45,1.47,1.45,1.47,52363
AMC,20010924,5.718,5.8,5.68,5.75,1581059
AMG,20010924,0.14,0.14,0.13,0.13,48001
AMH,20010924,1.44,1.45,1.44,1.45,38400
AML,20010924,0.63,0.63,0.62,0.62,35500
AMM,20010924,0.11,0.11,0.1,0.1,159000
AMP,20010924,17.025,17.08,16.63,17,2335536
ANC,20010924,4.4,4.4,4.4,4.4,1000
ANK,20010924,0.085,0.085,0.05,0.05,6000
ANL,20010924,0.5,0.51,0.45,0.5,289372
ANM,20010924,1.01,1.01,0.92,0.94,80645
ANX,20010924,0.21,0.25,0.2,0.22,55877
ANZ,20010924,14.25,14.4,14,14.27,6258490
AOF,20010924,1.25,1.25,1.2,1.2,338404
AOG,20010924,1.3,1.31,1.3,1.3,34300
AOV,20010924,0.061,0.061,0.061,0.061,3496
APA,20010924,2.355,2.37,2.3,2.34,249528
APG,20010924,0.1,0.1,0.1,0.1,5560
API,20010924,2.38,2.42,2.37,2.39,10912
APN,20010924,3.5,3.56,3.22,3.56,304872
APX,20010924,0.01,0.011,0.01,0.011,3300000
APY,20010924,0.36,0.36,0.35,0.35,101500
AQP,20010924,7.513,7.513,7,7.2,82275
AQT,20010924,0.085,0.085,0.08,0.08,66667
ARA,20010924,0.205,0.205,0.2,0.2,16550
ARC,20010924,0.085,0.085,0.085,0.085,30000
ARG,20010924,3.65,3.7,3.45,3.7,181136
ARL,20010924,0.16,0.165,0.115,0.14,4411201
ARO,20010924,0.045,0.045,0.045,0.045,10700
ARP,20010924,8.558,8.56,8.55,8.55,3425
ARQ,20010924,0.092,0.094,0.09,0.09,502000
ART,20010924,1.37,1.37,1.34,1.352,284288
ASB,20010924,1.03,1.03,1,1,51950
ASC,20010924,0.125,0.125,0.125,0.125,49574
ASL,20010924,0.08,0.08,0.08,0.08,4041
ASP,20010924,0.04,0.04,0.04,0.04,123
ASX,20010924,10,10.37,9.93,10.22,609310
ATE,20010924,0.1,0.1,0.1,0.1,16000
ATP,20010924,0.27,0.27,0.27,0.27,20037
ATR,20010924,0.46,0.46,0.46,0.46,8500
ATT,20010924,0.059,0.059,0.058,0.058,226000
ATX,20010924,0.08,0.08,0.08,0.08,200000
AUD,20010924,1.23,1.27,1.2,1.27,94332
AUG,20010924,0.12,0.125,0.115,0.125,1617000
AUI,20010924,3.61,3.61,3.51,3.51,19871
AUL,20010924,0.007,0.007,0.007,0.007,50000
AUM,20010924,0.014,0.014,0.014,0.014,48500
AUN,20010924,0.26,0.26,0.23,0.24,1464577
AUO,20010924,0.25,0.25,0.23,0.23,135950
AUR,20010924,0.045,0.045,0.045,0.045,102000
AUY,20010924,0.49,0.49,0.46,0.47,22517
AVA,20010924,0.008,0.01,0.008,0.01,330000
AVJ,20010924,0.72,0.72,0.7,0.71,11850
AVR,20010924,0.12,0.12,0.115,0.115,1052000
AVT,20010924,0.046,0.048,0.041,0.041,243155
AWB,20010924,3.414,3.45,3.28,3.28,176439
AWE,20010924,0.47,0.47,0.44,0.44,125042
AXA,20010924,2.191,2.25,2.15,2.25,5319884
AXN,20010924,0.6,0.64,0.59,0.64,525500
AYO,20010924,0.58,0.58,0.55,0.58,75500
AZE,20010924,0.018,0.018,0.018,0.018,250000
AZR,20010924,0.031,0.031,0.031,0.031,43000
BAY,20010924,8.4,8.4,8.4,8.4,58000
BBG,20010924,6.3,6.3,6.03,6.19,310381
BCH,20010924,0.1,0.1,0.1,0.1,9000
BDF,20010924,2.2,2.31,2.2,2.31,550383
BDL,20010924,0.445,0.45,0.425,0.43,116339
BDS,20010924,0.98,0.98,0.98,0.98,4000
BEN,20010924,6,6.05,5.9,5.97,63497
BGD,20010924,0.09,0.09,0.08,0.08,161888
BGN,20010924,0.83,0.9,0.79,0.88,61928
BHP,20010924,8.1,8.18,7.99,8.12,17731992
BIC,20010924,0.35,0.35,0.35,0.35,17241
BIG,20010924,0.065,0.065,0.065,0.065,7150
BIL,20010924,9,9.25,8.97,9.09,5189682
BIR,20010924,0.64,0.66,0.63,0.65,1831369
BIT,20010924,0.3,0.3,0.28,0.28,162000
BKL,20010924,5.6,5.65,5.6,5.65,8660
BKR,20010924,0.15,0.15,0.15,0.15,170000
BKS,20010924,0.026,0.026,0.025,0.025,470600
BKV,20010924,0.25,0.25,0.245,0.25,12401
BKW,20010924,5.3,5.3,5.05,5.15,41420
BLD,20010924,2.85,2.85,2.73,2.807,5063796
BLO,20010924,0.125,0.125,0.115,0.115,180024
BLR,20010924,0.045,0.045,0.042,0.042,80000
BLV,20010924,0.15,0.15,0.15,0.15,2800
BMC,20010924,0.042,0.042,0.037,0.038,33353
BMR,20010924,0.28,0.28,0.28,0.28,6500
BMS,20010924,0.45,0.45,0.45,0.45,11000
BMX,20010924,0.18,0.185,0.165,0.165,175610
BNK,20010924,0.8,0.84,0.8,0.84,42550
BNO,20010924,0.62,0.62,0.57,0.57,35000
BOC,20010924,0.14,0.14,0.14,0.14,300
BOQ,20010924,5.85,5.85,5.55,5.55,49905
BPC,20010924,0.41,0.42,0.405,0.42,2005044
BPO,20010924,0.155,0.16,0.14,0.155,132596
BPT,20010924,0.047,0.048,0.046,0.047,1706486
BRC,20010924,0.185,0.185,0.185,0.185,36000
BRE,20010924,0.015,0.015,0.015,0.015,106392
BRI,20010924,0.23,0.23,0.23,0.23,1000
BRL,20010924,9.7,9.7,9.56,9.65,742883
BRS,20010924,2.1,2.12,2.1,2.1,286361
BRY,20010924,0.22,0.22,0.19,0.2,187706
BRZ,20010924,1.18,1.19,1.12,1.19,2499663
BSO,20010924,3.66,3.66,3.66,3.66,6600
BTA,20010924,0.38,0.385,0.37,0.385,265142
BTB,20010924,0.055,0.065,0.055,0.065,30000
BTC,20010924,0.243,0.275,0.243,0.275,54900
BTE,20010924,0.6,0.6,0.59,0.59,63106
BTG,20010924,0.58,0.58,0.55,0.56,86092
BTO,20010924,1.544,1.544,1.43,1.52,268396
BUG,20010924,0.375,0.375,0.37,0.37,13646
BWA,20010924,3.557,3.56,3.49,3.51,687839
BWI,20010924,0.92,0.92,0.92,0.92,6400
BWP,20010924,1.26,1.28,1.26,1.28,412973
BYI,20010924,0.4,0.4,0.4,0.4,2000
CAA,20010924,1.82,1.87,1.82,1.85,170636
CAB,20010924,2.81,2.9,2.8,2.9,10200
CAG,20010924,0.065,0.069,0.065,0.067,253192
CAI,20010924,0.51,0.51,0.5,0.5,99077
CAT,20010924,5.1,5.1,5,5,6437
CBA,20010924,25.023,25.35,24.76,25.14,3100519
CBD,20010924,0.019,0.019,0.019,0.019,25000
CBI,20010924,1.47,1.47,1.47,1.47,24000
CBT,20010924,0.049,0.05,0.049,0.05,196943
CBW,20010924,0.3,0.3,0.255,0.3,45452
CCH,20010924,0.13,0.13,0.12,0.12,24000
CCK,20010924,0.15,0.15,0.14,0.14,37620
CCL,20010924,5.276,5.51,5.276,5.421,2366940
CCO,20010924,0.02,0.024,0.015,0.015,253400
CCV,20010924,0.035,0.035,0.035,0.035,250000
CCZ,20010924,0.75,0.78,0.75,0.78,53102
CDF,20010924,1.04,1.06,1.04,1.06,74647
CDK,20010924,0.91,0.91,0.91,0.91,4000
CDO,20010924,1.45,1.5,1.43,1.47,85290
CDP,20010924,2.03,2.05,2.03,2.03,39500
CDR,20010924,0.8,0.83,0.8,0.8,10053
CDX,20010924,0.72,0.72,0.72,0.72,26300
CED,20010924,0.145,0.145,0.145,0.145,2000
CEP,20010924,3.17,3.19,3.15,3.17,449813
CEQ,20010924,1.84,1.84,1.76,1.77,62060
CEW,20010924,1.07,1.07,1.05,1.05,16568
CEY,20010924,1.13,1.13,1.09,1.09,87187
CFR,20010924,0.018,0.018,0.017,0.017,325500
CFS,20010924,0.45,0.45,0.45,0.45,2200
CFT,20010924,2.086,2.086,2.029,2.029,383100
CHB,20010924,21.05,21.05,21.05,21.05,936
CHF,20010924,0.76,0.98,0.76,0.98,691464
CHL,20010924,0.185,0.185,0.185,0.185,9132
CHO,20010924,14.756,14.756,13.93,13.95,2770
CHQ,20010924,0.36,0.36,0.35,0.36,112100
CHR,20010924,1.5,1.5,1.5,1.5,3800
CHS,20010924,0.09,0.09,0.09,0.09,4000
CHY,20010924,1.19,1.19,1.16,1.16,26061
CIN,20010924,6.8,6.8,6.8,6.8,1500
CIR,20010924,1.5,1.5,1.46,1.47,54865
CKG,20010924,0.03,0.03,0.029,0.029,332000
CLA,20010924,0.26,0.26,0.26,0.26,10000
CLH,20010924,4.25,4.25,4.07,4.1,83458
CLI,20010924,2.89,2.89,2.7,2.75,603891
CLL,20010924,1.6,1.6,1.6,1.6,5000
CLO,20010924,0.793,0.793,0.77,0.78,44700
CLT,20010924,1.03,1.03,1.03,1.03,12453
CLV,20010924,0.15,0.15,0.14,0.14,212150
CMI,20010924,1.123,1.123,1.1,1.11,21496
CML,20010924,7.12,7.2,7.06,7.132,1710991
CMP,20010924,0.55,0.55,0.5,0.54,47740
CMQ,20010924,0.517,0.58,0.517,0.58,66119
CMS,20010924,0.057,0.057,0.05,0.05,100000
CNG,20010924,0.298,0.298,0.285,0.29,170000
CNM,20010924,0.023,0.023,0.021,0.021,386000
CNN,20010924,0.033,0.033,0.033,0.033,4800
CNT,20010924,0.11,0.11,0.1,0.105,503265
COA,20010924,0.8,0.81,0.76,0.78,145879
COF,20010924,1.75,1.75,1.6,1.6,2454
COH,20010924,42.9,42.9,41.04,42.297,403428
COM,20010924,0.195,0.195,0.195,0.195,2000
COO,20010924,0.13,0.13,0.1,0.1,114500
COU,20010924,0.44,0.44,0.435,0.435,136890
CPA,20010924,1.18,1.18,1.16,1.16,788927
CPB,20010924,4.65,4.65,4.55,4.55,24601
CPC,20010924,0.215,0.23,0.215,0.22,55146
CPH,20010924,0.425,0.43,0.42,0.425,449701
CPI,20010924,0.71,0.71,0.71,0.71,2000
CPN,20010924,0.15,0.15,0.15,0.15,20000
CPU,20010924,4.2,4.32,4.18,4.3,2244047
CRG,20010924,6.73,6.75,6.66,6.66,35789
CRL,20010924,0.052,0.052,0.052,0.052,46400
CRS,20010924,0.295,0.31,0.29,0.3,259540
CSB,20010924,0.07,0.07,0.07,0.07,1000
CSI,20010924,0.032,0.045,0.032,0.045,200000
CSL,20010924,43,43,41.06,42.5,367790
CSR,20010924,5.79,5.79,5.6,5.64,4457231
CST,20010924,1.152,1.152,1.07,1.14,196178
CTL,20010924,1.75,1.75,1.65,1.75,118268
CTO,20010924,0.06,0.06,0.059,0.059,52500
CTX,20010924,0.93,0.94,0.9,0.93,485800
CUE,20010924,0.041,0.041,0.038,0.04,488000
CVI,20010924,0.27,0.27,0.22,0.22,2000
CVN,20010924,0.051,0.051,0.051,0.051,147815
CXP,20010924,4.5,4.5,4.35,4.44,121971
CYG,20010924,3.5,3.5,3.45,3.45,27937
DAD,20010924,5.45,5.49,5.4,5.46,272531
DCL,20010924,0.071,0.071,0.07,0.07,234800
DCS,20010924,0.032,0.032,0.032,0.032,6000
DDF,20010924,1.14,1.14,1.11,1.13,2236602
DFT,20010924,0.006,0.006,0.006,0.006,30000
DGD,20010924,2.12,2.13,2.08,2.1,2923841
DGH,20010924,0.495,0.495,0.495,0.495,16000
DGM,20010924,0.005,0.005,0.005,0.005,963722
DIO,20010924,0.055,0.055,0.054,0.054,120000
DIT,20010924,1.48,1.48,1.47,1.48,449029
DJS,20010924,1.1,1.13,1.09,1.12,1793387
DJW,20010924,3.09,3.14,3.05,3.05,105258
DKN,20010924,0.14,0.145,0.14,0.145,91000
DKS,20010924,8.1,8.1,8.1,8.1,1443
DLS,20010924,0.045,0.046,0.043,0.043,315000
DMX,20010924,0.14,0.15,0.14,0.14,163060
DMY,20010924,0.8,0.8,0.8,0.8,5000
DOM,20010924,0.32,0.35,0.32,0.35,132032
DOT,20010924,1.33,1.33,1.3,1.32,2621415
DOW,20010924,0.6,0.61,0.58,0.6,159784
DRA,20010924,0.027,0.027,0.027,0.027,6863
DRD,20010924,2.186,2.34,2.186,2.29,29950
DRE,20010924,0.55,0.55,0.52,0.52,23000
DRN,20010924,0.08,0.08,0.08,0.08,6250
DSW,20010924,0.007,0.009,0.007,0.009,406000
DTL,20010924,0.35,0.35,0.35,0.35,632
DUI,20010924,1.69,1.7,1.69,1.7,23500
DVC,20010924,1.11,1.11,1.11,1.11,3600
DVN,20010924,0.16,0.16,0.16,0.16,60127
DVT,20010924,0.049,0.05,0.048,0.05,2518768
DWY,20010924,0.325,0.325,0.32,0.32,152002
EBR,20010924,0.089,0.089,0.087,0.087,54405
EBT,20010924,0.18,0.18,0.17,0.18,41300
ECP,20010924,0.24,0.245,0.24,0.245,148364
ECU,20010924,0.014,0.014,0.014,0.014,325000
EEC,20010924,0.046,0.046,0.04,0.042,472141
EEL,20010924,0.465,0.52,0.465,0.52,37682
EFC,20010924,0.33,0.33,0.31,0.31,30000
EGI,20010924,0.17,0.17,0.15,0.15,15000
EGO,20010924,0.023,0.025,0.023,0.025,63626
EHY,20010924,0.03,0.03,0.03,0.03,5000
EIF,20010924,0.08,0.08,0.08,0.08,73000
ELL,20010924,0.056,0.056,0.056,0.056,10631
ELX,20010924,0.555,0.57,0.55,0.57,142280
EMI,20010924,0.03,0.03,0.025,0.025,81930
EMM,20010924,0.1,0.1,0.1,0.1,375500
EMP,20010924,0.35,0.35,0.35,0.35,10000
ENE,20010924,6.5,6.5,6.3,6.43,297613
ENV,20010924,0.83,0.84,0.82,0.82,165350
EPR,20010924,0.15,0.17,0.15,0.17,43616
EPT,20010924,0.05,0.05,0.05,0.05,10000
EQI,20010924,0.485,0.485,0.485,0.485,12000
EQX,20010924,0.002,0.002,0.002,0.002,350000
ERA,20010924,1.75,1.8,1.75,1.8,5403
ERG,20010924,0.56,0.59,0.55,0.56,6848920
ERS,20010924,0.75,0.8,0.75,0.8,15875
ESG,20010924,0.13,0.13,0.13,0.13,50000
ESI,20010924,0.53,0.54,0.53,0.53,45530
ESL,20010924,0.55,0.62,0.55,0.62,1640
EST,20010924,0.065,0.065,0.065,0.065,50000
ESV,20010924,0.55,0.55,0.4,0.4,10312
ESX,20010924,0.06,0.06,0.06,0.06,16000
ETR,20010924,0.53,0.53,0.455,0.48,158393
ETT,20010924,0.065,0.065,0.063,0.063,303000
ETW,20010924,1.25,1.25,1.15,1.2,21663
EVM,20010924,0.29,0.3,0.29,0.29,17000
EZL,20010924,0.45,0.45,0.45,0.45,2031
FAN,20010924,1.1,1.13,1.1,1.1,21300
FAR,20010924,0.09,0.09,0.09,0.09,5800
FBU,20010924,1.89,1.9,1.89,1.9,76
FCL,20010924,1.49,1.49,1.45,1.45,3772799
FDR,20010924,1,1.04,0.98,1.04,39254
FEA,20010924,0.07,0.075,0.07,0.075,68500
FFL,20010924,1.15,1.15,1.149,1.149,30880
FFS,20010924,0.19,0.2,0.19,0.2,20134
FGL,20010924,4.924,4.95,4.87,4.89,8347428
FGR,20010924,0.007,0.007,0.007,0.007,320000
FHF,20010924,15.208,15.31,14.81,15,2640218
FKP,20010924,0.87,0.91,0.87,0.91,70000
FLE,20010924,0.15,0.15,0.15,0.15,15000
FLK,20010924,0.57,0.57,0.5,0.5,2600
FLO,20010924,0.095,0.1,0.09,0.09,56000
FLT,20010924,17.5,18.2,17,18.2,37476
FNC,20010924,0.5,0.53,0.445,0.52,2923804
FOA,20010924,11.8,11.9,11.6,11.82,381023
FRU,20010924,1.18,1.18,1.18,1.18,68100
FSL,20010924,0.02,0.02,0.02,0.02,5000
FUN,20010924,0.41,0.42,0.405,0.42,27970
FWD,20010924,1.31,1.32,1.31,1.32,79037
FXJ,20010924,3.1,3.16,3.03,3.13,2234183
GAN,20010924,1.15,1.16,1.13,1.13,1327032
GAP,20010924,0.57,0.57,0.56,0.56,200
GBG,20010924,0.12,0.125,0.12,0.125,194000
GBL,20010924,0.092,0.092,0.092,0.092,28868
GCR,20010924,0.08,0.08,0.079,0.08,127000
GDM,20010924,0.38,0.38,0.365,0.365,138655
GDP,20010924,2.68,2.68,2.57,2.6,30500
GED,20010924,0.04,0.04,0.04,0.04,54000
GFD,20010924,0.215,0.215,0.215,0.215,2000
GGL,20010924,0.84,0.87,0.84,0.87,344752
GGY,20010924,0.023,0.025,0.023,0.025,123000
GHG,20010924,0.74,0.74,0.66,0.66,220140
GIL,20010924,0.23,0.23,0.23,0.23,13000
GLB,20010924,1.59,1.59,1.49,1.53,163614
GLD,20010924,2.209,2.25,2.18,2.18,340147
GLP,20010924,0.018,0.018,0.018,0.018,65871
GME,20010924,0.018,0.018,0.018,0.018,23333
GMF,20010924,1.3,1.31,1.29,1.29,6177087
GNC,20010924,11.03,11.03,10.8,10.8,5060
GNS,20010924,3.6,3.63,3.54,3.54,136026
GOD,20010924,0.016,0.017,0.016,0.017,70000
GPN,20010924,0.011,0.011,0.011,0.011,252888
GPO,20010924,0.072,0.08,0.072,0.08,96093
GPT,20010924,2.76,2.77,2.72,2.75,3433268
GRD,20010924,0.83,0.85,0.83,0.85,25625
GRN,20010924,0.031,0.031,0.03,0.03,250000
GRO,20010924,2.15,2.15,2.05,2.05,12000
GSE,20010924,0.034,0.034,0.034,0.034,100000
GSP,20010924,1.15,1.15,1.1,1.12,1664932
GTG,20010924,0.33,0.33,0.25,0.29,84000
GTM,20010924,0.022,0.023,0.021,0.021,1027133
GTP,20010924,0.528,0.53,0.52,0.53,40169
GUD,20010924,1.65,1.65,1.62,1.62,134950
GUN,20010924,0.1,0.1,0.08,0.08,31000
GWT,20010924,2.18,2.18,2.01,2.12,602122
GYM,20010924,0.57,0.61,0.55,0.55,522673
GZL,20010924,2,2,2,2,4000
HAH,20010924,4,4,3.77,3.94,1708419
HAM,20010924,2,2,2,2,200
HAN,20010924,12.29,12.3,12.25,12.3,10605
HAO,20010924,0.11,0.11,0.11,0.11,5000
HBR,20010924,0.35,0.35,0.305,0.305,18616
HCN,20010924,0.33,0.33,0.32,0.32,10900
HDN,20010924,0.16,0.16,0.14,0.14,224000
HDR,20010924,0.415,0.415,0.385,0.4,2642977
HER,20010924,0.37,0.38,0.37,0.38,9000
HFY,20010924,0.87,0.89,0.87,0.88,199557
HGO,20010924,0.075,0.075,0.075,0.075,2000
HGV,20010924,0.63,0.63,0.6,0.6,40700
HIC,20010924,0.558,0.57,0.558,0.57,34000
HIG,20010924,0.082,0.089,0.082,0.089,26872
HIL,20010924,2.38,2.38,2.3,2.3,16732
HIT,20010924,0.38,0.38,0.38,0.38,7900
HLM,20010924,0.14,0.14,0.14,0.14,149670
HLX,20010924,0.34,0.34,0.34,0.34,17000
HLY,20010924,5.512,5.57,5.49,5.56,690008
HOM,20010924,1.02,1.05,1,1.05,70100
HPL,20010924,1,1.05,1,1.05,7275
HPX,20010924,2.18,2.25,2.18,2.25,52950
HRD,20010924,0.1,0.1,0.1,0.1,77818
HRP,20010924,1.58,1.58,1.57,1.57,135361
HRT,20010924,0.17,0.18,0.17,0.175,109000
HRZ,20010924,0.21,0.22,0.21,0.21,511394
HSM,20010924,17.75,17.9,17.55,17.56,1919
HSN,20010924,1.4,1.41,1.4,1.4,28554
HSP,20010924,2.05,2.12,2.02,2.11,150316
HTA,20010924,0.12,0.13,0.115,0.13,2101259
HTE,20010924,0.11,0.11,0.11,0.11,57077
HVN,20010924,3.39,3.39,3.16,3.2,1663002
HWE,20010924,0.94,0.96,0.94,0.96,141638
HWI,20010924,0.68,0.68,0.67,0.67,78118
HWT,20010924,0.5,0.5,0.46,0.46,12500
IAS,20010924,0.18,0.21,0.18,0.21,51660
IBA,20010924,0.175,0.195,0.175,0.175,38100
IBI,20010924,0.11,0.11,0.11,0.11,50000
ICH,20010924,0.055,0.055,0.055,0.055,35350
ICM,20010924,0.038,0.038,0.033,0.033,56481
ICN,20010924,0.061,0.065,0.06,0.06,75000
ICO,20010924,0.006,0.006,0.006,0.006,32500
ICP,20010924,0.275,0.275,0.27,0.275,130200
IDT,20010924,3.55,3.6,3.3,3.6,62554
IDX,20010924,2.4,2.4,2.37,2.4,164533
IFM,20010924,1.5,1.5,1.45,1.47,806822
IGM,20010924,0.021,0.021,0.02,0.02,239200
IGP,20010924,2.22,2.25,2.22,2.25,10706
IHG,20010924,0.56,0.57,0.52,0.56,51271
IIF,20010924,1.51,1.52,1.51,1.51,642968
IIN,20010924,0.27,0.27,0.25,0.25,15650
ILU,20010924,3.491,3.491,3.3,3.37,661094
IMD,20010924,0.25,0.25,0.22,0.25,65000
INV,20010924,0.15,0.15,0.15,0.15,1700
IOF,20010924,1.13,1.17,1.13,1.16,547839
ION,20010924,1.136,1.2,1.11,1.19,462767
IPG,20010924,1.98,1.99,1.953,1.953,1005592
IPH,20010924,1.6,1.62,1.6,1.6,242259
IRC,20010924,0.03,0.03,0.03,0.03,100000
IRI,20010924,0.45,0.46,0.43,0.46,114469
ISC,20010924,0.038,0.038,0.038,0.038,4000
ITC,20010924,0.045,0.045,0.042,0.044,137972
ITE,20010924,0.125,0.125,0.115,0.115,20000
ITL,20010924,0.2,0.2,0.2,0.2,10000
IVK,20010924,0.012,0.012,0.012,0.012,1200
IWF,20010924,0.65,0.65,0.6,0.6,25000
IWI,20010924,2.55,2.55,2.55,2.55,8926
IWL,20010924,0.18,0.19,0.18,0.18,43755
IXL,20010924,0.016,0.016,0.016,0.016,75876
JAM,20010924,0.11,0.11,0.11,0.11,16000
JBM,20010924,1.084,1.15,1.084,1.15,87500
JJS,20010924,1.34,1.34,1.33,1.34,207851
JLA,20010924,0.046,0.046,0.04,0.045,720575
JRR,20010924,0.89,0.89,0.89,0.89,42001
JRV,20010924,0.03,0.03,0.028,0.028,750000
JUP,20010924,3.99,4,3.95,3.97,505700
KAZ,20010924,1,1.01,0.95,1.01,334065
KBO,20010924,0.095,0.095,0.095,0.095,104498
KCN,20010924,0.8,0.8,0.8,0.8,3000
KGM,20010924,0.23,0.23,0.23,0.23,36500
KIC,20010924,1.7,1.7,1.6,1.63,57468
KIM,20010924,0.51,0.51,0.48,0.48,130700
KLS,20010924,0.06,0.06,0.06,0.06,16100
KMN,20010924,0.047,0.05,0.045,0.05,550750
KOV,20010924,1.05,1.05,1.05,1.05,1180
KRZ,20010924,0.016,0.016,0.016,0.016,95001
KSC,20010924,1.83,1.83,1.82,1.82,5938
KSM,20010924,0.043,0.043,0.04,0.04,742000
KYC,20010924,0.9,0.9,0.83,0.89,100950
KZL,20010924,0.27,0.27,0.26,0.26,97599
LAC,20010924,10.269,10.34,10.2,10.29,591435
LAF,20010924,0.06,0.06,0.06,0.06,16000
LAS,20010924,0.31,0.31,0.31,0.31,2450
LCH,20010924,0.105,0.12,0.105,0.12,74800
LCL,20010924,0.75,0.75,0.75,0.75,4000
LCO,20010924,0.61,0.61,0.6,0.6,23750
LEG,20010924,0.11,0.11,0.1,0.1,67000
LEI,20010924,9,9.12,8.56,9.1,428976
LEL,20010924,0.16,0.16,0.16,0.16,550
LHG,20010924,1.1,1.16,1.1,1.13,9843154
LKO,20010924,0.034,0.034,0.031,0.031,1186050
LLC,20010924,10.05,10.95,10.05,10.813,1407900
LMC,20010924,0.82,0.82,0.82,0.82,13700
LNN,20010924,4.72,4.8,4.63,4.64,791958
LOK,20010924,0.045,0.049,0.044,0.048,2234690
LON,20010924,0.27,0.27,0.26,0.26,33750
LSG,20010924,0.54,0.55,0.53,0.55,18500
LUO,20010924,1.26,1.26,1.24,1.26,453719
MAG,20010924,1.7,1.7,1.65,1.65,7326
MAH,20010924,0.1,0.1,0.097,0.1,472000
MAQ,20010924,0.09,0.09,0.072,0.086,102275
MAX,20010924,0.85,0.89,0.83,0.89,40811
MAY,20010924,6.917,6.98,6.62,6.62,4576522
MBG,20010924,0.065,0.07,0.065,0.07,75000
MBL,20010924,34,34,32.5,33.3,394486
MBP,20010924,0.5,0.51,0.5,0.5,27100
MBX,20010924,0.028,0.028,0.028,0.028,22000
MCA,20010924,0.74,0.74,0.65,0.65,13790
MCC,20010924,0.96,0.98,0.96,0.98,2830
MCL,20010924,0.013,0.013,0.013,0.013,5278
MCO,20010924,0.029,0.029,0.029,0.029,8333
MCP,20010924,1.101,1.101,1.08,1.1,136706
MCR,20010924,0.13,0.135,0.125,0.13,267900
MCW,20010924,1.47,1.49,1.47,1.48,167586
MDL,20010924,0.17,0.17,0.17,0.17,5000
MDM,20010924,0.075,0.075,0.07,0.07,129741
MEE,20010924,0.05,0.05,0.05,0.05,32000
MGD,20010924,0.105,0.105,0.1,0.1,49789
MGI,20010924,1.4,1.4,1.36,1.36,253084
MGM,20010924,0.659,0.7,0.659,0.7,36517
MGR,20010924,3.783,3.783,3.64,3.73,1154402
MGW,20010924,3.363,3.37,3.32,3.35,33522
MIA,20010924,1.127,1.127,1.08,1.09,1085959
MIC,20010924,0.015,0.015,0.014,0.014,334000
MIG,20010924,3.168,3.2,3.16,3.18,5900150
MIK,20010924,0.07,0.07,0.07,0.07,50111
MIM,20010924,0.79,0.8,0.77,0.78,10400773
MIR,20010924,0.9,0.94,0.9,0.94,45000
MJN,20010924,0.11,0.115,0.11,0.115,635000
MLB,20010924,0.32,0.34,0.32,0.34,114288
MLE,20010924,0.509,0.51,0.49,0.49,188949
MLT,20010924,10.3,10.3,9.8,10,6972
MMD,20010924,0.54,0.54,0.52,0.54,505577
MMN,20010924,0.033,0.047,0.033,0.047,770446
MND,20010924,1.35,1.48,1.35,1.48,15315
MOD,20010924,0.14,0.15,0.14,0.15,17800
MOF,20010924,1.2,1.21,1.2,1.21,479498
MOS,20010924,0.265,0.265,0.26,0.265,136900
MPD,20010924,0.15,0.15,0.14,0.14,6800
MPH,20010924,0.215,0.24,0.21,0.24,27645
MPO,20010924,0.02,0.023,0.02,0.023,72142
MRL,20010924,2.857,2.857,2.8,2.81,468149
MRM,20010924,0.64,0.66,0.64,0.64,37500
MRX,20010924,0.035,0.035,0.035,0.035,105000
MSC,20010924,0.23,0.23,0.23,0.23,130000
MST,20010924,1.2,1.49,1.2,1.49,973371
MTB,20010924,0.075,0.075,0.075,0.075,28000
MTR,20010924,0.27,0.27,0.24,0.25,146602
MTT,20010924,1.23,1.26,1.23,1.26,108065
MUL,20010924,0.012,0.012,0.011,0.011,92000
MUR,20010924,0.75,0.75,0.75,0.75,5250
MXA,20010924,0.01,0.01,0.01,0.01,10000
MXE,20010924,0.025,0.025,0.024,0.025,1019655
MXI,20010924,0.14,0.14,0.14,0.14,50000
MXO,20010924,0.21,0.21,0.2,0.21,427114
MYM,20010924,0.013,0.013,0.012,0.012,46667
MYO,20010924,0.42,0.42,0.38,0.383,202833
NAB,20010924,25.144,25.98,24.8,25.716,4457919
NAL,20010924,0.8,0.8,0.78,0.78,67200
NAM,20010924,0.25,0.25,0.245,0.245,41161
NBL,20010924,0.615,0.615,0.6,0.6,14700
NCA,20010924,0.1,0.1,0.1,0.1,10000
NCM,20010924,4.315,4.32,3.92,3.95,4944204
NCP,20010924,12,12.57,11.94,12.44,6103320
NDO,20010924,0.013,0.013,0.013,0.013,22400
NDY,20010924,1.37,1.38,1.35,1.36,14203224
NEV,20010924,3.1,3.1,3.02,3.1,10274
NFD,20010924,2.3,2.3,2.25,2.3,208094
NFG,20010924,0.06,0.06,0.06,0.06,127000
NFM,20010924,8.4,8.4,8.4,8.4,3462
NGH,20010924,0.1,0.1,0.087,0.09,389800
NHM,20010924,0.012,0.012,0.012,0.012,475000
NHR,20010924,0.24,0.24,0.24,0.24,9000
NIX,20010924,0.65,0.65,0.65,0.65,50140
NLY,20010924,0.38,0.38,0.38,0.38,8387
NNG,20010924,0.085,0.085,0.085,0.085,300
NOL,20010924,0.6,0.6,0.55,0.6,57927
NRM,20010924,2.809,2.89,2.809,2.86,2608271
NRT,20010924,0.85,0.85,0.78,0.83,104854
NTG,20010924,0.58,0.58,0.58,0.58,302735
NUF,20010924,2.33,2.36,2.33,2.35,59129
NVS,20010924,1.81,1.82,1.79,1.81,218627
NWE,20010924,0.078,0.078,0.078,0.078,10000
NWL,20010924,0.206,0.245,0.2,0.245,711902
NXS,20010924,0.09,0.09,0.09,0.09,6000
OCA,20010924,2.75,2.75,2.75,2.75,3400
OCO,20010924,0.029,0.029,0.029,0.029,99081
OEC,20010924,0.53,0.54,0.52,0.54,391683
OIL,20010924,0.37,0.4,0.33,0.38,109900
OKN,20010924,0.62,0.7,0.62,0.7,12000
OML,20010924,0.89,0.9,0.87,0.9,118331
OMO,20010924,0.1,0.1,0.1,0.1,5000
OMP,20010924,2.35,2.35,2.35,2.35,27660
OPM,20010924,0.027,0.027,0.027,0.027,8000
OPS,20010924,3.15,3.49,3.05,3.47,239426
ORG,20010924,2.893,2.99,2.893,2.93,2178775
ORI,20010924,4.056,4.18,4.056,4.16,363563
ORP,20010924,0.017,0.017,0.017,0.017,420000
OSH,20010924,0.66,0.66,0.61,0.65,2476932
OST,20010924,0.86,0.89,0.86,0.88,756812
OTI,20010924,0.05,0.05,0.05,0.05,72000
OTS,20010924,0.02,0.021,0.02,0.021,492742
OTT,20010924,0.037,0.045,0.035,0.041,5999597
OXR,20010924,0.115,0.12,0.105,0.11,419500
PAL,20010924,0.17,0.17,0.16,0.165,202400
PAT,20010924,2.36,2.36,2.32,2.32,29915
PAY,20010924,0.61,0.62,0.61,0.62,173413
PBB,20010924,2.577,2.64,2.55,2.64,1181565
PBL,20010924,8.1,8.2,8.05,8.149,970173
PBO,20010924,0.642,0.642,0.6,0.64,21807
PBT,20010924,0.74,0.74,0.7,0.7,37500
PBV,20010924,1.63,1.65,1.63,1.65,4500
PCE,20010924,0.55,0.55,0.54,0.55,71430
PCG,20010924,0.09,0.105,0.09,0.09,61251
PCL,20010924,0.04,0.04,0.04,0.04,25000
PCO,20010924,0.205,0.21,0.185,0.185,354500
PDG,20010924,25,25,24.3,24.3,3985
PDN,20010924,0.017,0.017,0.017,0.017,51000
PDP,20010924,0.68,0.69,0.68,0.68,3813513
PDR,20010924,0.09,0.09,0.09,0.09,442147
PEG,20010924,0.04,0.04,0.04,0.04,158557
PEM,20010924,0.305,0.305,0.295,0.295,149500
PEP,20010924,0.718,0.74,0.65,0.65,83535
PFP,20010924,1.45,1.45,1.45,1.45,2354
PGL,20010924,0.83,0.83,0.83,0.83,5900
PHO,20010924,0.05,0.05,0.045,0.045,29300
PHT,20010924,0.385,0.385,0.38,0.38,15000
PHY,20010924,3.3,3.3,3.16,3.22,60869
PIL,20010924,0.059,0.06,0.059,0.06,8500
PLA,20010924,0.3,0.3,0.3,0.3,20000
PLF,20010924,2.04,2.05,2.03,2.03,13760
PLL,20010924,2.06,2.06,2.01,2.01,5000
PLM,20010924,4.6,4.71,4.6,4.71,13282
PLN,20010924,0.21,0.21,0.2,0.2,24750
PLT,20010924,2.7,2.7,2.7,2.7,15277
PLW,20010924,2.9,2.9,2.9,2.9,7500
PLX,20010924,0.016,0.016,0.016,0.016,10000
PMA,20010924,0.18,0.195,0.165,0.195,9450
PMC,20010924,1.808,1.82,1.8,1.82,162400
PMD,20010924,0.017,0.017,0.017,0.017,100000
PMH,20010924,0.031,0.031,0.031,0.031,126000
PML,20010924,1.12,1.12,1.12,1.12,166000
PMM,20010924,1.08,1.1,1.05,1.08,242397
PMP,20010924,0.52,0.52,0.5,0.51,652041
PMT,20010924,6.7,6.7,6.7,6.7,168
PNH,20010924,0.2,0.2,0.2,0.2,4000
PPD,20010924,0.14,0.14,0.14,0.14,1650
PPH,20010924,1.98,2,1.94,1.98,93569
PPK,20010924,0.7,0.7,0.67,0.67,11433
PPP,20010924,0.1,0.1,0.1,0.1,55080
PPT,20010924,36.5,36.5,34.6,35.15,27578
PPX,20010924,3.9,3.9,3.83,3.85,2042949
PRE,20010924,0.01,0.01,0.01,0.01,27300
PRG,20010924,2,2,1.95,2,26514
PRR,20010924,0.11,0.11,0.11,0.11,24333
PRT,20010924,1.7,1.7,1.66,1.66,91000
PRX,20010924,0.79,0.8,0.79,0.8,77750
PRY,20010924,4.05,4.1,4,4.07,38076
PSD,20010924,0.11,0.11,0.09,0.09,114045
PSG,20010924,0.24,0.25,0.23,0.25,43600
PSN,20010924,6.1,6.1,6.1,6.1,1000
PSX,20010924,0.053,0.053,0.053,0.053,2000
PTD,20010924,2.15,2.16,2.09,2.096,457850
PTS,20010924,0.078,0.078,0.078,0.078,3200
PTZ,20010924,0.7,0.7,0.7,0.7,97105
PWR,20010924,0.4,0.4,0.37,0.372,929265
PWT,20010924,0.13,0.135,0.12,0.13,361540
QAD,20010924,0.279,0.3,0.279,0.3,63034
QAN,20010924,2.84,2.93,2.84,2.89,6866459
QBE,20010924,5.12,5.98,5.12,5.89,7526237
QCH,20010924,2.99,2.99,2.83,2.83,11000
QED,20010924,0.15,0.15,0.15,0.15,27600
QES,20010924,0.16,0.16,0.15,0.15,149250
QGC,20010924,0.24,0.24,0.235,0.235,32061
QPX,20010924,0.435,0.435,0.425,0.425,75618
QTK,20010924,0.041,0.042,0.035,0.035,459263
QTL,20010924,0.025,0.025,0.025,0.025,55000
QUE,20010924,0.037,0.037,0.037,0.037,33000
QVL,20010924,1.33,1.35,1.25,1.35,41616
RAC,20010924,0.045,0.045,0.045,0.045,28500
RBK,20010924,0.12,0.12,0.11,0.11,50000
RCT,20010924,1.192,1.192,1.1,1.1,53720
RDF,20010924,0.81,0.82,0.8,0.82,11100
REB,20010924,1.48,1.48,1.41,1.44,100840
REG,20010924,2.35,2.35,2.3,2.35,32700
REL,20010924,0.941,1.02,0.91,1.02,422797
RFS,20010924,0.285,0.285,0.28,0.28,140014
RGS,20010924,0.79,0.83,0.79,0.82,1244000
RHC,20010924,3.971,4.04,3.85,4.04,119139
RIC,20010924,0.79,0.82,0.77,0.81,663737
RIM,20010924,0.06,0.06,0.06,0.06,16000
RIO,20010924,28.832,29.753,28.8,29.753,1451432
RKN,20010924,0.07,0.071,0.07,0.071,19000
RLD,20010924,0.105,0.105,0.1,0.1,25000
RMD,20010924,9.531,9.56,9.43,9.467,1036967
RMG,20010924,0.185,0.195,0.185,0.195,409860
RML,20010924,0.004,0.004,0.004,0.004,1105000
RMW,20010924,1.05,1.05,0.95,0.95,625
ROC,20010924,1.25,1.25,1.21,1.23,32400
ROK,20010924,2.54,2.54,2.54,2.54,5000
RPD,20010924,0.14,0.14,0.13,0.13,20000
RPM,20010924,0.027,0.027,0.023,0.023,50000
RTM,20010924,0.049,0.049,0.046,0.049,500000
RUP,20010924,4.25,4.25,4.23,4.24,31740
SAQ,20010924,3.2,3.2,3.08,3.08,41790
SBC,20010924,10.45,10.5,10.45,10.45,145264
SBE,20010924,1.61,1.61,1.6,1.6,6300
SBM,20010924,0.185,0.19,0.185,0.19,1797182
SBP,20010924,0.1,0.1,0.095,0.095,323245
SCD,20010924,0.046,0.046,0.046,0.046,18924
SCG,20010924,0.035,0.04,0.035,0.04,145623
SCN,20010924,0.002,0.002,0.002,0.002,1550000
SCX,20010924,0.043,0.043,0.043,0.043,10000
SDC,20010924,0.086,0.089,0.086,0.089,14573
SDR,20010924,0.24,0.24,0.23,0.235,86000
SED,20010924,0.09,0.09,0.085,0.085,42000
SEN,20010924,0.04,0.047,0.04,0.047,254397
SEV,20010924,6.885,6.885,6.65,6.66,438394
SEX,20010924,0.07,0.07,0.07,0.07,25000
SFC,20010924,4,4,4,4,2055
SFD,20010924,0.17,0.17,0.17,0.17,2073
SFG,20010924,0.022,0.022,0.022,0.022,4000
SFL,20010924,1.14,1.14,1.12,1.14,115189
SFY,20010924,30.153,30.153,30.153,30.153,1000
SGB,20010924,13.9,14.2,13.9,14.2,1095691
SGC,20010924,0.36,0.37,0.35,0.365,143590
SGN,20010924,3.3,3.3,3.18,3.25,13500
SGP,20010924,4.23,4.29,4.22,4.27,1475512
SGS,20010924,0.67,0.67,0.67,0.67,9600
SGT,20010924,1.95,1.98,1.94,1.98,6591795
SGV,20010924,0.27,0.3,0.27,0.3,39000
SGW,20010924,6.557,6.557,6.18,6.23,293533
SHL,20010924,8.133,8.16,8.02,8.06,444324
SHV,20010924,1.55,1.55,1.49,1.49,11349
SIG,20010924,2.38,2.44,2.32,2.44,135808
SIU,20010924,0.45,0.45,0.45,0.45,8000
SKC,20010924,8.5,8.5,8.5,8.5,71500
SKD,20010924,0.35,0.36,0.35,0.35,45055
SKE,20010924,0.642,0.642,0.62,0.64,13100
SKR,20010924,0.063,0.063,0.058,0.059,1120202
SLT,20010924,0.025,0.025,0.022,0.022,292567
SLX,20010924,2.327,2.33,2.26,2.3,40777
SMA,20010924,0.023,0.023,0.018,0.018,110000
SMM,20010924,0.105,0.105,0.105,0.105,10000
SMO,20010924,0.039,0.039,0.039,0.039,20000
SMS,20010924,5.332,5.332,4.99,5.1,50323
SMX,20010924,0.38,0.38,0.34,0.36,576097
SMY,20010924,0.15,0.15,0.15,0.15,100000
SNC,20010924,0.11,0.11,0.1,0.1,17629
SNX,20010924,1.15,1.17,1.14,1.15,441417
SOF,20010924,0.069,0.069,0.065,0.065,337214
SOH,20010924,0.76,0.76,0.73,0.74,128796
SOL,20010924,44,44.5,43.5,43.6,17481
SOT,20010924,0.2,0.2,0.2,0.2,128881
SPC,20010924,0.7,0.72,0.68,0.71,134907
SPK,20010924,0.04,0.04,0.04,0.04,32800
SPL,20010924,0.45,0.46,0.44,0.44,10600
SPP,20010924,0.6,0.64,0.57,0.57,140353
SPT,20010924,5.9,6,5.9,5.96,779365
SPX,20010924,0.049,0.049,0.049,0.049,100000
SQS,20010924,0.014,0.014,0.012,0.014,1903000
SRA,20010924,0.52,0.52,0.52,0.52,31630
SRI,20010924,0.07,0.07,0.068,0.068,205000
SRL,20010924,0.38,0.38,0.38,0.38,39485
SRO,20010924,0.054,0.054,0.05,0.05,70000
SRP,20010924,7.1,7.4,7.1,7.31,980349
SRT,20010924,0.04,0.04,0.032,0.032,200000
SRV,20010924,4,4,3.95,3.95,18000
SRX,20010924,0.54,0.54,0.47,0.47,5000
SSE,20010924,0.52,0.52,0.51,0.52,97500
SSH,20010924,0.58,0.61,0.58,0.61,89008
SSR,20010924,0.365,0.365,0.365,0.365,10000
SST,20010924,1.4,1.4,1.4,1.4,10000
SSX,20010924,0.9,0.91,0.87,0.87,354887
STE,20010924,0.18,0.18,0.18,0.18,3000
STN,20010924,0.19,0.19,0.18,0.19,60000
STO,20010924,5.56,5.75,5.4,5.67,1528134
STP,20010924,0.305,0.31,0.305,0.31,420284
STS,20010924,0.64,0.64,0.64,0.64,4000
STT,20010924,0.017,0.018,0.017,0.018,110700
STU,20010924,0.21,0.21,0.21,0.21,15000
STW,20010924,29.359,29.39,29.11,29.39,67197
SUN,20010924,10.95,10.95,10.6,10.77,1154463
SUR,20010924,0.05,0.05,0.05,0.05,150000
SVS,20010924,0.4,0.4,0.4,0.4,10000
SWD,20010924,0.65,0.7,0.65,0.7,2546084
SWS,20010924,2.24,2.3,2.2,2.3,40412
SYM,20010924,1.52,1.53,1.49,1.53,56793
TAB,20010924,2.6,2.65,2.58,2.61,3584021
TAH,20010924,9.44,9.75,9.44,9.612,4491777
TAP,20010924,1.15,1.17,1.14,1.15,729747
TAW,20010924,0.59,0.6,0.59,0.59,21300
TBR,20010924,0.69,0.69,0.64,0.64,13000
TCL,20010924,4.404,4.43,4.3,4.35,617197
TDG,20010924,0.94,0.95,0.94,0.94,76043
TEL,20010924,3.7,3.72,3.65,3.72,1173616
TEM,20010924,2.43,2.45,2.3,2.4,206757
TEN,20010924,1.72,1.72,1.6,1.64,561463
TGG,20010924,1.452,1.452,1.39,1.43,44555
TGL,20010924,0.125,0.125,0.125,0.125,1000
THG,20010924,0.47,0.47,0.44,0.45,583827
THX,20010924,0.43,0.43,0.39,0.39,173000
TIF,20010924,0.62,0.62,0.58,0.59,71190
TIM,20010924,0.376,0.376,0.36,0.375,123412
TIR,20010924,0.125,0.135,0.125,0.13,94723
TKG,20010924,0.016,0.016,0.015,0.015,520000
TKR,20010924,0.63,0.63,0.62,0.62,25000
TLA,20010924,0.69,0.69,0.68,0.69,1613069
TLN,20010924,0.074,0.074,0.07,0.07,68382
TLO,20010924,0.037,0.04,0.035,0.036,246412
TLS,20010924,5.25,5.26,5.11,5.11,24767445
TMO,20010924,0.53,0.53,0.53,0.53,2700
TMS,20010924,0.49,0.49,0.45,0.49,234568
TMT,20010924,0.97,0.97,0.96,0.97,134564
TNE,20010924,0.72,0.74,0.7,0.74,133822
TNY,20010924,0.05,0.05,0.05,0.05,5000
TOL,20010924,22.505,22.54,21.5,22,52391
TOR,20010924,0.95,0.95,0.9,0.92,77300
TOX,20010924,0.11,0.11,0.105,0.105,240615
TPL,20010924,0.012,0.012,0.012,0.012,553825
TQL,20010924,2.66,2.7,2.66,2.7,53914
TRD,20010924,0.026,0.032,0.026,0.032,115770
TRT,20010924,0.037,0.039,0.035,0.036,690000
TSE,20010924,1.95,2,1.95,2,179497
TSR,20010924,0.94,0.94,0.94,0.94,5000
TSS,20010924,0.48,0.56,0.47,0.56,44734
TTL,20010924,0.035,0.035,0.03,0.03,126917
TTR,20010924,0.041,0.041,0.04,0.04,15658
TVL,20010924,0.135,0.14,0.135,0.135,42025
TVS,20010924,0.048,0.048,0.047,0.047,102073
TWR,20010924,3.46,3.5,3.4,3.4,4207
TXT,20010924,0.65,0.65,0.65,0.65,1000
UCL,20010924,0.011,0.012,0.011,0.012,1642426
UEC,20010924,0.115,0.115,0.105,0.105,899363
UEL,20010924,2.75,2.79,2.7,2.742,266121
UGL,20010924,1.64,1.68,1.59,1.68,138395
USC,20010924,0.58,0.6,0.56,0.6,263700
VCM,20010924,1.6,1.9,1.6,1.9,416
VGL,20010924,1.05,1.05,1,1.01,20100
VHL,20010924,0.4,0.41,0.4,0.41,18150
VLS,20010924,1.8,1.8,1.8,1.8,2000
VNA,20010924,0.034,0.034,0.033,0.033,25105
VOY,20010924,0.13,0.13,0.1,0.1,330750
VPE,20010924,0.033,0.033,0.03,0.031,2521583
VRI,20010924,0.32,0.32,0.32,0.32,23000
VRL,20010924,1.44,1.44,1.39,1.4,158021
VSL,20010924,1.95,2.01,1.84,2,252067
VTI,20010924,0.36,0.425,0.36,0.38,629877
VWD,20010924,0.52,0.52,0.5,0.5,83500
VWL,20010924,0.07,0.08,0.07,0.08,59350
VXS,20010924,0.125,0.125,0.11,0.11,18000
WAL,20010924,0.23,0.25,0.23,0.25,3770
WAM,20010924,1.23,1.23,1.2,1.2,28000
WAN,20010924,4.85,4.9,4.81,4.86,146907
WBA,20010924,0.3,0.3,0.3,0.3,450
WBB,20010924,4.1,4.15,4.1,4.15,22861
WBC,20010924,12.149,12.15,11.87,12.05,4704504
WDP,20010924,1.1,1.1,1,1,8000
WEG,20010924,4.8,4.95,4.75,4.75,30967
WEL,20010924,0.57,0.57,0.57,0.57,84470
WES,20010924,28.02,28.08,27.5,27.75,565570
WET,20010924,0.021,0.021,0.02,0.02,148332
WFA,20010924,1.61,1.62,1.6,1.606,2177644
WFT,20010924,3.36,3.38,3.31,3.35,3359063
WHF,20010924,2.709,2.85,2.709,2.85,10632
WHS,20010924,4.8,4.8,4.75,4.75,4954
WIT,20010924,1.12,1.12,1.12,1.12,5000
WJM,20010924,3.15,3.15,3.15,3.15,1067
WMC,20010924,7,7,6.65,6.9,5968683
WMT,20010924,0.046,0.046,0.042,0.043,1245551
WON,20010924,0.037,0.04,0.037,0.04,249000
WOW,20010924,11.6,11.63,11.41,11.44,2837055
WPL,20010924,13.006,13.37,13,13.14,1237946
WPO,20010924,0.06,0.06,0.06,0.06,37400
WRF,20010924,0.355,0.355,0.355,0.355,5000
WSF,20010924,15.49,15.75,15.26,15.72,1546329
WSG,20010924,0.095,0.096,0.091,0.095,906500
WSK,20010924,0.94,0.94,0.94,0.94,2200
WSS,20010924,0.085,0.085,0.085,0.085,10000
WTE,20010924,0.009,0.009,0.008,0.008,256250
WTL,20010924,0.13,0.13,0.13,0.13,30000
WTP,20010924,0.26,0.26,0.25,0.25,20000
WWA,20010924,0.42,0.43,0.42,0.43,18500
WYL,20010924,1.55,1.55,1.52,1.54,45095
XAI,20010924,4998.3,4998.3,4887.3,4955.2,0
XAM,20010924,614.6,614.6,600,602.4,0
XAO,20010924,2884.5,2884.5,2828,2867.4,0
XAR,20010924,1238.1,1255.5,1234.1,1252.3,0
XAT,20010924,14859.2,14859.2,14618.3,14713.1,0
XBF,20010924,7438.6,7438.6,7235.2,7375.5,0
XBI,20010924,4166.4,4166.4,4050.1,4133.9,0
XBM,20010924,2860.2,2860.2,2747.8,2777.8,0
XCE,20010924,1828.6,1828.6,1798.8,1814.8,0
XDC,20010924,7619.5,7635.5,7366.1,7621.9,0
XDI,20010924,5584,5584,5474.5,5507.5,0
XDJ,20010924,1857.6,1890.8,1827.6,1881.8,0
XDR,20010924,2935.7,3012.6,2935.7,3007.6,0
XEG,20010924,1110,1110,1084.6,1090.3,0
XEJ,20010924,3910.3,3942.4,3825.7,3900.6,0
XEY,20010924,1421.6,1431.5,1398.3,1418.6,0
XFH,20010924,4206.5,4206.5,4120.7,4140.9,0
XFJ,20010924,3600,3600,3506.3,3568.6,0
XFL,20010924,3016.9,3016.9,2958.8,3007.1,0
XGO,20010924,865.5,870.5,852,855.2,0
XHB,20010924,5223.5,5223.5,5043.3,5103.1,0
XHJ,20010924,5370.1,5370.1,5173.3,5233.7,0
XIF,20010924,3035,3035,2949.8,2969.6,0
XIJ,20010924,512,512,494.7,504.5,0
XIN,20010924,6221.8,6221.8,6025.8,6192.9,0
XIU,20010924,2696.1,2696.1,2635.7,2654.9,0
XJI,20010924,5111.8,5111.8,4995.1,5066.1,0
XJO,20010924,2941.9,2941.9,2882.8,2924.6,0
XJP,20010924,1374.9,1374.9,1347.1,1353.9,0
XJR,20010924,1245.4,1266.3,1241.9,1262.6,0
XKI,20010924,5091.2,5091.2,4975.5,5046.3,0
XKO,20010924,2931,2931,2872.4,2913.8,0
XKP,20010924,1377.2,1377.2,1349.5,1356,0
XKR,20010924,1242.6,1262.4,1238.6,1258.8,0
XMD,20010924,2276.8,2276.8,2216.8,2230.3,0
XME,20010924,23335.4,23895.2,23012.7,23764.5,0
XMI,20010924,1408.6,1413.5,1387.5,1412.3,0
XMJ,20010924,3302.7,3331.4,3282.1,3328.3,0
XMR,20010924,773.4,773.4,748.8,752.4,0
XMT,20010924,2669.6,2669.6,2596.6,2616.5,0
XNJ,20010924,3779.7,3779.7,3707.8,3739.4,0
XOM,20010924,682.5,682.5,650.3,657.5,0
XPI,20010924,2942.3,2942.3,2883.2,2925,0
XPJ,20010924,1375.1,1375.1,1347.3,1354.1,0
XPP,20010924,1417.3,1417.3,1388.1,1401.8,0
XPT,20010924,1379.6,1379.6,1351.9,1358.4,0
XRE,20010924,5376.8,5376.8,5226.8,5251.5,0
XSI,20010924,1663.7,1663.7,1630.9,1642.6,0
XSJ,20010924,4310.3,4310.3,4239.7,4251.2,0
XSO,20010924,1461,1461,1431.7,1441,0
XSR,20010924,1009.1,1009.1,983.3,986.4,0
XTI,20010924,2752.6,2752.6,2689.3,2729.2,0
XTJ,20010924,1834.1,1834.1,1789.7,1789.7,0
XTL,20010924,1719.4,1723.9,1688.7,1718.4,0
XTO,20010924,2405,2405,2356.7,2392.3,0
XTP,20010924,5454.1,5485.9,5354.9,5408.7,0
XTR,20010924,1711.6,1742.7,1707.4,1737.2,0
XTU,20010924,2838.3,2851.8,2801.4,2845.9,0
XUJ,20010924,3206.4,3206.4,3125.8,3146.7,0
XXJ,20010924,3608.9,3608.9,3508.6,3582.4,0
YAM,20010924,0.009,0.009,0.009,0.009,138460
YTL,20010924,0.081,0.085,0.076,0.085,1337517
ZEL,20010924,0.15,0.15,0.125,0.125,20728
ZIM,20010924,0.75,0.8,0.75,0.75,18872
ZYL,20010924,0.052,0.053,0.045,0.053,237000
