AAC,20011221,0.93,0.97,0.93,0.95,478054
AAT,20011221,0.23,0.237,0.23,0.237,65943
ABC,20011221,0.75,0.76,0.74,0.76,241376
ABG,20011221,2.4,2.42,2.39,2.42,7800
ABI,20011221,1.57,1.61,1.57,1.6,77700
ABS,20011221,13.3,13.5,13.26,13.4,13248
ACE,20011221,0.13,0.13,0.13,0.13,15000
ACU,20011221,0.235,0.235,0.22,0.235,493315
ADA,20011221,1.1,1.1,1.1,1.1,59700
ADB,20011221,6.868,6.9,6.85,6.9,46802
ADG,20011221,1.87,1.87,1.86,1.86,2000
ADN,20011221,0.125,0.15,0.12,0.135,2212553
ADP,20011221,2.55,2.56,2.54,2.54,288404
ADR,20011221,0.07,0.07,0.066,0.07,708788
ADT,20011221,1.35,1.35,1.35,1.35,6000
ADU,20011221,0.18,0.19,0.18,0.19,308500
ADX,20011221,0.23,0.25,0.23,0.25,165150
ADZ,20011221,2.33,2.35,2.31,2.35,357435
AEH,20011221,0.095,0.095,0.095,0.095,3000
AEN,20011221,0.25,0.25,0.25,0.25,5500
AEO,20011221,2.18,2.2,2.15,2.2,128732
AES,20011221,0.37,0.39,0.37,0.39,10400
AET,20011221,3.7,3.8,3.7,3.8,5500
AEX,20011221,0.15,0.15,0.145,0.145,371000
AFF,20011221,0.26,0.26,0.26,0.26,2472971
AFI,20011221,3.19,3.25,3.18,3.25,246043
AGH,20011221,0.8,0.8,0.76,0.77,349409
AGI,20011221,1.07,1.07,1.02,1.02,478522
AGL,20011221,8.98,8.98,8.87,8.9,3641076
AGT,20011221,0.88,0.88,0.88,0.88,2000
AGX,20011221,0.34,0.35,0.34,0.35,102571
AGY,20011221,0.28,0.3,0.275,0.295,329217
AGZ,20011221,0.011,0.012,0.011,0.012,607210
AHD,20011221,2.44,2.45,2.42,2.44,87298
AHT,20011221,0.47,0.47,0.47,0.47,9000
AIA,20011221,2.9,2.95,2.9,2.95,133579
AIE,20011221,0.135,0.135,0.135,0.135,22969
AIP,20011221,1.08,1.08,1.05,1.057,206458
AIX,20011221,1.501,1.51,1.48,1.5,80769
AIZ,20011221,0.27,0.27,0.265,0.27,394374
AJL,20011221,0.91,0.92,0.9,0.9,20359
AKD,20011221,0.02,0.02,0.019,0.019,30000
ALK,20011221,0.25,0.26,0.25,0.25,62700
ALL,20011221,6.3,6.39,6.28,6.39,5848150
ALN,20011221,3.55,3.62,3.55,3.62,43608
ALR,20011221,1.1,1.1,1.1,1.1,40932
ALS,20011221,3.08,3.08,3.08,3.08,1000
ALU,20011221,2.72,2.72,2.69,2.7,73066
ALZ,20011221,1.83,1.84,1.83,1.83,73998
AMB,20011221,0.4,0.4,0.4,0.4,10000
AMC,20011221,7.13,7.15,7.05,7.05,1397398
AMG,20011221,0.15,0.15,0.14,0.14,161907
AMH,20011221,1.9,1.93,1.88,1.9,87481
AML,20011221,0.99,0.99,0.97,0.99,22462
AMM,20011221,0.12,0.12,0.12,0.12,197948
AMP,20011221,17.942,18.56,17.942,18.55,7704166
AMU,20011221,0.115,0.115,0.115,0.115,50500
ANC,20011221,6.4,6.4,6.4,6.4,19000
ANE,20011221,2.15,2.15,2.15,2.15,3500
ANL,20011221,0.6,0.6,0.55,0.58,451821
ANM,20011221,0.6,0.61,0.59,0.6,133320
ANP,20011221,0.24,0.255,0.235,0.245,8393190
ANX,20011221,0.33,0.33,0.32,0.32,65000
ANZ,20011221,17.485,17.73,17.46,17.688,10836823
AOE,20011221,0.125,0.14,0.125,0.14,50000
AOF,20011221,1.24,1.26,1.23,1.24,647282
AOG,20011221,1.43,1.43,1.43,1.43,77528
APA,20011221,2.54,2.57,2.52,2.57,147896
APE,20011221,3.95,4,3.95,4,11500
APG,20011221,0.089,0.089,0.089,0.089,21000
API,20011221,3.33,3.33,3.3,3.32,16448
APN,20011221,3.55,3.57,3.51,3.52,141920
APX,20011221,0.01,0.01,0.009,0.01,1740000
APY,20011221,0.61,0.61,0.6,0.6,59600
AQL,20011221,0.05,0.05,0.04,0.04,110000
AQP,20011221,8.295,8.4,8.28,8.4,117454
ARG,20011221,4.233,4.24,4.21,4.24,32516
ARL,20011221,0.254,0.275,0.254,0.27,606002
ARP,20011221,11.48,11.48,11.48,11.48,1600
ARQ,20011221,0.175,0.18,0.175,0.175,185692
ART,20011221,1.41,1.45,1.41,1.417,237736
ASB,20011221,1.31,1.32,1.3,1.32,39800
ASC,20011221,0.165,0.175,0.16,0.175,77500
ASL,20011221,0.09,0.092,0.09,0.092,130000
ASO,20011221,0.155,0.17,0.155,0.17,52340
ASX,20011221,11.38,11.4,11.34,11.36,399601
ATE,20011221,0.14,0.14,0.14,0.14,109446
ATG,20011221,0.24,0.24,0.24,0.24,2100
ATN,20011221,0.016,0.016,0.016,0.016,6990
ATP,20011221,0.4,0.4,0.38,0.385,198915
ATR,20011221,0.58,0.58,0.58,0.58,10000
AUD,20011221,1.94,1.94,1.85,1.89,372698
AUG,20011221,0.14,0.145,0.14,0.145,134150
AUI,20011221,4.3,4.3,4.3,4.3,5000
AUL,20011221,0.014,0.014,0.014,0.014,100000
AUM,20011221,0.016,0.016,0.015,0.015,60000
AUN,20011221,0.285,0.285,0.27,0.27,691558
AUO,20011221,0.39,0.39,0.38,0.38,94967
AUR,20011221,0.1,0.105,0.097,0.097,810100
AUY,20011221,0.52,0.56,0.51,0.54,18054
AVL,20011221,0.07,0.07,0.07,0.07,396000
AVR,20011221,0.6,0.6,0.6,0.6,1886
AVT,20011221,0.08,0.08,0.08,0.08,45000
AWB,20011221,4.125,4.15,4.09,4.13,74830
AWE,20011221,0.52,0.52,0.51,0.52,83967
AXA,20011221,2.79,2.86,2.79,2.85,625312
AXN,20011221,0.86,0.87,0.85,0.86,132615
AYO,20011221,0.77,0.82,0.76,0.82,165581
AZE,20011221,0.017,0.017,0.017,0.017,10000
AZL,20011221,0.022,0.022,0.022,0.022,42500
BAH,20011221,0.13,0.13,0.13,0.13,9750
BAR,20011221,0.32,0.32,0.32,0.32,16500
BBG,20011221,8,8,7.9,7.98,317511
BBL,20011221,0.16,0.16,0.16,0.16,100000
BCA,20011221,6.1,6.26,6.1,6.25,86510
BDG,20011221,0.165,0.165,0.165,0.165,192800
BDL,20011221,0.6,0.61,0.59,0.59,391963
BEN,20011221,7.558,7.72,7.558,7.69,121277
BFS,20011221,0.75,0.75,0.75,0.75,10000
BGD,20011221,0.11,0.11,0.105,0.11,240000
BGN,20011221,1.05,1.05,1.03,1.05,22000
BHP,20011221,10.2,10.29,10.12,10.2,47186756
BIL,20011221,9.733,10.05,9.72,10.035,7001426
BIR,20011221,0.76,0.77,0.76,0.77,273414
BIT,20011221,0.39,0.39,0.385,0.39,16500
BKA,20011221,0.13,0.13,0.13,0.13,15000
BKL,20011221,6.76,6.76,6.76,6.76,700
BKS,20011221,0.086,0.086,0.084,0.084,156145
BKV,20011221,0.18,0.18,0.18,0.18,4000
BKW,20011221,6.05,6.1,6.05,6.1,43834
BLD,20011221,3.19,3.23,3.18,3.2,1777962
BLO,20011221,0.17,0.175,0.17,0.17,635313
BLZ,20011221,0.035,0.035,0.035,0.035,5000
BMS,20011221,0.67,0.67,0.66,0.66,75500
BMX,20011221,0.29,0.3,0.29,0.3,50000
BNK,20011221,1.12,1.12,1.12,1.12,16521
BNO,20011221,0.751,0.751,0.73,0.73,29220
BOC,20011221,0.13,0.13,0.13,0.13,360
BOQ,20011221,6.65,6.75,6.6,6.74,59226
BPC,20011221,0.58,0.58,0.57,0.58,1345090
BPO,20011221,0.16,0.165,0.16,0.165,206600
BPT,20011221,0.05,0.054,0.05,0.054,4769185
BRE,20011221,0.01,0.01,0.01,0.01,20000
BRI,20011221,0.295,0.295,0.295,0.295,6000
BRL,20011221,10.907,11.07,10.9,10.97,4660422
BRS,20011221,2.6,2.61,2.56,2.61,72674
BRY,20011221,0.235,0.24,0.23,0.24,44115
BRZ,20011221,1.86,1.87,1.8,1.87,101525
BSG,20011221,0.073,0.073,0.071,0.071,184000
BSO,20011221,3.412,3.412,3.25,3.3,82830
BTA,20011221,0.82,0.82,0.79,0.79,107780
BTC,20011221,0.43,0.44,0.425,0.43,108000
BTE,20011221,0.66,0.67,0.66,0.67,37000
BTG,20011221,0.79,0.79,0.79,0.79,11177
BTO,20011221,1.5,1.5,1.48,1.49,663772
BUG,20011221,0.539,0.62,0.539,0.56,152594
BUU,20011221,0.049,0.049,0.049,0.049,500
BWA,20011221,4.1,4.1,4.06,4.06,228080
BWI,20011221,0.94,0.94,0.94,0.94,20000
BWP,20011221,1.274,1.274,1.25,1.26,89231
BYI,20011221,0.6,0.6,0.6,0.6,2750
CAA,20011221,2.5,2.52,2.5,2.52,72332
CAB,20011221,3.02,3.03,3.02,3.03,15271
CAG,20011221,0.042,0.042,0.039,0.04,1438163
CAI,20011221,0.6,0.6,0.6,0.6,3125
CAT,20011221,4.093,4.1,4,4,15160
CBA,20011221,29,29.75,28.85,29.62,8761914
CBD,20011221,0.021,0.021,0.02,0.02,100000
CBH,20011221,0.1,0.105,0.1,0.105,224048
CBI,20011221,1.75,1.75,1.75,1.75,16125
CBO,20011221,0.042,0.042,0.042,0.042,12000
CBT,20011221,0.071,0.072,0.071,0.072,167124
CBW,20011221,0.34,0.36,0.34,0.36,57000
CCH,20011221,0.13,0.13,0.13,0.13,11000
CCK,20011221,0.15,0.15,0.15,0.15,10000
CCL,20011221,5.85,6,5.77,6,5616982
CCO,20011221,0.025,0.025,0.025,0.025,20000
CCP,20011221,0.73,0.74,0.73,0.74,49000
CCV,20011221,0.049,0.05,0.049,0.05,61000
CCZ,20011221,0.83,0.83,0.83,0.83,200000
CDF,20011221,1.2,1.22,1.2,1.22,10600
CDK,20011221,0.5,0.54,0.45,0.54,27421
CDO,20011221,2.203,2.24,2.2,2.2,28000
CDR,20011221,0.72,0.72,0.72,0.72,28000
CDX,20011221,1.4,1.4,1.35,1.35,29600
CEP,20011221,3.44,3.44,3.34,3.389,1747655
CEQ,20011221,2.1,2.1,2.09,2.1,11000
CEW,20011221,1.15,1.17,1.14,1.17,286448
CEY,20011221,1.29,1.29,1.28,1.28,25003
CFR,20011221,0.016,0.016,0.015,0.015,1350000
CFT,20011221,2.14,2.15,2.12,2.13,509709
CGC,20011221,0.068,0.074,0.068,0.07,529888
CHB,20011221,27,27,27,27,2210
CHF,20011221,0.94,0.94,0.92,0.93,262730
CHL,20011221,0.275,0.275,0.26,0.26,44000
CHQ,20011221,0.47,0.47,0.44,0.44,34955
CHS,20011221,0.07,0.07,0.065,0.065,265000
CHV,20011221,0.71,0.71,0.7,0.7,31410
CHY,20011221,1.3,1.3,1.3,1.3,4320
CIR,20011221,2.798,2.8,2.58,2.66,208462
CKG,20011221,0.025,0.025,0.025,0.025,100000
CLH,20011221,4.41,4.45,4.4,4.44,182425
CLI,20011221,3.228,3.23,3.17,3.209,159021
CLO,20011221,0.92,0.94,0.92,0.94,227776
CLT,20011221,1.334,1.34,1.334,1.34,1935
CLV,20011221,0.21,0.21,0.2,0.205,66000
CMI,20011221,1.23,1.25,1.23,1.25,41622
CML,20011221,8.34,8.34,8.21,8.31,2642317
CMP,20011221,0.82,0.83,0.82,0.82,32881
CMQ,20011221,1.37,1.37,1.31,1.32,16701
CNA,20011221,23.75,23.75,23.75,23.75,1688
CND,20011221,0.83,0.83,0.78,0.78,115190
CNG,20011221,0.34,0.34,0.335,0.335,202900
CNM,20011221,0.026,0.026,0.025,0.025,308768
CNN,20011221,0.115,0.115,0.098,0.098,800250
CNT,20011221,0.185,0.2,0.185,0.2,450108
COA,20011221,1.45,1.47,1.42,1.44,813802
COH,20011221,44,44.8,43.75,44.8,1201422
COO,20011221,0.08,0.08,0.08,0.08,121464
COU,20011221,0.475,0.48,0.475,0.48,100000
CPA,20011221,1.17,1.17,1.15,1.159,1315542
CPB,20011221,5.4,5.42,5.35,5.4,27326
CPC,20011221,0.28,0.28,0.28,0.28,15500
CPE,20011221,0.021,0.021,0.021,0.021,700
CPH,20011221,0.39,0.395,0.39,0.39,234763
CPI,20011221,0.81,0.81,0.78,0.78,6500
CPM,20011221,1.5,1.5,1.4,1.4,17521
CPU,20011221,5.358,5.38,5.2,5.2,850652
CQT,20011221,0.04,0.04,0.04,0.04,9490
CRG,20011221,7.93,7.93,7.8,7.9,10868
CRS,20011221,0.275,0.275,0.275,0.275,70000
CRT,20011221,0.99,1.01,0.99,1,21041
CRU,20011221,0.23,0.23,0.23,0.23,15000
CSB,20011221,0.075,0.075,0.075,0.075,1500
CSG,20011221,0.051,0.051,0.051,0.051,20000
CSL,20011221,49.791,50.8,49.75,50.45,1707087
CSM,20011221,0.5,0.51,0.49,0.49,12237
CSR,20011221,6.621,6.621,6.48,6.5,4988001
CST,20011221,1.89,1.9,1.84,1.84,114003
CSY,20011221,0.072,0.072,0.068,0.068,109400
CTI,20011221,0.13,0.13,0.12,0.12,90000
CTL,20011221,2.01,2.01,2,2,103203
CTO,20011221,0.068,0.07,0.065,0.07,135000
CTX,20011221,1.37,1.39,1.36,1.37,172060
CUE,20011221,0.042,0.042,0.041,0.041,682000
CVI,20011221,0.17,0.17,0.165,0.165,93640
CVN,20011221,0.05,0.05,0.05,0.05,23600
CWP,20011221,0.45,0.45,0.45,0.45,5000
CXP,20011221,5.1,5.1,5.06,5.07,17950
CYG,20011221,4.12,4.18,4.12,4.15,35039
DAY,20011221,0.046,0.046,0.046,0.046,14286
DCL,20011221,0.115,0.115,0.115,0.115,25000
DDF,20011221,1.15,1.16,1.13,1.147,661506
DFT,20011221,0.015,0.017,0.015,0.017,30000
DGM,20011221,0.006,0.006,0.005,0.005,946000
DID,20011221,0.095,0.095,0.095,0.095,37820
DIO,20011221,0.083,0.083,0.076,0.08,1441773
DIT,20011221,1.574,1.6,1.54,1.566,210369
DJS,20011221,1.18,1.18,1.16,1.16,1439464
DJW,20011221,3.55,3.57,3.55,3.57,44610
DKN,20011221,0.145,0.145,0.145,0.145,800
DMX,20011221,0.375,0.38,0.355,0.355,428250
DOM,20011221,0.37,0.38,0.37,0.38,27480
DOT,20011221,1.33,1.33,1.3,1.31,597721
DOW,20011221,0.78,0.78,0.77,0.77,544183
DRA,20011221,0.054,0.054,0.054,0.054,120333
DRD,20011221,2.5,2.65,2.5,2.65,1785
DRE,20011221,0.72,0.72,0.72,0.72,20000
DTL,20011221,0.48,0.48,0.48,0.48,4218
DUI,20011221,1.95,1.95,1.95,1.95,5000
DVC,20011221,1.8,1.9,1.8,1.83,200877
DVN,20011221,0.36,0.36,0.345,0.345,71500
DVT,20011221,0.04,0.04,0.039,0.039,732724
DWY,20011221,1.13,1.14,1.1,1.1,29200
EBG,20011221,0.084,0.084,0.084,0.084,15000
EBR,20011221,0.09,0.09,0.09,0.09,12000
EBT,20011221,0.14,0.14,0.14,0.14,57000
ECL,20011221,0.13,0.14,0.13,0.135,935112
ECP,20011221,0.355,0.375,0.35,0.375,293696
EEC,20011221,0.054,0.056,0.054,0.056,7000
EFN,20011221,0.038,0.038,0.038,0.038,1000
EGL,20011221,0.095,0.095,0.095,0.095,10000
EGO,20011221,0.03,0.03,0.03,0.03,425383
EIF,20011221,0.195,0.2,0.195,0.2,552798
ELL,20011221,0.066,0.066,0.066,0.066,5317
ELX,20011221,0.89,0.9,0.85,0.9,126264
EMI,20011221,0.055,0.069,0.055,0.069,45162
EMM,20011221,0.11,0.11,0.11,0.11,250000
ENE,20011221,6.33,6.55,6.32,6.55,84427
ENV,20011221,0.93,0.93,0.92,0.93,311007
EPR,20011221,0.22,0.225,0.21,0.21,137100
EPT,20011221,0.25,0.25,0.24,0.24,333700
EQI,20011221,0.602,0.602,0.6,0.6,68879
EQR,20011221,0.08,0.08,0.075,0.075,66000
EQS,20011221,0.065,0.065,0.06,0.06,228000
EQX,20011221,0.002,0.002,0.002,0.002,290400
ERA,20011221,1.93,1.93,1.93,1.93,200
ERG,20011221,0.53,0.54,0.53,0.54,1670915
ERS,20011221,0.83,0.83,0.83,0.83,800
ESE,20011221,0.06,0.06,0.06,0.06,100000
ESG,20011221,0.15,0.15,0.145,0.145,50174
ESI,20011221,0.66,0.66,0.66,0.66,50754
ESL,20011221,0.43,0.43,0.4,0.4,2177
ESX,20011221,0.26,0.275,0.25,0.275,97000
ETR,20011221,0.488,0.49,0.455,0.46,192209
ETT,20011221,0.06,0.06,0.06,0.06,50000
ETW,20011221,1.53,1.55,1.53,1.55,107625
EVM,20011221,0.24,0.245,0.24,0.245,12500
EXS,20011221,0.09,0.09,0.09,0.09,100000
EZE,20011221,0.1,0.1,0.095,0.095,83200
EZY,20011221,0.072,0.072,0.072,0.072,100000
FAN,20011221,1.35,1.35,1.35,1.35,3798
FAR,20011221,0.08,0.08,0.08,0.08,3000
FBU,20011221,2.26,2.39,2.26,2.3,8915
FCL,20011221,1.8,1.81,1.79,1.79,592514
FDR,20011221,1.5,1.57,1.5,1.52,35950
FEA,20011221,0.11,0.12,0.11,0.12,161046
FEC,20011221,0.9,0.9,0.9,0.9,7000
FFL,20011221,1.63,1.63,1.62,1.62,4331
FFS,20011221,0.18,0.18,0.18,0.18,86
FGL,20011221,4.82,4.83,4.79,4.8,11942298
FGR,20011221,0.014,0.016,0.013,0.013,123357
FKP,20011221,0.98,0.99,0.98,0.99,11750
FLT,20011221,22.15,22.49,22.15,22.3,14408
FNC,20011221,0.4,0.42,0.4,0.4,57671
FOA,20011221,11.6,11.81,11.6,11.8,146813
FPA,20011221,8.35,8.35,8.35,8.35,500
FPF,20011221,1.08,1.08,1.08,1.08,2750
FPG,20011221,0.38,0.38,0.38,0.38,18632
FPH,20011221,13.75,13.88,13.75,13.8,55841
FPS,20011221,0.96,0.96,0.96,0.96,5000
FRU,20011221,1.88,1.88,1.88,1.88,1000
FTR,20011221,0.32,0.32,0.32,0.32,6000
FUN,20011221,0.58,0.59,0.58,0.59,57749
FWD,20011221,1.56,1.56,1.56,1.56,6825
FXJ,20011221,3.656,3.8,3.656,3.8,1575815
FXO,20011221,0.06,0.06,0.06,0.06,14334
GAN,20011221,1.16,1.16,1.15,1.15,510288
GAP,20011221,0.8,0.8,0.8,0.8,13000
GAS,20011221,2.11,2.13,2.1,2.12,1869424
GBG,20011221,0.155,0.155,0.15,0.155,213159
GBL,20011221,0.125,0.13,0.12,0.125,207000
GBR,20011221,1.06,1.09,1.06,1.06,181348
GCR,20011221,0.12,0.12,0.12,0.12,11000
GDM,20011221,0.56,0.56,0.55,0.56,310818
GDN,20011221,0.027,0.027,0.026,0.026,50000
GDP,20011221,2.8,2.84,2.77,2.832,102291
GFA,20011221,3.5,3.65,3.5,3.6,122691
GFD,20011221,0.39,0.4,0.39,0.395,30000
GGL,20011221,0.98,1.03,0.97,1,602041
GGN,20011221,0.24,0.27,0.24,0.27,4020000
GGR,20011221,0.075,0.08,0.075,0.08,68903
GHG,20011221,0.85,0.86,0.82,0.86,62543
GIR,20011221,0.07,0.079,0.07,0.079,58691
GLB,20011221,2.29,2.3,2.27,2.27,30750
GLD,20011221,2.36,2.38,2.32,2.37,277985
GLP,20011221,0.145,0.145,0.145,0.145,10000
GMF,20011221,1.346,1.37,1.34,1.37,3591509
GML,20011221,0.21,0.21,0.205,0.21,67500
GNC,20011221,10.95,10.95,10.9,10.9,3720
GNR,20011221,0.1,0.1,0.095,0.1,123000
GNS,20011221,4.36,4.38,4.36,4.38,46867
GOD,20011221,0.014,0.016,0.014,0.016,1953536
GOW,20011221,2.04,2.04,2.04,2.04,2000
GPN,20011221,0.013,0.014,0.013,0.014,967919
GPO,20011221,0.105,0.105,0.105,0.105,45000
GPT,20011221,2.74,2.8,2.74,2.79,1687426
GRD,20011221,1.26,1.26,1.25,1.26,102946
GRN,20011221,0.107,0.107,0.1,0.1,333150
GRO,20011221,2.32,2.35,2.31,2.35,6450
GSE,20011221,0.046,0.05,0.046,0.047,106452
GSF,20011221,0.36,0.4,0.36,0.4,51738
GSP,20011221,1.29,1.29,1.28,1.28,19000
GTA,20011221,0.34,0.34,0.34,0.34,14900
GTG,20011221,0.51,0.51,0.48,0.51,193264
GTM,20011221,0.037,0.038,0.035,0.035,663697
GTP,20011221,1,1.02,0.99,1,375571
GUD,20011221,1.94,1.95,1.94,1.95,36370
GUN,20011221,0.15,0.155,0.14,0.155,507080
GVM,20011221,0.033,0.033,0.032,0.032,57000
GWT,20011221,2.44,2.46,2.44,2.46,42623
GYM,20011221,0.78,0.79,0.78,0.79,91163
HAM,20011221,2.05,2.05,2.05,2.05,11000
HAN,20011221,13.15,13.15,12.95,12.95,2037
HBL,20011221,0.32,0.32,0.32,0.32,49909
HCN,20011221,0.55,0.55,0.55,0.55,47281
HDR,20011221,0.49,0.495,0.49,0.49,440350
HER,20011221,0.385,0.385,0.385,0.385,16000
HFY,20011221,1.43,1.48,1.43,1.48,2188371
HHL,20011221,3.15,3.2,3.15,3.2,13260
HIC,20011221,0.63,0.64,0.63,0.64,12561
HIG,20011221,0.14,0.14,0.14,0.14,10830
HIL,20011221,2.85,2.86,2.85,2.86,18971
HLX,20011221,0.37,0.38,0.37,0.37,40500
HLY,20011221,5.01,5.07,4.97,5,250623
HMC,20011221,0.04,0.04,0.04,0.04,20027
HML,20011221,0.16,0.16,0.16,0.16,62500
HNG,20011221,1.29,1.3,1.28,1.3,26485
HOM,20011221,1.13,1.13,1.12,1.12,14000
HPL,20011221,0.79,0.79,0.79,0.79,1485661
HPX,20011221,2.19,2.2,2.17,2.2,20177
HRD,20011221,0.16,0.16,0.16,0.16,14500
HRR,20011221,0.215,0.215,0.215,0.215,1520
HRT,20011221,0.175,0.175,0.175,0.175,42000
HRZ,20011221,0.315,0.315,0.31,0.31,12000
HSN,20011221,1.2,1.2,1.19,1.19,10431
HSP,20011221,2.22,2.3,2.22,2.27,26549
HTA,20011221,0.55,0.57,0.54,0.56,1577248
HTE,20011221,0.13,0.13,0.125,0.13,73466
HVN,20011221,3.686,3.87,3.65,3.82,1580423
HWE,20011221,1.2,1.21,1.19,1.19,282462
HWG,20011221,0.13,0.135,0.125,0.135,202000
HWI,20011221,0.93,0.93,0.92,0.92,39850
HWL,20011221,0.067,0.067,0.066,0.067,76288
HWT,20011221,0.6,0.6,0.6,0.6,14130
IAS,20011221,0.23,0.23,0.23,0.23,700
IBA,20011221,0.16,0.16,0.155,0.16,36000
ICE,20011221,0.08,0.08,0.076,0.076,80000
ICM,20011221,0.07,0.07,0.065,0.065,107275
ICN,20011221,0.063,0.063,0.061,0.061,97350
ICO,20011221,0.005,0.005,0.005,0.005,200000
ICS,20011221,0.19,0.19,0.185,0.185,128741
ICT,20011221,6.3,6.3,6.2,6.2,657
IDT,20011221,3.94,4.18,3.94,4.17,23455
IDX,20011221,2.73,2.73,2.73,2.73,12000
IFM,20011221,1.33,1.34,1.3,1.3,80950
IGM,20011221,0.028,0.028,0.028,0.028,75000
IGP,20011221,2.8,2.82,2.8,2.82,5250
IHG,20011221,0.91,0.92,0.89,0.91,76818
IIF,20011221,1.623,1.65,1.6,1.629,320191
IIN,20011221,0.5,0.5,0.5,0.5,10880
ILU,20011221,4.422,4.45,4.33,4.332,402579
IMD,20011221,0.215,0.22,0.215,0.22,55000
IMP,20011221,0.023,0.025,0.023,0.025,256066
IMW,20011221,0.034,0.034,0.032,0.032,750000
INX,20011221,0.08,0.08,0.08,0.08,25000
IOF,20011221,1.18,1.19,1.16,1.18,543578
ION,20011221,1.82,1.86,1.81,1.84,274517
IPG,20011221,2.01,2.04,2.01,2.03,848598
IPH,20011221,1.6,1.6,1.58,1.58,16561
IRC,20011221,0.041,0.041,0.041,0.041,176000
IRE,20011221,2.17,2.17,2.16,2.17,42809
IRI,20011221,0.57,0.57,0.55,0.55,40567
ISC,20011221,0.04,0.041,0.04,0.041,67500
ISY,20011221,0.018,0.018,0.017,0.017,238579
ITC,20011221,0.05,0.05,0.05,0.05,65000
ITG,20011221,0.37,0.37,0.37,0.37,270000
ITP,20011221,0.046,0.046,0.046,0.046,10000
IWF,20011221,0.79,0.79,0.79,0.79,9000
IWI,20011221,2.89,2.89,2.86,2.86,5968
IWL,20011221,0.245,0.25,0.245,0.245,91900
IXL,20011221,0.028,0.03,0.028,0.028,159012
JAM,20011221,0.15,0.15,0.15,0.15,20000
JBM,20011221,1.4,1.4,1.4,1.4,6084
JFG,20011221,2.68,2.69,2.65,2.66,51833
JHX,20011221,5.67,5.83,5.62,5.78,19873960
JLA,20011221,0.038,0.038,0.036,0.036,109558
JRR,20011221,0.99,0.99,0.99,0.99,10000
JUM,20011221,0.025,0.025,0.025,0.025,42750
JUP,20011221,4.7,4.85,4.66,4.7,149931
KAZ,20011221,1.03,1.04,1.01,1.04,317583
KBO,20011221,0.11,0.11,0.11,0.11,20000
KBS,20011221,0.5,0.5,0.5,0.5,281
KCN,20011221,1.22,1.22,1.21,1.21,48900
KGM,20011221,0.22,0.22,0.215,0.215,32500
KIC,20011221,3.259,3.259,3.22,3.22,17000
KIM,20011221,0.53,0.55,0.51,0.51,700694
KMN,20011221,0.04,0.04,0.04,0.04,202000
KRS,20011221,0.07,0.07,0.07,0.07,10000
KRZ,20011221,0.016,0.016,0.015,0.015,1557300
KSC,20011221,3.248,3.35,3.248,3.3,57900
KYC,20011221,1.94,1.95,1.91,1.94,26652
KZL,20011221,0.28,0.28,0.26,0.28,112000
LAC,20011221,10.698,11.2,10.698,11,410829
LAF,20011221,0.06,0.06,0.06,0.06,46300
LAK,20011221,0.27,0.27,0.27,0.27,25300
LAS,20011221,0.35,0.35,0.35,0.35,1734
LCL,20011221,0.84,0.84,0.84,0.84,416
LCO,20011221,0.69,0.69,0.69,0.69,1440
LEI,20011221,10.5,10.54,10.44,10.47,340068
LEL,20011221,0.225,0.225,0.225,0.225,300000
LEV,20011221,1.7,1.7,1.7,1.7,3000
LGO,20011221,0.026,0.026,0.026,0.026,66980
LHG,20011221,1.16,1.17,1.15,1.17,8248657
LKO,20011221,0.03,0.031,0.03,0.03,343333
LLC,20011221,12.378,12.77,12.3,12.704,6042023
LNN,20011221,4.64,4.68,4.57,4.67,584913
LOK,20011221,0.14,0.14,0.135,0.135,3877559
LON,20011221,0.36,0.37,0.36,0.37,12041
LPD,20011221,0.52,0.52,0.52,0.52,4000
LRL,20011221,0.115,0.115,0.115,0.115,3600
LSG,20011221,0.72,0.73,0.72,0.72,93000
LUO,20011221,1.41,1.44,1.41,1.429,1898302
LYC,20011221,0.25,0.26,0.25,0.26,488207
MAH,20011221,0.135,0.14,0.135,0.135,476000
MAQ,20011221,0.18,0.195,0.18,0.195,357053
MAY,20011221,6.67,6.82,6.67,6.81,6397161
MBG,20011221,0.08,0.08,0.076,0.076,107444
MBL,20011221,36.45,37.28,36.35,36.835,1729063
MBP,20011221,0.68,0.7,0.68,0.68,99400
MCA,20011221,1.09,1.09,1.08,1.08,12328
MCC,20011221,1.26,1.26,1.26,1.26,1150
MCP,20011221,1.38,1.38,1.35,1.38,18065
MCR,20011221,0.175,0.18,0.17,0.17,954273
MCT,20011221,0.055,0.055,0.055,0.055,290000
MCW,20011221,1.57,1.62,1.55,1.57,840925
MDC,20011221,1.38,1.38,1.38,1.38,1000
MDL,20011221,0.21,0.21,0.21,0.21,19000
MDM,20011221,0.085,0.085,0.085,0.085,38750
MEE,20011221,0.05,0.05,0.05,0.05,58000
MEO,20011221,0.089,0.089,0.089,0.089,15000
MGD,20011221,0.125,0.125,0.125,0.125,8000
MGE,20011221,0.37,0.37,0.365,0.365,12500
MGI,20011221,1.39,1.4,1.37,1.387,1724355
MGM,20011221,1.19,1.19,1.18,1.19,125501
MGR,20011221,3.87,3.89,3.83,3.85,1013065
MGW,20011221,4.32,4.35,4.25,4.25,15891
MIA,20011221,1.39,1.4,1.35,1.4,608630
MIC,20011221,0.018,0.018,0.018,0.018,200000
MIG,20011221,3.484,3.5,3.42,3.49,4120746
MIK,20011221,0.055,0.055,0.055,0.055,10000
MIM,20011221,1.09,1.1,1.08,1.1,6042660
MIR,20011221,1.04,1.05,1.04,1.04,159500
MJN,20011221,0.078,0.078,0.076,0.076,18700
MLB,20011221,0.65,0.65,0.639,0.639,143236
MLE,20011221,0.685,0.69,0.65,0.65,188601
MLT,20011221,11.9,11.9,11.9,11.9,11416
MMD,20011221,0.66,0.67,0.64,0.65,322502
MME,20011221,0.38,0.38,0.38,0.38,7000
MMN,20011221,0.045,0.045,0.045,0.045,62500
MND,20011221,1.7,1.7,1.7,1.7,6588
MNG,20011221,0.089,0.089,0.08,0.08,180000
MNR,20011221,1.72,1.95,1.71,1.85,622529
MOB,20011221,0.14,0.14,0.135,0.135,60000
MOD,20011221,0.43,0.44,0.42,0.44,66000
MOF,20011221,1.26,1.27,1.26,1.26,776837
MOO,20011221,0.051,0.051,0.05,0.05,280000
MOS,20011221,0.205,0.215,0.2,0.2,208500
MPD,20011221,0.165,0.165,0.165,0.165,10000
MPO,20011221,0.03,0.03,0.029,0.03,489529
MRL,20011221,3.194,3.23,3.16,3.23,276046
MRM,20011221,0.76,0.76,0.74,0.74,30000
MRX,20011221,0.079,0.079,0.076,0.076,22357
MSC,20011221,0.28,0.285,0.275,0.275,358998
MSF,20011221,5.9,5.9,5.9,5.9,5000
MSI,20011221,0.045,0.045,0.045,0.045,16000
MST,20011221,1.36,1.4,1.32,1.34,482087
MTB,20011221,0.135,0.135,0.13,0.135,244049
MTD,20011221,0.11,0.125,0.11,0.125,20000
MTR,20011221,0.47,0.485,0.47,0.47,537291
MTT,20011221,1.54,1.54,1.42,1.46,1291951
MUL,20011221,0.018,0.018,0.018,0.018,100000
MXA,20011221,0.026,0.026,0.022,0.023,4158227
MXE,20011221,0.053,0.059,0.053,0.056,658710
MXI,20011221,0.135,0.14,0.135,0.14,207500
MXO,20011221,0.21,0.21,0.195,0.195,1536014
MYC,20011221,0.041,0.044,0.041,0.044,130000
MYM,20011221,0.011,0.014,0.011,0.013,784176
MYO,20011221,0.72,0.72,0.69,0.72,91356
NAB,20011221,31.156,31.68,31.156,31.594,9204416
NAL,20011221,1.11,1.12,1.1,1.1,84594
NAM,20011221,0.235,0.235,0.235,0.235,5500
NBL,20011221,0.73,0.74,0.73,0.74,11000
NCA,20011221,0.13,0.135,0.13,0.135,71667
NCI,20011221,0.96,0.96,0.96,0.96,2000
NCM,20011221,3.9,3.99,3.88,3.95,1479303
NCP,20011221,15.25,15.6,15.22,15.531,13326014
NDC,20011221,0.155,0.155,0.15,0.15,105000
NDO,20011221,0.017,0.017,0.017,0.017,200000
NDY,20011221,1.82,1.83,1.81,1.83,10745629
NEV,20011221,3.31,3.35,3.31,3.35,6725
NFD,20011221,2.96,3.01,2.94,3.01,284840
NFG,20011221,0.115,0.115,0.115,0.115,20000
NFM,20011221,10.5,11,10.5,11,14850
NHR,20011221,0.29,0.29,0.29,0.29,3000
NIX,20011221,0.64,0.64,0.64,0.64,35090
NNG,20011221,0.098,0.1,0.098,0.1,160000
NOL,20011221,0.41,0.41,0.41,0.41,1500
NRL,20011221,0.061,0.061,0.06,0.06,4000000
NRM,20011221,3.02,3.07,3.01,3.05,4336075
NRT,20011221,2.25,2.4,2.25,2.358,198420
NTC,20011221,0.099,0.099,0.099,0.099,10000
NTG,20011221,0.8,0.8,0.79,0.8,176950
NUF,20011221,3.3,3.31,3.3,3.3,97349
NVS,20011221,1.68,1.69,1.64,1.67,2425070
NWE,20011221,0.082,0.084,0.082,0.084,224245
NWL,20011221,0.24,0.27,0.24,0.255,1071654
NXS,20011221,0.05,0.05,0.049,0.05,792033
OBJ,20011221,0.045,0.048,0.044,0.047,186000
OCO,20011221,0.06,0.066,0.06,0.066,320000
OEC,20011221,0.52,0.53,0.51,0.53,2000976
OIL,20011221,0.89,0.9,0.88,0.9,44141
OKN,20011221,0.81,0.84,0.8,0.84,27911
OLA,20011221,0.045,0.045,0.04,0.04,214117
OMI,20011221,0.91,0.91,0.9,0.9,2500
OML,20011221,1.33,1.36,1.33,1.35,922216
OMP,20011221,3.372,3.4,3.35,3.35,393257
OPM,20011221,0.015,0.015,0.014,0.014,100000
OPS,20011221,4.055,4.1,4.05,4.08,111524
ORG,20011221,2.841,2.841,2.81,2.82,2230796
ORI,20011221,7.09,7.18,7.02,7.13,619463
ORL,20011221,3.95,3.95,3.95,3.95,2000
ORP,20011221,0.023,0.023,0.023,0.023,15000
OSH,20011221,1.1,1.1,1.08,1.09,997627
OST,20011221,1.05,1.09,1.04,1.08,847109
OTT,20011221,0.076,0.082,0.076,0.08,1634769
OXR,20011221,0.22,0.225,0.21,0.22,1555657
PAL,20011221,0.195,0.195,0.19,0.195,138115
PBB,20011221,3.34,3.34,3.25,3.28,272190
PBL,20011221,9.706,9.72,9.58,9.71,2294157
PBO,20011221,1.27,1.35,1.27,1.35,15101
PBT,20011221,0.97,1,0.97,1,10000
PBV,20011221,2,2,2,2,2297
PCG,20011221,0.09,0.1,0.09,0.1,80734
PCL,20011221,0.048,0.048,0.047,0.047,171500
PCO,20011221,0.125,0.13,0.115,0.125,951310
PDN,20011221,0.023,0.023,0.023,0.023,250000
PDP,20011221,1,1.02,0.98,1.02,2688918
PEG,20011221,0.081,0.11,0.081,0.085,965000
PEM,20011221,0.42,0.42,0.42,0.42,11087
PEP,20011221,0.96,0.96,0.95,0.95,46123
PGL,20011221,1.32,1.32,1.28,1.3,52050
PHO,20011221,0.044,0.044,0.032,0.034,54505
PHT,20011221,0.35,0.35,0.35,0.35,12200
PHY,20011221,4.09,4.09,4.05,4.07,38229
PIE,20011221,0.04,0.04,0.04,0.04,100000
PIL,20011221,0.175,0.18,0.175,0.18,13000
PLF,20011221,2.34,2.35,2.3,2.33,52944
PLL,20011221,2.3,2.33,2.22,2.22,9447
PLN,20011221,0.3,0.3,0.29,0.29,50000
PLT,20011221,3.1,3.1,3.05,3.1,5825
PLW,20011221,3.5,3.5,3.5,3.5,14000
PLX,20011221,0.018,0.018,0.017,0.017,142500
PMA,20011221,0.15,0.18,0.15,0.18,420
PMC,20011221,2.1,2.12,2.08,2.08,102327
PMD,20011221,0.029,0.029,0.029,0.029,100000
PME,20011221,1.18,1.2,1.18,1.2,1800
PMM,20011221,1.37,1.4,1.37,1.4,766065
PMP,20011221,0.63,0.65,0.63,0.64,198572
PNA,20011221,0.032,0.032,0.032,0.032,70612
PNH,20011221,0.135,0.135,0.135,0.135,5000
PNO,20011221,0.048,0.048,0.043,0.047,200000
PPD,20011221,0.2,0.2,0.2,0.2,11250
PPH,20011221,2.26,2.28,2.23,2.28,9586
PPK,20011221,0.91,0.93,0.9,0.9,32500
PPT,20011221,42.51,43,42.51,43,366688
PPX,20011221,4.72,4.84,4.65,4.84,353720
PRG,20011221,2.25,2.25,2.21,2.22,63552
PRM,20011221,0.165,0.165,0.165,0.165,35667
PRO,20011221,0.34,0.34,0.33,0.34,3500
PRR,20011221,0.435,0.47,0.435,0.46,143487
PRT,20011221,1.95,2.07,1.95,2.037,1358637
PRX,20011221,0.88,0.88,0.87,0.88,127668
PRY,20011221,4.85,4.9,4.85,4.9,22140
PSA,20011221,0.125,0.125,0.125,0.125,18000
PSD,20011221,0.245,0.255,0.245,0.245,200664
PSG,20011221,0.37,0.37,0.37,0.37,3000
PSV,20011221,0.051,0.051,0.051,0.051,4650
PTD,20011221,3.888,3.95,3.87,3.942,133332
PVL,20011221,0.58,0.58,0.52,0.54,157234
PWR,20011221,0.445,0.46,0.44,0.46,336401
PWT,20011221,0.185,0.2,0.185,0.2,283262
QAD,20011221,0.56,0.56,0.55,0.55,45952
QAN,20011221,3.68,3.75,3.66,3.75,5290894
QBE,20011221,7.25,7.4,7.25,7.4,1383939
QCH,20011221,3.18,3.18,3.13,3.15,27567
QED,20011221,0.215,0.215,0.215,0.215,19000
QGC,20011221,0.315,0.315,0.29,0.29,126095
QML,20011221,0.18,0.18,0.18,0.18,4455
QMM,20011221,0.045,0.045,0.04,0.04,20000
QPX,20011221,0.475,0.475,0.47,0.47,5000
QTK,20011221,0.029,0.03,0.029,0.03,459000
QTL,20011221,0.072,0.072,0.051,0.06,1116552
QVL,20011221,0.96,0.99,0.95,0.99,10070
RAC,20011221,0.072,0.072,0.07,0.07,77795
RBC,20011221,0.46,0.52,0.46,0.52,53
RCT,20011221,1.4,1.4,1.32,1.32,14000
RDF,20011221,0.95,0.95,0.92,0.92,32344
REA,20011221,0.135,0.135,0.135,0.135,20000
REB,20011221,1.57,1.57,1.56,1.57,21048
REL,20011221,0.77,0.8,0.76,0.77,303786
RFS,20011221,0.285,0.29,0.285,0.285,103600
RGL,20011221,0.19,0.19,0.19,0.19,50000
RGS,20011221,1.17,1.17,1.17,1.17,28000
RHC,20011221,4.573,4.573,4.45,4.57,35915
RIC,20011221,1.07,1.08,1.06,1.08,81987
RIO,20011221,35.45,36.35,35.45,36.3,16077794
RKN,20011221,0.13,0.13,0.12,0.12,37588
RLD,20011221,0.16,0.16,0.155,0.155,81701
RMD,20011221,10.42,10.42,10.3,10.35,4232246
RMG,20011221,0.195,0.195,0.195,0.195,186347
RML,20011221,0.005,0.006,0.005,0.006,532400
RMW,20011221,1.15,1.15,1.15,1.15,2039
RND,20011221,0.72,0.76,0.72,0.76,36500
ROC,20011221,1.27,1.3,1.25,1.26,42000
ROK,20011221,3,3,3,3,2000
RPG,20011221,0.22,0.22,0.21,0.21,21331
RRS,20011221,0.056,0.056,0.056,0.056,200000
RSG,20011221,0.465,0.465,0.46,0.465,38487
RTM,20011221,0.047,0.047,0.047,0.047,28719
RUP,20011221,4.45,4.6,4.45,4.6,57812
SAR,20011221,0.105,0.105,0.105,0.105,5000
SBC,20011221,10.76,10.8,10.76,10.8,2826
SBD,20011221,0.115,0.115,0.115,0.115,14500
SBE,20011221,1.63,1.63,1.6,1.6,36769
SBM,20011221,0.21,0.21,0.21,0.21,249800
SBP,20011221,0.15,0.15,0.14,0.15,333292
SCN,20011221,0.003,0.003,0.003,0.003,1550000
SDI,20011221,1.4,1.44,1.37,1.4,60430
SDR,20011221,0.28,0.29,0.28,0.29,813495
SED,20011221,0.14,0.14,0.135,0.135,50400
SEL,20011221,1.316,1.32,1.2,1.23,430700
SEN,20011221,0.1,0.105,0.099,0.105,491858
SES,20011221,0.15,0.17,0.14,0.17,109750
SEV,20011221,6.809,6.94,6.76,6.89,315899
SFG,20011221,0.021,0.021,0.021,0.021,6000
SFL,20011221,1.42,1.43,1.41,1.41,131000
SGB,20011221,17.829,18.2,17.829,18.03,1087260
SGC,20011221,0.415,0.42,0.41,0.42,132187
SGN,20011221,4.05,4.1,4.02,4.1,326157
SGO,20011221,0.24,0.24,0.235,0.235,28000
SGP,20011221,4.26,4.28,4.24,4.24,2066187
SGS,20011221,0.64,0.65,0.63,0.65,201907
SGT,20011221,1.86,1.87,1.84,1.85,3492690
SGW,20011221,7.26,7.36,7.26,7.35,261793
SHL,20011221,7.8,8,7.76,7.97,538797
SHV,20011221,2.154,2.154,2.05,2.15,17502
SIG,20011221,3.35,3.45,3.35,3.45,142720
SIU,20011221,0.4,0.4,0.38,0.38,22000
SKC,20011221,5.05,5.05,5.05,5.05,50000
SKD,20011221,0.36,0.37,0.35,0.36,371543
SKE,20011221,0.75,0.8,0.75,0.8,71551
SKN,20011221,0.12,0.12,0.12,0.12,10000
SKR,20011221,0.052,0.054,0.052,0.052,768650
SLN,20011221,1.57,1.57,1.54,1.56,16500
SLT,20011221,0.032,0.035,0.032,0.035,8115267
SLX,20011221,2.43,2.52,2.4,2.52,40760
SMC,20011221,0.055,0.055,0.055,0.055,750
SML,20011221,0.025,0.027,0.022,0.027,7461006
SMM,20011221,0.105,0.105,0.105,0.105,10000
SMO,20011221,0.07,0.07,0.07,0.07,100000
SMS,20011221,5.47,5.65,5.47,5.65,71312
SMX,20011221,0.375,0.38,0.375,0.38,370384
SMY,20011221,0.19,0.19,0.185,0.185,123158
SNX,20011221,1.38,1.4,1.33,1.39,262735
SOH,20011221,0.68,0.71,0.67,0.7,321557
SOL,20011221,43.65,43.65,43.5,43.5,4442
SOT,20011221,0.32,0.32,0.315,0.32,285950
SPC,20011221,1,1,0.95,0.95,230920
SPD,20011221,0.24,0.24,0.24,0.24,110000
SPH,20011221,0.145,0.145,0.145,0.145,475
SPK,20011221,0.04,0.04,0.04,0.04,10000
SPL,20011221,0.75,0.8,0.74,0.79,84000
SPP,20011221,0.56,0.56,0.52,0.52,106993
SPT,20011221,4.96,5,4.95,4.99,262068
SPX,20011221,0.054,0.059,0.054,0.059,70000
SRA,20011221,0.82,0.82,0.81,0.82,76570
SRI,20011221,0.16,0.165,0.16,0.16,222500
SRL,20011221,0.4,0.4,0.4,0.4,59661
SRO,20011221,0.057,0.06,0.056,0.06,259000
SRP,20011221,7.28,7.46,7.26,7.4,4109524
SRT,20011221,0.029,0.029,0.029,0.029,22267
SRV,20011221,3.4,3.4,3.4,3.4,150
SRX,20011221,1.741,1.76,1.72,1.72,24080
SSH,20011221,0.45,0.48,0.45,0.455,98460
SSI,20011221,0.3,0.3,0.26,0.26,10180
SSR,20011221,0.57,0.57,0.56,0.57,21600
SSS,20011221,1.11,1.15,1.07,1.07,19500
SST,20011221,1.3,1.3,1.3,1.3,664
SSX,20011221,0.958,0.99,0.958,0.98,590169
STN,20011221,0.21,0.225,0.21,0.225,7645
STO,20011221,6.1,6.17,6.09,6.17,1654410
STP,20011221,0.455,0.46,0.45,0.46,29300
STT,20011221,0.022,0.022,0.022,0.022,87000
STU,20011221,0.37,0.37,0.36,0.36,7500
STW,20011221,33.73,34.19,33.67,34.19,991403
SUN,20011221,13.984,14.1,13.95,14.094,902672
SVP,20011221,0.052,0.052,0.052,0.052,8000
SVS,20011221,0.75,0.75,0.75,0.75,10000
SWD,20011221,0.92,0.92,0.92,0.92,545
SWG,20011221,0.019,0.02,0.017,0.017,210000
SWS,20011221,2.42,2.45,2.37,2.43,31503
SWT,20011221,0.075,0.075,0.07,0.07,130000
SYL,20011221,3.8,3.8,3.8,3.8,1474
SYM,20011221,2.05,2.06,2.03,2.06,307065
TAB,20011221,2.72,2.75,2.71,2.74,2285844
TAH,20011221,9.67,9.93,9.64,9.82,973452
TAM,20011221,0.095,0.095,0.095,0.095,550000
TAP,20011221,1.36,1.36,1.35,1.35,113582
TAS,20011221,0.18,0.19,0.175,0.175,410000
TAW,20011221,0.8,0.8,0.8,0.8,4750
TBC,20011221,0.085,0.085,0.085,0.085,135000
TBR,20011221,0.75,0.76,0.75,0.76,39875
TEE,20011221,0.08,0.08,0.08,0.08,20500
TEH,20011221,0.08,0.083,0.08,0.08,157701
TEL,20011221,4,4.13,3.97,4.083,330069
TEM,20011221,2.7,2.72,2.64,2.7,38093
TEN,20011221,1.93,1.96,1.9,1.96,336276
TGG,20011221,1.6,1.6,1.59,1.6,106687
TGL,20011221,0.26,0.26,0.26,0.26,2825
TGS,20011221,0.16,0.16,0.16,0.16,7200
THG,20011221,0.495,0.51,0.495,0.51,219960
THX,20011221,0.4,0.4,0.385,0.39,54000
TIF,20011221,0.8,0.8,0.8,0.8,10806
TIM,20011221,0.64,0.65,0.64,0.64,160729
TIR,20011221,0.16,0.175,0.155,0.175,330450
TKG,20011221,0.016,0.017,0.016,0.017,213700
TKR,20011221,0.76,0.83,0.76,0.83,76360
TLE,20011221,0.02,0.02,0.017,0.02,759153
TLN,20011221,0.083,0.083,0.083,0.083,50000
TLO,20011221,0.026,0.027,0.026,0.027,270000
TLS,20011221,5.27,5.31,5.21,5.3,45683099
TMO,20011221,1.03,1.04,1.03,1.04,36759
TMS,20011221,0.59,0.59,0.57,0.58,98076
TMT,20011221,1.04,1.05,1.03,1.05,165711
TNE,20011221,0.88,0.88,0.87,0.88,150061
TNL,20011221,0.22,0.24,0.22,0.24,660000
TNY,20011221,0.047,0.047,0.047,0.047,22800
TOL,20011221,27.7,27.873,27.7,27.873,1024075
TOR,20011221,1.27,1.27,1.25,1.26,43500
TOX,20011221,0.096,0.096,0.096,0.096,45000
TPL,20011221,0.018,0.019,0.017,0.017,220000
TQL,20011221,3,3.02,3,3.02,89682
TRT,20011221,0.02,0.02,0.019,0.019,4064127
TRY,20011221,1.3,1.3,1.3,1.3,3000
TSE,20011221,2.59,2.59,2.53,2.53,26339
TSR,20011221,0.8,0.8,0.8,0.8,10000
TSS,20011221,0.48,0.5,0.48,0.5,72417
TTH,20011221,0.16,0.16,0.16,0.16,125
TVL,20011221,0.125,0.125,0.125,0.125,4000
TVS,20011221,0.05,0.05,0.047,0.047,795787
TWR,20011221,3.909,4,3.909,4,126574
TXT,20011221,1.426,1.45,1.4,1.4,146500
UCL,20011221,0.014,0.014,0.014,0.014,793197
UEC,20011221,0.155,0.155,0.145,0.145,1584979
UEL,20011221,2.29,2.3,2.28,2.3,837897
UGL,20011221,2.31,2.35,2.3,2.35,16100
USC,20011221,0.66,0.66,0.65,0.65,120565
VCM,20011221,2.25,2.25,2.25,2.25,89
VGL,20011221,1.16,1.17,1.16,1.17,12042
VHL,20011221,0.66,0.7,0.65,0.7,43000
VII,20011221,0.49,0.49,0.485,0.485,6080
VIT,20011221,0.3,0.3,0.29,0.3,25750
VLS,20011221,2.12,2.14,2.12,2.12,316823
VNA,20011221,0.038,0.038,0.038,0.038,7644
VOY,20011221,0.16,0.16,0.155,0.155,115315
VPE,20011221,0.032,0.033,0.031,0.032,1054000
VRI,20011221,0.77,0.82,0.76,0.82,535201
VRL,20011221,1.87,1.93,1.86,1.92,82389
VSL,20011221,1.9,1.93,1.86,1.92,80194
VTI,20011221,0.4,0.4,0.365,0.385,2594630
VWD,20011221,0.62,0.63,0.62,0.63,96836
WAL,20011221,0.66,0.66,0.63,0.63,7500
WAM,20011221,1.28,1.29,1.28,1.29,98816
WAN,20011221,5.042,5.12,5.03,5.12,85033
WAT,20011221,1.61,1.61,1.61,1.61,400
WBA,20011221,0.42,0.42,0.4,0.4,13401
WBB,20011221,5.15,5.15,5.05,5.1,3600
WBC,20011221,15.348,15.721,15.348,15.721,9358938
WEG,20011221,4.99,5.05,4.95,5,269797
WES,20011221,30,30.425,29.95,30.425,2228333
WET,20011221,0.03,0.031,0.028,0.031,349100
WFA,20011221,1.8,1.83,1.79,1.8,13286744
WFT,20011221,3.35,3.41,3.35,3.388,1523996
WHF,20011221,3.5,3.5,3.5,3.5,730
WHS,20011221,5.21,5.21,5.21,5.21,784
WIF,20011221,0.255,0.255,0.25,0.25,105000
WJM,20011221,4.5,4.5,4.5,4.5,450
WMC,20011221,9.4,9.63,9.39,9.59,19108073
WME,20011221,0.055,0.055,0.045,0.045,75000
WMG,20011221,0.09,0.09,0.09,0.09,5000
WMT,20011221,0.023,0.024,0.021,0.021,6180000
WON,20011221,0.058,0.059,0.057,0.057,708001
WOW,20011221,10.92,11.11,10.92,11.09,23876693
WPL,20011221,12.874,13.06,12.76,13,5709852
WPO,20011221,0.11,0.11,0.11,0.11,15000
WRF,20011221,0.3,0.3,0.3,0.3,5000
WSA,20011221,0.17,0.19,0.17,0.19,50500
WSF,20011221,15.95,16.45,15.9,16.07,5225461
WSG,20011221,0.073,0.074,0.073,0.074,46300
WSY,20011221,0.046,0.05,0.046,0.048,3493616
WTL,20011221,0.13,0.13,0.13,0.13,15000
WTP,20011221,0.354,0.354,0.345,0.345,25000
WWA,20011221,0.55,0.57,0.55,0.57,116668
WYL,20011221,2.15,2.21,2.15,2.21,71460
XAI,20011221,5628.7,5690.9,5611.8,5682.6,0
XAM,20011221,725.7,732.1,725.7,732.1,0
XAN,20011221,0.29,0.29,0.275,0.275,10300
XAO,20011221,3286.2,3318.6,3273.9,3314.1,0
XAR,20011221,1514.9,1520.6,1501,1518,0
XAT,20011221,14828.9,14999.2,14828.9,14942.6,0
XBF,20011221,8935.3,9070.4,8921.6,9064.2,0
XBI,20011221,4927.2,5008,4923.4,5005.7,0
XBM,20011221,3346.5,3348.1,3313.7,3337.2,0
XCE,20011221,2666.8,2673.6,2645.7,2661,0
XDC,20011221,8396.2,8518.7,8354.1,8450.1,0
XDI,20011221,6199.7,6284.6,6192.3,6284.6,0
XDJ,20011221,2240.6,2266,2217.3,2260.1,0
XDR,20011221,3805.5,3820.6,3757.3,3809.5,0
XEG,20011221,1373.3,1375.2,1355.3,1375.2,0
XEJ,20011221,4053,4075.6,4023.3,4068.4,0
XEL,20011221,0.105,0.105,0.1,0.1,252333
XEY,20011221,1486.8,1488.7,1476.8,1485.4,0
XFH,20011221,4648.5,4724.6,4607.3,4723.4,0
XFJ,20011221,4126.1,4180.4,4116.2,4174.7,0
XFL,20011221,3450.6,3490.1,3436.5,3485.5,0
XGO,20011221,1010.5,1022.6,1010.5,1022.1,0
XHB,20011221,5777.6,5868.4,5773.6,5853.3,0
XHJ,20011221,5830.7,5929.6,5826.4,5912.6,0
XIF,20011221,3471.8,3501.3,3471.3,3491.7,0
XIJ,20011221,526.1,530.5,519.3,530.5,0
XIN,20011221,6826.2,6989.2,6821.4,6985.1,0
XIU,20011221,2699.7,2704.6,2672.6,2699.6,0
XJI,20011221,5734,5801.1,5716.7,5792.3,0
XJO,20011221,3343.9,3379.3,3330.9,3374.5,0
XJP,20011221,1406.2,1406.2,1387.6,1395.3,0
XJR,20011221,1535.8,1543.4,1520.1,1540.6,0
XKI,20011221,5717.8,5783.1,5700.8,5774.5,0
XKO,20011221,3334.6,3369.1,3321.9,3364.4,0
XKP,20011221,1411.4,1411.4,1392.8,1400.1,0
XKR,20011221,1530.8,1538.1,1515.4,1535.4,0
XMD,20011221,2482.9,2494.5,2468.1,2488.5,0
XME,20011221,28529.4,28828.9,28159.6,28752.9,0
XMI,20011221,1507.4,1512.4,1497.3,1511.6,0
XMJ,20011221,4173.5,4190.2,4134.7,4181.1,0
XMR,20011221,882.8,889,876.7,884.4,0
XMT,20011221,2900.2,2914,2882.7,2906.9,0
XNJ,20011221,4160.1,4215.7,4155.1,4211.7,0
XOM,20011221,825,830.1,820.7,827.6,0
XPJ,20011221,1406.2,1406.3,1387.8,1395.5,0
XPP,20011221,1738.9,1738.9,1718.7,1729.1,0
XPT,20011221,1415,1415,1396.8,1404.1,0
XRE,20011221,5661.4,5721.9,5643.6,5716.3,0
XSI,20011221,1904.6,1916.9,1895.8,1912.7,0
XSJ,20011221,4374.9,4424.9,4371.3,4418.7,0
XSO,20011221,1668.3,1679.7,1661.9,1676,0
XSR,20011221,1127.4,1137.3,1124.9,1134.9,0
XTI,20011221,3087.3,3123.7,3077.6,3119.2,0
XTJ,20011221,1836.2,1855,1825.2,1849.4,0
XTL,20011221,1987.7,2011.1,1978.5,2008.8,0
XTO,20011221,2735.7,2764.7,2724.8,2761,0
XTP,20011221,6221.9,6360.8,6200.7,6359.6,0
XTR,20011221,2119.6,2130.2,2097.4,2125.5,0
XTU,20011221,3156.2,3214.6,3149.1,3198,0
XUJ,20011221,3111.4,3126.2,3092.7,3119.2,0
XXJ,20011221,4231.2,4299.3,4226,4296.6,0
YAM,20011221,0.014,0.014,0.014,0.014,200000
YDR,20011221,0.031,0.031,0.029,0.03,256200
YTL,20011221,0.14,0.14,0.13,0.135,697276
ZEL,20011221,0.155,0.155,0.155,0.155,38000
ZIM,20011221,1.02,1.02,1.02,1.02,4823
ZYL,20011221,0.059,0.059,0.059,0.059,70400
