AAR,20010307,0.022,0.022,0.02,0.02,300000
AAT,20010307,0.465,0.48,0.465,0.48,249640
ABC,20010307,0.41,0.42,0.41,0.42,145607
ABG,20010307,1.74,1.74,1.7,1.7,195290
ABK,20010307,0.2,0.2,0.2,0.2,26000
ACC,20010307,0.13,0.145,0.13,0.14,364000
ACE,20010307,0.3,0.3,0.3,0.3,7650
ACY,20010307,0.9,0.92,0.9,0.9,20013
ADA,20010307,1.75,1.75,1.7,1.71,9230
ADB,20010307,5.56,5.59,5.54,5.59,85484
ADH,20010307,0.16,0.16,0.155,0.155,243427
ADN,20010307,0.08,0.08,0.08,0.08,15000
ADP,20010307,2.43,2.45,2.43,2.45,498526
ADR,20010307,0.028,0.032,0.028,0.03,8524103
ADX,20010307,0.17,0.17,0.17,0.17,4500
ADZ,20010307,2.41,2.42,2.41,2.42,152390
AEC,20010307,0.78,0.78,0.75,0.75,12000
AEN,20010307,0.69,0.69,0.69,0.69,2000
AEO,20010307,1.79,1.81,1.78,1.8,5786757
AES,20010307,0.405,0.44,0.405,0.405,119400
AET,20010307,2.48,2.48,2.48,2.48,138
AEX,20010307,0.19,0.195,0.19,0.19,348692
AFF,20010307,0.28,0.28,0.28,0.28,10138
AFI,20010307,2.57,2.58,2.56,2.57,312393
AFL,20010307,0.84,0.84,0.84,0.84,5000
AGA,20010307,0.017,0.017,0.017,0.017,29412
AGG,20010307,62.167,62.167,60.5,60.5,339
AGH,20010307,0.54,0.55,0.54,0.55,28000
AGL,20010307,12.38,12.38,12.2,12.3,429821
AGS,20010307,0.084,0.084,0.084,0.084,3094
AGT,20010307,1.32,1.32,1.3,1.3,8600
AGY,20010307,0.23,0.23,0.22,0.225,281550
AHD,20010307,2.2,2.22,2.19,2.19,36600
AHH,20010307,0.13,0.13,0.1,0.1,8000
AIA,20010307,3.01,3.01,3.01,3.01,412975
AIE,20010307,0.125,0.125,0.125,0.125,113000
AIL,20010307,0.41,0.41,0.41,0.41,1348
AIP,20010307,1,1,0.99,1,171633
AIX,20010307,1.75,1.79,1.75,1.79,398723
AIZ,20010307,1.51,1.52,1.49,1.52,11333
AJL,20010307,1.7,1.73,1.7,1.73,28400
AKC,20010307,2.33,2.33,2.33,2.33,2069
AKD,20010307,0.029,0.029,0.028,0.028,404671
ALA,20010307,0.37,0.445,0.37,0.423,445692
ALK,20010307,0.23,0.23,0.23,0.23,11900
ALL,20010307,6.62,6.73,6.62,6.7,796044
ALN,20010307,3.3,3.32,3.27,3.3,575086
ALO,20010307,0.71,0.71,0.69,0.69,17750
ALQ,20010307,0.62,0.64,0.62,0.62,52470
ALT,20010307,0.125,0.125,0.1,0.1,335000
ALX,20010307,0.21,0.21,0.205,0.205,18000
ALZ,20010307,1.33,1.33,1.33,1.33,152723
AMC,20010307,5.87,5.92,5.85,5.881,1100647
AMG,20010307,0.2,0.2,0.2,0.2,2900
AMH,20010307,1.93,1.93,1.92,1.92,17000
AML,20010307,1.02,1.02,1,1.01,100630
AMM,20010307,0.66,0.68,0.65,0.68,356291
AMP,20010307,20.432,20.58,20.4,20.58,2183873
AMS,20010307,0.11,0.11,0.11,0.11,132200
AMU,20010307,0.105,0.105,0.105,0.105,40000
AMV,20010307,0.02,0.02,0.02,0.02,31000
ANE,20010307,2.3,2.3,2.25,2.25,43500
ANK,20010307,0.19,0.2,0.15,0.2,52628
ANL,20010307,1.92,1.96,1.88,1.88,118436
ANM,20010307,2.5,2.59,2.5,2.52,22934
ANX,20010307,0.5,0.51,0.5,0.51,159254
ANY,20010307,0.2,0.22,0.2,0.22,19550
ANZ,20010307,15.6,15.6,15.37,15.44,2449167
AOF,20010307,1.23,1.24,1.21,1.22,1683068
AOG,20010307,1.83,1.84,1.82,1.82,34106
AOL,20010307,0.025,0.027,0.024,0.025,835000
AOV,20010307,0.075,0.075,0.075,0.075,20000
APA,20010307,2.44,2.51,2.43,2.5,174079
APG,20010307,0.11,0.11,0.105,0.105,68046
API,20010307,2.44,2.44,2.4,2.4,8950
APL,20010307,1.44,1.44,1.39,1.39,333478
APN,20010307,3.81,3.82,3.76,3.8,317121
APX,20010307,0.025,0.029,0.024,0.029,49718787
APY,20010307,0.325,0.325,0.32,0.325,295000
AQA,20010307,0.65,0.7,0.65,0.7,199967
AQP,20010307,8.82,8.9,8.82,8.9,21036
ARA,20010307,0.31,0.315,0.31,0.315,28530
ARC,20010307,0.13,0.13,0.125,0.125,50000
ARG,20010307,3.55,3.55,3.42,3.44,54009
ARL,20010307,1.34,1.34,1.28,1.29,1349595
ARP,20010307,9.25,9.25,9.15,9.25,4374
ARQ,20010307,0.135,0.145,0.135,0.145,232201
ART,20010307,1.33,1.33,1.31,1.33,444946
ASB,20010307,1.244,1.244,1.15,1.15,25209
ASC,20010307,0.26,0.26,0.25,0.25,16600
ASL,20010307,0.135,0.145,0.135,0.145,60000
ASP,20010307,0.075,0.075,0.07,0.07,20000
ASU,20010307,0.022,0.022,0.019,0.022,337666
ASX,20010307,13.031,13.05,12.99,13,119060
ATE,20010307,0.19,0.195,0.185,0.185,156920
ATN,20010307,0.045,0.045,0.045,0.045,22222
ATP,20010307,0.225,0.225,0.225,0.225,4000
ATX,20010307,0.08,0.08,0.08,0.08,69757
AUD,20010307,1.4,1.4,1.35,1.35,154958
AUG,20010307,0.17,0.17,0.165,0.165,17000
AUI,20010307,3.5,3.5,3.5,3.5,51400
AUL,20010307,0.016,0.016,0.016,0.016,30000
AUM,20010307,0.04,0.04,0.04,0.04,45000
AUN,20010307,1.48,1.48,1.39,1.45,322559
AUO,20010307,0.335,0.335,0.325,0.325,781024
AUR,20010307,0.15,0.15,0.145,0.15,131315
AUY,20010307,0.89,0.9,0.89,0.9,56000
AVJ,20010307,0.53,0.54,0.53,0.54,20000
AVL,20010307,0.043,0.043,0.038,0.038,264162
AVR,20010307,0.24,0.24,0.23,0.235,964571
AVT,20010307,0.175,0.175,0.175,0.175,161200
AWE,20010307,0.53,0.54,0.52,0.54,67000
AXA,20010307,2.9,2.96,2.9,2.93,4863888
AXL,20010307,0.16,0.16,0.15,0.16,19166
AXN,20010307,0.953,1.39,0.953,1.35,433583
AXP,20010307,1.16,1.18,1.15,1.17,392263
AYO,20010307,0.82,0.83,0.78,0.83,343728
AZE,20010307,0.03,0.03,0.03,0.03,28000
AZL,20010307,0.04,0.04,0.04,0.04,11500
AZR,20010307,0.115,0.125,0.115,0.115,1294608
BAE,20010307,0.015,0.019,0.015,0.019,135000
BAH,20010307,0.125,0.125,0.125,0.125,1938
BAM,20010307,17.92,18.007,17.92,18.007,58187
BAR,20010307,0.34,0.34,0.32,0.32,8000
BAY,20010307,9.2,9.2,9.2,9.2,56000
BBB,20010307,0.24,0.24,0.24,0.24,15000
BBG,20010307,4.525,4.75,4.52,4.63,358576
BCD,20010307,0.29,0.29,0.29,0.29,4000
BDF,20010307,2.41,2.41,2.4,2.4,173400
BDG,20010307,0.16,0.165,0.155,0.155,90000
BDL,20010307,2,2.09,2,2.02,115692
BDS,20010307,1.5,1.5,1.5,1.5,600
BEN,20010307,6.092,6.1,6.06,6.06,134388
BER,20010307,0.45,0.45,0.425,0.425,4300
BFS,20010307,0.67,0.69,0.67,0.68,60000
BGD,20010307,0.125,0.125,0.105,0.105,42950
BGF,20010307,0.064,0.064,0.063,0.063,25000
BGN,20010307,1.423,1.423,1.38,1.38,17395
BHL,20010307,2.9,2.9,2.9,2.9,3333
BHP,20010307,21.2,21.2,20.98,21.173,10221511
BIC,20010307,0.267,0.267,0.267,0.267,5592
BIG,20010307,0.076,0.095,0.076,0.095,137500
BII,20010307,0.43,0.43,0.42,0.42,364742
BIL,20010307,46,46.45,45.64,46.392,339082
BIR,20010307,0.77,0.77,0.76,0.77,2682341
BIT,20010307,0.42,0.43,0.41,0.43,13500
BKA,20010307,0.4,0.4,0.4,0.4,13400
BKR,20010307,0.135,0.135,0.135,0.135,4375
BKS,20010307,0.042,0.042,0.042,0.042,830900
BKW,20010307,5.5,5.55,5.5,5.5,17790
BLD,20010307,2.32,2.36,2.32,2.36,925116
BLN,20010307,0.077,0.09,0.076,0.09,116750
BLR,20010307,0.12,0.14,0.12,0.14,327998
BMC,20010307,0.295,0.3,0.28,0.28,118324
BMS,20010307,0.6,0.6,0.59,0.59,68770
BMX,20010307,0.29,0.295,0.28,0.28,110181
BNA,20010307,0.12,0.12,0.115,0.115,1618344
BNK,20010307,0.86,0.86,0.83,0.83,57000
BNO,20010307,1.35,1.36,1.31,1.31,201919
BOC,20010307,0.14,0.14,0.14,0.14,3500
BOQ,20010307,6.26,6.34,6.25,6.25,34568
BPC,20010307,0.485,0.49,0.485,0.49,1134015
BPO,20010307,0.13,0.13,0.12,0.12,55643
BPT,20010307,0.042,0.042,0.04,0.04,690927
BRI,20010307,0.26,0.26,0.26,0.26,178400
BRL,20010307,9.092,9.1,9.06,9.06,133140
BRN,20010307,0.22,0.25,0.22,0.25,86918
BRS,20010307,1.59,1.62,1.59,1.62,429417
BRZ,20010307,1.46,1.46,1.44,1.44,233916
BSG,20010307,0.075,0.075,0.075,0.075,10000
BSO,20010307,3.45,3.45,3.4,3.4,8740
BTA,20010307,2.79,2.79,2.66,2.67,111445
BTB,20010307,0.125,0.125,0.11,0.11,31000
BTC,20010307,0.375,0.38,0.375,0.38,30000
BTE,20010307,0.7,0.72,0.7,0.71,513721
BTG,20010307,0.93,0.93,0.93,0.93,138
BTM,20010307,0.485,0.485,0.48,0.48,30000
BTO,20010307,1.5,1.5,1.48,1.49,1788898
BUG,20010307,0.46,0.46,0.455,0.455,10807
BUU,20010307,0.09,0.09,0.084,0.084,46900
BWA,20010307,3.9,3.91,3.87,3.91,141329
BWP,20010307,1.07,1.07,1.06,1.07,63625
BWT,20010307,0.056,0.056,0.04,0.04,3499600
CAA,20010307,2.209,2.23,2.2,2.21,258074
CAB,20010307,3.15,3.15,3.15,3.15,51000
CAG,20010307,0.25,0.26,0.245,0.245,415790
CAI,20010307,0.68,0.69,0.68,0.69,72485
CAT,20010307,7.5,7.9,7.4,7.5,12123
CBA,20010307,31.3,31.49,31.05,31.39,2755653
CBD,20010307,0.06,0.061,0.06,0.06,145000
CBH,20010307,0.135,0.135,0.135,0.135,50000
CBI,20010307,1.38,1.38,1.38,1.38,15500
CBO,20010307,0.061,0.061,0.061,0.061,30025
CBT,20010307,0.11,0.115,0.11,0.11,813289
CBW,20010307,0.74,0.75,0.74,0.75,26000
CCK,20010307,0.3,0.31,0.3,0.31,2850
CCL,20010307,5.1,5.2,5.1,5.198,2498647
CCO,20010307,0.115,0.12,0.115,0.12,150400
CCP,20010307,0.58,0.6,0.58,0.59,83400
CCV,20010307,0.041,0.041,0.036,0.036,110500
CCZ,20010307,0.81,0.81,0.8,0.8,86000
CDF,20010307,1.18,1.18,1.18,1.18,21400
CDO,20010307,1.32,1.37,1.32,1.35,96600
CDP,20010307,2.03,2.03,2.02,2.02,54405
CDR,20010307,0.85,0.85,0.85,0.85,33553
CDX,20010307,2.01,2.05,2,2.05,13326
CED,20010307,0.5,0.5,0.5,0.5,2030
CEP,20010307,2.86,2.9,2.86,2.9,476342
CEQ,20010307,2.145,2.145,2.1,2.11,40288
CEW,20010307,1.55,1.65,1.41,1.64,136455
CEY,20010307,1.035,1.12,1.03,1.11,414631
CFA,20010307,0.07,0.07,0.07,0.07,372
CFR,20010307,0.028,0.028,0.027,0.028,610450
CFS,20010307,0.72,0.72,0.72,0.72,6600
CFT,20010307,2.07,2.08,2.07,2.08,455320
CGB,20010307,0.054,0.055,0.054,0.054,158898
CGC,20010307,0.11,0.11,0.11,0.11,5000
CHB,20010307,31.34,32.03,31.34,32.03,8496
CHF,20010307,0.76,0.79,0.76,0.79,160052
CHQ,20010307,0.8,0.8,0.8,0.8,22000
CHS,20010307,0.125,0.13,0.125,0.13,9540
CHV,20010307,0.53,0.54,0.52,0.52,253200
CHY,20010307,1.55,1.59,1.55,1.59,79235
CIN,20010307,9.2,9.2,9.2,9.2,250
CIR,20010307,3.63,3.63,3.52,3.55,55469
CKG,20010307,0.03,0.03,0.029,0.029,100000
CLH,20010307,3.7,3.8,3.7,3.7,18061
CLI,20010307,3.99,4,3.98,3.98,123674
CLO,20010307,0.73,0.74,0.66,0.69,211681
CLT,20010307,1.9,1.9,1.84,1.84,122965
CLV,20010307,0.37,0.37,0.365,0.37,232000
CMI,20010307,1.03,1.05,1.02,1.02,17834
CML,20010307,6.57,6.69,6.57,6.64,2225380
CMP,20010307,0.89,0.93,0.89,0.92,39000
CMQ,20010307,0.49,0.5,0.46,0.46,38000
CMS,20010307,0.18,0.18,0.18,0.18,79500
CMT,20010307,0.33,0.33,0.33,0.33,15800
CMX,20010307,0.082,0.082,0.08,0.08,108000
CNA,20010307,22.5,22.5,22.5,22.5,52
CNM,20010307,0.049,0.052,0.049,0.05,498611
CNN,20010307,0.063,0.065,0.062,0.065,169957
CNT,20010307,0.053,0.053,0.053,0.053,5000
COA,20010307,1.02,1.03,1.01,1.01,99441
COF,20010307,2.21,2.23,2.21,2.23,6000
COH,20010307,37.841,38.18,37.75,37.93,300987
COM,20010307,0.49,0.49,0.46,0.47,30000
COP,20010307,0.012,0.014,0.012,0.012,3599830
COU,20010307,0.475,0.475,0.475,0.475,153000
CPA,20010307,1.04,1.06,1.04,1.06,680488
CPB,20010307,4.75,4.76,4.75,4.76,6896
CPH,20010307,0.483,0.5,0.48,0.495,1157034
CPI,20010307,1.65,1.65,1.65,1.65,7000
CPM,20010307,5.3,5.3,5.2,5.2,54260
CPU,20010307,7.7,7.85,7.7,7.8,530150
CQT,20010307,0.255,0.27,0.255,0.26,1657633
CRG,20010307,7.4,7.44,7.36,7.4,55379
CRL,20010307,0.39,0.39,0.385,0.385,24348
CRS,20010307,0.38,0.38,0.37,0.37,53900
CSA,20010307,0.027,0.027,0.026,0.026,1106158
CSB,20010307,0.41,0.41,0.395,0.395,30865
CSI,20010307,0.12,0.12,0.12,0.12,65000
CSL,20010307,36.758,37.016,36.758,37.016,402580
CSM,20010307,0.44,0.44,0.43,0.43,37746
CSR,20010307,4.995,5.03,4.96,5.02,1831779
CSY,20010307,0.1,0.1,0.1,0.1,43800
CTC,20010307,0.2,0.2,0.2,0.2,5500
CTI,20010307,0.42,0.42,0.41,0.41,8700
CTL,20010307,1.6,1.6,1.53,1.53,9695
CTO,20010307,0.083,0.09,0.083,0.09,250000
CTR,20010307,0.35,0.49,0.34,0.415,262020
CTT,20010307,0.6,0.6,0.6,0.6,67000
CTX,20010307,2.22,2.22,2.15,2.18,137200
CUE,20010307,0.038,0.039,0.038,0.039,500600
CVI,20010307,0.8,0.82,0.67,0.73,838340
CVN,20010307,0.04,0.044,0.04,0.04,7500
CWO,20010307,3.81,3.83,3.79,3.79,2438517
CWP,20010307,0.45,0.45,0.45,0.45,56200
CXL,20010307,0.033,0.033,0.033,0.033,5
CXP,20010307,9.5,9.68,9.45,9.63,93279
CYB,20010307,0.005,0.005,0.005,0.005,1327000
CYG,20010307,3.2,3.2,3.1,3.1,3897
DAD,20010307,6.546,6.7,6.5,6.65,175619
DAR,20010307,0.38,0.38,0.38,0.38,24545
DAY,20010307,0.37,0.39,0.37,0.39,26741
DCI,20010307,0.04,0.04,0.04,0.04,300000
DCL,20010307,0.3,0.3,0.3,0.3,4000
DCS,20010307,0.34,0.34,0.33,0.33,54080
DEF,20010307,0.044,0.044,0.041,0.041,177400
DEL,20010307,6.65,6.65,6.6,6.65,3585
DFT,20010307,0.049,0.049,0.04,0.045,488243
DGD,20010307,1.27,1.282,1.25,1.282,631891
DGL,20010307,0.51,0.52,0.5,0.51,514816
DGM,20010307,0.006,0.006,0.006,0.006,1255000
DHB,20010307,0.075,0.075,0.075,0.075,1000
DIO,20010307,0.065,0.065,0.061,0.061,571650
DIT,20010307,1.47,1.47,1.45,1.46,677474
DJS,20010307,1.34,1.34,1.31,1.334,1320844
DJW,20010307,3.19,3.25,3.18,3.22,78591
DKN,20010307,0.31,0.31,0.31,0.31,70399
DNI,20010307,0.21,0.23,0.21,0.215,52000
DNS,20010307,0.046,0.046,0.046,0.046,10000
DOM,20010307,0.3,0.3,0.3,0.3,4854
DOT,20010307,1.33,1.37,1.32,1.33,1807972
DRA,20010307,0.045,0.045,0.045,0.045,41625
DRN,20010307,0.21,0.215,0.175,0.2,1918109
DSW,20010307,0.033,0.033,0.032,0.032,163646
DTL,20010307,0.6,0.6,0.59,0.6,31603
DUI,20010307,1.68,1.7,1.68,1.7,39977
DVC,20010307,1.12,1.12,1.12,1.12,32500
DVN,20010307,0.15,0.15,0.145,0.145,40000
DVT,20010307,0.47,0.49,0.46,0.46,6073174
DWY,20010307,0.306,0.306,0.29,0.3,69700
EBR,20010307,0.3,0.315,0.3,0.315,173000
EBT,20010307,0.14,0.145,0.14,0.14,43000
ECE,20010307,0.027,0.027,0.027,0.027,78
ECL,20010307,0.074,0.078,0.074,0.074,272200
ECM,20010307,0.115,0.115,0.11,0.11,52000
ECO,20010307,0.041,0.041,0.04,0.04,117944
ECP,20010307,1.06,1.07,1.02,1.02,548114
ECU,20010307,0.031,0.031,0.031,0.031,30000
EEC,20010307,0.155,0.155,0.15,0.155,176687
EEL,20010307,0.65,0.65,0.62,0.62,5500
EFC,20010307,0.35,0.35,0.345,0.345,30500
EFN,20010307,0.23,0.23,0.22,0.22,31500
EGI,20010307,0.4,0.4,0.4,0.4,13100
EGO,20010307,0.08,0.082,0.079,0.079,321500
EHY,20010307,0.041,0.041,0.04,0.04,142000
EIF,20010307,0.195,0.2,0.195,0.2,654503
EIT,20010307,0.195,0.205,0.195,0.205,66500
EKL,20010307,0.115,0.115,0.115,0.115,8000
ELL,20010307,0.098,0.098,0.09,0.095,181927
EMI,20010307,0.12,0.12,0.11,0.11,85500
EMP,20010307,0.35,0.35,0.35,0.35,5000
ENE,20010307,13.2,13.95,13.2,13.91,192341
ENV,20010307,0.85,0.88,0.85,0.86,312035
EPH,20010307,0.095,0.095,0.095,0.095,140001
EPR,20010307,0.14,0.14,0.14,0.14,85000
EPT,20010307,0.1,0.1,0.1,0.1,10000
EQL,20010307,0.035,0.036,0.03,0.036,150000
EQR,20010307,0.077,0.077,0.077,0.077,5000
EQS,20010307,0.065,0.068,0.065,0.068,111936
EQT,20010307,5.65,5.65,5.65,5.65,150
ERA,20010307,2.35,2.39,2.35,2.36,8940
ERG,20010307,1.98,2.02,1.91,1.93,3840804
ERS,20010307,0.8,0.8,0.8,0.8,1000
ESG,20010307,0.175,0.175,0.17,0.175,302500
ESH,20010307,0.32,0.32,0.32,0.32,1000
ESI,20010307,0.82,0.82,0.78,0.79,539787
ESL,20010307,1.36,1.39,1.35,1.36,32950
EST,20010307,0.17,0.17,0.16,0.17,60118
ESV,20010307,1,1,1,1,3000
ESX,20010307,0.23,0.23,0.22,0.23,65000
ETK,20010307,0.325,0.325,0.325,0.325,36000
ETR,20010307,1.03,1.03,1.02,1.02,5598
ETW,20010307,1.19,1.25,1.19,1.25,101475
EWL,20010307,0.19,0.195,0.19,0.195,27000
EXO,20010307,0.225,0.265,0.22,0.255,1703400
EZY,20010307,0.165,0.165,0.165,0.165,4000
FAN,20010307,1.24,1.25,1.24,1.25,8050
FAR,20010307,0.14,0.14,0.135,0.135,197488
FBG,20010307,4.75,4.85,4.72,4.812,6726935
FCL,20010307,2.09,2.1,2.06,2.1,729313
FDR,20010307,1.84,1.85,1.8,1.84,43777
FEA,20010307,0.25,0.26,0.245,0.26,65500
FEC,20010307,1.3,1.3,1.2,1.3,10000
FFL,20010307,1.15,1.17,1.15,1.17,146919
FGR,20010307,0.016,0.016,0.016,0.016,200000
FHF,20010307,10.6,10.67,10.46,10.5,1219577
FHL,20010307,1,1.1,1,1.1,79404
FIF,20010307,7.4,7.44,7.4,7.44,280963
FIM,20010307,0.14,0.14,0.14,0.14,14000
FKP,20010307,0.8,0.81,0.79,0.81,187090
FLT,20010307,27.26,27.45,27.25,27.3,509540
FNC,20010307,2.36,2.49,2.36,2.4,247888
FOA,20010307,9.42,9.5,9.42,9.47,254044
FPF,20010307,0.96,0.96,0.96,0.96,7966
FPG,20010307,0.365,0.38,0.365,0.38,31331
FRI,20010307,0.23,0.23,0.23,0.23,4600
FRM,20010307,0.57,0.57,0.55,0.55,12000
FRU,20010307,1.66,1.69,1.66,1.69,714570
FSL,20010307,0.055,0.057,0.055,0.055,52541
FTR,20010307,0.2,0.2,0.19,0.19,68173
FUN,20010307,0.51,0.52,0.51,0.52,124000
FWD,20010307,1.38,1.38,1.35,1.35,25387
FWF,20010307,0.57,0.57,0.57,0.57,2000
FXJ,20010307,3.925,3.99,3.925,3.97,655850
FXO,20010307,0.1,0.1,0.1,0.1,5000
GAN,20010307,1.14,1.16,1.14,1.15,781876
GAP,20010307,1.03,1.03,1.03,1.03,34858
GBS,20010307,0.095,0.098,0.092,0.092,211033
GCN,20010307,0.07,0.07,0.07,0.07,28800
GCR,20010307,0.077,0.082,0.072,0.082,130000
GDM,20010307,0.58,0.58,0.57,0.58,118831
GDN,20010307,0.065,0.067,0.065,0.067,110000
GDP,20010307,4.27,4.3,4.25,4.26,16958
GEE,20010307,1.08,1.08,1.08,1.08,2190
GFD,20010307,0.335,0.335,0.335,0.335,5000
GGY,20010307,0.048,0.048,0.048,0.048,64614
GHG,20010307,1.13,1.14,1.12,1.13,139318
GHR,20010307,0.16,0.16,0.155,0.16,242511
GIP,20010307,0.08,0.082,0.08,0.082,103198
GLD,20010307,1.5,1.55,1.48,1.48,176057
GLP,20010307,0.035,0.038,0.035,0.038,115000
GME,20010307,0.044,0.044,0.044,0.044,44645
GMF,20010307,1.41,1.45,1.38,1.45,5467059
GMS,20010307,0.35,0.35,0.35,0.35,8000
GNC,20010307,9.3,9.3,9.25,9.25,6360
GNR,20010307,0.08,0.08,0.075,0.075,150000
GNS,20010307,3.1,3.1,3,3,10250
GOD,20010307,0.03,0.03,0.03,0.03,325818
GOW,20010307,2.36,2.36,2.35,2.35,17307
GPN,20010307,0.03,0.03,0.028,0.029,1530000
GPT,20010307,2.76,2.78,2.75,2.76,3923263
GRD,20010307,1.28,1.28,1.25,1.25,12250
GRN,20010307,0.06,0.06,0.06,0.06,80000
GRO,20010307,3,3,2.92,2.92,24201
GRV,20010307,0.54,0.54,0.54,0.54,13000
GSP,20010307,1.26,1.28,1.26,1.28,26000
GTG,20010307,0.65,0.66,0.63,0.64,149530
GTL,20010307,0.082,0.083,0.081,0.081,154780
GTM,20010307,0.052,0.054,0.051,0.052,1829334
GTP,20010307,1.53,1.54,1.51,1.51,53941
GUD,20010307,1.8,1.8,1.76,1.77,115553
GUL,20010307,0.027,0.027,0.027,0.027,100000
GUN,20010307,0.185,0.185,0.185,0.185,154150
GVM,20010307,0.04,0.042,0.04,0.042,154682
GWT,20010307,2.15,2.19,2.14,2.15,218767
GYM,20010307,0.465,0.5,0.45,0.5,385500
HAH,20010307,3.791,3.915,3.75,3.915,228345
HAM,20010307,2.65,2.65,2.65,2.65,870
HAN,20010307,12.05,12.06,12.05,12.06,548
HAO,20010307,0.11,0.11,0.11,0.11,40000
HBL,20010307,0.17,0.17,0.17,0.17,31443
HBR,20010307,0.455,0.455,0.45,0.45,6096
HCN,20010307,0.572,0.58,0.55,0.56,80905
HDN,20010307,0.25,0.25,0.235,0.235,178261
HDR,20010307,0.395,0.41,0.39,0.4,1041342
HER,20010307,0.79,0.8,0.78,0.78,121860
HFY,20010307,0.72,0.72,0.72,0.72,20000
HGO,20010307,0.06,0.068,0.06,0.068,141078
HGV,20010307,1,1,0.93,0.93,57000
HHL,20010307,1.34,1.38,1.34,1.37,17500
HIC,20010307,0.58,0.58,0.57,0.57,14000
HIG,20010307,0.115,0.115,0.11,0.115,822514
HIL,20010307,2.4,2.4,2.4,2.4,5683
HIT,20010307,0.5,0.5,0.5,0.5,11000
HJB,20010307,0.65,0.65,0.64,0.65,56110
HLL,20010307,0.053,0.053,0.053,0.053,21000
HLM,20010307,0.17,0.175,0.17,0.175,11250
HLX,20010307,0.79,0.84,0.78,0.81,552106
HLY,20010307,5,5.05,4.98,4.98,15099
HNG,20010307,1.15,1.15,1.14,1.14,3000
HPL,20010307,1.4,1.4,1.4,1.4,2356
HPX,20010307,1.49,1.5,1.46,1.49,32500
HRD,20010307,0.21,0.21,0.21,0.21,13000
HRK,20010307,0.077,0.077,0.075,0.075,22000
HRP,20010307,1.44,1.44,1.44,1.44,97040
HRR,20010307,0.3,0.3,0.29,0.29,380874
HRS,20010307,0.105,0.105,0.105,0.105,10000
HRZ,20010307,0.332,0.332,0.32,0.32,863500
HSL,20010307,0.94,0.95,0.92,0.92,45375
HSM,20010307,10.1,10.1,10.1,10.1,103
HSN,20010307,2.15,2.15,2.1,2.11,17000
HSP,20010307,1.24,1.32,1.22,1.25,291665
HTA,20010307,1.028,1.11,1.028,1.09,1692502
HTE,20010307,0.105,0.105,0.1,0.1,167799
HTS,20010307,0.285,0.3,0.285,0.29,22000
HUG,20010307,0.12,0.12,0.12,0.12,5053
HVN,20010307,3.61,3.67,3.6,3.6,908773
HWE,20010307,1.08,1.1,1.06,1.08,572111
HWG,20010307,0.195,0.195,0.19,0.19,41412
HWI,20010307,0.87,0.88,0.86,0.88,42200
HWT,20010307,0.73,0.73,0.68,0.68,107870
HWW,20010307,0.12,0.12,0.12,0.12,700
HZA,20010307,1.26,1.54,1.26,1.54,1867
HZM,20010307,0.53,0.56,0.53,0.56,49025
IBA,20010307,0.335,0.335,0.325,0.325,42000
ICE,20010307,0.135,0.135,0.13,0.13,183701
ICM,20010307,0.165,0.165,0.165,0.165,62479
ICN,20010307,0.094,0.096,0.092,0.095,622097
ICP,20010307,0.17,0.17,0.17,0.17,41057
ICS,20010307,0.2,0.2,0.185,0.185,32500
ICT,20010307,5.19,5.19,5.19,5.19,1180
IDT,20010307,4.2,4.25,4.15,4.16,53215
IDX,20010307,2.73,2.73,2.72,2.72,5600
IFM,20010307,1.82,1.89,1.78,1.79,2555280
IGM,20010307,0.035,0.035,0.035,0.035,100000
IGP,20010307,3.56,3.6,3.54,3.55,21271
IHG,20010307,1.14,1.16,1.14,1.15,219243
IIF,20010307,1.45,1.47,1.44,1.47,645547
IIN,20010307,0.72,0.72,0.71,0.71,13000
ILU,20010307,4.38,4.43,4.35,4.43,795771
IMD,20010307,0.28,0.325,0.275,0.325,1124971
IMI,20010307,0.18,0.18,0.18,0.18,55000
IMP,20010307,0.032,0.033,0.031,0.033,934000
IMW,20010307,0.045,0.045,0.045,0.045,60000
INC,20010307,0.14,0.14,0.14,0.14,18781
INO,20010307,0.84,0.86,0.84,0.86,12000
INX,20010307,0.12,0.12,0.12,0.12,35000
IOC,20010307,0.7,0.7,0.7,0.7,20000
IOF,20010307,1.13,1.15,1.13,1.14,1876355
ION,20010307,0.8,0.8,0.77,0.77,272671
IPG,20010307,1.74,1.76,1.73,1.75,1443110
IPH,20010307,1.68,1.69,1.68,1.69,75227
IRI,20010307,1.4,1.4,1.34,1.35,49123
ISA,20010307,0.092,0.092,0.092,0.092,42000
ISC,20010307,0.16,0.165,0.155,0.155,87900
ITC,20010307,0.065,0.065,0.065,0.065,22313
ITE,20010307,0.155,0.155,0.14,0.14,42000
ITL,20010307,0.38,0.425,0.38,0.425,29140
IWF,20010307,0.83,0.83,0.83,0.83,2000
IWI,20010307,2.39,2.39,2.35,2.35,13000
IWL,20010307,0.205,0.21,0.205,0.21,24800
IXL,20010307,0.22,0.23,0.215,0.215,48403
JAM,20010307,0.155,0.16,0.155,0.16,8530
JBM,20010307,1.35,1.37,1.35,1.36,24000
JJS,20010307,0.901,0.901,0.89,0.89,131650
JLA,20010307,0.083,0.085,0.082,0.085,156957
JRV,20010307,0.042,0.042,0.042,0.042,113500
JUM,20010307,0.031,0.031,0.031,0.031,37682
JUP,20010307,4.06,4.06,3.95,3.95,40796
KAZ,20010307,1.5,1.5,1.45,1.45,1020353
KBO,20010307,0.16,0.16,0.16,0.16,50118
KCG,20010307,0.15,0.15,0.145,0.145,120000
KCN,20010307,0.77,0.77,0.77,0.77,1250
KGM,20010307,0.14,0.14,0.125,0.125,5000
KIC,20010307,2.2,2.2,2.13,2.13,21145
KID,20010307,0.055,0.055,0.055,0.055,47996
KIM,20010307,0.65,0.65,0.63,0.63,433663
KLS,20010307,0.095,0.095,0.093,0.093,38949
KMN,20010307,0.058,0.058,0.05,0.051,594684
KRS,20010307,0.08,0.08,0.075,0.075,38200
KRZ,20010307,0.03,0.03,0.029,0.029,2861634
KSM,20010307,0.135,0.135,0.13,0.135,310132
KSP,20010307,0.065,0.066,0.065,0.066,39000
KYC,20010307,6.74,7,6.74,6.94,64719
KZL,20010307,0.365,0.365,0.36,0.36,166000
LAC,20010307,11.68,11.7,11.543,11.543,144464
LAF,20010307,0.105,0.105,0.105,0.105,97571
LAK,20010307,0.63,0.63,0.62,0.62,22689
LCH,20010307,0.235,0.24,0.23,0.24,73000
LCL,20010307,0.65,0.65,0.64,0.64,14000
LCO,20010307,0.85,0.9,0.85,0.9,23000
LEG,20010307,0.13,0.13,0.13,0.13,15000
LEI,20010307,6.93,6.99,6.85,6.87,350623
LEL,20010307,0.36,0.36,0.36,0.36,2500
LGO,20010307,0.021,0.021,0.021,0.021,9536
LHG,20010307,0.63,0.63,0.62,0.63,1010246
LKO,20010307,0.029,0.029,0.028,0.028,767548
LLC,20010307,15,15.17,14.95,15.05,1659618
LLR,20010307,0.063,0.063,0.063,0.063,4000
LMC,20010307,2.35,2.35,2.2,2.2,4559
LNN,20010307,4,4.1,4,4.04,1154865
LOK,20010307,0.2,0.205,0.19,0.2,4745091
LON,20010307,0.25,0.25,0.25,0.25,63333
LPD,20010307,0.73,0.74,0.73,0.74,28000
LSG,20010307,0.71,0.73,0.71,0.73,34132
LUM,20010307,0.16,0.16,0.13,0.13,22073
LUO,20010307,1.2,1.2,1.19,1.2,3712481
MAG,20010307,2,2,2,2,2500
MAH,20010307,0.15,0.155,0.145,0.155,1996401
MAQ,20010307,0.87,0.92,0.87,0.91,570069
MAX,20010307,1.01,1.02,1.01,1.02,16000
MAY,20010307,5.83,6.02,5.8,5.919,2274094
MBC,20010307,4.5,4.5,4.5,4.5,3625
MBL,20010307,29,29.26,29,29.01,226589
MBP,20010307,0.57,0.58,0.57,0.58,19750
MBX,20010307,0.071,0.072,0.065,0.065,88400
MCA,20010307,1.5,1.51,1.47,1.47,115468
MCD,20010307,1.12,1.16,1.12,1.15,82315
MCL,20010307,0.14,0.14,0.14,0.14,29000
MCO,20010307,0.06,0.061,0.06,0.061,16875
MCP,20010307,1.12,1.2,1.12,1.18,67250
MCR,20010307,0.115,0.135,0.115,0.125,8606045
MCT,20010307,0.065,0.065,0.06,0.06,192818
MCW,20010307,1.41,1.41,1.4,1.4,464061
MDL,20010307,0.31,0.31,0.31,0.31,2778
MED,20010307,0.25,0.25,0.22,0.225,417118
MEE,20010307,0.075,0.075,0.075,0.075,16000
MEN,20010307,0.072,0.072,0.072,0.072,4500
MGE,20010307,0.475,0.475,0.46,0.46,189677
MGI,20010307,1.31,1.34,1.31,1.33,2982147
MGM,20010307,0.54,0.54,0.54,0.54,24200
MGR,20010307,3.63,3.63,3.6,3.63,1381340
MGW,20010307,2.9,2.92,2.9,2.92,25124
MIA,20010307,1.05,1.06,1.03,1.06,938952
MIC,20010307,0.028,0.028,0.028,0.028,240000
MIG,20010307,2.518,2.62,2.518,2.6,1551318
MIK,20010307,0.07,0.07,0.069,0.07,120703
MIM,20010307,1.16,1.18,1.15,1.16,12285302
MJN,20010307,0.345,0.35,0.33,0.33,2959255
MLB,20010307,0.85,0.89,0.81,0.81,166705
MLE,20010307,0.68,0.68,0.67,0.67,71176
MLT,20010307,9.55,9.55,9.51,9.51,3897
MMD,20010307,0.44,0.445,0.435,0.445,289462
MME,20010307,0.33,0.35,0.33,0.34,92798
MMN,20010307,0.042,0.043,0.042,0.043,10000
MNG,20010307,0.185,0.185,0.17,0.17,92150
MNR,20010307,0.11,0.11,0.11,0.11,26666
MOB,20010307,0.275,0.275,0.275,0.275,11000
MOD,20010307,0.185,0.19,0.185,0.19,64000
MOF,20010307,1.17,1.17,1.16,1.17,2276969
MOO,20010307,0.081,0.085,0.08,0.085,53740
MOS,20010307,0.16,0.165,0.16,0.165,158042
MPH,20010307,0.3,0.315,0.26,0.315,14334
MPI,20010307,0.08,0.08,0.08,0.08,99958
MPO,20010307,0.06,0.062,0.06,0.062,45000
MQL,20010307,0.2,0.2,0.195,0.2,364000
MRC,20010307,0.066,0.066,0.065,0.065,187000
MRL,20010307,5.08,5.18,5.08,5.08,137770
MRM,20010307,0.7,0.7,0.7,0.7,25908
MRX,20010307,0.185,0.185,0.185,0.185,51600
MSC,20010307,0.285,0.29,0.28,0.28,236500
MSG,20010307,0.15,0.15,0.15,0.15,1800
MSI,20010307,0.075,0.075,0.075,0.075,1600
MST,20010307,1.19,1.2,1.13,1.13,47850
MTC,20010307,0.076,0.076,0.072,0.072,420262
MTD,20010307,0.07,0.07,0.07,0.07,2300
MTR,20010307,0.544,0.544,0.51,0.52,209779
MTT,20010307,0.44,0.44,0.44,0.44,31800
MUL,20010307,0.08,0.083,0.08,0.083,63000
MUR,20010307,1.45,1.45,1.45,1.45,3000
MXA,20010307,0.013,0.013,0.01,0.01,735000
MXE,20010307,0.037,0.04,0.037,0.04,2109850
MXI,20010307,0.18,0.18,0.17,0.17,140000
MXO,20010307,0.195,0.2,0.185,0.19,728732
MYC,20010307,0.065,0.066,0.065,0.066,5500
MYM,20010307,0.037,0.041,0.037,0.04,823401
MYO,20010307,1.8,1.8,1.7,1.74,200172
MZG,20010307,0.045,0.045,0.045,0.045,51697
NAB,20010307,30.282,30.583,30.2,30.583,3536913
NAL,20010307,0.77,0.8,0.75,0.78,580789
NAM,20010307,0.42,0.43,0.42,0.43,17000
NAU,20010307,0.46,0.46,0.46,0.46,18000
NCA,20010307,0.285,0.285,0.285,0.285,40000
NCE,20010307,0.4,0.4,0.4,0.4,40000
NCI,20010307,0.98,0.98,0.98,0.98,520
NCM,20010307,3.85,3.94,3.85,3.908,788911
NCP,20010307,16.626,17.11,16.55,16.95,9090888
NDY,20010307,0.95,0.96,0.94,0.95,2949299
NEV,20010307,4.07,4.07,4,4,43570
NFD,20010307,2.3,2.34,2.3,2.3,66946
NFG,20010307,0.105,0.11,0.105,0.11,57000
NFM,20010307,6.1,6.15,6.1,6.15,6050
NGA,20010307,0.16,0.165,0.14,0.14,192014
NGH,20010307,0.135,0.205,0.115,0.17,21917248
NHG,20010307,0.278,0.28,0.275,0.275,364350
NIX,20010307,0.55,0.59,0.55,0.58,10410
NLY,20010307,0.46,0.46,0.46,0.46,4800
NMW,20010307,0.65,0.65,0.65,0.65,1375
NOL,20010307,1.105,1.18,1.1,1.15,229056
NRL,20010307,0.081,0.1,0.081,0.1,100000
NRM,20010307,2.9,2.93,2.9,2.92,2368959
NRT,20010307,3.5,3.55,3.5,3.53,9289
NSL,20010307,0.38,0.38,0.38,0.38,5000
NTC,20010307,0.23,0.24,0.228,0.228,102000
NTG,20010307,0.64,0.65,0.64,0.65,129170
NUF,20010307,3.19,3.22,3.19,3.2,36058
NVS,20010307,1.83,1.83,1.72,1.76,271568
NWE,20010307,0.11,0.11,0.099,0.1,822072
NWL,20010307,0.45,0.46,0.42,0.42,427350
OBJ,20010307,0.125,0.125,0.12,0.12,50000
OCO,20010307,0.11,0.12,0.11,0.12,109866
OEC,20010307,1.55,1.55,1.45,1.45,384728
OIL,20010307,1.72,1.75,1.7,1.7,20000
OKN,20010307,1.12,1.12,1.09,1.1,15000
OLA,20010307,0.08,0.08,0.07,0.07,42
OML,20010307,1.42,1.47,1.41,1.44,406944
OMP,20010307,2.15,2.15,2.15,2.15,45200
ONE,20010307,0.435,0.435,0.425,0.43,666593
OPS,20010307,2.06,2.14,2.06,2.09,224827
OPT,20010307,0.081,0.085,0.081,0.085,14910
ORG,20010307,2.29,2.3,2.27,2.29,419533
ORI,20010307,5.04,5.11,4.97,5.005,1057578
ORL,20010307,2.75,2.75,2.75,2.75,1500
ORP,20010307,0.053,0.053,0.05,0.052,228900
OSH,20010307,1.44,1.51,1.44,1.51,2344998
OST,20010307,0.86,0.87,0.85,0.87,960408
OTO,20010307,0.065,0.065,0.065,0.065,200000
OTS,20010307,0.058,0.058,0.058,0.058,8880
OTT,20010307,1.17,1.19,1.15,1.16,482862
OXR,20010307,0.072,0.072,0.071,0.072,153000
PAH,20010307,0.085,0.085,0.085,0.085,10000
PAI,20010307,0.12,0.12,0.115,0.12,98000
PAL,20010307,0.315,0.32,0.31,0.31,178213
PAS,20010307,0.66,0.67,0.65,0.66,7093566
PAT,20010307,2.08,2.08,2.08,2.08,3000
PBB,20010307,3.14,3.2,3.14,3.18,937023
PBL,20010307,12.45,12.6,12.45,12.48,371828
PBT,20010307,0.74,0.8,0.73,0.8,105608
PBV,20010307,2.1,2.1,2.1,2.1,17000
PCE,20010307,0.5,0.5,0.47,0.47,206823
PCG,20010307,0.19,0.22,0.19,0.22,100000
PCL,20010307,0.047,0.047,0.044,0.044,400000
PCO,20010307,1.359,1.4,1.359,1.37,28387
PDG,20010307,17.3,17.31,17.3,17.31,1875
PDN,20010307,0.047,0.05,0.047,0.05,102000
PDP,20010307,1.236,1.25,1.22,1.242,2007349
PDR,20010307,0.11,0.11,0.11,0.11,571052
PEG,20010307,0.35,0.35,0.35,0.35,50000
PEM,20010307,0.23,0.23,0.23,0.23,6000
PEP,20010307,0.755,0.78,0.73,0.76,113118
PGL,20010307,1.65,1.65,1.65,1.65,3722
PHO,20010307,0.215,0.22,0.21,0.21,195865
PHT,20010307,0.74,0.74,0.74,0.74,23562
PHX,20010307,0.13,0.13,0.115,0.115,300461
PHY,20010307,3.34,3.39,3.34,3.38,725268
PIE,20010307,0.12,0.12,0.12,0.12,31000
PIL,20010307,0.28,0.28,0.27,0.27,36000
PKT,20010307,0.055,0.056,0.055,0.055,132189
PLA,20010307,0.54,0.54,0.54,0.54,3000
PLF,20010307,2.89,2.89,2.85,2.85,23250
PLL,20010307,1.5,1.5,1.5,1.5,4500
PLM,20010307,4.9,4.95,4.9,4.95,71019
PLN,20010307,0.55,0.55,0.52,0.52,73000
PLT,20010307,2.8,2.9,2.8,2.9,28400
PLW,20010307,2.5,2.55,2.5,2.55,7841
PLX,20010307,0.07,0.079,0.07,0.078,241800
PMA,20010307,0.044,0.045,0.044,0.045,113000
PMC,20010307,1.85,1.85,1.8,1.82,137656
PMD,20010307,0.05,0.055,0.047,0.055,530000
PME,20010307,1.16,1.2,1.15,1.2,21000
PMM,20010307,1.22,1.22,1.22,1.22,313539
PMP,20010307,1.15,1.22,1.15,1.19,3748203
PNH,20010307,0.5,0.5,0.5,0.5,12000
PNO,20010307,0.06,0.06,0.06,0.06,3000
POT,20010307,0.063,0.063,0.061,0.061,120000
PPH,20010307,2.25,2.26,2.25,2.25,100854
PPP,20010307,0.09,0.09,0.09,0.09,31075
PPT,20010307,37.1,37.4,37.1,37.4,5676
PPX,20010307,3.85,3.9,3.83,3.86,579729
PRE,20010307,0.032,0.032,0.032,0.032,20000
PRG,20010307,1.82,1.82,1.82,1.82,11000
PRI,20010307,3.88,3.88,3.82,3.82,26640
PRM,20010307,0.24,0.24,0.24,0.24,5814
PRO,20010307,0.6,0.61,0.6,0.6,34000
PRT,20010307,1.64,1.64,1.58,1.58,4048
PRX,20010307,0.75,0.75,0.73,0.73,78393
PRY,20010307,5.04,5.04,5.03,5.03,5820
PSA,20010307,0.13,0.135,0.13,0.135,54974
PSE,20010307,0.165,0.165,0.165,0.165,10000
PSG,20010307,0.36,0.39,0.36,0.39,80631
PSV,20010307,0.078,0.08,0.075,0.075,97739
PSX,20010307,0.415,0.43,0.415,0.43,34000
PTD,20010307,3.411,3.411,3.2,3.25,954723
PTL,20010307,0.17,0.175,0.16,0.175,148695
PTS,20010307,0.105,0.105,0.105,0.105,7750
PTZ,20010307,0.6,0.62,0.6,0.62,41500
PUL,20010307,0.065,0.066,0.065,0.065,36534
PWR,20010307,1.13,1.14,1.09,1.1,767843
PWT,20010307,0.64,0.66,0.63,0.66,567016
PXI,20010307,0.07,0.07,0.07,0.07,50000
QAD,20010307,0.65,0.7,0.63,0.7,254102
QAN,20010307,3.27,3.27,3.18,3.18,5134135
QBE,20010307,10.632,11.03,10.632,10.89,1482732
QCH,20010307,3.37,3.4,3.37,3.4,17750
QES,20010307,0.19,0.19,0.185,0.19,199583
QGC,20010307,0.24,0.246,0.24,0.246,584650
QMM,20010307,0.1,0.1,0.1,0.1,8500
QOP,20010307,0.06,0.06,0.06,0.06,100000
QPX,20010307,0.4,0.45,0.4,0.4,138500
QTK,20010307,0.105,0.11,0.1,0.1,1351584
QTL,20010307,0.145,0.165,0.145,0.165,119286
QVL,20010307,4.5,4.75,4.5,4.6,56675
RAC,20010307,0.098,0.098,0.09,0.095,534500
RAL,20010307,0.21,0.21,0.21,0.21,10516
RBT,20010307,0.032,0.032,0.032,0.032,5000
RCT,20010307,0.069,0.07,0.068,0.068,491659
RDF,20010307,1.32,1.335,1.32,1.335,7797
REA,20010307,0.13,0.13,0.13,0.13,5800
REB,20010307,0.69,0.71,0.69,0.71,71000
REL,20010307,1.87,1.87,1.83,1.87,282100
RGS,20010307,1.08,1.08,1.08,1.08,9250
RHC,20010307,2.35,2.35,2.32,2.34,20580
RIC,20010307,0.84,0.86,0.84,0.85,1636894
RIO,20010307,34.1,34.72,34,34.65,1820735
RKN,20010307,0.175,0.185,0.17,0.18,324077
RMD,20010307,8.591,8.63,8.48,8.57,248247
RMG,20010307,0.21,0.215,0.21,0.21,416776
RND,20010307,0.9,0.9,0.85,0.85,12500
ROC,20010307,1.25,1.26,1.23,1.239,194953
ROK,20010307,2.5,2.5,2.5,2.5,4000
RPD,20010307,0.26,0.26,0.26,0.26,4000
RPM,20010307,0.065,0.065,0.065,0.065,6000
RRS,20010307,0.056,0.056,0.056,0.056,6000
RSG,20010307,0.1,0.1,0.096,0.096,864281
RTM,20010307,0.083,0.083,0.083,0.083,100000
RTS,20010307,0.255,0.255,0.255,0.255,1200
RUP,20010307,4.65,4.66,4.65,4.65,1000
RUS,20010307,0.036,0.036,0.036,0.036,4218
SAQ,20010307,3.85,3.85,3.85,3.85,2640
SAS,20010307,0.495,0.54,0.495,0.53,1609559
SAX,20010307,0.155,0.155,0.155,0.155,1000
SBC,20010307,10.8,10.8,10.78,10.8,19950
SBD,20010307,0.087,0.087,0.087,0.087,41000
SBE,20010307,1.53,1.53,1.52,1.52,9000
SBR,20010307,0.205,0.205,0.205,0.205,10976
SCG,20010307,0.175,0.175,0.17,0.17,27000
SCN,20010307,0.005,0.005,0.005,0.005,875000
SDC,20010307,0.22,0.23,0.22,0.23,3769
SDG,20010307,0.32,0.32,0.32,0.32,1200
SDI,20010307,0.5,0.5,0.49,0.49,25255
SDR,20010307,0.285,0.29,0.285,0.29,63800
SED,20010307,0.075,0.075,0.075,0.075,26290
SEE,20010307,0.175,0.175,0.175,0.175,12500
SEN,20010307,0.215,0.25,0.215,0.25,2606079
SES,20010307,0.23,0.23,0.22,0.23,63000
SEV,20010307,6.59,6.69,6.59,6.67,49319
SFC,20010307,4.2,4.2,4.2,4.2,420
SFD,20010307,0.64,0.64,0.6,0.6,28000
SFG,20010307,0.055,0.056,0.055,0.056,32000
SFL,20010307,0.95,0.96,0.95,0.95,191413
SGB,20010307,13.7,13.9,13.6,13.83,955032
SGC,20010307,0.59,0.62,0.59,0.59,297291
SGN,20010307,3.86,3.86,3.85,3.85,11908
SGP,20010307,4.07,4.11,4.06,4.11,598165
SGS,20010307,0.83,0.83,0.82,0.82,15500
SGW,20010307,8.428,8.48,8.42,8.42,432519
SHL,20010307,7.86,7.87,7.81,7.819,192090
SHV,20010307,1.7,1.7,1.7,1.7,18582
SIG,20010307,1.51,1.51,1.49,1.5,1107820
SIU,20010307,0.52,0.54,0.52,0.54,10000
SKC,20010307,7.94,7.94,7.94,7.94,2000
SKD,20010307,1.65,1.7,1.65,1.68,121995
SKE,20010307,0.65,0.68,0.65,0.68,98547
SKG,20010307,0.3,0.3,0.3,0.3,17000
SKR,20010307,0.125,0.125,0.12,0.125,793564
SLN,20010307,1.33,1.33,1.33,1.33,6000
SLT,20010307,0.038,0.038,0.037,0.037,29000
SLV,20010307,0.25,0.25,0.23,0.23,28000
SLX,20010307,4.14,4.14,4.07,4.1,141205
SME,20010307,12.112,12.17,12.11,12.132,607355
SMG,20010307,0.375,0.385,0.37,0.37,117578
SMI,20010307,8.84,8.9,8.8,8.883,402056
SMS,20010307,5,5.02,4.98,5,118705
SNX,20010307,3.814,3.85,3.75,3.76,257517
SOA,20010307,0.6,0.65,0.6,0.65,15225
SOF,20010307,0.14,0.145,0.14,0.145,46000
SOH,20010307,1.07,1.09,1.06,1.06,191866
SOL,20010307,46.2,47.8,46.2,47.8,1550
SOX,20010307,0.1,0.1,0.1,0.1,11186
SPC,20010307,0.9,0.9,0.9,0.9,8000
SPD,20010307,0.31,0.31,0.3,0.3,27000
SPK,20010307,0.2,0.21,0.2,0.21,32900
SPL,20010307,0.63,0.63,0.63,0.63,10376
SPP,20010307,2.2,2.2,2.07,2.09,83670
SPT,20010307,6.84,6.89,6.82,6.87,272242
SPX,20010307,0.105,0.105,0.105,0.105,8500
SQS,20010307,0.095,0.097,0.092,0.092,149535
SRA,20010307,1.252,1.252,1.22,1.22,38361
SRI,20010307,0.066,0.066,0.06,0.06,110929
SRL,20010307,0.41,0.41,0.41,0.41,4000
SRO,20010307,0.084,0.085,0.082,0.085,177432
SRP,20010307,6.392,6.4,6.32,6.35,2543438
SRT,20010307,0.064,0.064,0.051,0.051,104639
SRV,20010307,6.9,6.95,6.9,6.95,5396
SSE,20010307,0.445,0.46,0.445,0.46,172121
SSH,20010307,0.74,0.74,0.72,0.74,54200
SSI,20010307,0.49,0.5,0.49,0.5,4525
SSN,20010307,0.12,0.14,0.12,0.14,10100
SSR,20010307,0.41,0.41,0.36,0.36,84700
SST,20010307,1.86,1.86,1.84,1.84,4438
SSX,20010307,0.93,0.96,0.91,0.91,441820
STA,20010307,0.125,0.125,0.125,0.125,5000
STE,20010307,0.22,0.22,0.22,0.22,2000
STN,20010307,0.27,0.27,0.255,0.27,71148
STO,20010307,6.78,6.97,6.78,6.94,4706960
STP,20010307,0.28,0.28,0.28,0.28,19600
STS,20010307,0.75,0.75,0.73,0.75,40035
STT,20010307,0.024,0.024,0.024,0.024,100000
STU,20010307,0.345,0.35,0.345,0.35,66607
STV,20010307,16,16,16,16,200
SUR,20010307,0.078,0.078,0.078,0.078,4000
SVP,20010307,0.12,0.125,0.12,0.125,55001
SWC,20010307,0.6,0.64,0.59,0.62,1192900
SWD,20010307,0.6,0.6,0.59,0.59,39000
SWS,20010307,2.94,2.94,2.84,2.85,66635
SWT,20010307,0.16,0.16,0.16,0.16,45000
SYM,20010307,1.18,1.18,1.11,1.123,182150
TAB,20010307,3.32,3.34,3.24,3.25,634239
TAH,20010307,9.54,9.54,9.28,9.29,1538327
TAI,20010307,0.09,0.091,0.09,0.09,500000
TAM,20010307,0.125,0.125,0.125,0.125,70000
TAP,20010307,1.16,1.17,1.14,1.16,2835216
TAT,20010307,0.15,0.15,0.15,0.15,7500
TBL,20010307,0.031,0.039,0.031,0.039,152000
TBR,20010307,0.838,0.9,0.838,0.9,63700
TCA,20010307,8.5,8.5,8.5,8.5,396
TCL,20010307,4.2,4.2,4.15,4.151,568809
TDG,20010307,0.97,0.97,0.95,0.95,32667
TEE,20010307,0.065,0.065,0.062,0.063,108770
TEH,20010307,0.785,0.83,0.74,0.74,170032
TEL,20010307,4.658,4.9,4.37,4.9,1433527
TEM,20010307,1.8,1.8,1.77,1.79,45150
TEN,20010307,2.16,2.17,2.14,2.14,293901
TGG,20010307,1.61,1.61,1.61,1.61,3000
TGL,20010307,0.027,0.028,0.027,0.028,102401
THG,20010307,0.69,0.7,0.68,0.68,179368
THL,20010307,0.14,0.14,0.135,0.135,40000
TIF,20010307,0.86,0.86,0.83,0.83,21668
TIM,20010307,1.45,1.46,1.4,1.4,79867
TIR,20010307,0.265,0.27,0.255,0.255,318584
TKG,20010307,0.014,0.014,0.012,0.014,1779234
TKR,20010307,0.38,0.38,0.38,0.38,1000
TLA,20010307,0.65,0.65,0.64,0.64,423327
TLE,20010307,0.17,0.185,0.165,0.185,118660
TLN,20010307,0.1,0.105,0.1,0.105,270000
TLO,20010307,0.2,0.2,0.19,0.2,1838296
TLS,20010307,6.5,6.731,6.47,6.731,45119715
TLT,20010307,0.165,0.165,0.165,0.165,20000
TMN,20010307,0.64,0.67,0.64,0.64,190323
TMS,20010307,1.38,1.38,1.25,1.25,28284
TMT,20010307,0.9,0.91,0.9,0.91,162581
TNE,20010307,0.98,0.98,0.93,0.93,140023
TNY,20010307,0.541,0.541,0.54,0.54,7500
TOL,20010307,16.75,16.75,16.51,16.535,27979
TOM,20010307,1.05,1.05,1.05,1.05,420
TOR,20010307,1.08,1.15,1.08,1.15,511160
TOX,20010307,0.13,0.13,0.12,0.125,170000
TPL,20010307,0.205,0.21,0.205,0.21,18500
TQL,20010307,2.37,2.39,2.36,2.36,50595
TRD,20010307,0.205,0.205,0.2,0.205,386405
TRE,20010307,0.085,0.086,0.083,0.086,782210
TRU,20010307,3.6,3.6,3.6,3.6,1000
TRY,20010307,0.61,0.61,0.6,0.6,15000
TST,20010307,0.325,0.325,0.32,0.32,175500
TTL,20010307,0.17,0.17,0.17,0.17,6250
TTR,20010307,0.145,0.145,0.145,0.145,125000
TVL,20010307,0.43,0.43,0.43,0.43,8000
TVN,20010307,0.44,0.44,0.43,0.44,99700
TWR,20010307,4.52,4.56,4.52,4.56,71905
TXT,20010307,1.2,1.2,1.13,1.13,10000
UCL,20010307,0.074,0.078,0.073,0.075,1268588
UEC,20010307,1.35,1.38,1.35,1.35,54901
UEL,20010307,3.52,3.57,3.51,3.57,113730
UGL,20010307,1.56,1.59,1.56,1.58,240787
USC,20010307,0.68,0.69,0.68,0.68,173100
VCM,20010307,3.75,3.75,3.75,3.75,2500
VGL,20010307,1.4,1.4,1.35,1.38,40100
VHL,20010307,0.92,0.92,0.92,0.92,5450
VIT,20010307,0.31,0.31,0.29,0.29,40800
VLS,20010307,2.62,2.65,2.62,2.63,69255
VNA,20010307,0.335,0.355,0.33,0.34,8114958
VNT,20010307,0.012,0.012,0.012,0.012,14167
VOS,20010307,0.125,0.125,0.125,0.125,5000
VPE,20010307,0.041,0.041,0.04,0.041,508000
VRI,20010307,0.53,0.58,0.53,0.54,50100
VRL,20010307,1.6,1.61,1.56,1.6,294854
VSL,20010307,2.935,3.01,2.935,3.01,232814
VTI,20010307,0.55,0.55,0.54,0.54,150563
VWD,20010307,0.75,0.75,0.75,0.75,12597
VWL,20010307,0.093,0.093,0.093,0.093,42625
VXS,20010307,0.555,0.555,0.5,0.5,30410
WAM,20010307,1.038,1.04,1.038,1.04,17218
WAN,20010307,5.18,5.2,5.11,5.12,226273
WAV,20010307,0.105,0.105,0.105,0.105,75000
WBA,20010307,0.6,0.6,0.55,0.55,1540
WBB,20010307,3.75,3.75,3.75,3.75,1615
WBC,20010307,13.84,13.93,13.79,13.877,2484299
WDP,20010307,1,1.05,1,1.05,24940
WEB,20010307,0.058,0.058,0.057,0.057,78000
WEL,20010307,0.31,0.31,0.285,0.3,85463
WES,20010307,18.68,18.862,18.68,18.862,355132
WET,20010307,0.065,0.066,0.06,0.066,358708
WFA,20010307,1.57,1.58,1.56,1.58,5634940
WFT,20010307,3.27,3.271,3.25,3.271,3869900
WGC,20010307,0.01,0.01,0.01,0.01,23000
WHF,20010307,2.9,2.9,2.9,2.9,500
WHL,20010307,0.11,0.11,0.11,0.11,165600
WIN,20010307,0.21,0.21,0.195,0.2,288698
WJM,20010307,2.9,2.9,2.9,2.9,6246
WMC,20010307,8.19,8.288,8.12,8.288,4529957
WME,20010307,0.1,0.1,0.1,0.1,9500
WMT,20010307,0.14,0.145,0.135,0.135,1037303
WON,20010307,0.11,0.11,0.098,0.1,873152
WOW,20010307,8.33,8.4,8.29,8.3,3167513
WPL,20010307,14.4,14.4,14.25,14.25,1968321
WPO,20010307,0.1,0.1,0.1,0.1,52888
WRF,20010307,0.5,0.5,0.5,0.5,5000
WSA,20010307,0.2,0.2,0.2,0.2,10868
WSF,20010307,13.6,13.68,13.42,13.5,632945
WSG,20010307,0.15,0.15,0.14,0.14,328000
WSK,20010307,0.92,0.97,0.92,0.94,91451
WSS,20010307,0.38,0.38,0.38,0.38,23400
WSX,20010307,0.089,0.089,0.089,0.089,50000
WTE,20010307,0.017,0.017,0.016,0.016,280760
WTL,20010307,0.15,0.15,0.13,0.13,30000
WWA,20010307,0.355,0.355,0.355,0.355,2579
WWT,20010307,0.095,0.095,0.095,0.095,10000
WYL,20010307,2.04,2.09,2.02,2.07,322534
XEN,20010307,0.465,0.48,0.46,0.48,53461
YAM,20010307,0.019,0.019,0.018,0.018,475000
YDR,20010307,0.14,0.14,0.125,0.125,20000
YTS,20010307,0.145,0.145,0.14,0.145,109636
ZIM,20010307,1,1.1,1,1.1,74791
ZYL,20010307,0.105,0.105,0.105,0.105,2000
