AAR,20010601,0.021,0.021,0.02,0.02,138256
AAT,20010601,0.58,0.58,0.56,0.56,318601
ABC,20010601,0.57,0.57,0.56,0.56,124735
ABG,20010601,2.16,2.17,2.14,2.17,14800
ABS,20010601,2.7,2.7,2.65,2.7,4056
ACC,20010601,0.041,0.042,0.04,0.041,145455
ACE,20010601,0.25,0.28,0.25,0.27,81500
ACU,20010601,0.195,0.205,0.195,0.205,29484
ACV,20010601,0.09,0.09,0.09,0.09,1850000
ACY,20010601,0.86,0.86,0.84,0.84,20000
ADA,20010601,1.62,1.65,1.62,1.65,90517
ADB,20010601,5.31,5.39,5.31,5.36,72412
ADG,20010601,1.86,1.86,1.84,1.84,16550
ADH,20010601,0.098,0.1,0.098,0.1,200000
ADM,20010601,0.052,0.052,0.052,0.052,24944
ADP,20010601,2.42,2.43,2.4,2.43,2560607
ADR,20010601,0.035,0.035,0.033,0.034,580000
ADT,20010601,1.51,1.51,1.51,1.51,6496
ADX,20010601,0.145,0.145,0.14,0.14,110000
ADZ,20010601,2.19,2.2,2.17,2.17,727583
AEC,20010601,0.8,0.81,0.8,0.8,25400
AEN,20010601,0.14,0.15,0.13,0.15,39900
AEO,20010601,1.93,1.98,1.93,1.98,1399829
AET,20010601,2.792,2.8,2.71,2.71,7950
AEX,20010601,0.19,0.19,0.18,0.185,312800
AFF,20010601,0.28,0.28,0.28,0.28,6479
AFI,20010601,2.86,2.9,2.82,2.88,691559
AGA,20010601,0.008,0.008,0.008,0.008,20000
AGG,20010601,70,70,70,70,505
AGH,20010601,0.63,0.63,0.63,0.63,31400
AGL,20010601,10.28,10.3,10.27,10.28,1130460
AGM,20010601,0.065,0.068,0.065,0.068,159414
AGP,20010601,0.55,0.55,0.55,0.55,2100
AGS,20010601,0.068,0.07,0.068,0.07,297405
AGT,20010601,0.84,0.84,0.82,0.82,20000
AGY,20010601,0.324,0.345,0.324,0.335,238358
AHD,20010601,1.67,1.68,1.65,1.68,85844
AHT,20010601,0.68,0.7,0.67,0.7,50800
AIE,20010601,0.21,0.22,0.21,0.215,164100
AIG,20010601,0.06,0.06,0.06,0.06,9000
AIP,20010601,1.02,1.02,1,1.02,1846674
AIX,20010601,1.95,1.98,1.95,1.97,59453
AIZ,20010601,1.14,1.16,1.13,1.16,178150
AJL,20010601,1.09,1.15,1.09,1.14,423000
AKC,20010601,2.551,2.551,2.45,2.45,87356
AKD,20010601,0.027,0.027,0.026,0.026,67500
ALA,20010601,0.4,0.4,0.4,0.4,87361
ALK,20010601,0.265,0.265,0.25,0.25,64200
ALL,20010601,6.399,6.46,6.399,6.45,488293
ALN,20010601,3.38,3.38,3.35,3.36,111549
ALQ,20010601,1.18,1.18,1.18,1.18,38900
ALZ,20010601,1.45,1.48,1.45,1.48,11919
AMB,20010601,0.73,0.73,0.73,0.73,6334
AMC,20010601,6.72,6.73,6.7,6.71,2767049
AMH,20010601,1.92,1.95,1.92,1.94,53000
AML,20010601,0.93,0.97,0.92,0.97,62880
AMM,20010601,0.26,0.27,0.235,0.255,580726
AMP,20010601,20.3,20.36,20.25,20.27,1268858
AMU,20010601,0.091,0.091,0.091,0.091,5000
ANE,20010601,2.34,2.37,2.34,2.35,111896
ANK,20010601,0.14,0.14,0.14,0.14,11000
ANL,20010601,1.8,2.05,1.8,1.82,225621
ANM,20010601,2.67,2.69,2.58,2.58,56003
ANX,20010601,0.45,0.45,0.445,0.445,124811
ANZ,20010601,15.29,15.5,15.29,15.4,3597242
AOE,20010601,0.07,0.07,0.07,0.07,50000
AOF,20010601,1.19,1.2,1.19,1.19,176771
AOG,20010601,1.7,1.7,1.66,1.66,17330
AOL,20010601,0.013,0.013,0.008,0.01,5771300
APA,20010601,2.64,2.67,2.62,2.62,107968
APG,20010601,0.115,0.115,0.11,0.115,246900
API,20010601,2.48,2.48,2.46,2.46,4095
APL,20010601,1.192,1.192,0.9,0.95,495260
APN,20010601,4.07,4.07,3.95,3.95,97882
APU,20010601,0.115,0.115,0.11,0.11,73688
APX,20010601,0.012,0.012,0.012,0.012,468000
APY,20010601,0.43,0.43,0.42,0.43,116156
AQA,20010601,0.3,0.3,0.3,0.3,40000
AQL,20010601,0.031,0.031,0.031,0.031,10000
AQP,20010601,9,9.03,9,9.03,7876
ARA,20010601,0.31,0.31,0.3,0.3,87199
ARC,20010601,0.1,0.1,0.1,0.1,100000
ARG,20010601,3.74,3.85,3.71,3.72,209860
ARL,20010601,0.49,0.49,0.42,0.44,1836262
ARP,20010601,8.5,8.5,8.5,8.5,25185
ARQ,20010601,0.12,0.13,0.12,0.13,1942113
ART,20010601,1.35,1.35,1.33,1.34,2691035
ARX,20010601,0.04,0.04,0.04,0.04,1386
ASB,20010601,1.18,1.18,1.15,1.15,12959
ASC,20010601,0.22,0.225,0.205,0.21,168513
ASL,20010601,0.1,0.1,0.092,0.092,56100
ASN,20010601,0.1,0.1,0.09,0.09,22000
ASP,20010601,0.06,0.06,0.06,0.06,2000
ASU,20010601,0.01,0.011,0.01,0.01,517105
ASX,20010601,12.6,12.8,12.53,12.55,111510
ATE,20010601,0.175,0.175,0.165,0.165,276009
ATG,20010601,0.11,0.11,0.11,0.11,4550
ATI,20010601,0.15,0.18,0.15,0.18,75500
ATN,20010601,0.027,0.027,0.025,0.025,325084
ATT,20010601,0.041,0.041,0.041,0.041,33000
ATX,20010601,0.15,0.15,0.14,0.15,125000
AUA,20010601,0.31,0.31,0.31,0.31,146170
AUD,20010601,1.6,1.642,1.55,1.642,52266
AUG,20010601,0.155,0.155,0.15,0.155,95601
AUL,20010601,0.019,0.021,0.019,0.021,238227
AUM,20010601,0.034,0.034,0.03,0.03,50000
AUN,20010601,1.04,1.05,0.94,0.97,904395
AUO,20010601,0.48,0.48,0.465,0.47,174730
AUR,20010601,0.104,0.104,0.08,0.08,321300
AUY,20010601,0.822,0.83,0.81,0.81,26741
AVL,20010601,0.038,0.038,0.038,0.038,290000
AVR,20010601,0.19,0.195,0.19,0.195,91800
AVT,20010601,0.095,0.095,0.076,0.08,592669
AWE,20010601,0.54,0.54,0.53,0.53,50000
AXA,20010601,2.83,2.83,2.8,2.81,2187346
AXL,20010601,0.075,0.095,0.07,0.095,140232
AXN,20010601,1.19,1.22,1.12,1.14,1050803
AXP,20010601,1.138,1.16,1.13,1.13,538002
AYO,20010601,0.8,0.82,0.8,0.8,40367
AZL,20010601,0.027,0.03,0.027,0.03,151810
AZR,20010601,0.088,0.088,0.087,0.088,79000
BAY,20010601,9.6,9.6,9.6,9.6,1032
BBB,20010601,0.2,0.2,0.2,0.2,39000
BBG,20010601,4.9,4.94,4.9,4.94,392470
BBL,20010601,0.16,0.16,0.16,0.16,3780
BCD,20010601,0.23,0.23,0.23,0.23,7000
BCH,20010601,0.115,0.12,0.11,0.11,124273
BDF,20010601,2.3,2.3,2.3,2.3,74692
BDG,20010601,0.17,0.175,0.17,0.175,86924
BDL,20010601,2.046,2.06,1.94,2,1284491
BDS,20010601,1.32,1.32,1.3,1.3,40174
BEN,20010601,6.15,6.16,6.13,6.13,92584
BER,20010601,0.35,0.35,0.35,0.35,1400
BFS,20010601,0.95,0.95,0.95,0.95,30000
BGD,20010601,0.14,0.14,0.14,0.14,97000
BGF,20010601,0.042,0.042,0.041,0.041,378612
BGN,20010601,1.12,1.13,1.12,1.13,10600
BHP,20010601,22.368,22.61,22.31,22.379,6285945
BII,20010601,0.35,0.36,0.35,0.35,303500
BIL,20010601,51.3,51.45,50.68,50.8,689859
BIR,20010601,0.82,0.83,0.82,0.83,519490
BIT,20010601,0.37,0.39,0.37,0.38,71500
BKA,20010601,0.16,0.18,0.16,0.18,149440
BKL,20010601,6.1,6.18,6.1,6.18,1400
BKR,20010601,0.135,0.135,0.135,0.135,30255
BKS,20010601,0.033,0.033,0.027,0.027,1269800
BKW,20010601,5.65,5.65,5.6,5.65,54451
BLD,20010601,2.6,2.61,2.58,2.58,835090
BLO,20010601,0.18,0.185,0.175,0.185,116400
BLR,20010601,0.1,0.11,0.1,0.105,3077970
BLZ,20010601,0.15,0.15,0.1,0.12,213366
BMC,20010601,0.16,0.16,0.15,0.15,355119
BMR,20010601,0.3,0.31,0.3,0.31,29078
BMS,20010601,0.77,0.77,0.75,0.75,56100
BMX,20010601,0.295,0.295,0.295,0.295,24285
BNA,20010601,0.14,0.145,0.14,0.14,684371
BNK,20010601,0.78,0.8,0.78,0.8,66635
BNO,20010601,1.07,1.07,1.04,1.04,59900
BOC,20010601,0.165,0.165,0.15,0.155,180879
BOQ,20010601,6.67,6.67,6.6,6.62,15606
BPC,20010601,0.45,0.45,0.44,0.445,3598548
BPO,20010601,0.255,0.255,0.225,0.225,424758
BPT,20010601,0.057,0.057,0.055,0.056,1239101
BRE,20010601,0.064,0.064,0.063,0.063,62858
BRI,20010601,0.285,0.285,0.285,0.285,54090
BRL,20010601,9.6,9.72,9.6,9.72,680488
BRN,20010601,0.115,0.13,0.115,0.13,10455
BRS,20010601,1.89,1.89,1.87,1.89,121513
BRY,20010601,0.51,0.52,0.51,0.51,53050
BRZ,20010601,1.45,1.51,1.28,1.3,849831
BSG,20010601,0.071,0.071,0.071,0.071,13500
BSN,20010601,0.052,0.052,0.052,0.052,5000
BSO,20010601,3.856,3.89,3.85,3.85,28509
BTA,20010601,0.9,0.9,0.85,0.86,675493
BTB,20010601,0.047,0.047,0.046,0.047,96030
BTC,20010601,0.365,0.365,0.365,0.365,58264
BTE,20010601,0.66,0.66,0.66,0.66,116171
BTG,20010601,0.86,0.87,0.86,0.87,14652
BTO,20010601,1.5,1.51,1.5,1.5,659017
BUG,20010601,0.405,0.405,0.405,0.405,2000
BUU,20010601,0.06,0.06,0.06,0.06,1000
BWA,20010601,3.98,4.1,3.98,4.09,538249
BWI,20010601,0.95,0.95,0.95,0.95,15200
BWP,20010601,1.09,1.1,1.09,1.09,69091
BWT,20010601,0.052,0.052,0.046,0.046,1052000
BYI,20010601,0.755,0.755,0.755,0.755,10000
BYO,20010601,0.22,0.22,0.215,0.215,279286
CAA,20010601,2.19,2.2,2.15,2.15,116484
CAB,20010601,3.5,3.5,3.5,3.5,4000
CAI,20010601,0.76,0.76,0.76,0.76,14362
CAT,20010601,7.743,7.75,7.5,7.6,6130
CBA,20010601,31.363,31.76,31.35,31.63,6509412
CBD,20010601,0.024,0.024,0.024,0.024,20000
CBH,20010601,0.145,0.145,0.14,0.14,120000
CBI,20010601,1.53,1.54,1.5,1.54,23856
CBO,20010601,0.033,0.033,0.032,0.032,380000
CBT,20010601,0.065,0.069,0.065,0.066,451107
CBW,20010601,0.61,0.61,0.61,0.61,1000
CCK,20010601,0.15,0.15,0.13,0.15,101180
CCL,20010601,4.55,4.76,4.52,4.7,2254665
CCO,20010601,0.046,0.046,0.046,0.046,50000
CCP,20010601,0.48,0.48,0.48,0.48,23250
CCV,20010601,0.029,0.029,0.028,0.028,164000
CCZ,20010601,0.73,0.73,0.72,0.72,41888
CDF,20010601,1.23,1.23,1.21,1.21,6420
CDO,20010601,1.518,1.54,1.51,1.51,164460
CDP,20010601,2.1,2.1,2.03,2.03,17800
CDR,20010601,0.66,0.68,0.65,0.68,264949
CDX,20010601,1.9,1.9,1.9,1.9,24530
CED,20010601,0.27,0.27,0.27,0.27,3500
CEN,20010601,2.35,2.35,2.35,2.35,1000
CEP,20010601,2.9,2.91,2.88,2.89,971914
CEQ,20010601,2.15,2.15,2.14,2.15,14382
CEW,20010601,1.32,1.39,1.32,1.39,17600
CEY,20010601,1.11,1.12,1.05,1.12,950100
CFA,20010601,0.087,0.087,0.087,0.087,8000
CFR,20010601,0.024,0.025,0.024,0.024,85965
CFT,20010601,2.08,2.08,2.06,2.06,2141535
CGB,20010601,0.028,0.035,0.028,0.035,35000
CGC,20010601,0.04,0.04,0.04,0.04,35100
CHB,20010601,24.5,24.51,24.5,24.51,405
CHF,20010601,0.77,0.77,0.73,0.74,117199
CHL,20010601,0.16,0.16,0.16,0.16,188414
CHQ,20010601,0.59,0.59,0.58,0.58,8200
CHV,20010601,0.75,0.82,0.75,0.8,1173000
CHY,20010601,1.38,1.38,1.3,1.34,20404
CID,20010601,0.22,0.22,0.22,0.22,55000
CIM,20010601,0.042,0.042,0.042,0.042,100000
CIN,20010601,8.3,8.4,8.3,8.4,3040
CIR,20010601,3.01,3.09,3.01,3.04,123716
CKG,20010601,0.026,0.026,0.026,0.026,100000
CLA,20010601,0.4,0.4,0.4,0.4,3826
CLH,20010601,4.8,4.8,4.7,4.729,104084
CLI,20010601,4.045,4.045,3.96,3.99,126635
CLO,20010601,0.92,0.93,0.91,0.93,62300
CLT,20010601,1.35,1.35,1.33,1.34,43934
CLV,20010601,0.24,0.24,0.23,0.23,127711
CMI,20010601,1.11,1.11,1.1,1.11,23000
CMK,20010601,0.61,0.61,0.61,0.61,11600
CML,20010601,7.118,7.17,7.09,7.1,1067476
CMP,20010601,0.89,0.89,0.86,0.86,9500
CMQ,20010601,0.39,0.39,0.385,0.385,10400
CMR,20010601,0.4,0.4,0.4,0.4,23700
CMS,20010601,0.08,0.08,0.08,0.08,170500
CMX,20010601,0.071,0.075,0.067,0.075,50000
CND,20010601,1.31,1.31,1.26,1.27,55780
CNF,20010601,0.075,0.075,0.075,0.075,15
CNG,20010601,0.36,0.36,0.35,0.35,31700
CNM,20010601,0.05,0.05,0.049,0.049,203001
CNN,20010601,0.076,0.078,0.076,0.078,125548
CNT,20010601,0.135,0.135,0.125,0.125,720100
COA,20010601,0.98,0.98,0.8,0.85,647410
COF,20010601,2.92,2.92,2.91,2.92,9057
COH,20010601,37,37.01,36.88,36.89,94417
COM,20010601,0.38,0.38,0.375,0.38,18737
COP,20010601,0.008,0.008,0.008,0.008,2900000
COU,20010601,0.5,0.5,0.48,0.48,286454
CPA,20010601,1.06,1.07,1.06,1.06,517496
CPB,20010601,5.05,5.15,5.03,5.03,39500
CPC,20010601,0.255,0.26,0.255,0.255,22200
CPE,20010601,0.03,0.03,0.03,0.03,44000
CPH,20010601,0.395,0.41,0.39,0.395,1877550
CPI,20010601,1.191,1.191,1.16,1.16,26100
CPM,20010601,2.2,2.2,2.05,2.17,8800
CPU,20010601,7,7,6.9,6.92,646645
CQT,20010601,0.185,0.185,0.185,0.185,4400
CRG,20010601,7.35,7.38,7.22,7.35,92593
CRL,20010601,0.52,0.52,0.51,0.51,104313
CRS,20010601,0.32,0.325,0.3,0.325,60700
CRT,20010601,1.06,1.06,1.06,1.06,12787
CRU,20010601,0.2,0.2,0.195,0.195,45001
CSB,20010601,0.28,0.3,0.28,0.3,9200
CSG,20010601,0.08,0.08,0.08,0.08,15000
CSL,20010601,39.11,39.36,39.11,39.3,230226
CSM,20010601,0.46,0.47,0.45,0.45,190407
CSR,20010601,6.14,6.16,6.05,6.07,7609456
CST,20010601,0.42,0.445,0.42,0.445,149118
CSX,20010601,0.18,0.18,0.18,0.18,10000
CSY,20010601,0.078,0.078,0.076,0.076,166684
CTI,20010601,0.23,0.23,0.22,0.23,5000
CTL,20010601,2.36,2.37,2.29,2.32,20127
CTO,20010601,0.075,0.075,0.072,0.074,401414
CTT,20010601,0.74,0.74,0.73,0.73,173719
CTX,20010601,2.036,2.05,2.02,2.04,226211
CUE,20010601,0.07,0.07,0.057,0.061,5907644
CUL,20010601,0.017,0.017,0.017,0.017,75000
CVC,20010601,0.52,0.58,0.52,0.58,22000
CVI,20010601,0.55,0.55,0.5,0.5,79050
CVN,20010601,0.085,0.085,0.082,0.082,71900
CWO,20010601,3.5,3.57,3.5,3.55,17909299
CWP,20010601,0.41,0.41,0.41,0.41,4520
CXL,20010601,0.025,0.025,0.024,0.024,30000
CXP,20010601,4.79,4.81,4.61,4.61,639312
CYG,20010601,3.76,3.76,3.7,3.7,91017
DAD,20010601,6.2,6.23,6.17,6.18,55800
DAR,20010601,0.385,0.385,0.385,0.385,15000
DAY,20010601,0.18,0.18,0.18,0.18,26000
DCL,20010601,0.23,0.23,0.22,0.22,60751
DCS,20010601,0.19,0.19,0.19,0.19,135340
DFT,20010601,0.045,0.049,0.042,0.042,273000
DGD,20010601,1.409,1.47,1.4,1.47,999390
DGH,20010601,0.39,0.39,0.39,0.39,10000
DGL,20010601,0.533,0.533,0.52,0.53,118239
DGM,20010601,0.005,0.006,0.005,0.006,338000
DIO,20010601,0.068,0.068,0.067,0.067,410000
DIT,20010601,1.48,1.5,1.48,1.49,993796
DJS,20010601,1.13,1.13,1.11,1.11,2334007
DJW,20010601,3.701,3.701,3.57,3.6,110071
DKN,20010601,0.28,0.29,0.265,0.29,95110
DMY,20010601,0.72,0.72,0.72,0.72,5000
DNI,20010601,0.115,0.12,0.11,0.12,118876
DOM,20010601,0.35,0.35,0.335,0.335,34546
DOT,20010601,1.33,1.35,1.33,1.35,4996375
DRD,20010601,1.82,1.95,1.82,1.95,5989
DRE,20010601,0.64,0.64,0.64,0.64,30000
DRN,20010601,0.125,0.125,0.12,0.12,35000
DUI,20010601,1.85,1.85,1.82,1.82,6000
DVC,20010601,1.18,1.2,1.17,1.17,340816
DVN,20010601,0.18,0.18,0.175,0.18,153351
DVT,20010601,0.16,0.16,0.12,0.13,12558929
DWY,20010601,0.34,0.34,0.335,0.34,154341
EBG,20010601,0.067,0.067,0.067,0.067,35000
EBR,20010601,0.1,0.105,0.095,0.1,233275
EBT,20010601,0.27,0.275,0.25,0.27,855000
ECE,20010601,0.014,0.014,0.014,0.014,25275
ECL,20010601,0.043,0.043,0.043,0.043,28600
ECM,20010601,0.09,0.09,0.09,0.09,10000
ECO,20010601,0.031,0.031,0.031,0.031,5000
ECP,20010601,0.65,0.68,0.64,0.68,389410
ECU,20010601,0.024,0.024,0.024,0.024,175000
EEC,20010601,0.083,0.083,0.082,0.083,163792
EEL,20010601,0.4,0.4,0.355,0.355,11000
EFN,20010601,0.056,0.06,0.05,0.06,82000
EGI,20010601,0.33,0.37,0.33,0.35,168684
EGO,20010601,0.11,0.11,0.105,0.11,453353
EHY,20010601,0.036,0.039,0.036,0.039,165033
EIF,20010601,0.11,0.11,0.1,0.105,145000
EIT,20010601,0.11,0.11,0.11,0.11,20000
ELL,20010601,0.085,0.09,0.085,0.086,115556
EMI,20010601,0.098,0.098,0.092,0.092,28900
EMP,20010601,0.31,0.31,0.31,0.31,22350
ENE,20010601,10.73,10.86,10.57,10.85,340267
ENV,20010601,0.83,0.84,0.82,0.82,261919
EPH,20010601,0.065,0.065,0.063,0.063,340000
EPR,20010601,0.225,0.225,0.21,0.22,58128
EPT,20010601,0.075,0.075,0.075,0.075,11550
EQI,20010601,0.49,0.49,0.49,0.49,8000
EQL,20010601,0.015,0.015,0.015,0.015,100000
EQR,20010601,0.065,0.065,0.065,0.065,6000
EQS,20010601,0.08,0.08,0.08,0.08,25200
EQT,20010601,5.4,5.4,5.3,5.3,1690
EQX,20010601,0.004,0.004,0.004,0.004,140000
ERA,20010601,2.3,2.3,2.3,2.3,47534
ERG,20010601,1.47,1.5,1.46,1.47,1884323
ESH,20010601,0.24,0.24,0.24,0.24,10000
ESI,20010601,0.63,0.67,0.63,0.67,119800
ESL,20010601,0.82,0.82,0.82,0.82,1000
EST,20010601,0.11,0.115,0.11,0.115,172000
ESV,20010601,0.68,0.68,0.65,0.65,27400
ESX,20010601,0.12,0.13,0.12,0.13,68268
ETK,20010601,0.24,0.24,0.24,0.24,25000
ETR,20010601,0.42,0.45,0.42,0.43,40445
ETW,20010601,1.15,1.15,1.14,1.14,12785
EZY,20010601,0.08,0.08,0.076,0.08,144250
FAN,20010601,1.29,1.3,1.28,1.28,8200
FAR,20010601,0.15,0.15,0.145,0.15,54000
FBG,20010601,5.39,5.41,5.34,5.36,4989486
FCL,20010601,2.34,2.42,2.32,2.37,895665
FDR,20010601,1.45,1.49,1.4,1.49,20450
FEA,20010601,0.125,0.13,0.125,0.125,104129
FFL,20010601,1.207,1.24,1.2,1.2,188990
FFS,20010601,0.26,0.26,0.255,0.255,35188
FGR,20010601,0.015,0.015,0.015,0.015,112000
FHF,20010601,12.27,13.05,12.27,12.96,4529541
FHL,20010601,0.4,0.45,0.4,0.45,29500
FHT,20010601,0.22,0.22,0.21,0.21,20000
FIM,20010601,0.11,0.11,0.11,0.11,20000
FKP,20010601,0.77,0.78,0.77,0.78,43389
FLK,20010601,0.65,0.65,0.65,0.65,6600
FLO,20010601,0.224,0.23,0.224,0.23,223135
FLT,20010601,25.99,25.99,25.7,25.9,2750
FNC,20010601,1.811,1.83,1.7,1.83,96970
FOA,20010601,9.3,9.45,9.25,9.27,574091
FPF,20010601,1.06,1.07,1.06,1.07,51882
FPG,20010601,0.39,0.39,0.39,0.39,34000
FRU,20010601,1.36,1.36,1.32,1.32,21500
FSL,20010601,0.035,0.04,0.035,0.04,24600
FTR,20010601,0.08,0.08,0.075,0.075,98000
FUN,20010601,0.5,0.5,0.49,0.49,27125
FWF,20010601,0.4,0.4,0.4,0.4,3000
FXJ,20010601,4.06,4.1,4,4.03,3679593
FXO,20010601,0.056,0.056,0.056,0.056,116667
GAN,20010601,1.12,1.12,1.11,1.12,923561
GAP,20010601,0.82,0.82,0.82,0.82,115
GBG,20010601,0.14,0.14,0.14,0.14,145000
GBL,20010601,0.16,0.16,0.16,0.16,155000
GBS,20010601,0.066,0.066,0.066,0.066,17500
GCN,20010601,0.045,0.045,0.045,0.045,160000
GCR,20010601,0.076,0.08,0.076,0.08,50000
GDM,20010601,0.52,0.52,0.5,0.51,170445
GDN,20010601,0.053,0.053,0.051,0.051,90910
GDP,20010601,3.994,4,3.92,3.92,12272
GEC,20010601,0.21,0.21,0.18,0.18,62500
GED,20010601,0.073,0.073,0.073,0.073,42144
GEE,20010601,0.85,0.85,0.76,0.76,9435
GEN,20010601,3.02,3.02,3,3,10000
GFA,20010601,1.99,1.99,1.99,1.99,300
GFD,20010601,0.25,0.26,0.25,0.26,122266
GGY,20010601,0.037,0.037,0.035,0.035,174000
GHG,20010601,1.14,1.14,1.13,1.13,66953
GIL,20010601,0.175,0.175,0.175,0.175,4000
GIR,20010601,0.042,0.042,0.042,0.042,120000
GLB,20010601,1.59,1.59,1.56,1.57,110055
GLD,20010601,1.6,1.69,1.6,1.63,128327
GLP,20010601,0.03,0.03,0.03,0.03,50000
GMF,20010601,1.27,1.28,1.26,1.28,2417312
GML,20010601,0.08,0.08,0.08,0.08,5000
GMS,20010601,0.5,0.5,0.5,0.5,3900
GNC,20010601,10.3,10.86,10.3,10.86,6445
GNS,20010601,4.38,4.44,4.35,4.35,71518
GOD,20010601,0.023,0.023,0.022,0.022,159000
GPI,20010601,0.4,0.4,0.4,0.4,852
GPN,20010601,0.021,0.021,0.021,0.021,23000
GPO,20010601,0.125,0.125,0.12,0.12,46870
GPT,20010601,2.67,2.69,2.66,2.69,9363738
GRD,20010601,1.31,1.32,1.27,1.3,181256
GRN,20010601,0.042,0.042,0.042,0.042,5000
GRO,20010601,2.81,2.81,2.77,2.81,5500
GRT,20010601,0.3,0.3,0.3,0.3,9000
GSE,20010601,0.047,0.05,0.047,0.047,94000
GSP,20010601,1.26,1.3,1.26,1.3,58818
GTA,20010601,0.4,0.4,0.4,0.4,25000
GTG,20010601,0.78,0.79,0.73,0.76,348210
GTI,20010601,0.05,0.055,0.05,0.055,20000
GTL,20010601,0.086,0.086,0.086,0.086,1806
GTM,20010601,0.038,0.038,0.035,0.035,813251
GTP,20010601,1.26,1.26,0.89,0.9,882061
GUD,20010601,1.7,1.71,1.7,1.7,248688
GUL,20010601,0.02,0.02,0.02,0.02,10000
GUN,20010601,0.175,0.175,0.175,0.175,33047
GVM,20010601,0.039,0.039,0.038,0.038,104166
GWT,20010601,2.35,2.35,2.31,2.35,44301
GYM,20010601,0.84,0.84,0.77,0.79,188312
GZL,20010601,2.3,2.3,2.3,2.3,4000
HAH,20010601,4.71,4.73,4.62,4.66,468590
HAM,20010601,2.29,2.29,2.29,2.29,7667
HAN,20010601,13.6,13.6,13.6,13.6,697
HAO,20010601,0.125,0.125,0.125,0.125,21075
HBL,20010601,0.15,0.16,0.15,0.16,16268
HCN,20010601,0.26,0.27,0.25,0.25,276848
HDN,20010601,0.22,0.22,0.22,0.22,4000
HDR,20010601,0.74,0.76,0.73,0.76,1690345
HER,20010601,0.51,0.56,0.51,0.56,34766
HFY,20010601,0.78,0.79,0.78,0.79,17000
HGL,20010601,0.37,0.37,0.37,0.37,1046
HIC,20010601,0.65,0.66,0.65,0.66,61000
HIG,20010601,0.125,0.14,0.125,0.14,42500
HIL,20010601,2.5,2.55,2.5,2.5,172728
HJB,20010601,0.31,0.31,0.31,0.31,2000
HLL,20010601,0.062,0.063,0.062,0.063,300000
HLT,20010601,0.08,0.094,0.075,0.09,190400
HLX,20010601,0.64,0.64,0.63,0.63,159530
HLY,20010601,4.72,4.75,4.72,4.74,127801
HMC,20010601,0.045,0.045,0.042,0.042,255617
HOM,20010601,1.28,1.28,1.24,1.24,5555
HPL,20010601,1.38,1.38,1.38,1.38,4500
HPX,20010601,1.903,1.903,1.9,1.9,78050
HRD,20010601,0.155,0.185,0.155,0.185,163501
HRP,20010601,1.43,1.45,1.43,1.45,32800
HRR,20010601,0.27,0.28,0.26,0.28,99591
HRT,20010601,0.18,0.18,0.18,0.18,21750
HRZ,20010601,0.295,0.295,0.29,0.29,58000
HSC,20010601,0.28,0.28,0.28,0.28,131
HSM,20010601,11.55,11.55,11.55,11.55,1000
HSN,20010601,1.76,1.76,1.75,1.75,11597
HSP,20010601,1.57,1.57,1.57,1.57,15000
HTA,20010601,0.413,0.425,0.38,0.39,1814849
HTE,20010601,0.09,0.091,0.088,0.091,112500
HTM,20010601,0.03,0.035,0.03,0.035,190000
HTS,20010601,0.084,0.09,0.08,0.088,333340
HUG,20010601,0.075,0.075,0.074,0.074,25000
HVN,20010601,4.32,4.35,4.13,4.31,1791830
HWE,20010601,0.99,1,0.98,0.98,234704
HWG,20010601,0.135,0.135,0.13,0.13,214500
HWI,20010601,0.8,0.8,0.79,0.8,33900
HWL,20010601,0.15,0.15,0.15,0.15,9800
HWT,20010601,0.69,0.69,0.68,0.68,24157
HWW,20010601,0.1,0.1,0.1,0.1,66000
HZM,20010601,0.55,0.55,0.54,0.54,27013
IAS,20010601,0.258,0.258,0.25,0.25,22000
IBA,20010601,0.22,0.225,0.22,0.225,89325
IBI,20010601,0.17,0.17,0.17,0.17,7000
ICE,20010601,0.07,0.07,0.065,0.065,19000
ICH,20010601,0.06,0.06,0.06,0.06,30000
ICM,20010601,0.13,0.135,0.13,0.13,23500
ICN,20010601,0.11,0.126,0.11,0.126,1689292
ICO,20010601,0.014,0.015,0.014,0.014,1794000
ICS,20010601,0.18,0.18,0.18,0.18,50000
ICT,20010601,5.81,5.81,5.5,5.5,2459
IDT,20010601,4.25,4.42,4.25,4.42,14193
IDX,20010601,2.78,2.78,2.78,2.78,26200
IFM,20010601,1.74,1.79,1.73,1.73,36256
IGM,20010601,0.044,0.045,0.036,0.042,674000
IGP,20010601,3.5,3.5,3.5,3.5,64182
IHG,20010601,1.13,1.13,1.11,1.12,78382
IIF,20010601,1.46,1.47,1.45,1.45,443840
IIN,20010601,0.35,0.35,0.35,0.35,102804
ILU,20010601,4.55,4.61,4.53,4.57,1113473
IMD,20010601,0.24,0.24,0.24,0.24,20000
IMI,20010601,0.095,0.099,0.08,0.08,19400
IMP,20010601,0.028,0.03,0.026,0.027,1027000
INC,20010601,0.056,0.056,0.052,0.052,52965
INV,20010601,0.145,0.145,0.14,0.14,89000
INX,20010601,0.125,0.13,0.1,0.12,93298
IOC,20010601,1.2,1.35,1.2,1.35,70550
IOF,20010601,1.11,1.11,1.1,1.11,909453
ION,20010601,0.891,0.91,0.87,0.91,346636
IPG,20010601,1.779,1.78,1.76,1.76,2690161
IPH,20010601,1.45,1.46,1.45,1.45,21284
IRI,20010601,0.69,0.69,0.6,0.6,110087
ISC,20010601,0.053,0.053,0.04,0.05,318152
ITC,20010601,0.063,0.075,0.063,0.072,695000
ITE,20010601,0.11,0.11,0.1,0.1,95065
ITL,20010601,0.35,0.36,0.35,0.36,25500
ITP,20010601,0.155,0.155,0.155,0.155,10000
IWI,20010601,2.35,2.35,2.3,2.3,63000
IWL,20010601,0.18,0.18,0.165,0.175,134000
IXL,20010601,0.084,0.095,0.084,0.095,49939
JAM,20010601,0.16,0.16,0.16,0.16,18000
JBM,20010601,1.61,1.63,1.6,1.62,30770
JJS,20010601,1.16,1.2,1.15,1.2,101910
JLA,20010601,0.082,0.082,0.08,0.08,157400
JRV,20010601,0.055,0.056,0.055,0.056,245000
JUM,20010601,0.022,0.022,0.022,0.022,19000
JUP,20010601,3.728,3.74,3.7,3.74,113469
KAZ,20010601,1.404,1.41,1.3,1.3,217010
KBO,20010601,0.145,0.17,0.145,0.165,398828
KCG,20010601,0.16,0.16,0.16,0.16,31000
KCN,20010601,0.8,0.8,0.78,0.8,68440
KIC,20010601,1.855,1.855,1.855,1.855,60620
KID,20010601,0.031,0.031,0.031,0.031,137248
KIM,20010601,0.61,0.61,0.59,0.598,191189
KLS,20010601,0.085,0.09,0.085,0.09,34000
KMN,20010601,0.059,0.06,0.059,0.06,170800
KOV,20010601,1.3,1.3,1.21,1.21,41072
KRS,20010601,0.045,0.045,0.045,0.045,8100
KRZ,20010601,0.03,0.03,0.029,0.029,600000
KSC,20010601,1.83,1.83,1.75,1.75,21500
KSM,20010601,0.08,0.08,0.077,0.08,246390
KSP,20010601,0.04,0.04,0.04,0.04,40000
KYC,20010601,2.7,2.7,2.24,2.38,1179373
KZL,20010601,0.335,0.335,0.335,0.335,20000
LAC,20010601,10.45,10.55,10.39,10.4,871092
LAF,20010601,0.06,0.06,0.06,0.06,11000
LAK,20010601,0.37,0.38,0.37,0.38,26880
LCH,20010601,0.145,0.15,0.145,0.145,81380
LCL,20010601,0.6,0.6,0.6,0.6,11634
LDW,20010601,1.8,1.8,1.8,1.8,10000
LEI,20010601,7.25,7.28,7.23,7.27,143614
LEL,20010601,0.28,0.28,0.27,0.27,25650
LGO,20010601,0.021,0.021,0.021,0.021,7297
LHG,20010601,0.81,0.82,0.8,0.8,2019758
LKO,20010601,0.039,0.039,0.037,0.039,3873720
LLC,20010601,12,12,11.65,11.71,2995156
LMC,20010601,1.06,1.15,1.06,1.1,51025
LNN,20010601,4.2,4.22,4.19,4.21,754598
LOK,20010601,0.145,0.145,0.135,0.14,2896632
LON,20010601,0.355,0.36,0.355,0.36,43550
LPD,20010601,0.66,0.66,0.65,0.65,46000
LSG,20010601,0.68,0.68,0.68,0.68,5000
LTC,20010601,0.005,0.005,0.005,0.005,1131740
LUO,20010601,1.27,1.27,1.25,1.26,3626143
MAG,20010601,2.25,2.25,2.25,2.25,274
MAH,20010601,0.115,0.115,0.1,0.1,1474770
MAQ,20010601,0.22,0.225,0.215,0.215,307566
MAX,20010601,1.1,1.11,1.09,1.11,92610
MAY,20010601,6.06,6.39,6.06,6.33,2438045
MBC,20010601,3.95,3.95,3.93,3.93,6037
MBG,20010601,0.098,0.098,0.098,0.098,250000
MBL,20010601,32.616,33.3,32.616,32.97,723603
MBP,20010601,0.84,0.85,0.82,0.85,45264
MBX,20010601,0.037,0.04,0.037,0.038,42000
MCA,20010601,1.2,1.2,1.15,1.17,191278
MCD,20010601,1.15,1.15,1.09,1.09,443314
MCL,20010601,0.11,0.11,0.1,0.1,178500
MCO,20010601,0.06,0.06,0.06,0.06,9345
MCP,20010601,1.1,1.12,1.1,1.11,31022
MCR,20010601,0.16,0.165,0.155,0.16,364533
MCT,20010601,0.052,0.052,0.052,0.052,10000
MCW,20010601,1.44,1.46,1.43,1.46,206032
MDL,20010601,0.225,0.225,0.225,0.225,5556
MDN,20010601,0.042,0.045,0.042,0.045,180000
MEE,20010601,0.07,0.07,0.07,0.07,2528
MGD,20010601,0.19,0.19,0.185,0.185,21000
MGE,20010601,0.345,0.37,0.345,0.37,267776
MGI,20010601,1.34,1.35,1.33,1.33,2027038
MGM,20010601,0.75,0.75,0.75,0.75,60000
MGR,20010601,3.56,3.58,3.56,3.58,863957
MGW,20010601,3.112,3.18,3.112,3.16,8662
MIA,20010601,1.128,1.14,1.12,1.13,134453
MIC,20010601,0.038,0.038,0.035,0.036,770000
MIG,20010601,2.75,2.79,2.73,2.73,2487244
MIK,20010601,0.07,0.08,0.07,0.075,135256
MIM,20010601,1.24,1.28,1.24,1.26,11186331
MIW,20010601,0.13,0.15,0.13,0.15,37523
MJN,20010601,0.22,0.22,0.21,0.21,420500
MLB,20010601,0.678,0.69,0.66,0.67,76125
MLE,20010601,0.56,0.58,0.56,0.57,113605
MLT,20010601,10.4,10.4,10.4,10.4,1750
MMD,20010601,0.71,0.72,0.66,0.7,2803157
MME,20010601,0.34,0.35,0.335,0.35,1526177
MMN,20010601,0.047,0.051,0.047,0.05,137000
MND,20010601,2.16,2.16,2.16,2.16,500
MNG,20010601,0.105,0.105,0.1,0.1,25060
MNR,20010601,0.12,0.12,0.12,0.12,1860
MNS,20010601,1.05,1.06,1.05,1.06,13239
MOB,20010601,0.215,0.215,0.2,0.2,38580
MOD,20010601,0.175,0.19,0.175,0.19,87000
MOF,20010601,1.18,1.18,1.17,1.17,995688
MOS,20010601,0.165,0.17,0.16,0.165,518300
MPB,20010601,2.6,2.72,2.6,2.72,3604
MPI,20010601,0.071,0.071,0.068,0.068,210000
MPO,20010601,0.036,0.04,0.036,0.04,26666
MQL,20010601,0.22,0.23,0.22,0.23,505721
MRL,20010601,5.6,5.69,5.6,5.65,29817
MRM,20010601,0.85,0.85,0.83,0.83,26553
MRX,20010601,0.1,0.1,0.1,0.1,54100
MSC,20010601,0.245,0.245,0.24,0.24,246286
MSI,20010601,0.055,0.069,0.055,0.069,27000
MST,20010601,1.37,1.37,1.3,1.33,113758
MTB,20010601,0.08,0.08,0.074,0.074,250000
MTC,20010601,0.061,0.065,0.058,0.06,944178
MTD,20010601,0.095,0.095,0.095,0.095,20000
MTR,20010601,0.53,0.53,0.51,0.51,242967
MTT,20010601,1.05,1.18,1.05,1.15,2798095
MUL,20010601,0.048,0.054,0.045,0.045,839200
MUR,20010601,1.5,1.5,1.48,1.5,250721
MXA,20010601,0.009,0.009,0.008,0.008,3511556
MXE,20010601,0.024,0.028,0.024,0.028,558052
MXI,20010601,0.145,0.145,0.145,0.145,47669
MXM,20010601,0.038,0.038,0.032,0.032,136070
MXO,20010601,0.17,0.175,0.17,0.175,346881
MYC,20010601,0.031,0.035,0.03,0.03,537000
MYM,20010601,0.022,0.022,0.022,0.022,35667
MYO,20010601,0.68,0.68,0.65,0.65,226124
NAB,20010601,32.554,33.15,32.54,32.96,4082192
NAL,20010601,0.75,0.75,0.73,0.75,81130
NAM,20010601,0.37,0.37,0.37,0.37,45000
NBL,20010601,0.75,0.75,0.74,0.75,6000
NCA,20010601,0.21,0.225,0.2,0.225,341829
NCI,20010601,0.81,0.81,0.81,0.81,170302
NCM,20010601,4.1,4.25,4.08,4.08,452290
NCP,20010601,17.5,17.6,17.22,17.26,3032972
NDC,20010601,0.235,0.235,0.23,0.23,8500
NDO,20010601,0.011,0.011,0.011,0.011,53000
NDY,20010601,1.02,1.05,1.01,1.03,5443304
NEV,20010601,3.64,3.66,3.64,3.64,120965
NFD,20010601,1.957,2.03,1.957,2.03,635564
NFM,20010601,7.19,7.19,7.19,7.19,200
NFR,20010601,0.175,0.175,0.17,0.17,80000
NGA,20010601,0.41,0.41,0.41,0.41,36900
NGH,20010601,0.125,0.14,0.12,0.14,368673
NHG,20010601,0.27,0.275,0.27,0.275,13700
NHM,20010601,0.034,0.036,0.031,0.031,2075809
NHR,20010601,0.29,0.29,0.28,0.28,24265
NIX,20010601,0.52,0.52,0.52,0.52,5000
NLB,20010601,0.49,0.49,0.49,0.49,2739
NLY,20010601,0.455,0.46,0.455,0.46,34599
NMW,20010601,0.18,0.185,0.18,0.185,17689
NNG,20010601,0.081,0.085,0.081,0.085,30000
NOL,20010601,0.67,0.67,0.65,0.65,169045
NRL,20010601,0.06,0.062,0.06,0.062,42500
NRM,20010601,2.91,3,2.9,3,5836120
NRT,20010601,2.29,2.3,2.15,2.15,34637
NTC,20010601,0.095,0.096,0.066,0.09,163280
NTG,20010601,0.56,0.58,0.56,0.58,111500
NUF,20010601,3.12,3.12,3.08,3.1,40299
NVS,20010601,1.83,1.88,1.82,1.88,1162558
NWE,20010601,0.064,0.064,0.062,0.063,219000
NWL,20010601,0.404,0.445,0.404,0.44,748906
NZO,20010601,0.3,0.3,0.3,0.3,454
OBJ,20010601,0.056,0.056,0.04,0.04,1274150
OCL,20010601,0.28,0.31,0.28,0.3,28591
OCO,20010601,0.044,0.046,0.044,0.046,153395
OEC,20010601,0.613,0.63,0.6,0.61,967424
OHL,20010601,0.125,0.125,0.125,0.125,20000
OIL,20010601,1.69,1.69,1.47,1.5,243518
OKN,20010601,0.94,0.99,0.9,0.99,34634
OLA,20010601,0.063,0.063,0.063,0.063,30100
OLE,20010601,0.32,0.32,0.32,0.32,25900
OLH,20010601,0.9,0.9,0.9,0.9,5503
OMI,20010601,0.7,0.7,0.7,0.7,2120
OML,20010601,1.07,1.12,1.07,1.12,78985
OMP,20010601,2.3,2.3,2.3,2.3,5200
OPM,20010601,0.051,0.06,0.051,0.06,150700
OPS,20010601,2.42,2.43,2.41,2.43,225396
OPT,20010601,0.044,0.045,0.044,0.045,338000
ORC,20010601,0.076,0.076,0.076,0.076,100000
ORG,20010601,2.75,2.91,2.75,2.85,2428265
ORI,20010601,4.5,4.53,4.49,4.49,552464
ORL,20010601,3.3,3.3,3.3,3.3,500
ORP,20010601,0.03,0.035,0.03,0.032,544543
OSH,20010601,1.32,1.34,1.31,1.31,634651
OST,20010601,0.91,0.92,0.91,0.92,389800
OTO,20010601,0.04,0.06,0.035,0.06,325400
OTR,20010601,0.155,0.155,0.145,0.15,20000
OTT,20010601,0.21,0.24,0.155,0.16,29828297
OXR,20010601,0.14,0.14,0.135,0.14,817605
PAH,20010601,0.042,0.05,0.042,0.05,23886
PAI,20010601,0.1,0.105,0.1,0.105,31500
PAL,20010601,0.255,0.255,0.23,0.24,607050
PAS,20010601,0.44,0.44,0.425,0.435,11168925
PAT,20010601,2.16,2.16,2.16,2.16,7000
PAY,20010601,0.65,0.65,0.65,0.65,1119
PBB,20010601,3.62,3.65,3.6,3.64,88245
PBL,20010601,9.2,9.29,9.13,9.17,1354091
PBO,20010601,0.98,0.98,0.97,0.98,21030
PBT,20010601,0.845,0.94,0.845,0.9,41550
PBV,20010601,1.6,1.65,1.6,1.65,9500
PCE,20010601,0.49,0.52,0.49,0.5,76100
PCO,20010601,0.869,0.87,0.8,0.81,4936286
PDG,20010601,20.2,20.2,20.2,20.2,113
PDN,20010601,0.036,0.036,0.036,0.036,138050
PDP,20010601,1.09,1.14,1.08,1.09,2467643
PDR,20010601,0.09,0.09,0.09,0.09,10000
PEM,20010601,0.28,0.28,0.28,0.28,60000
PEP,20010601,0.94,0.95,0.91,0.93,52100
PGL,20010601,1.34,1.34,1.33,1.34,9150
PHO,20010601,0.13,0.14,0.13,0.14,127700
PHR,20010601,0.28,0.28,0.25,0.25,5000
PHT,20010601,0.61,0.61,0.61,0.61,64388
PHX,20010601,0.215,0.225,0.2,0.2,14504
PHY,20010601,4.36,4.41,4.23,4.29,175396
PIE,20010601,0.12,0.12,0.1,0.12,66666
PIL,20010601,0.165,0.165,0.145,0.15,65150
PKT,20010601,0.055,0.055,0.055,0.055,35000
PLA,20010601,0.57,0.57,0.55,0.55,391640
PLF,20010601,2.6,2.6,2.57,2.58,26691
PLL,20010601,1.6,1.6,1.6,1.6,8232
PLM,20010601,4.95,4.95,4.95,4.95,4042
PLN,20010601,0.376,0.39,0.37,0.39,78333
PLT,20010601,2.47,2.49,2.43,2.45,19700
PLW,20010601,2.45,2.5,2.45,2.45,5760
PLX,20010601,0.039,0.039,0.038,0.038,50000
PMA,20010601,0.033,0.035,0.033,0.035,27400
PMC,20010601,1.94,1.94,1.93,1.94,77927
PMD,20010601,0.049,0.053,0.046,0.053,705778
PME,20010601,1.16,1.19,1.16,1.19,8015
PMM,20010601,1.321,1.38,1.321,1.35,233850
PMP,20010601,0.82,0.82,0.77,0.8,1841126
PNA,20010601,0.038,0.042,0.038,0.04,204000
PNH,20010601,0.425,0.43,0.425,0.425,5422
PNO,20010601,0.032,0.032,0.03,0.03,237600
POT,20010601,0.038,0.038,0.038,0.038,70000
PPD,20010601,0.36,0.36,0.34,0.34,81400
PPH,20010601,2.08,2.13,2.06,2.13,19972
PPK,20010601,0.67,0.67,0.67,0.67,11570
PPR,20010601,0.8,0.8,0.8,0.8,18577
PPT,20010601,40,40,39,39.64,9183
PPX,20010601,4.266,4.28,4.22,4.28,1415787
PRE,20010601,0.016,0.016,0.015,0.016,145000
PRG,20010601,2.06,2.1,2.06,2.06,14070
PRI,20010601,5.25,5.33,5.25,5.33,90986
PRM,20010601,0.16,0.18,0.16,0.18,15333
PRO,20010601,0.54,0.55,0.53,0.53,19426
PRT,20010601,1.63,1.63,1.63,1.63,1881
PRX,20010601,0.74,0.75,0.74,0.75,186483
PRY,20010601,4.7,4.7,4.7,4.7,684747
PSA,20010601,0.135,0.135,0.135,0.135,20000
PSD,20010601,0.28,0.28,0.275,0.275,217000
PSG,20010601,0.375,0.375,0.37,0.37,57500
PSI,20010601,0.21,0.21,0.21,0.21,15000
PSV,20010601,0.088,0.088,0.08,0.08,110405
PSX,20010601,0.26,0.26,0.235,0.235,94100
PTD,20010601,2.49,2.62,2.43,2.6,622392
PTL,20010601,0.17,0.175,0.17,0.175,68433
PWR,20010601,0.78,0.78,0.74,0.74,558503
PWT,20010601,0.43,0.45,0.43,0.445,396317
PXI,20010601,0.1,0.1,0.1,0.1,10000
QAD,20010601,0.533,0.55,0.5,0.55,172500
QAN,20010601,3.55,3.56,3.468,3.468,3580185
QBE,20010601,10.75,11.06,10.75,11,1666898
QCH,20010601,3.52,3.53,3.49,3.5,57154
QES,20010601,0.17,0.17,0.15,0.15,52050
QGC,20010601,0.245,0.25,0.245,0.245,21500
QMM,20010601,0.07,0.07,0.07,0.07,142000
QPX,20010601,0.69,0.73,0.6,0.6,1216679
QTK,20010601,0.08,0.082,0.078,0.078,435880
QTL,20010601,0.05,0.05,0.05,0.05,110213
QUE,20010601,0.055,0.055,0.045,0.045,50000
QUR,20010601,0.03,0.03,0.03,0.03,19157
QVL,20010601,4.5,4.55,4.5,4.55,24374
RAC,20010601,0.068,0.068,0.066,0.066,312670
RBK,20010601,0.15,0.15,0.15,0.15,50000
RBL,20010601,0.48,0.48,0.48,0.48,2000
RBT,20010601,0.032,0.035,0.032,0.035,27740
RCR,20010601,0.105,0.105,0.105,0.105,25000
RCT,20010601,0.073,0.073,0.071,0.071,46428
RDF,20010601,1.5,1.5,1.4,1.4,12550
REA,20010601,0.135,0.135,0.13,0.13,28130
REB,20010601,0.83,0.85,0.83,0.83,104975
REG,20010601,2.09,2.1,2.05,2.05,8500
REH,20010601,20.5,20.5,20.5,20.5,12130
REL,20010601,2.29,2.29,2.17,2.18,366041
RFS,20010601,0.305,0.31,0.305,0.31,71000
RGS,20010601,0.72,0.73,0.71,0.73,36155
RHC,20010601,2.48,2.5,2.45,2.456,245319
RIC,20010601,0.7,0.7,0.68,0.69,156074
RIM,20010601,0.105,0.105,0.105,0.105,173000
RIO,20010601,37,37.02,36.45,36.5,1927652
RKN,20010601,0.15,0.15,0.15,0.15,76552
RMD,20010601,10.85,10.85,10.67,10.69,610025
RMG,20010601,0.25,0.255,0.25,0.25,113481
RMW,20010601,0.97,1,0.95,0.95,5000
RND,20010601,1.2,1.2,1.12,1.19,26300
ROC,20010601,1.55,1.62,1.55,1.55,47209
ROK,20010601,2.6,2.6,2.6,2.6,100
RPD,20010601,0.16,0.18,0.16,0.18,266768
RRS,20010601,0.05,0.05,0.05,0.05,42000
RSG,20010601,0.095,0.096,0.092,0.096,429000
RTM,20010601,0.063,0.063,0.062,0.062,58000
RUP,20010601,4.65,4.65,4.57,4.57,6250
SAQ,20010601,3.45,3.47,3.45,3.45,85356
SAR,20010601,0.1,0.1,0.1,0.1,10000
SAS,20010601,0.447,0.447,0.385,0.4,1105133
SAX,20010601,0.08,0.08,0.08,0.08,5000
SBC,20010601,12.7,12.7,12.7,12.7,29
SBM,20010601,0.165,0.165,0.16,0.165,299000
SBR,20010601,0.2,0.2,0.2,0.2,7587
SCD,20010601,0.052,0.055,0.052,0.052,93000
SCG,20010601,0.145,0.145,0.14,0.14,33500
SCN,20010601,0.004,0.004,0.004,0.004,2571279
SDR,20010601,0.235,0.235,0.235,0.235,67000
SEN,20010601,0.125,0.135,0.12,0.125,436830
SES,20010601,0.231,0.231,0.22,0.22,12300
SEV,20010601,6.829,6.91,6.829,6.87,193629
SFD,20010601,0.33,0.35,0.33,0.33,51054
SFG,20010601,0.041,0.042,0.041,0.041,28025
SFL,20010601,0.94,0.94,0.93,0.94,22663
SGB,20010601,15.45,15.7,15.42,15.61,1039683
SGC,20010601,0.44,0.44,0.42,0.435,551700
SGN,20010601,3.73,3.77,3.73,3.77,10645
SGP,20010601,3.96,3.97,3.95,3.97,2430641
SGS,20010601,1.09,1.11,1.09,1.1,117000
SGV,20010601,0.45,0.45,0.45,0.45,20000
SGW,20010601,9.4,9.53,9.4,9.52,496393
SHL,20010601,7.495,7.51,7.29,7.32,291852
SHM,20010601,0.16,0.16,0.16,0.16,900
SHR,20010601,1.81,1.81,1.81,1.81,1000
SHV,20010601,1.62,1.62,1.62,1.62,2000
SIG,20010601,2.2,2.2,2.17,2.18,171444
SKC,20010601,8,8,8,8,539
SKD,20010601,1.59,1.6,1.56,1.56,78145
SKE,20010601,0.99,1.05,0.99,1.05,142610
SKG,20010601,0.18,0.18,0.18,0.18,5000
SKR,20010601,0.11,0.115,0.105,0.11,1460054
SKY,20010601,0.15,0.15,0.15,0.15,17700
SLN,20010601,1.05,1.05,1.05,1.05,10000
SLV,20010601,0.255,0.255,0.255,0.255,8750
SLX,20010601,4.6,4.6,4.54,4.6,153397
SMA,20010601,0.031,0.031,0.031,0.031,57714
SMC,20010601,0.04,0.04,0.04,0.04,1392
SME,20010601,13.41,14,13.41,13.994,886971
SMI,20010601,9.5,9.72,9.5,9.54,791343
SMM,20010601,0.075,0.09,0.075,0.09,243000
SMS,20010601,5.34,5.35,5.25,5.3,109031
SNX,20010601,1.36,1.5,1.21,1.4,1370796
SOF,20010601,0.08,0.08,0.077,0.077,85000
SOH,20010601,1.03,1.07,1.03,1.07,413456
SOL,20010601,47.5,47.5,47.5,47.5,1580
SOT,20010601,0.27,0.27,0.265,0.27,173000
SPC,20010601,0.75,0.75,0.75,0.75,6654
SPD,20010601,0.26,0.26,0.26,0.26,35000
SPH,20010601,0.05,0.05,0.05,0.05,6600
SPK,20010601,0.095,0.095,0.095,0.095,19000
SPL,20010601,0.52,0.54,0.52,0.54,83900
SPP,20010601,0.88,0.88,0.85,0.86,112810
SPT,20010601,6.8,7,6.8,6.902,150274
SPX,20010601,0.086,0.087,0.085,0.085,300500
SQS,20010601,0.044,0.044,0.043,0.043,70000
SRA,20010601,0.96,0.97,0.95,0.97,134541
SRI,20010601,0.064,0.064,0.064,0.064,30000
SRL,20010601,0.52,0.64,0.52,0.58,224643
SRO,20010601,0.12,0.12,0.115,0.115,986122
SRP,20010601,6.715,6.85,6.715,6.83,16899741
SRT,20010601,0.083,0.083,0.079,0.08,18866
SRV,20010601,6.54,6.54,6.54,6.54,88157
SRX,20010601,1.84,1.84,1.8,1.84,12125
SSE,20010601,0.45,0.45,0.445,0.445,4500
SSH,20010601,0.54,0.54,0.53,0.53,36194
SSI,20010601,0.3,0.3,0.3,0.3,3355
SSR,20010601,0.31,0.32,0.31,0.32,8064
SSX,20010601,0.87,0.93,0.86,0.93,341839
STN,20010601,0.27,0.28,0.27,0.275,296233
STO,20010601,6.667,6.74,6.66,6.71,1963945
STP,20010601,0.3,0.325,0.3,0.325,381798
STS,20010601,0.98,0.98,0.98,0.98,20000
STT,20010601,0.023,0.024,0.023,0.024,189676
STU,20010601,0.33,0.33,0.33,0.33,10000
SVP,20010601,0.066,0.066,0.066,0.066,17065
SVS,20010601,0.2,0.3,0.2,0.3,9500
SWC,20010601,0.285,0.285,0.245,0.27,2352764
SWD,20010601,0.82,0.83,0.82,0.83,133007
SWG,20010601,0.035,0.038,0.035,0.038,27644
SWS,20010601,2.75,2.8,2.75,2.76,228276
SWT,20010601,0.105,0.105,0.105,0.105,65775
SYM,20010601,1.73,1.75,1.69,1.7,79829
TAB,20010601,2.9,2.95,2.85,2.876,1719824
TAG,20010601,0.13,0.135,0.13,0.135,39000
TAH,20010601,9.25,9.39,9.14,9.14,509737
TAI,20010601,0.065,0.065,0.065,0.065,10000
TAM,20010601,0.12,0.13,0.12,0.13,113709
TAP,20010601,1.23,1.25,1.23,1.25,156580
TAW,20010601,0.445,0.445,0.44,0.44,14128
TBC,20010601,0.07,0.07,0.065,0.065,660328
TBL,20010601,0.029,0.029,0.02,0.02,626872
TBR,20010601,0.8,0.81,0.79,0.79,24700
TCL,20010601,3.847,3.91,3.84,3.85,532338
TDG,20010601,0.71,0.72,0.71,0.72,10375
TEE,20010601,0.048,0.048,0.046,0.046,234000
TEL,20010601,4.401,4.401,4.3,4.38,856910
TEM,20010601,2.04,2.04,1.98,2,44879
TEN,20010601,1.94,1.94,1.91,1.93,326572
TGG,20010601,1.89,1.89,1.87,1.87,17711
TGL,20010601,0.027,0.027,0.027,0.027,190537
THG,20010601,0.63,0.64,0.63,0.63,114859
THL,20010601,0.305,0.305,0.3,0.3,64500
THX,20010601,0.4,0.4,0.395,0.4,95500
TIF,20010601,0.77,0.8,0.77,0.79,270900
TIM,20010601,1.3,1.3,1.08,1.08,255695
TIR,20010601,0.24,0.24,0.23,0.23,494600
TKG,20010601,0.007,0.007,0.007,0.007,231000
TKR,20010601,0.53,0.55,0.53,0.55,56400
TLA,20010601,0.65,0.66,0.65,0.65,25998
TLN,20010601,0.11,0.11,0.105,0.105,115880
TLO,20010601,0.081,0.082,0.078,0.079,1205348
TLS,20010601,6.44,6.5,6.44,6.46,14507707
TLT,20010601,0.155,0.16,0.155,0.16,4000
TMO,20010601,0.38,0.38,0.38,0.38,13000
TMS,20010601,0.65,0.65,0.62,0.64,278522
TMT,20010601,0.96,0.97,0.95,0.97,198539
TNE,20010601,0.87,0.87,0.81,0.81,72654
TOL,20010601,16.75,17.3,16.75,17.3,56269
TOR,20010601,1.12,1.12,1.12,1.12,1000
TOX,20010601,0.115,0.13,0.115,0.126,379575
TPL,20010601,0.05,0.07,0.05,0.05,45000
TQL,20010601,2.45,2.45,2.4,2.4,81413
TRD,20010601,0.1,0.1,0.081,0.09,285000
TRE,20010601,0.041,0.043,0.039,0.039,1082672
TRG,20010601,0.51,0.51,0.51,0.51,15900
TRT,20010601,0.022,0.022,0.02,0.021,1431258
TRY,20010601,0.77,0.77,0.77,0.77,500
TSE,20010601,1.77,1.77,1.75,1.77,1717769
TSR,20010601,3.1,3.1,3,3.1,27274
TSS,20010601,0.72,0.72,0.71,0.71,5833
TST,20010601,0.19,0.19,0.19,0.19,40000
TTH,20010601,0.19,0.19,0.17,0.17,152
TTL,20010601,0.084,0.1,0.082,0.1,418851
TTR,20010601,0.12,0.12,0.12,0.12,60000
TVL,20010601,0.2,0.21,0.2,0.21,104322
TVN,20010601,0.066,0.066,0.066,0.066,13000
TVS,20010601,0.075,0.075,0.074,0.075,400000
TWR,20010601,4.5,4.52,4.42,4.42,8378
TXT,20010601,0.85,0.85,0.85,0.85,24000
UCL,20010601,0.045,0.046,0.044,0.045,1707112
UEC,20010601,0.295,0.32,0.29,0.305,5104244
UEL,20010601,2.75,2.75,2.66,2.67,688244
UGL,20010601,2.17,2.26,2.16,2.19,153800
USC,20010601,0.642,0.642,0.62,0.63,51190
USH,20010601,0.51,0.51,0.51,0.51,8000
VCM,20010601,3.13,3.13,3.08,3.12,36611
VGL,20010601,1.308,1.34,1.308,1.33,18000
VHL,20010601,0.62,0.63,0.62,0.63,26500
VII,20010601,0.3,0.3,0.3,0.3,100000
VIT,20010601,0.25,0.255,0.25,0.25,119000
VLS,20010601,2.55,2.57,2.55,2.55,22965
VNA,20010601,0.185,0.19,0.18,0.18,708290
VNT,20010601,0.008,0.009,0.008,0.009,183689
VPE,20010601,0.061,0.062,0.06,0.061,3878393
VRI,20010601,0.53,0.56,0.53,0.55,15500
VRL,20010601,1.48,1.49,1.45,1.49,109911
VSL,20010601,3.2,3.24,3.16,3.2,229013
VTI,20010601,0.405,0.41,0.385,0.385,302040
VWD,20010601,0.64,0.66,0.63,0.66,22500
VWL,20010601,0.095,0.095,0.085,0.087,153000
VXS,20010601,0.39,0.39,0.36,0.36,21000
WAL,20010601,0.26,0.27,0.26,0.27,10000
WAM,20010601,1.04,1.04,1.04,1.04,1900
WAN,20010601,4.93,4.95,4.91,4.91,154747
WBA,20010601,0.4,0.4,0.4,0.4,44784
WBB,20010601,3.8,3.8,3.8,3.8,171
WBC,20010601,13.93,14.04,13.93,14,4292599
WDP,20010601,1.23,1.25,1.23,1.25,5838
WEB,20010601,0.051,0.051,0.051,0.051,20000
WEG,20010601,5.25,5.25,5.2,5.2,38278
WEL,20010601,0.36,0.36,0.355,0.36,80667
WES,20010601,22.606,22.61,22.297,22.297,396434
WET,20010601,0.042,0.043,0.042,0.043,105500
WFA,20010601,1.58,1.6,1.58,1.59,3664025
WFL,20010601,0.68,0.68,0.65,0.65,17500
WFT,20010601,3.16,3.19,3.15,3.18,8013565
WGC,20010601,0.006,0.006,0.005,0.005,396330
WGR,20010601,0.055,0.061,0.055,0.06,77001
WHF,20010601,3.1,3.1,3.1,3.1,1500
WHK,20010601,0.003,0.004,0.003,0.004,180000
WHL,20010601,0.063,0.065,0.063,0.063,44000
WJM,20010601,3.62,3.65,3.62,3.65,3650
WMC,20010601,9.093,9.13,9.05,9.082,2263992
WME,20010601,0.067,0.067,0.066,0.066,50000
WMT,20010601,0.135,0.135,0.13,0.13,1200062
WNZ,20010601,3.1,3.1,3.1,3.1,500
WON,20010601,0.055,0.056,0.055,0.056,116985
WOW,20010601,9.6,9.8,9.6,9.77,3523328
WPL,20010601,14.78,14.8,14.57,14.62,896297
WPO,20010601,0.063,0.063,0.063,0.063,11000
WSF,20010601,12.806,13.08,12.806,13.034,1022253
WSG,20010601,0.165,0.175,0.16,0.17,1304547
WSK,20010601,0.86,0.86,0.86,0.86,18604
WSY,20010601,0.04,0.041,0.04,0.041,44580
WTE,20010601,0.017,0.017,0.017,0.017,609000
WTP,20010601,0.265,0.265,0.255,0.255,59743
WWA,20010601,0.36,0.36,0.36,0.36,12955
WWT,20010601,0.15,0.155,0.15,0.155,55000
WYL,20010601,1.72,1.74,1.7,1.7,182892
XAI,20010601,5660.8,5693,5660.8,5680.3,0
XAM,20010601,686.9,699.3,686.9,691.4,0
XAN,20010601,0.27,0.3,0.27,0.3,91867
XAO,20010601,3317.2,3336.2,3316.4,3327.3,0
XAR,20010601,1563.4,1573,1559.6,1564.5,0
XAT,20010601,14918.6,15067.9,14918.6,15017.3,0
XBF,20010601,8734,8879.7,8734,8855.4,0
XBI,20010601,4929.3,5004.7,4929.3,4990.9,0
XBM,20010601,2980,2980,2929.1,2936.1,0
XCE,20010601,1992.5,2023.9,1983.5,1985.4,0
XDC,20010601,6993.5,7043.1,6972.4,7010,0
XDI,20010601,5087.7,5115.4,5080.6,5084.6,0
XDR,20010601,3912.6,3939.4,3898.3,3913.4,0
XEG,20010601,1304.1,1313.2,1296.7,1302.4,0
XEY,20010601,1662.5,1669.8,1655.5,1659.7,0
XFH,20010601,3639.9,3741.6,3625.6,3721,0
XFL,20010601,3520.1,3546.5,3518.6,3535.5,0
XGO,20010601,767.3,782.6,767.3,775.4,0
XHB,20010601,5069.1,5119.9,5069.1,5110.4,0
XIF,20010601,3738,3739.2,3709.4,3712.1,0
XIN,20010601,7637.8,7709,7637.8,7687.4,0
XIU,20010601,2728.9,2743.9,2727.5,2729.3,0
XJI,20010601,57.7,58.08,57.7,57.94,0
XJO,20010601,33.79,34.01,33.78,33.91,0
XJP,20010601,13.1,13.17,13.1,13.16,0
XJR,20010601,15.92,16.03,15.88,15.93,0
XKI,20010601,57.48,57.84,57.48,57.71,0
XKO,20010601,33.68,33.89,33.67,33.8,0
XKP,20010601,13.11,13.18,13.11,13.18,0
XKR,20010601,15.89,16,15.85,15.91,0
XMD,20010601,2289.1,2308.2,2289.1,2301.2,0
XME,20010601,31944.9,32285.6,31580.5,31644.3,0
XMI,20010601,1716.6,1717.3,1696.7,1696.7,0
XMR,20010601,1009.4,1018.1,1002.6,1003,0
XMT,20010601,2625.1,2648.1,2625.1,2641.4,0
XOM,20010601,1096.5,1117.2,1095.1,1098.7,0
XPI,20010601,33.79,34.01,33.78,33.92,0
XPP,20010601,1638.3,1653.2,1625.6,1630.1,0
XPT,20010601,1315.2,1322.4,1315.2,1321.5,0
XRE,20010601,5188.7,5237.7,5188.7,5228.3,0
XSI,20010601,1923.3,1924,1903.4,1905,0
XSO,20010601,1700.3,1701.1,1687.3,1688.3,0
XSR,20010601,1246.9,1264.7,1246.7,1261.2,0
XTI,20010601,3101.4,3124.6,3101.4,3117.6,0
XTL,20010601,2081.5,2097,2080.6,2088.6,0
XTO,20010601,2760.3,2780.4,2759.4,2772.6,0
XTP,20010601,6828.4,6850.7,6764.9,6764.9,0
XTR,20010601,2193.3,2207.6,2187.3,2194,0
XTU,20010601,2998.4,3030.8,2984.4,2997.4,0
YAM,20010601,0.013,0.013,0.012,0.012,382694
YSL,20010601,0.45,0.45,0.45,0.45,116841
YTL,20010601,0.37,0.375,0.365,0.37,98000
ZIM,20010601,0.97,0.97,0.97,0.97,119367
ZYL,20010601,0.07,0.071,0.07,0.07,57850
