AAB,20040416,1,1,1,1,4500
AAC,20040416,1.14,1.14,1.13,1.14,151423
AAM,20040416,0.67,0.68,0.55,0.6,690676
AAR,20040416,0.029,0.029,0.029,0.029,260000
AAT,20040416,0.295,0.295,0.295,0.295,20276
AAU,20040416,1.15,1.16,1.15,1.15,102167
ABB,20040416,6.1,6.1,6.1,6.1,21012
ABC,20040416,1.51,1.52,1.5,1.51,141518
ABI,20040416,0.39,0.395,0.375,0.375,1077029
ABK,20040416,0.18,0.18,0.175,0.175,200000
ABP,20040416,1.16,1.17,1.15,1.15,322240
ABS,20040416,3.81,3.83,3.73,3.74,116670
ABX,20040416,1.97,1.97,1.97,1.97,11000
ACF,20040416,1.04,1.04,1.04,1.04,40000
ACL,20040416,0.57,0.57,0.55,0.55,154309
ACU,20040416,0.355,0.355,0.34,0.345,238368
ADA,20040416,0.63,0.63,0.62,0.62,98500
ADB,20040416,8.23,8.34,8.2,8.24,209943
ADG,20040416,3.8,3.8,3.78,3.78,3000
ADK,20040416,0.027,0.028,0.025,0.028,470000
ADM,20040416,0.105,0.105,0.095,0.095,605000
ADN,20040416,0.28,0.28,0.28,0.28,30000
ADU,20040416,1.15,1.15,1.15,1.15,18000
ADX,20040416,0.115,0.125,0.115,0.125,33149
ADY,20040416,0.034,0.034,0.033,0.034,883501
ADZ,20040416,1.51,1.54,1.51,1.54,610357
AEC,20040416,1.72,1.72,1.71,1.71,4600
AEI,20040416,1.63,1.7,1.63,1.7,163340
AEN,20040416,1.35,1.35,1.3,1.3,139096
AEO,20040416,1.35,1.36,1.35,1.36,263601
AES,20040416,0.081,0.081,0.079,0.079,66130
AEX,20040416,0.062,0.063,0.06,0.063,300994
AFC,20040416,0.445,0.445,0.445,0.445,1994
AFF,20040416,0.365,0.365,0.365,0.365,3904
AFI,20040416,3.27,3.28,3.25,3.27,294274
AFL,20040416,0.92,0.97,0.92,0.97,22000
AFM,20040416,0.024,0.024,0.024,0.024,90000
AFT,20040416,0.042,0.042,0.04,0.042,1884215
AGC,20040416,1.51,1.51,1.45,1.46,27200
AGG,20040416,10,10.01,9.95,9.95,22778
AGI,20040416,0.5,0.5,0.5,0.5,3000
AGL,20040416,11.51,11.59,11.51,11.59,437723
AGM,20040416,0.135,0.135,0.13,0.135,496412
AGS,20040416,0.046,0.046,0.045,0.045,235730
AGT,20040416,0.495,0.5,0.47,0.5,86750
AGX,20040416,0.9,0.9,0.87,0.87,253272
AGY,20040416,0.175,0.175,0.16,0.17,138560
AGZ,20040416,0.215,0.215,0.215,0.215,8723
AHD,20040416,3.4,3.42,3.38,3.42,97203
AHG,20040416,0.12,0.12,0.115,0.115,155000
AHS,20040416,0.91,0.92,0.91,0.91,65152
AIA,20040416,5.55,5.55,5.54,5.54,43941
AIE,20040416,0.145,0.145,0.145,0.145,17000
AIM,20040416,0.062,0.065,0.062,0.062,2409527
AIX,20040416,1.64,1.64,1.62,1.62,445198
AIY,20040416,0.13,0.14,0.13,0.14,29667
AIZ,20040416,0.36,0.36,0.36,0.36,161077
AJL,20040416,1.95,1.95,1.94,1.95,12270
AKD,20040416,0.021,0.021,0.021,0.021,80000
ALB,20040416,0.52,0.52,0.5,0.5,111000
ALD,20040416,0.28,0.28,0.28,0.28,3000
ALE,20040416,0.035,0.035,0.034,0.034,65000
ALH,20040416,2.35,2.37,2.34,2.37,273868
ALK,20040416,0.345,0.345,0.34,0.34,96889
ALL,20040416,3.82,3.88,3.75,3.76,1540861
ALN,20040416,5.96,6.02,5.95,5.96,1596611
ALR,20040416,1.01,1.01,1.01,1.01,30000
ALS,20040416,6.63,6.65,6.63,6.63,209380
ALT,20040416,0.089,0.089,0.089,0.089,15000
ALU,20040416,0.49,0.5,0.47,0.47,305283
ALW,20040416,0.5,0.5,0.5,0.5,18000
ALZ,20040416,1.67,1.69,1.67,1.68,4491680
AMC,20040416,7.93,7.96,7.87,7.95,1547454
AMG,20040416,0.042,0.042,0.04,0.04,147500
AMH,20040416,0.45,0.45,0.45,0.45,447
AML,20040416,0.81,0.82,0.81,0.81,88700
AMM,20040416,0.16,0.17,0.155,0.17,556711
AMP,20040416,5.6,5.6,5.47,5.51,4694482
AMU,20040416,0.455,0.465,0.455,0.46,747500
ANE,20040416,3.6,3.66,3.6,3.6,43293
ANG,20040416,0.345,0.35,0.34,0.35,348156
ANM,20040416,0.03,0.03,0.028,0.029,1918989
ANN,20040416,7.57,7.6,7.56,7.58,954601
ANP,20040416,0.155,0.155,0.15,0.15,229162
ANX,20040416,0.3,0.3,0.3,0.3,78333
ANZ,20040416,18.66,18.72,18.51,18.64,3589824
AOE,20040416,0.26,0.27,0.26,0.27,90000
AOO,20040416,0.15,0.155,0.15,0.155,212330
APA,20040416,2.59,2.6,2.58,2.58,130022
APE,20040416,7.2,7.23,7.2,7.23,9095
APG,20040416,0.038,0.039,0.038,0.039,320000
API,20040416,2.48,2.53,2.48,2.53,92249
APL,20040416,0.23,0.23,0.225,0.225,273760
APM,20040416,0.026,0.026,0.025,0.025,100000
APN,20040416,3.85,3.85,3.84,3.85,4666961
APZ,20040416,0.155,0.155,0.15,0.15,87615
AQA,20040416,0.73,0.73,0.73,0.73,2159
AQP,20040416,6.8,6.88,6.75,6.79,50082
ARA,20040416,0.33,0.33,0.33,0.33,16521
ARE,20040416,0.135,0.135,0.135,0.135,12845
ARG,20040416,4.86,4.9,4.85,4.89,70751
ARO,20040416,0.075,0.12,0.075,0.12,341228
ARP,20040416,3.36,3.38,3.36,3.38,9050
ARQ,20040416,0.87,0.89,0.86,0.88,607364
ARU,20040416,0.17,0.175,0.165,0.175,126000
ARX,20040416,0.059,0.059,0.058,0.058,161000
ASB,20040416,0.96,0.96,0.95,0.95,25495
ASC,20040416,0.11,0.11,0.105,0.11,1064845
ASL,20040416,0.67,0.69,0.59,0.68,592641
ASP,20040416,0.072,0.075,0.071,0.071,291755
ASX,20040416,16.08,16.23,16.08,16.23,351226
ASZ,20040416,0.39,0.39,0.39,0.39,8560
ATG,20040416,0.69,0.7,0.69,0.69,88110
ATN,20040416,0.195,0.21,0.195,0.2,109257
ATP,20040416,0.2,0.205,0.2,0.205,52000
ATX,20040416,0.15,0.155,0.15,0.155,285000
AUH,20040416,0.037,0.037,0.037,0.037,1000
AUI,20040416,4.35,4.35,4.31,4.31,9684
AUL,20040416,0.012,0.012,0.012,0.012,239456
AUM,20040416,0.039,0.039,0.039,0.039,98949
AUN,20040416,0.82,0.82,0.74,0.77,1418530
AUO,20040416,0.54,0.55,0.52,0.53,1101627
AUX,20040416,0.043,0.044,0.043,0.044,337569
AUZ,20040416,0.195,0.195,0.195,0.195,49000
AVA,20040416,0.041,0.041,0.041,0.041,19954
AVJ,20040416,2.14,2.14,2.11,2.11,248369
AVL,20040416,0.53,0.53,0.52,0.53,706973
AVN,20040416,0.028,0.028,0.028,0.028,539334
AVO,20040416,0.16,0.17,0.16,0.17,318150
AVT,20040416,0.105,0.105,0.1,0.105,60000
AVV,20040416,2.09,2.1,2.08,2.09,129118
AWB,20040416,4.87,4.99,4.87,4.97,325162
AWC,20040416,5.18,5.22,5.12,5.2,5794563
AWE,20040416,1.51,1.52,1.45,1.46,2122472
AWL,20040416,0.029,0.029,0.029,0.029,75000
AWP,20040416,7.71,7.72,7.7,7.7,14500
AXA,20040416,3.18,3.23,3.18,3.21,3495980
AXI,20040416,0.018,0.018,0.016,0.016,405500
AXL,20040416,0.095,0.095,0.093,0.093,298000
AXM,20040416,0.18,0.18,0.18,0.18,43000
AXN,20040416,0.35,0.35,0.345,0.345,1009030
AYO,20040416,0.77,0.78,0.76,0.77,522978
AZL,20040416,0.021,0.021,0.02,0.02,201403
AZR,20040416,0.15,0.15,0.145,0.145,511487
BAR,20040416,0.11,0.11,0.105,0.105,150000
BAX,20040416,4.3,4.3,4.3,4.3,86150
BBB,20040416,0.28,0.28,0.28,0.28,172000
BBG,20040416,7.45,7.62,7.45,7.56,707010
BBL,20040416,0.099,0.1,0.099,0.1,691665
BCA,20040416,2.68,2.69,2.67,2.69,318563
BCD,20040416,0.42,0.465,0.42,0.44,942819
BCL,20040416,0.455,0.46,0.42,0.44,6702803
BDG,20040416,0.15,0.15,0.145,0.145,638724
BDM,20040416,0.9,0.95,0.88,0.9,405500
BDS,20040416,2.7,2.7,2.7,2.7,2000
BEN,20040416,10.1,10.53,10.1,10.5,171058
BER,20040416,0.78,0.79,0.78,0.79,2000
BGD,20040416,0.255,0.255,0.25,0.25,90000
BGF,20040416,0.12,0.12,0.115,0.12,975816
BHP,20040416,12.12,12.18,12.05,12.12,12383520
BIL,20040416,5.66,5.67,5.63,5.66,3048874
BIR,20040416,1.23,1.25,1.23,1.25,769429
BKA,20040416,0.4,0.4,0.39,0.39,15000
BKI,20040416,0.95,0.96,0.94,0.95,100500
BKL,20040416,8.98,9,8.96,8.99,2981
BKM,20040416,0.035,0.035,0.032,0.032,420000
BKR,20040416,0.42,0.42,0.41,0.41,22615
BKS,20040416,0.028,0.028,0.027,0.027,1135000
BKV,20040416,0.06,0.06,0.06,0.06,6500
BKW,20040416,8.6,8.6,8.55,8.55,4150
BKY,20040416,0.23,0.23,0.23,0.23,176000
BLD,20040416,6.19,6.28,6.19,6.24,947042
BLN,20040416,0.21,0.22,0.21,0.22,350000
BLT,20040416,1,1,0.99,1,54750
BLZ,20040416,0.036,0.036,0.036,0.036,50000
BMO,20040416,0.26,0.27,0.26,0.26,507093
BMX,20040416,0.17,0.175,0.17,0.175,79930
BNO,20040416,0.27,0.285,0.27,0.285,30000
BOC,20040416,0.24,0.24,0.24,0.24,66488
BOD,20040416,0.185,0.19,0.185,0.185,59384
BOL,20040416,1.55,1.56,1.55,1.55,17300
BOQ,20040416,11.01,11.15,11.01,11.14,194961
BOS,20040416,0.445,0.47,0.44,0.455,311872
BPC,20040416,0.64,0.64,0.62,0.63,4682739
BPG,20040416,0.061,0.061,0.056,0.056,144896
BPO,20040416,0.067,0.067,0.067,0.067,7500
BPT,20040416,0.32,0.32,0.315,0.32,973604
BQT,20040416,0.36,0.37,0.355,0.37,279400
BRC,20040416,0.36,0.36,0.355,0.36,30002
BRK,20040416,2.05,2.05,2.01,2.02,43300
BRO,20040416,0.012,0.012,0.012,0.012,25000
BRW,20040416,0.05,0.05,0.046,0.046,960000
BRZ,20040416,1.4,1.41,1.4,1.41,73537
BSA,20040416,0.24,0.255,0.23,0.245,6013824
BSG,20040416,0.335,0.335,0.33,0.33,219899
BSL,20040416,6.39,6.39,6.27,6.32,1632796
BSN,20040416,0.2,0.2,0.2,0.2,10000
BSO,20040416,3.02,3.04,3.01,3.04,3850
BTA,20040416,0.66,0.67,0.65,0.65,274926
BTC,20040416,0.46,0.46,0.455,0.455,148008
BTV,20040416,0.105,0.105,0.097,0.097,120000
BUG,20040416,0.7,0.71,0.7,0.71,10000
BUY,20040416,0.165,0.165,0.165,0.165,60000
BWI,20040416,0.95,0.98,0.95,0.96,115543
BWP,20040416,1.58,1.6,1.58,1.6,204930
BWT,20040416,0.016,0.016,0.014,0.014,1497423
CAA,20040416,2.8,2.85,2.8,2.81,92073
CAB,20040416,3.36,3.36,3.34,3.34,10566
CAG,20040416,0.057,0.058,0.056,0.058,580000
CAI,20040416,0.8,0.8,0.8,0.8,670
CAL,20040416,0.52,0.52,0.51,0.51,9500
CAM,20040416,0.94,0.94,0.94,0.94,50000
CAT,20040416,0.9,0.9,0.87,0.88,74500
CAU,20040416,0.155,0.155,0.155,0.155,30000
CAZ,20040416,0.21,0.21,0.21,0.21,10000
CBA,20040416,32.04,32.04,31.7,31.72,2992083
CBD,20040416,0.011,0.011,0.01,0.01,2022727
CBH,20040416,0.205,0.205,0.195,0.2,2588481
CBR,20040416,4.34,4.34,4.34,4.34,28586
CBT,20040416,0.03,0.03,0.03,0.03,30000
CCE,20040416,0.53,0.55,0.53,0.55,4072182
CCL,20040416,6.75,6.8,6.75,6.8,610198
CCO,20040416,0.008,0.008,0.008,0.008,370000
CCP,20040416,1.9,1.9,1.9,1.9,11087
CCV,20040416,0.22,0.22,0.22,0.22,308517
CDA,20040416,1.61,1.61,1.58,1.6,52781
CDC,20040416,1.55,1.62,1.55,1.6,226437
CDO,20040416,4.68,4.7,4.64,4.7,90918
CDP,20040416,2.52,2.53,2.52,2.53,16000
CDR,20040416,1.2,1.2,1.2,1.2,18259
CDX,20040416,2,2,2,2,15500
CEP,20040416,4.2,4.31,4.2,4.22,503116
CEQ,20040416,2.01,2.01,2,2,16625
CEY,20040416,3,3.11,2.97,3.11,601232
CFI,20040416,0.6,0.6,0.6,0.6,3333
CFR,20040416,0.033,0.033,0.031,0.032,522200
CFS,20040416,0.34,0.34,0.34,0.34,1500
CGF,20040416,0.485,0.49,0.485,0.49,1628503
CGM,20040416,0.165,0.165,0.165,0.165,12000
CGS,20040416,0.485,0.485,0.48,0.48,40000
CHB,20040416,33,33.5,33,33.11,1483
CHF,20040416,0.425,0.425,0.39,0.4,237487
CHL,20040416,0.17,0.17,0.165,0.165,280060
CHM,20040416,0.089,0.089,0.089,0.089,60000
CHO,20040416,19.75,19.75,19.75,19.75,756
CHQ,20040416,0.61,0.63,0.6,0.6,168214
CHR,20040416,2.52,2.52,2.52,2.52,9616
CHT,20040416,0.013,0.013,0.012,0.012,393000
CHX,20040416,1.1,1.11,1.01,1.03,3756510
CHY,20040416,1.97,1.97,1.97,1.97,35110
CIR,20040416,2.33,2.33,2.33,2.33,2000
CIY,20040416,4.91,4.94,4.85,4.9,40814
CKL,20040416,0.56,0.56,0.54,0.55,2562440
CKR,20040416,0.7,0.71,0.7,0.7,121670
CKS,20040416,0.325,0.325,0.325,0.325,9996
CLH,20040416,1.79,1.8,1.77,1.78,48700
CLL,20040416,0.56,0.56,0.56,0.56,1500
CLO,20040416,0.55,0.56,0.54,0.55,756035
CLT,20040416,1.37,1.37,1.36,1.36,135253
CLV,20040416,0.305,0.305,0.3,0.305,232500
CMI,20040416,2.21,2.21,2.2,2.2,16334
CMK,20040416,0.46,0.46,0.46,0.46,3300
CML,20040416,8.19,8.22,8.18,8.21,1914238
CMP,20040416,0.31,0.31,0.31,0.31,102491
CMQ,20040416,4.95,5,4.85,5,111116
CMR,20040416,0.275,0.28,0.27,0.27,21492
CMS,20040416,0.048,0.048,0.048,0.048,44500
CMW,20040416,0.115,0.115,0.115,0.115,104948
CMX,20040416,0.135,0.135,0.135,0.135,1550000
CND,20040416,1.71,1.71,1.7,1.7,7049
CNM,20040416,0.027,0.029,0.027,0.029,209500
CNN,20040416,0.062,0.062,0.062,0.062,10000
CNR,20040416,0.66,0.66,0.66,0.66,4498
CNT,20040416,0.255,0.255,0.255,0.255,54578
COA,20040416,3.28,3.33,3.26,3.33,446963
COE,20040416,0.24,0.24,0.235,0.24,199398
COF,20040416,5,5.05,4.95,4.95,32404
COH,20040416,19.75,19.9,19.71,19.73,189760
COS,20040416,0.54,0.56,0.54,0.56,87250
COU,20040416,0.77,0.77,0.77,0.77,89968
CPA,20040416,1.19,1.19,1.18,1.19,4517684
CPB,20040416,6.2,6.2,6.16,6.16,16485
CPC,20040416,0.31,0.32,0.31,0.32,91500
CPI,20040416,0.73,0.74,0.73,0.74,45500
CPK,20040416,3.95,4,3.95,4,4800
CPN,20040416,0.12,0.125,0.11,0.115,4102524
CPS,20040416,0.19,0.245,0.19,0.23,42108
CPU,20040416,3.16,3.19,3.14,3.19,558765
CQT,20040416,0.3,0.31,0.3,0.31,580870
CRD,20040416,0.175,0.175,0.17,0.175,951610
CRG,20040416,8.56,8.89,8.55,8.89,109582
CRL,20040416,0.09,0.09,0.09,0.09,6285
CRP,20040416,0.2,0.2,0.2,0.2,40000
CRS,20040416,0.5,0.51,0.485,0.495,1412602
CRT,20040416,0.47,0.47,0.415,0.425,81120
CRU,20040416,0.63,0.64,0.63,0.63,24350
CSH,20040416,1.27,1.27,1.24,1.25,57646
CSI,20040416,0.245,0.245,0.24,0.24,142429
CSL,20040416,23.29,23.37,22.82,23.37,517480
CSM,20040416,1.14,1.14,1.12,1.13,372338
CSR,20040416,1.91,1.92,1.9,1.91,2010427
CST,20040416,1.8,1.81,1.75,1.75,249409
CSY,20040416,0.026,0.026,0.02,0.02,1604300
CTE,20040416,0.24,0.24,0.24,0.24,2000
CTL,20040416,1.34,1.38,1.34,1.35,83686
CTN,20040416,0.9,0.9,0.9,0.9,2000
CTO,20040416,0.165,0.165,0.165,0.165,195886
CTX,20040416,7.61,7.62,7.42,7.42,401105
CUE,20040416,0.073,0.073,0.071,0.071,518395
CUL,20040416,0.035,0.035,0.034,0.035,248594
CUS,20040416,0.105,0.105,0.105,0.105,124000
CVI,20040416,0.076,0.076,0.076,0.076,20000
CVL,20040416,0.039,0.044,0.039,0.039,4240000
CVN,20040416,0.024,0.026,0.024,0.024,3549191
CWP,20040416,1.57,1.57,1.56,1.56,42490
CXP,20040416,4.75,4.78,4.75,4.78,737750
CYA,20040416,0.98,0.99,0.98,0.99,426311
CYG,20040416,6.01,6.05,6,6,19070
DBS,20040416,0.27,0.28,0.27,0.28,93000
DDF,20040416,1.15,1.16,1.14,1.16,3593421
DDV,20040416,0.125,0.125,0.125,0.125,21000
DEG,20040416,0.62,0.62,0.6,0.61,654936
DES,20040416,0.165,0.165,0.16,0.165,73252
DFT,20040416,0.019,0.02,0.019,0.019,279500
DID,20040416,0.11,0.115,0.11,0.11,45230
DIO,20040416,0.097,0.097,0.096,0.096,1081500
DIT,20040416,1.91,1.94,1.91,1.94,217501
DJS,20040416,1.58,1.6,1.58,1.6,1117983
DJW,20040416,3.4,3.45,3.4,3.45,42730
DKN,20040416,0.16,0.165,0.155,0.155,151650
DLS,20040416,0.045,0.046,0.045,0.046,1170000
DMX,20040416,0.075,0.075,0.075,0.075,27000
DNL,20040416,0.205,0.21,0.2,0.2,71800
DOM,20040416,0.5,0.52,0.5,0.52,104000
DON,20040416,0.29,0.3,0.285,0.3,390929
DOT,20040416,1.12,1.13,1.12,1.13,6933334
DOW,20040416,3.32,3.4,3.32,3.4,1118001
DPL,20040416,0.65,0.66,0.65,0.66,8260
DRA,20040416,0.295,0.3,0.29,0.295,1758950
DRD,20040416,3.9,4,3.9,4,4200
DTL,20040416,2.06,2.08,2.05,2.08,26924
DUI,20040416,1.86,1.86,1.86,1.86,4458
DVC,20040416,2.61,2.67,2.6,2.67,269909
DVN,20040416,0.66,0.67,0.65,0.66,380393
DYL,20040416,0.025,0.025,0.024,0.024,370000
EBG,20040416,0.18,0.18,0.18,0.18,30000
EBR,20040416,0.05,0.052,0.05,0.052,175000
EBT,20040416,0.105,0.11,0.105,0.11,190000
ECS,20040416,0.04,0.04,0.04,0.04,20000
ECU,20040416,0.037,0.037,0.035,0.036,630316
EGL,20040416,0.26,0.26,0.26,0.26,20000
EGO,20040416,0.011,0.011,0.011,0.011,25160
EIF,20040416,0.12,0.12,0.115,0.115,180000
EIL,20040416,0.11,0.11,0.11,0.11,74600
ELL,20040416,0.19,0.19,0.19,0.19,258352
ELX,20040416,0.33,0.335,0.32,0.32,66500
EMI,20040416,0.135,0.135,0.13,0.135,411000
EMM,20040416,0.055,0.055,0.055,0.055,13750
EMP,20040416,0.79,0.8,0.79,0.79,116940
EMS,20040416,0.32,0.32,0.305,0.31,318876
ENE,20040416,2.35,2.36,2.34,2.36,104018
ENV,20040416,1.03,1.03,1.02,1.03,208637
EOS,20040416,2.6,2.7,2.6,2.7,11925
EPR,20040416,0.14,0.14,0.14,0.14,91869
EPT,20040416,0.86,0.9,0.85,0.89,1273122
EQI,20040416,1.55,1.59,1.55,1.58,108978
EQR,20040416,0.34,0.345,0.33,0.34,488769
EQT,20040416,7.85,7.85,7.85,7.85,1500
ERA,20040416,3.56,3.68,3.5,3.68,11782
ERG,20040416,0.79,0.8,0.78,0.8,895904
ESG,20040416,0.145,0.145,0.14,0.14,668000
ESI,20040416,0.15,0.155,0.15,0.155,60000
ESV,20040416,0.22,0.22,0.22,0.22,166584
ETC,20040416,0.022,0.022,0.021,0.022,4248389
ETR,20040416,1.17,1.18,1.16,1.18,62840
ETT,20040416,0.57,0.57,0.5,0.52,128115
ETW,20040416,1.11,1.12,1.11,1.12,39922
EVM,20040416,0.24,0.25,0.24,0.25,63400
EWC,20040416,0.021,0.021,0.021,0.021,8002
EWN,20040416,0.1,0.1,0.1,0.1,5000
EXS,20040416,0.22,0.22,0.21,0.21,201775
EXT,20040416,0.02,0.02,0.019,0.019,1725000
EZE,20040416,0.3,0.3,0.3,0.3,123000
EZL,20040416,1.02,1.02,1.02,1.02,16165
EZY,20040416,0.085,0.085,0.085,0.085,16035
FAN,20040416,4.2,4.2,4.18,4.2,7134
FAR,20040416,0.099,0.11,0.099,0.105,4767550
FBU,20040416,3.94,3.95,3.9,3.94,7081
FCL,20040416,1.63,1.64,1.61,1.63,822946
FCN,20040416,0.12,0.12,0.115,0.115,250000
FDL,20040416,0.046,0.046,0.044,0.044,880856
FEA,20040416,0.41,0.415,0.4,0.4,603724
FFI,20040416,2.4,2.4,2.4,2.4,1000
FGL,20040416,4.49,4.57,4.49,4.55,6838404
FKP,20040416,2.82,2.84,2.82,2.84,264358
FLT,20040416,17.94,17.94,17.9,17.93,19452
FLX,20040416,0.081,0.083,0.078,0.08,997000
FMG,20040416,0.55,0.55,0.54,0.55,100751
FOA,20040416,19.05,19.11,18.88,19.11,262435
FPA,20040416,3.8,3.81,3.75,3.75,36717
FPF,20040416,1.11,1.11,1.11,1.11,1652
FPH,20040416,10.7,10.75,10.7,10.75,44603
FPS,20040416,0.49,0.49,0.49,0.49,9205
FRL,20040416,0.16,0.17,0.16,0.17,105000
FTR,20040416,0.6,0.61,0.6,0.61,6400
FUN,20040416,2.14,2.15,2.14,2.15,347451
FUT,20040416,0.03,0.03,0.03,0.03,1000
FWD,20040416,7.69,7.69,7.59,7.63,52591
FXJ,20040416,3.42,3.48,3.42,3.48,1092911
FXR,20040416,0.56,0.57,0.55,0.55,157384
GAM,20040416,0.15,0.15,0.15,0.15,100000
GAN,20040416,1.44,1.46,1.44,1.45,3284525
GAP,20040416,2.81,2.81,2.8,2.8,12000
GAS,20040416,2.26,2.27,2.25,2.27,486639
GBG,20040416,0.145,0.145,0.14,0.14,588501
GBL,20040416,0.039,0.039,0.039,0.039,14800
GBN,20040416,0.068,0.068,0.068,0.068,30000
GBP,20040416,0.22,0.22,0.22,0.22,13000
GBR,20040416,0.42,0.42,0.42,0.42,15674
GCL,20040416,0.77,0.85,0.77,0.85,1016639
GCN,20040416,0.06,0.06,0.058,0.058,150000
GCR,20040416,0.073,0.073,0.071,0.072,445200
GDA,20040416,0.009,0.009,0.009,0.009,549000
GDN,20040416,0.041,0.041,0.041,0.041,28125
GDP,20040416,0.82,0.85,0.79,0.81,84443
GDR,20040416,0.32,0.325,0.32,0.325,1288000
GDY,20040416,1,1.01,0.99,1,138200
GFD,20040416,1.11,1.11,1.1,1.11,55450
GGL,20040416,0.375,0.38,0.37,0.375,2549539
GGN,20040416,0.27,0.28,0.27,0.28,1283614
GGP,20040416,0.295,0.3,0.295,0.295,134000
GHG,20040416,0.67,0.67,0.67,0.67,121344
GIP,20040416,0.079,0.079,0.079,0.079,66
GIR,20040416,0.185,0.19,0.185,0.19,212764
GKR,20040416,0.17,0.17,0.165,0.17,90000
GLB,20040416,0.435,0.44,0.43,0.435,138253
GLN,20040416,0.39,0.39,0.38,0.38,117283
GLO,20040416,0.12,0.12,0.115,0.115,222015
GME,20040416,0.145,0.145,0.145,0.145,34533
GMI,20040416,0.9,0.9,0.88,0.89,258800
GML,20040416,0.14,0.14,0.14,0.14,52000
GNC,20040416,12,12,11.85,11.85,5500
GNS,20040416,12.02,12.27,12.02,12.27,153992
GOG,20040416,0.34,0.34,0.335,0.34,397945
GOW,20040416,2.38,2.38,2.35,2.35,13440
GPE,20040416,0.38,0.38,0.37,0.375,85830
GPG,20040416,1.86,1.92,1.85,1.89,2039190
GPO,20040416,0.076,0.087,0.076,0.085,1837406
GPT,20040416,3,3,2.96,2.98,3901972
GRD,20040416,2.04,2.04,1.98,2,148141
GRN,20040416,0.32,0.34,0.315,0.34,79500
GRO,20040416,0.7,0.7,0.69,0.69,9500
GRR,20040416,0.63,0.64,0.61,0.61,382079
GRV,20040416,0.16,0.16,0.16,0.16,3000
GSE,20040416,0.036,0.04,0.036,0.04,118000
GTG,20040416,0.42,0.43,0.415,0.425,77040
GTI,20040416,0.045,0.045,0.045,0.045,20445
GTM,20040416,0.079,0.08,0.078,0.078,1176120
GTP,20040416,2.69,2.69,2.65,2.67,280698
GUD,20040416,8.01,8.03,8,8,131051
GUN,20040416,0.22,0.22,0.205,0.22,1949118
GVM,20040416,0.029,0.029,0.029,0.029,1290000
GWE,20040416,0.23,0.23,0.23,0.23,1668
GWT,20040416,2.81,2.85,2.81,2.82,684238
HAK,20040416,6.8,6.8,6.8,6.8,300
HAO,20040416,0.285,0.285,0.28,0.28,126104
HAV,20040416,0.28,0.28,0.28,0.28,4000
HBR,20040416,0.63,0.63,0.62,0.62,193279
HCN,20040416,1.26,1.26,1.25,1.26,98600
HCY,20040416,0.031,0.031,0.031,0.031,305635
HDN,20040416,0.12,0.12,0.11,0.115,76855
HDR,20040416,1.44,1.46,1.42,1.43,3762045
HEG,20040416,0.205,0.23,0.205,0.23,216055
HER,20040416,0.92,0.92,0.9,0.9,46075
HGL,20040416,0.055,0.055,0.055,0.055,30665
HGO,20040416,0.205,0.22,0.2,0.22,666034
HGR,20040416,0.11,0.115,0.11,0.11,283800
HHG,20040416,1.19,1.19,1.16,1.18,24224803
HHL,20040416,6.57,6.57,6.5,6.5,4710
HHM,20040416,0.23,0.23,0.23,0.23,10000
HHV,20040416,0.94,0.95,0.94,0.95,169185
HIB,20040416,0.8,0.83,0.8,0.8,32600
HIC,20040416,0.6,0.6,0.6,0.6,10565
HIG,20040416,0.43,0.43,0.425,0.43,248284
HIL,20040416,3.82,3.82,3.77,3.78,28736
HIT,20040416,0.07,0.07,0.07,0.07,4858
HJB,20040416,0.355,0.355,0.35,0.35,20000
HLD,20040416,0.63,0.64,0.63,0.64,7900
HLT,20040416,0.56,0.56,0.56,0.56,14205
HLY,20040416,6.58,6.65,6.53,6.65,80122
HMC,20040416,0.037,0.037,0.036,0.036,171969
HME,20040416,4.4,4.4,4.3,4.3,8320
HNG,20040416,1.95,1.95,1.94,1.94,8533
HNR,20040416,0.19,0.19,0.19,0.19,15060
HOM,20040416,0.35,0.36,0.35,0.35,17125
HPX,20040416,1.54,1.55,1.54,1.54,64015
HRD,20040416,0.33,0.33,0.33,0.33,20000
HRR,20040416,0.17,0.17,0.165,0.165,71000
HSN,20040416,0.23,0.23,0.23,0.23,31000
HSP,20040416,3.49,3.58,3.49,3.57,138835
HTA,20040416,0.275,0.275,0.27,0.27,169643
HTL,20040416,0.22,0.225,0.215,0.22,190920
HTM,20040416,0.09,0.09,0.085,0.085,15900
HUG,20040416,0.08,0.08,0.08,0.08,160289
HVN,20040416,2.81,2.86,2.79,2.86,4738931
HWE,20040416,1.02,1.04,1.02,1.04,221503
HWI,20040416,2.33,2.33,2.31,2.32,341314
HWT,20040416,1.38,1.42,1.38,1.4,159215
HYO,20040416,0.155,0.155,0.15,0.15,104300
HZG,20040416,0.064,0.065,0.064,0.065,33500
HZN,20040416,0.135,0.135,0.125,0.13,784285
IAG,20040416,4.6,4.66,4.6,4.63,4506891
IAS,20040416,0.73,0.73,0.72,0.73,8050
IAT,20040416,0.04,0.04,0.04,0.04,20000
IBA,20040416,0.29,0.29,0.285,0.285,75000
IBC,20040416,0.57,0.57,0.56,0.56,80020
ICE,20040416,0.028,0.028,0.028,0.028,1900000
ICH,20040416,0.375,0.375,0.365,0.365,41951
ICN,20040416,0.028,0.028,0.028,0.028,200000
ICP,20040416,0.06,0.06,0.048,0.05,30000
ICS,20040416,0.34,0.34,0.33,0.33,205860
IDE,20040416,0.26,0.26,0.26,0.26,2000
IDT,20040416,2.15,2.15,2.15,2.15,1122
IFL,20040416,4.72,4.72,4.62,4.64,26666
IFM,20040416,0.88,0.9,0.88,0.9,146616
IGL,20040416,0.43,0.435,0.43,0.43,421261
IGO,20040416,1.17,1.18,1.15,1.18,429175
IGP,20040416,2.95,2.95,2.95,2.95,120997
IHG,20040416,0.24,0.24,0.175,0.185,4996695
IIF,20040416,1.81,1.84,1.81,1.84,2869492
IIG,20040416,0.007,0.008,0.007,0.008,1197800
IIN,20040416,2.43,2.49,2.43,2.47,83944
ILU,20040416,4.03,4.05,3.99,4.05,1967975
IMA,20040416,0.63,0.64,0.61,0.61,644377
IMD,20040416,0.14,0.14,0.135,0.135,202000
IMF,20040416,0.76,0.77,0.76,0.76,16595
IMH,20040416,0.26,0.265,0.26,0.26,342050
IMI,20040416,0.02,0.02,0.02,0.02,18000
IMP,20040416,0.006,0.008,0.006,0.007,5261571
IMU,20040416,0.24,0.24,0.24,0.24,179949
INL,20040416,0.098,0.105,0.098,0.105,55000
INO,20040416,0.18,0.18,0.18,0.18,16666
INP,20040416,0.77,0.78,0.75,0.75,141000
INT,20040416,0.047,0.049,0.045,0.049,285336
INV,20040416,0.07,0.07,0.07,0.07,8500
IOC,20040416,3.25,3.28,3.2,3.2,31400
IOF,20040416,1.24,1.26,1.23,1.25,2881391
ION,20040416,1.56,1.56,1.52,1.55,1412498
IPG,20040416,2.01,2.02,2.01,2.02,2620341
IPL,20040416,18.01,18.2,18,18,4240
IPN,20040416,0.049,0.049,0.042,0.043,1932180
IPS,20040416,1.06,1.07,1.05,1.07,28500
IRC,20040416,0.079,0.079,0.079,0.079,16000
IRE,20040416,3.05,3.05,3.02,3.05,143691
IRI,20040416,0.335,0.335,0.31,0.32,467694
IRN,20040416,0.34,0.34,0.34,0.34,30000
ITC,20040416,0.069,0.07,0.069,0.069,425000
ITE,20040416,0.29,0.29,0.27,0.29,236450
ITF,20040416,0.91,0.91,0.89,0.89,125400
IVC,20040416,2.32,2.32,2.31,2.32,126340
IVK,20040416,0.031,0.031,0.031,0.031,412926
IVN,20040416,8.05,8.18,8.05,8.18,1412
IWF,20040416,1.87,1.9,1.87,1.87,77056
IWI,20040416,1.88,1.88,1.88,1.88,21500
IWL,20040416,0.3,0.3,0.29,0.29,113000
JAK,20040416,0.21,0.21,0.21,0.21,20500
JBH,20040416,2.32,2.33,2.31,2.32,482389
JBM,20040416,3.86,3.86,3.74,3.83,962386
JDV,20040416,0.67,0.67,0.67,0.67,2997
JET,20040416,0.28,0.285,0.28,0.28,174607
JFG,20040416,2.8,2.86,2.8,2.86,310439
JFM,20040416,1.1,1.11,1.1,1.1,330818
JHX,20040416,6.2,6.35,6.2,6.31,1410773
JRL,20040416,0.26,0.26,0.255,0.255,25000
JRV,20040416,0.008,0.009,0.008,0.009,1117000
JUM,20040416,0.022,0.022,0.022,0.022,50000
JWM,20040416,0.061,0.061,0.06,0.06,60000
JYC,20040416,0.59,0.59,0.59,0.59,800
KAZ,20040416,0.39,0.39,0.385,0.39,8319369
KBO,20040416,0.088,0.089,0.088,0.089,175000
KCN,20040416,3.89,3.89,3.77,3.77,159933
KET,20040416,0.12,0.145,0.12,0.145,19077
KIA,20040416,0.73,0.73,0.73,0.73,15000
KIM,20040416,1.42,1.44,1.36,1.42,3047311
KKT,20040416,0.99,0.99,0.99,0.99,1000
KLM,20040416,0.18,0.18,0.18,0.18,30000
KLS,20040416,0.03,0.03,0.028,0.029,4542417
KME,20040416,2.3,2.3,2.26,2.26,22641
KMN,20040416,0.03,0.031,0.03,0.031,187000
KOV,20040416,3.4,3.4,3.4,3.4,1022
KRS,20040416,0.66,0.67,0.65,0.65,198748
KSC,20040416,2.61,2.61,2.56,2.56,999
KYC,20040416,1.47,1.47,1.45,1.45,82064
KZL,20040416,1.03,1.04,1.01,1.02,126668
LAF,20040416,0.115,0.115,0.11,0.115,480159
LAK,20040416,0.12,0.12,0.12,0.12,16000
LAL,20040416,0.065,0.065,0.05,0.058,1106473
LAS,20040416,0.089,0.092,0.089,0.092,20000
LAU,20040416,0.39,0.39,0.38,0.39,14030
LCL,20040416,0.81,0.82,0.81,0.82,21500
LCO,20040416,1.6,1.6,1.6,1.6,235390
LCP,20040416,0.72,0.72,0.72,0.72,53000
LDN,20040416,30,30,30,30,1000
LDR,20040416,0.13,0.13,0.13,0.13,62
LDW,20040416,4.01,4.01,4.01,4.01,600
LEG,20040416,0.17,0.17,0.16,0.165,2223600
LEI,20040416,10.35,10.44,10.34,10.35,924983
LEP,20040416,1.22,1.22,1.22,1.22,41350
LGD,20040416,0.55,0.55,0.54,0.55,100000
LGO,20040416,0.015,0.015,0.015,0.015,72000
LHG,20040416,1.16,1.17,1.14,1.17,3796715
LIM,20040416,6.16,6.16,6.05,6.05,29740
LIO,20040416,0.006,0.006,0.006,0.006,70090
LKO,20040416,0.061,0.061,0.059,0.06,3799503
LKP,20040416,0.066,0.07,0.065,0.07,261848
LLC,20040416,10.55,10.62,10.54,10.61,1404198
LMG,20040416,0.029,0.029,0.029,0.029,67250
LMW,20040416,0.7,0.7,0.7,0.7,13410
LNN,20040416,6.02,6.06,5.99,6.02,592094
LOK,20040416,0.145,0.15,0.14,0.14,2725800
LRL,20040416,0.44,0.44,0.425,0.425,11603
LSG,20040416,1.86,1.87,1.85,1.87,180522
LUM,20040416,0.285,0.285,0.245,0.255,2303088
LYC,20040416,0.39,0.4,0.39,0.4,447939
MAA,20040416,0.325,0.325,0.32,0.32,12000
MAG,20040416,1.3,1.3,1.28,1.28,18921
MAH,20040416,0.3,0.3,0.295,0.3,407806
MAP,20040416,1.67,1.69,1.66,1.68,2577612
MAR,20040416,0.25,0.25,0.25,0.25,37408
MAY,20040416,3.41,3.42,3.35,3.36,1821644
MBG,20040416,0.039,0.042,0.039,0.042,1592000
MBL,20040416,35.18,35.6,35,35.2,806471
MBP,20040416,0.95,0.95,0.93,0.95,71286
MCA,20040416,0.66,0.66,0.66,0.66,7629
MCC,20040416,1.46,1.47,1.45,1.45,27073
MCG,20040416,3.4,3.61,3.4,3.58,86712
MCH,20040416,0.86,0.86,0.83,0.83,3000
MCP,20040416,4.26,4.3,4.25,4.3,88573
MCR,20040416,0.83,0.83,0.79,0.8,1257379
MCW,20040416,1.76,1.77,1.75,1.77,15383254
MDE,20040416,1.16,1.17,1.15,1.17,17050
MDL,20040416,0.285,0.285,0.28,0.28,33556
MDM,20040416,0.066,0.067,0.064,0.066,1633317
MDS,20040416,0.175,0.18,0.175,0.175,60000
MDT,20040416,1.12,1.13,1.09,1.1,2669297
MDV,20040416,0.195,0.195,0.195,0.195,50000
MEE,20040416,0.079,0.079,0.079,0.079,155000
MEO,20040416,0.18,0.195,0.18,0.195,87360
MFS,20040416,1.47,1.47,1.47,1.47,13674
MFT,20040416,0.9,0.9,0.9,0.9,20750
MGI,20040416,1.71,1.74,1.71,1.74,5803092
MGM,20040416,3.4,3.48,3.4,3.48,131852
MGR,20040416,4.45,4.5,4.45,4.46,1084838
MGW,20040416,4.78,4.81,4.77,4.79,230136
MGX,20040416,0.185,0.185,0.175,0.175,619953
MGZ,20040416,0.205,0.22,0.205,0.22,7000
MHI,20040416,0.16,0.16,0.16,0.16,10000
MIA,20040416,0.73,0.75,0.73,0.75,199219
MIC,20040416,0.098,0.099,0.095,0.098,821669
MIG,20040416,2.88,2.88,2.85,2.88,2855724
MIK,20040416,0.048,0.049,0.048,0.049,81100
MIL,20040416,0.098,0.099,0.094,0.096,1815510
MIR,20040416,1.26,1.28,1.26,1.26,65415
MIS,20040416,0.7,0.7,0.67,0.7,59842
MLB,20040416,0.83,0.83,0.83,0.83,10800
MLE,20040416,1.08,1.09,1.07,1.07,149700
MLT,20040416,13.48,13.48,13.44,13.46,12233
MMA,20040416,0.94,0.94,0.93,0.94,169590
MML,20040416,0.48,0.48,0.46,0.46,48600
MMN,20040416,0.185,0.19,0.185,0.19,303866
MMS,20040416,0.76,0.76,0.75,0.75,42000
MND,20040416,5.9,5.95,5.75,5.75,72098
MNR,20040416,1.13,1.13,1.08,1.11,53988
MOB,20040416,0.12,0.12,0.12,0.12,91079
MOD,20040416,0.25,0.28,0.25,0.265,82361
MOF,20040416,1.23,1.24,1.22,1.24,6841559
MOK,20040416,0.195,0.195,0.19,0.19,110000
MOO,20040416,0.095,0.095,0.095,0.095,39000
MOS,20040416,0.24,0.24,0.235,0.235,280000
MPB,20040416,3.91,3.91,3.91,3.91,2500
MPD,20040416,0.16,0.16,0.16,0.16,109695
MPH,20040416,0.66,0.67,0.66,0.67,38480
MPI,20040416,0.115,0.115,0.115,0.115,404547
MPM,20040416,1.7,1.71,1.66,1.66,208630
MPO,20040416,0.05,0.05,0.05,0.05,340400
MPR,20040416,1.08,1.09,1.07,1.08,18145672
MPY,20040416,0.285,0.285,0.28,0.28,13000
MRC,20040416,0.325,0.325,0.31,0.31,321695
MRE,20040416,2.57,2.6,2.55,2.59,392718
MRL,20040416,1.6,1.6,1.59,1.59,315236
MRM,20040416,0.34,0.35,0.34,0.35,25106
MRS,20040416,0.28,0.28,0.28,0.28,100000
MRT,20040416,0.52,0.52,0.52,0.52,28158
MRX,20040416,0.13,0.135,0.13,0.13,915440
MRY,20040416,0.012,0.012,0.012,0.012,1000000
MSC,20040416,0.125,0.125,0.125,0.125,114000
MSF,20040416,5.2,5.2,5.2,5.2,2000
MSI,20040416,0.031,0.035,0.031,0.035,20500
MSO,20040416,0.085,0.085,0.085,0.085,35000
MST,20040416,0.48,0.495,0.48,0.485,4424048
MSX,20040416,1.05,1.05,1.05,1.05,1000
MTB,20040416,0.085,0.085,0.085,0.085,9000
MTI,20040416,0.52,0.52,0.52,0.52,125957
MTO,20040416,0.225,0.225,0.225,0.225,29194
MTR,20040416,0.27,0.27,0.27,0.27,53360
MTT,20040416,2.45,2.52,2.45,2.52,2340780
MUL,20040416,0.069,0.071,0.068,0.069,8663461
MUR,20040416,0.019,0.019,0.018,0.018,653033
MVL,20040416,0.035,0.035,0.035,0.035,300000
MVP,20040416,0.73,0.73,0.7,0.7,31000
MWE,20040416,0.155,0.16,0.155,0.16,55000
MWR,20040416,0.015,0.015,0.015,0.015,498226
MXI,20040416,0.78,0.79,0.76,0.76,426675
MXL,20040416,0.125,0.14,0.125,0.14,4091440
MYO,20040416,1.3,1.3,1.28,1.29,271921
NAB,20040416,30.02,30.4,29.68,29.71,25176460
NAI,20040416,0.026,0.026,0.026,0.026,2500
NAL,20040416,1.41,1.43,1.41,1.43,193689
NAM,20040416,0.5,0.51,0.5,0.51,29600
NAV,20040416,0.125,0.125,0.125,0.125,61145
NBL,20040416,1.85,1.85,1.84,1.84,10160
NCA,20040416,0.016,0.016,0.016,0.016,3914000
NCI,20040416,1.5,1.5,1.5,1.5,3000
NCM,20040416,12.22,12.28,12.09,12.1,984131
NCP,20040416,12.4,12.42,12.3,12.34,4090850
NDC,20040416,0.37,0.38,0.37,0.37,187600
NDO,20040416,0.014,0.015,0.014,0.014,1697783
NEM,20040416,5.7,5.79,5.7,5.78,220606
NFD,20040416,4.19,4.25,4.19,4.25,786865
NHC,20040416,0.73,0.73,0.71,0.71,333381
NHE,20040416,0.125,0.13,0.125,0.13,38615
NHL,20040416,0.175,0.18,0.175,0.18,15000
NHR,20040416,0.43,0.435,0.43,0.435,200767
NIA,20040416,0.065,0.065,0.065,0.065,1500
NIQ,20040416,0.215,0.215,0.2,0.2,243700
NKL,20040416,0.25,0.255,0.24,0.24,148463
NKP,20040416,0.97,0.97,0.97,0.97,20000
NLX,20040416,0.295,0.295,0.29,0.295,977925
NMC,20040416,0.041,0.041,0.04,0.04,1801472
NMS,20040416,0.16,0.165,0.15,0.165,312000
NNG,20040416,0.3,0.32,0.3,0.32,11000
NOL,20040416,0.14,0.14,0.14,0.14,13570
NRT,20040416,6.2,6.25,6.2,6.24,33621
NSL,20040416,0.3,0.3,0.3,0.3,47000
NST,20040416,0.18,0.18,0.18,0.18,10000
NTC,20040416,0.33,0.33,0.32,0.32,26500
NTG,20040416,0.043,0.043,0.042,0.042,160000
NUF,20040416,6.14,6.19,6.13,6.18,530661
NVE,20040416,0.28,0.28,0.28,0.28,135700
NVS,20040416,1.91,1.91,1.87,1.88,1003620
NWA,20040416,0.067,0.068,0.067,0.068,199009
NWE,20040416,0.053,0.053,0.051,0.051,180786
NWK,20040416,0.215,0.22,0.215,0.22,57000
NXS,20040416,0.185,0.185,0.18,0.185,204000
NZO,20040416,0.59,0.62,0.58,0.61,190108
OCO,20040416,0.037,0.039,0.036,0.036,20230500
OEC,20040416,0.15,0.155,0.15,0.155,100629
OEX,20040416,0.2,0.2,0.195,0.195,140000
OFM,20040416,2.33,2.33,2.25,2.25,12896
OGD,20040416,0.88,0.88,0.85,0.85,925974
OIL,20040416,0.455,0.53,0.445,0.51,973497
OKN,20040416,1.2,1.2,1.2,1.2,46600
OLE,20040416,0.115,0.12,0.115,0.12,293910
OMH,20040416,0.77,0.77,0.77,0.77,1845
OMI,20040416,2.25,2.25,2.23,2.23,14785
OMP,20040416,3.11,3.16,3.08,3.1,105556
OPI,20040416,0.26,0.275,0.26,0.275,7250
OPL,20040416,0.24,0.24,0.235,0.24,164800
OPM,20040416,0.01,0.01,0.01,0.01,250000
OPS,20040416,3.69,3.7,3.69,3.69,7005
ORG,20040416,5.55,5.7,5.55,5.7,1465232
ORI,20040416,14.05,14.24,14.05,14.2,740099
ORL,20040416,2.94,2.94,2.94,2.94,12827
ORO,20040416,0.115,0.115,0.115,0.115,50000
ORP,20040416,0.033,0.033,0.033,0.033,62500
ORT,20040416,0.155,0.18,0.155,0.18,496041
OSH,20040416,1.25,1.28,1.24,1.25,3558892
OST,20040416,2.34,2.37,2.33,2.34,1391095
OTI,20040416,0.13,0.13,0.13,0.13,50000
OTT,20040416,0.01,0.01,0.009,0.009,800000
OXR,20040416,0.92,0.93,0.91,0.92,6408455
PAC,20040416,0.019,0.02,0.019,0.02,65000
PAO,20040416,1.13,1.13,1.12,1.13,2593747
PAY,20040416,2.53,2.53,2.53,2.53,2000
PBB,20040416,4.51,4.56,4.5,4.55,214953
PBD,20040416,1.28,1.29,1.28,1.29,19000
PBG,20040416,2.5,2.5,2.49,2.49,4558377
PBI,20040416,0.27,0.28,0.27,0.28,28750
PBL,20040416,12.02,12.03,11.95,11.96,1526469
PBO,20040416,0.55,0.61,0.55,0.57,121971
PBT,20040416,0.85,1.01,0.83,0.92,4726078
PCE,20040416,0.135,0.135,0.135,0.135,2000
PCG,20040416,0.345,0.35,0.34,0.34,194834
PCL,20040416,0.2,0.2,0.195,0.195,724980
PCP,20040416,0.14,0.14,0.13,0.13,34000
PDG,20040416,21.7,22,21.7,22,5237
PDN,20040416,0.115,0.115,0.11,0.115,1123101
PDR,20040416,0.1,0.1,0.1,0.1,9500
PEM,20040416,1.13,1.13,1.06,1.1,790863
PEP,20040416,0.85,0.85,0.84,0.84,86337
PET,20040416,1,1,0.99,1,49700
PGL,20040416,3.22,3.22,3.1,3.1,71994
PGS,20040416,0.315,0.32,0.31,0.31,1820144
PHY,20040416,2.85,2.88,2.85,2.88,139091
PIF,20040416,1.11,1.13,1.1,1.13,363595
PIL,20040416,0.195,0.195,0.185,0.185,111466
PIO,20040416,0.17,0.17,0.17,0.17,58349
PIV,20040416,1.8,1.8,1.79,1.8,32977
PLA,20040416,0.18,0.18,0.18,0.18,58111
PLF,20040416,2.36,2.38,2.31,2.34,55187
PLR,20040416,0.04,0.04,0.04,0.04,83000
PLT,20040416,0.77,0.78,0.75,0.75,86409
PLX,20040416,0.08,0.08,0.08,0.08,109720
PMA,20040416,0.14,0.14,0.14,0.14,2800
PMC,20040416,2.3,2.3,2.26,2.26,58946
PME,20040416,0.83,0.83,0.82,0.82,30000
PMG,20040416,9.5,9.5,9.5,9.5,4000
PMM,20040416,1.47,1.47,1.45,1.45,2326700
PMN,20040416,3.69,3.69,3.62,3.64,4761602
PMP,20040416,1.5,1.52,1.49,1.52,965835
PNA,20040416,0.19,0.195,0.19,0.19,543964
POH,20040416,0.195,0.195,0.19,0.195,364841
POL,20040416,0.185,0.185,0.175,0.185,925389
PPD,20040416,0.65,0.66,0.65,0.66,110900
PPP,20040416,0.14,0.14,0.125,0.125,2947128
PPR,20040416,1.07,1.1,1.07,1.07,54480
PPT,20040416,42.76,43.2,42.42,42.42,48260
PPX,20040416,4.83,4.89,4.83,4.89,1354079
PRE,20040416,0.019,0.02,0.019,0.02,550000
PRG,20040416,2.9,2.92,2.87,2.9,27751
PRK,20040416,5.07,5.07,5.01,5.06,1056670
PRM,20040416,0.135,0.135,0.135,0.135,40000
PRR,20040416,0.265,0.27,0.26,0.27,188000
PRT,20040416,2.55,2.57,2.55,2.55,59504
PRV,20040416,0.94,0.94,0.93,0.93,123259
PRX,20040416,0.81,0.82,0.81,0.81,997949
PRY,20040416,5.48,5.52,5.48,5.5,295458
PSA,20040416,1.58,1.62,1.58,1.62,89295
PSD,20040416,1.23,1.23,1.19,1.19,384469
PSG,20040416,0.21,0.22,0.21,0.22,62600
PSI,20040416,0.255,0.255,0.255,0.255,7500
PSP,20040416,0.185,0.185,0.175,0.18,130000
PSR,20040416,0.014,0.015,0.014,0.015,1311300
PSV,20040416,0.27,0.28,0.27,0.28,28200
PSX,20040416,0.235,0.235,0.215,0.225,497181
PTD,20040416,1.64,1.65,1.62,1.64,271349
PTS,20040416,0.092,0.092,0.092,0.092,25000
PWR,20040416,0.051,0.052,0.05,0.051,2909251
PWT,20040416,1.03,1.03,1,1,54315
PXS,20040416,0.48,0.48,0.47,0.475,60289
QAD,20040416,0.042,0.042,0.042,0.042,22300
QAN,20040416,3.51,3.54,3.51,3.54,5053347
QBE,20040416,11.35,11.4,11.33,11.34,2895495
QCH,20040416,3.65,3.65,3.63,3.65,51758
QED,20040416,0.021,0.021,0.021,0.021,550000
QGC,20040416,0.22,0.22,0.21,0.22,406500
QPX,20040416,0.485,0.485,0.485,0.485,13000
QRS,20040416,0.16,0.16,0.155,0.155,199500
QTK,20040416,0.002,0.002,0.002,0.002,9990023
QTM,20040416,0.35,0.355,0.33,0.33,17000
QUE,20040416,0.185,0.185,0.185,0.185,87500
QVL,20040416,0.01,0.011,0.01,0.011,906116
RAC,20040416,0.59,0.59,0.57,0.57,241868
RAU,20040416,0.145,0.145,0.145,0.145,1413
RBK,20040416,0.63,0.66,0.63,0.66,64487
RBL,20040416,0.73,0.73,0.73,0.73,7000
RBS,20040416,7.45,7.45,7.45,7.45,450
RBY,20040416,0.14,0.14,0.135,0.14,179794
RCD,20040416,3.68,3.75,3.66,3.68,345903
RCL,20040416,2.62,2.63,2.6,2.6,118503
RCR,20040416,0.4,0.4,0.38,0.395,106380
RCT,20040416,2.5,2.5,2.42,2.42,5886
RDF,20040416,2.02,2.04,1.92,1.94,289706
RDM,20040416,0.25,0.25,0.245,0.245,62500
RDR,20040416,0.32,0.32,0.315,0.315,128000
REA,20040416,0.8,0.8,0.75,0.75,21205
REB,20040416,2.82,2.83,2.79,2.79,35124
RED,20040416,0.175,0.175,0.17,0.17,813500
REG,20040416,2.8,2.8,2.75,2.75,43800
REH,20040416,8.2,8.2,8.2,8.2,1000
REL,20040416,0.125,0.125,0.125,0.125,84835
REM,20040416,0.59,0.59,0.54,0.56,73479
REV,20040416,0.105,0.105,0.105,0.105,60000
RFS,20040416,0.24,0.24,0.24,0.24,3000
RGL,20040416,0.22,0.23,0.22,0.23,915041
RHC,20040416,5.18,5.18,5.11,5.15,62895
RHD,20040416,0.69,0.69,0.66,0.66,31755
RHL,20040416,4,4,4,4,727
RHT,20040416,0.19,0.195,0.19,0.195,30500
RIC,20040416,1.29,1.32,1.29,1.3,346342
RIM,20040416,0.033,0.034,0.033,0.034,90765
RIN,20040416,6.76,6.98,6.75,6.94,4044100
RIO,20040416,34.26,34.5,34.15,34.33,2463192
RKN,20040416,0.84,0.85,0.84,0.84,84936
RMD,20040416,6.25,6.34,6.21,6.33,363728
RMG,20040416,0.033,0.033,0.033,0.033,100000
RMI,20040416,0.006,0.007,0.006,0.006,8488867
RML,20040416,0.072,0.079,0.072,0.079,40807
RMS,20040416,0.095,0.095,0.095,0.095,50000
RNG,20040416,0.295,0.295,0.265,0.265,178080
ROC,20040416,1.53,1.59,1.52,1.57,731276
ROK,20040416,3.48,3.48,3.48,3.48,1000
RPC,20040416,0.315,0.32,0.315,0.32,950000
RPG,20040416,0.55,0.55,0.55,0.55,32301
RPH,20040416,1.12,1.13,1.11,1.12,9482750
RPM,20040416,0.095,0.095,0.095,0.095,56180
RRS,20040416,0.023,0.025,0.023,0.025,389000
RRT,20040416,0.98,0.98,0.98,0.98,30000
RSG,20040416,1.68,1.68,1.66,1.67,45200
RSN,20040416,0.125,0.13,0.125,0.125,1392418
RTL,20040416,0.35,0.35,0.335,0.34,289714
RTM,20040416,0.048,0.048,0.047,0.047,96100
RUP,20040416,7.51,7.57,7.49,7.49,8672
SAI,20040416,1.71,1.71,1.71,1.71,29485
SAQ,20040416,4.85,4.89,4.85,4.85,8400
SBC,20040416,10.69,10.75,10.68,10.75,29870
SBL,20040416,0.49,0.49,0.48,0.48,32000
SBM,20040416,0.051,0.057,0.051,0.055,491650
SBP,20040416,0.175,0.175,0.17,0.17,414054
SBS,20040416,0.1,0.11,0.1,0.105,5113000
SCD,20040416,0.022,0.022,0.022,0.022,290000
SCE,20040416,0.023,0.023,0.023,0.023,400001
SCF,20040416,112,112.3,112,112.29,2598
SDG,20040416,1.15,1.15,1.12,1.15,374714
SDI,20040416,9.96,10.02,9.96,10,22750
SDL,20040416,0.015,0.016,0.015,0.016,337806
SDS,20040416,0.69,0.7,0.69,0.7,22503
SED,20040416,0.22,0.22,0.215,0.215,260000
SEL,20040416,1.11,1.11,1.11,1.11,6000
SEN,20040416,0.07,0.07,0.069,0.07,425006
SEV,20040416,5.06,5.15,5.06,5.14,316034
SFC,20040416,13.4,13.4,13.35,13.35,5000
SFE,20040416,5.94,6.02,5.94,5.99,262129
SFR,20040416,0.3,0.3,0.29,0.3,36500
SFY,20040416,34.96,34.96,34.96,34.96,750
SGB,20040416,20.52,20.73,20.31,20.35,1425566
SGL,20040416,0.8,0.8,0.79,0.79,343685
SGN,20040416,3.38,3.38,3.33,3.35,175062
SGP,20040416,5.62,5.62,5.57,5.6,2967700
SGS,20040416,1.09,1.09,1.09,1.09,3500
SGT,20040416,1.83,1.83,1.81,1.82,615743
SGW,20040416,2.56,2.64,2.56,2.63,1409985
SGX,20040416,2.63,2.65,2.63,2.65,56178
SHG,20040416,0.33,0.33,0.32,0.32,192760
SHL,20040416,8.86,8.88,8.69,8.71,777443
SHN,20040416,0.076,0.079,0.076,0.079,461786
SHV,20040416,6.7,6.7,6.7,6.7,450
SIB,20040416,0.47,0.475,0.47,0.475,106000
SIE,20040416,0.076,0.076,0.075,0.075,1723232
SIG,20040416,7.63,7.65,7.6,7.61,120144
SKC,20040416,3.88,3.88,3.88,3.88,600
SKE,20040416,2.94,2.96,2.94,2.94,30870
SKG,20040416,0.068,0.068,0.065,0.065,1044174
SKR,20040416,0.056,0.057,0.055,0.057,776746
SLA,20040416,0.1,0.1,0.1,0.1,8000
SLM,20040416,3.56,3.57,3.55,3.55,91280
SLV,20040416,0.425,0.425,0.42,0.42,43000
SLX,20040416,0.91,0.93,0.9,0.91,165803
SMC,20040416,0.245,0.245,0.245,0.245,49000
SML,20040416,0.11,0.11,0.11,0.11,131000
SMO,20040416,0.13,0.135,0.13,0.13,685500
SMS,20040416,11.25,11.25,11.1,11.18,264785
SMX,20040416,0.245,0.25,0.245,0.245,177810
SMY,20040416,0.67,0.67,0.65,0.65,347634
SNF,20040416,0.58,0.58,0.55,0.57,35480
SNN,20040416,0.235,0.235,0.235,0.235,1054128
SOH,20040416,0.83,0.84,0.83,0.84,776244
SOL,20040416,6.43,6.49,6.43,6.46,57863
SOT,20040416,1.52,1.55,1.5,1.5,112770
SOU,20040416,0.042,0.042,0.038,0.038,1192185
SPC,20040416,1.35,1.37,1.35,1.36,130446
SPD,20040416,0.21,0.21,0.21,0.21,30000
SPH,20040416,0.26,0.26,0.26,0.26,60000
SPL,20040416,0.8,0.8,0.77,0.77,155407
SPT,20040416,4.93,5,4.89,5,117306
SRA,20040416,0.13,0.135,0.13,0.13,132971
SRI,20040416,0.125,0.125,0.12,0.12,281400
SRL,20040416,1.12,1.12,1.12,1.12,5700
SRP,20040416,3.5,3.58,3.49,3.53,3574199
SRX,20040416,3.79,3.82,3.79,3.82,38390
SSH,20040416,0.08,0.08,0.072,0.075,121000
SSR,20040416,0.84,0.87,0.84,0.84,245002
SSX,20040416,1.05,1.05,1.04,1.05,2108371
STE,20040416,0.095,0.1,0.095,0.1,100000
STI,20040416,0.245,0.25,0.245,0.25,68750
STO,20040416,6.28,6.38,6.28,6.36,2839261
STP,20040416,0.079,0.079,0.079,0.079,6500
STR,20040416,0.047,0.047,0.044,0.044,755000
STS,20040416,0.43,0.43,0.42,0.42,19000
STT,20040416,0.017,0.018,0.017,0.018,300000
STU,20040416,0.78,0.78,0.77,0.77,102200
STW,20040416,34.88,34.88,34.71,34.79,30728
SUN,20040416,13.66,13.81,13.66,13.73,806184
SUR,20040416,0.125,0.125,0.125,0.125,97000
SWG,20040416,0.041,0.041,0.041,0.041,24048
SWT,20040416,0.105,0.105,0.105,0.105,103956
SYG,20040416,0.009,0.009,0.009,0.009,30000
SYM,20040416,1.25,1.27,1.25,1.27,151234
SYN,20040416,0.6,0.6,0.57,0.6,64000
SYP,20040416,0.215,0.23,0.215,0.23,146230
TAA,20040416,0.071,0.073,0.071,0.073,200000
TAB,20040416,4.69,4.7,4.69,4.7,489564
TAH,20040416,12.29,12.4,12.28,12.4,808358
TAM,20040416,0.195,0.195,0.19,0.19,99800
TAN,20040416,1.67,1.67,1.67,1.67,1000
TAP,20040416,1.41,1.45,1.4,1.43,1724548
TAS,20040416,0.088,0.09,0.088,0.089,65000
TAW,20040416,1.3,1.34,1.28,1.3,88786
TBC,20040416,0.225,0.225,0.22,0.22,103580
TBR,20040416,0.86,0.86,0.85,0.85,6734
TCL,20040416,4.7,4.74,4.66,4.7,1342812
TEL,20040416,4.95,4.95,4.89,4.9,3865683
TEM,20040416,1.15,1.16,1.13,1.15,259265
TEN,20040416,2.82,2.87,2.82,2.87,609345
TER,20040416,0.19,0.19,0.19,0.19,30280
TGD,20040416,0.17,0.18,0.17,0.18,73040
TGF,20040416,0.325,0.325,0.32,0.32,71854
TGG,20040416,1.12,1.13,1.11,1.13,187881
TGR,20040416,1.06,1.06,1.03,1.03,1519293
TGS,20040416,0.135,0.14,0.135,0.135,361992
THG,20040416,0.67,0.67,0.66,0.66,1341497
THX,20040416,0.49,0.49,0.48,0.48,22900
TIL,20040416,0.18,0.18,0.18,0.18,144868
TIM,20040416,1.31,1.32,1.24,1.25,551188
TIR,20040416,0.48,0.485,0.48,0.48,568269
TIS,20040416,1,1,0.97,0.97,39500
TKG,20040416,0.008,0.008,0.008,0.008,425000
TKL,20040416,0.19,0.19,0.185,0.185,70000
TKR,20040416,1.69,1.7,1.69,1.7,6000
TLS,20040416,4.73,4.73,4.68,4.71,32339919
TMO,20040416,0.38,0.385,0.38,0.385,190000
TMS,20040416,0.039,0.039,0.036,0.039,2092103
TNC,20040416,0.3,0.3,0.3,0.3,42700
TNE,20040416,0.57,0.57,0.56,0.56,280892
TNN,20040416,1.61,1.61,1.6,1.6,487
TOL,20040416,9.85,9.9,9.81,9.87,682611
TOR,20040416,1.39,1.43,1.39,1.43,22787
TOX,20040416,0.015,0.016,0.015,0.016,488000
TRG,20040416,7.9,7.9,7.89,7.89,2640
TRO,20040416,0.25,0.255,0.25,0.25,107000
TRV,20040416,0.013,0.013,0.013,0.013,11555
TRY,20040416,3.1,3.1,3.04,3.04,34845
TSE,20040416,5.12,5.17,5.1,5.14,44973
TSV,20040416,0.135,0.135,0.115,0.115,23630
TTR,20040416,0.33,0.345,0.325,0.33,377004
TTT,20040416,0.84,0.84,0.81,0.84,775000
TVL,20040416,0.15,0.15,0.15,0.15,53510
TWD,20040416,2.15,2.15,2.15,2.15,160
TWR,20040416,1.45,1.46,1.43,1.44,408287
TYC,20040416,0.65,0.65,0.64,0.65,184144
TZL,20040416,0.435,0.435,0.42,0.425,313741
TZN,20040416,0.23,0.23,0.23,0.23,30000
UCL,20040416,0.047,0.049,0.046,0.049,180600
UCM,20040416,2.7,2.75,2.7,2.7,78814
UEC,20040416,0.325,0.33,0.32,0.33,1324110
UGL,20040416,4.43,4.48,4.37,4.48,118062
UNI,20040416,1.83,1.85,1.81,1.85,43435
UNW,20040416,0.7,0.7,0.7,0.7,7058
UOS,20040416,0.75,0.75,0.75,0.75,20000
UTB,20040416,6.41,6.56,6.41,6.53,97903
UXC,20040416,0.79,0.8,0.79,0.79,56441
VBA,20040416,2.34,2.35,2.33,2.34,3114665
VCM,20040416,1.3,1.3,1.3,1.3,7180
VCN,20040416,0.12,0.12,0.12,0.12,14990
VCR,20040416,1.62,1.62,1.56,1.6,1088738
VGL,20040416,1.34,1.35,1.33,1.35,51311
VHL,20040416,0.47,0.49,0.47,0.47,85000
VII,20040416,0.21,0.21,0.205,0.205,52400
VLL,20040416,2.02,2.02,2,2.01,315828
VOY,20040416,0.23,0.23,0.23,0.23,5000
VPE,20040416,0.023,0.025,0.023,0.024,16518502
VPG,20040416,0.96,0.97,0.96,0.96,196762
VRE,20040416,0.064,0.073,0.064,0.071,14345324
VRI,20040416,0.17,0.17,0.16,0.16,552631
VRL,20040416,1.82,1.83,1.81,1.82,1557405
VSG,20040416,0.066,0.066,0.065,0.065,44238
VSL,20040416,0.92,0.93,0.91,0.93,177624
VTI,20040416,0.485,0.485,0.475,0.475,73516
VTP,20040416,0.97,0.97,0.97,0.97,15951
VWD,20040416,1.3,1.3,1.28,1.29,65253
VXS,20040416,0.095,0.095,0.095,0.095,7700
WAB,20040416,1,1,1,1,48000
WAG,20040416,0.255,0.255,0.255,0.255,25000
WAM,20040416,1.6,1.6,1.6,1.6,59718
WAN,20040416,6.3,6.39,6.3,6.39,131170
WAS,20040416,0.016,0.016,0.016,0.016,1100000
WBA,20040416,0.69,0.72,0.69,0.72,44111
WBC,20040416,17.64,17.67,17.42,17.59,4280419
WDP,20040416,1.75,1.76,1.75,1.76,8142
WEB,20040416,0.056,0.06,0.049,0.049,2051000
WES,20040416,29.1,29.2,28.83,29.2,188183
WEZ,20040416,0.25,0.25,0.25,0.25,10000
WFA,20040416,1.95,1.96,1.94,1.96,8662930
WFT,20040416,3.56,3.57,3.55,3.57,6534056
WHS,20040416,3.66,3.7,3.64,3.7,7134
WIL,20040416,0.96,0.97,0.96,0.97,140150
WLS,20040416,0.93,0.93,0.92,0.92,23000
WML,20040416,0.125,0.125,0.12,0.12,62999
WMR,20040416,4.91,4.91,4.84,4.88,8697236
WNZ,20040416,3.7,3.7,3.7,3.7,1500
WOR,20040416,2.96,3.05,2.96,3.05,751157
WOW,20040416,11.68,11.78,11.68,11.75,1633854
WPL,20040416,16.5,16.76,16.5,16.7,2003182
WPO,20040416,0.305,0.305,0.3,0.3,60000
WSA,20040416,1.2,1.21,1.19,1.19,46100
WSF,20040416,13.85,13.97,13.81,13.86,1722850
WSG,20040416,0.011,0.012,0.011,0.012,190000
WTE,20040416,0.028,0.028,0.028,0.028,802465
WTP,20040416,0.82,0.84,0.77,0.84,176029
WWA,20040416,0.84,0.85,0.84,0.85,27001
WWM,20040416,0.034,0.035,0.034,0.034,215000
WYL,20040416,3.84,3.92,3.84,3.87,44541
XAN,20040416,0.105,0.11,0.105,0.105,124400
XAO,20040416,3425.7,3431.2,3416,3424.3,0
XDJ,20040416,2081.9,2088.8,2077.2,2087.8,0
XEJ,20040416,5472,5550.3,5472,5548.8,0
XEN,20040416,0.062,0.065,0.062,0.065,77992
XFJ,20040416,4270.9,4281.5,4229.5,4239.7,0
XFL,20040416,3414.1,3419.2,3398.5,3406.2,0
XHJ,20040416,3749.9,3754.5,3724.8,3754.5,0
XIJ,20040416,271.6,274.3,270.6,274.3,0
XJO,20040416,3419.3,3425.3,3408.5,3417.3,0
XKO,20040416,3425.1,3431,3414.1,3422.8,0
XMD,20040416,3100.6,3117.2,3100.6,3117.2,0
XMJ,20040416,5307.5,5333.6,5300.5,5330.2,0
XNJ,20040416,3735.8,3756.5,3727.9,3756.5,0
XPJ,20040416,1535.5,1546.9,1535.5,1545.1,0
XSJ,20040416,4450.7,4489.9,4450.7,4489.8,0
XSO,20040416,1919.1,1931.2,1919.1,1931.1,0
XTJ,20040416,1659.9,1666.9,1648.9,1658.5,0
XTL,20040416,1937.3,1939.6,1923.3,1927.4,0
XTO,20040416,2785.8,2790.2,2775.3,2782.1,0
XUJ,20040416,3670.5,3695.2,3670.5,3693.9,0
XXJ,20040416,4330.9,4338.7,4277.3,4286.1,0
YAM,20040416,0.009,0.009,0.009,0.009,8388000
YGL,20040416,0.048,0.048,0.048,0.048,81000
ZEL,20040416,0.205,0.205,0.205,0.205,7150
ZFX,20040416,1.75,1.77,1.75,1.76,3500320
ZYL,20040416,0.01,0.01,0.01,0.01,2700000
