AAB,20040901,0.84,0.84,0.84,0.84,5210
AAC,20040901,1.39,1.39,1.38,1.39,219879
AAM,20040901,0.425,0.425,0.4,0.405,30700
AAQ,20040901,0.47,0.47,0.45,0.45,17451
AAU,20040901,1.25,1.25,1.23,1.23,11000
ABB,20040901,7.39,7.48,7.3,7.48,18865
ABC,20040901,1.4,1.4,1.38,1.4,815072
ABI,20040901,0.25,0.25,0.245,0.245,347200
ABK,20040901,0.12,0.12,0.12,0.12,50000
ABP,20040901,1.22,1.22,1.21,1.21,124910
ABS,20040901,3.61,3.61,3.58,3.6,194747
ACF,20040901,1.07,1.07,1.06,1.07,103365
ACL,20040901,0.6,0.6,0.59,0.59,68500
ACU,20040901,0.41,0.425,0.41,0.425,277263
ADA,20040901,0.36,0.36,0.355,0.36,106428
ADB,20040901,9.09,9.27,9.09,9.21,151749
ADG,20040901,3.67,3.67,3.66,3.67,22000
ADK,20040901,0.038,0.041,0.038,0.041,175000
ADL,20040901,0.14,0.14,0.14,0.14,20000
ADN,20040901,0.16,0.17,0.16,0.17,47790
ADU,20040901,0.8,0.8,0.76,0.8,57500
ADX,20040901,0.097,0.097,0.097,0.097,70000
ADY,20040901,0.027,0.027,0.027,0.027,164000
ADZ,20040901,1.48,1.49,1.45,1.46,817315
AEC,20040901,1.62,1.62,1.59,1.59,10000
AEF,20040901,14.1,14.1,14.1,14.1,860
AEI,20040901,0.88,0.93,0.88,0.9,48294
AEN,20040901,0.97,0.97,0.97,0.97,1000
AEO,20040901,1.4,1.43,1.4,1.43,306673
AET,20040901,0.48,0.49,0.48,0.49,2278
AEX,20040901,0.063,0.063,0.061,0.062,1735500
AFI,20040901,3.31,3.33,3.3,3.31,228050
AFL,20040901,1.26,1.3,1.26,1.29,36073
AFM,20040901,0.024,0.024,0.024,0.024,100000
AFT,20040901,0.026,0.027,0.025,0.025,2445863
AGC,20040901,1.77,1.78,1.76,1.76,48918
AGG,20040901,9.8,9.97,9.8,9.92,21484
AGI,20040901,1,1.12,0.95,0.98,3681273
AGL,20040901,13.3,13.3,13.2,13.25,1180837
AGM,20040901,0.125,0.125,0.125,0.125,63000
AGS,20040901,0.05,0.05,0.05,0.05,18000
AGX,20040901,0.57,0.59,0.55,0.55,234122
AGZ,20040901,0.225,0.225,0.21,0.21,47116
AHD,20040901,3.79,3.8,3.79,3.79,19000
AHO,20040901,0.43,0.44,0.43,0.44,250050
AHS,20040901,1.15,1.16,1.14,1.16,65610
AHU,20040901,4.21,4.28,4.21,4.25,5293
AIA,20040901,6.95,6.95,6.95,6.95,202000
AIE,20040901,0.165,0.165,0.155,0.155,242200
AIM,20040901,0.046,0.05,0.045,0.046,3050508
AIX,20040901,2,2.01,1.95,1.99,657233
AIY,20040901,0.14,0.14,0.14,0.14,5000
AIZ,20040901,1.76,1.78,1.76,1.78,47686
AJL,20040901,1.55,1.61,1.55,1.57,141376
ALB,20040901,0.37,0.37,0.37,0.37,17000
ALD,20040901,0.235,0.25,0.235,0.25,165124
ALH,20040901,2.94,2.94,2.93,2.94,3818331
ALK,20040901,0.205,0.21,0.205,0.21,155221
ALL,20040901,7,7.06,6.86,7,4661716
ALN,20040901,7.35,7.59,7.35,7.56,1626624
ALO,20040901,0.65,0.65,0.65,0.65,2000
ALR,20040901,1.04,1.04,1.04,1.04,22500
ALS,20040901,7.45,7.45,7.31,7.31,31336
ALU,20040901,0.355,0.355,0.355,0.355,40000
ALW,20040901,0.5,0.5,0.5,0.5,13000
ALZ,20040901,1.78,1.83,1.78,1.83,1559048
AMC,20040901,7.38,7.49,7.37,7.44,3112386
AME,20040901,0.135,0.135,0.135,0.135,15000
AMH,20040901,0.465,0.475,0.465,0.475,65774
AML,20040901,0.57,0.57,0.57,0.57,71700
AMM,20040901,0.175,0.18,0.175,0.175,1942010
AMP,20040901,6.26,6.32,6.19,6.22,6815439
AMU,20040901,0.48,0.48,0.48,0.48,4500
ANC,20040901,8.2,8.2,8.11,8.11,1500
AND,20040901,0.061,0.062,0.061,0.062,360570
ANE,20040901,3.83,3.83,3.79,3.79,358207
ANG,20040901,0.38,0.38,0.355,0.36,521000
ANM,20040901,0.023,0.025,0.023,0.025,2562621
ANN,20040901,8.41,8.53,8.41,8.5,1285197
ANP,20040901,0.12,0.12,0.12,0.12,222783
ANX,20040901,0.4,0.415,0.4,0.415,111806
ANZ,20040901,18.4,18.64,18.4,18.62,6528762
AOE,20040901,0.325,0.33,0.315,0.315,576000
APA,20040901,2.78,2.79,2.74,2.75,157771
APE,20040901,7.3,7.45,7.3,7.45,2252
APG,20040901,0.037,0.037,0.036,0.037,241200
API,20040901,2.46,2.5,2.46,2.5,298482
APL,20040901,0.2,0.2,0.18,0.19,245497
APM,20040901,0.024,0.024,0.024,0.024,1000
APN,20040901,4.49,4.52,4.48,4.5,1623059
APZ,20040901,0.175,0.175,0.175,0.175,809374
AQD,20040901,0.31,0.34,0.3,0.3,185100
AQP,20040901,6.65,6.75,6.6,6.71,22971
ARA,20040901,0.36,0.365,0.36,0.36,31029
ARE,20040901,0.16,0.165,0.16,0.165,120000
ARG,20040901,4.91,4.94,4.9,4.94,47272
ARP,20040901,3.66,3.69,3.66,3.69,9680
ARQ,20040901,1.01,1.01,0.99,1.01,315814
ARX,20040901,0.049,0.049,0.049,0.049,20000
ASB,20040901,1.45,1.46,1.42,1.43,267232
ASC,20040901,0.069,0.07,0.065,0.067,1848007
ASL,20040901,0.6,0.61,0.6,0.6,92800
ASP,20040901,0.045,0.045,0.045,0.045,60000
ASU,20040901,0.008,0.008,0.008,0.008,120000
ASX,20040901,15.6,15.67,15.25,15.52,241754
ATG,20040901,0.67,0.68,0.67,0.68,79200
ATP,20040901,0.165,0.165,0.165,0.165,15000
ATR,20040901,2.66,3,2.66,2.9,147850
ATX,20040901,0.074,0.08,0.074,0.08,1863427
ATZ,20040901,0.4,0.4,0.38,0.38,46509
AUI,20040901,4.69,4.69,4.65,4.65,10124
AUM,20040901,0.04,0.04,0.04,0.04,87000
AUN,20040901,0.87,0.88,0.87,0.87,392886
AUO,20040901,0.6,0.6,0.54,0.56,5556243
AUS,20040901,0.9,0.9,0.87,0.9,21000
AUX,20040901,0.06,0.06,0.055,0.055,1134850
AUZ,20040901,0.13,0.13,0.13,0.13,106404
AVJ,20040901,1.84,1.84,1.81,1.81,91345
AVM,20040901,0.44,0.47,0.44,0.45,133166
AVN,20040901,0.025,0.025,0.025,0.025,300000
AVO,20040901,0.13,0.13,0.13,0.13,54000
AVP,20040901,0.185,0.185,0.18,0.185,58750
AVR,20040901,0.54,0.54,0.52,0.52,40500
AVV,20040901,2.39,2.42,2.38,2.4,215287
AWB,20040901,4.55,4.55,4.51,4.54,381360
AWC,20040901,5.42,5.44,5.33,5.36,4499261
AWE,20040901,1.73,1.75,1.69,1.7,1195653
AWL,20040901,0.027,0.027,0.027,0.027,100000
AWP,20040901,9.37,9.39,9.2,9.39,13113
AXA,20040901,3.86,3.88,3.85,3.88,6215270
AYO,20040901,0.63,0.63,0.61,0.61,460557
AZR,20040901,0.11,0.11,0.105,0.105,35000
BAR,20040901,0.044,0.044,0.041,0.041,153500
BAX,20040901,5.8,5.8,5.76,5.8,27280
BBB,20040901,0.37,0.375,0.37,0.375,201492
BBG,20040901,9.4,9.65,9.4,9.55,2774951
BCA,20040901,3.17,3.22,3.17,3.17,160007
BCD,20040901,0.5,0.51,0.49,0.5,492794
BDG,20040901,0.73,0.73,0.72,0.73,151682
BDI,20040901,0.4,0.4,0.375,0.385,747194
BDM,20040901,0.73,0.73,0.71,0.71,20000
BDS,20040901,3.04,3.04,3,3,4225
BEL,20040901,0.395,0.4,0.395,0.4,120000
BEN,20040901,10.16,10.3,10.15,10.16,213106
BER,20040901,0.66,0.66,0.66,0.66,23000
BGD,20040901,0.17,0.17,0.165,0.17,186500
BGF,20040901,0.081,0.081,0.08,0.08,622537
BHP,20040901,13.19,13.26,13.18,13.21,16175496
BIL,20040901,6.99,7.2,6.88,6.89,21920572
BIR,20040901,1.35,1.36,1.35,1.35,10800
BIT,20040901,0.29,0.305,0.28,0.29,44000
BKA,20040901,0.36,0.36,0.35,0.35,59620
BKI,20040901,0.96,0.97,0.96,0.97,238400
BKL,20040901,11.4,11.44,11.4,11.4,103698
BKN,20040901,2.85,2.85,2.8,2.81,973029
BKR,20040901,0.31,0.31,0.305,0.31,60000
BKS,20040901,0.017,0.019,0.017,0.019,554888
BKV,20040901,0.048,0.048,0.046,0.046,14000
BKW,20040901,11.35,11.38,11.29,11.35,19794
BLD,20040901,7.02,7.1,6.98,7.05,5702300
BLT,20040901,0.63,0.66,0.63,0.66,29560
BLZ,20040901,0.041,0.041,0.041,0.041,40990
BMO,20040901,0.2,0.2,0.2,0.2,174000
BMX,20040901,0.15,0.15,0.14,0.145,818143
BNO,20040901,0.24,0.245,0.235,0.245,24999
BOC,20040901,0.22,0.22,0.22,0.22,8405
BOD,20040901,0.18,0.18,0.175,0.175,66128
BOL,20040901,1.65,1.66,1.64,1.65,125104
BOQ,20040901,9.75,9.87,9.75,9.85,222557
BOS,20040901,0.295,0.3,0.29,0.29,34600
BPC,20040901,0.7,0.71,0.69,0.7,3067107
BPH,20040901,0.19,0.19,0.19,0.19,15000
BPO,20040901,0.079,0.086,0.079,0.083,1150656
BPT,20040901,0.31,0.33,0.305,0.325,2964779
BQT,20040901,0.375,0.395,0.365,0.39,3205646
BRC,20040901,0.42,0.42,0.41,0.42,20000
BRK,20040901,2.54,2.54,2.5,2.5,195742
BRO,20040901,0.007,0.007,0.006,0.006,1292900
BRW,20040901,0.04,0.04,0.039,0.04,760000
BRZ,20040901,1.92,1.92,1.89,1.9,47745
BSA,20040901,0.32,0.33,0.32,0.33,381361
BSG,20040901,0.34,0.34,0.325,0.33,1375196
BSL,20040901,7.88,8.15,7.86,8.15,3845913
BSO,20040901,2.27,2.27,2.25,2.26,110980
BTA,20040901,0.57,0.58,0.57,0.57,169170
BTC,20040901,0.385,0.385,0.385,0.385,4000
BTV,20040901,0.07,0.073,0.069,0.069,552195
BTX,20040901,0.53,0.57,0.52,0.57,1610113
BUG,20040901,0.6,0.6,0.6,0.6,14853
BUY,20040901,0.11,0.11,0.11,0.11,114000
BWP,20040901,1.7,1.73,1.7,1.71,186083
BWT,20040901,0.014,0.014,0.014,0.014,500000
CAA,20040901,2.23,2.3,2.23,2.29,91142
CAB,20040901,3.68,3.68,3.58,3.64,109050
CAG,20040901,0.034,0.035,0.033,0.035,433995
CAL,20040901,0.41,0.41,0.41,0.41,15000
CAM,20040901,0.97,0.97,0.97,0.97,6000
CAS,20040901,0.235,0.235,0.23,0.23,50000
CAT,20040901,0.45,0.45,0.44,0.45,8678
CAU,20040901,0.16,0.16,0.15,0.15,27500
CAZ,20040901,0.185,0.185,0.18,0.18,48000
CBA,20040901,30.3,30.58,30.29,30.52,4880382
CBD,20040901,0.4,0.4,0.4,0.4,50000
CBH,20040901,0.195,0.195,0.19,0.19,418500
CBT,20040901,0.014,0.014,0.014,0.014,75000
CCE,20040901,0.47,0.47,0.46,0.47,367198
CCH,20040901,0.22,0.22,0.22,0.22,3000
CCL,20040901,7.25,7.29,7.24,7.25,1047074
CCO,20040901,0.006,0.007,0.006,0.007,500000
CCS,20040901,0.125,0.125,0.105,0.12,2011801
CCV,20040901,0.25,0.255,0.25,0.25,99350
CDA,20040901,1.9,1.9,1.88,1.89,175745
CDC,20040901,1.16,1.18,1.16,1.17,97300
CDD,20040901,1.75,1.75,1.75,1.75,36500
CDF,20040901,1.23,1.23,1.23,1.23,19132
CDO,20040901,5.76,5.76,5.72,5.74,91731
CDP,20040901,2.75,2.75,2.75,2.75,12401
CDR,20040901,1.74,1.74,1.7,1.7,150214
CDX,20040901,2.15,2.19,2.15,2.15,36866
CEG,20040901,1.42,1.44,1.41,1.43,120000
CEP,20040901,4.54,4.59,4.53,4.58,3466480
CEQ,20040901,2.05,2.07,2.05,2.07,13000
CEY,20040901,3.62,3.73,3.62,3.72,868836
CFI,20040901,0.65,0.67,0.65,0.67,67109
CFR,20040901,0.024,0.024,0.024,0.024,296477
CFU,20040901,0.76,0.77,0.76,0.77,45948
CGF,20040901,0.45,0.46,0.445,0.46,12786081
CGO,20040901,0.64,0.64,0.64,0.64,31000
CGS,20040901,0.21,0.21,0.185,0.2,72406
CGX,20040901,0.6,0.62,0.58,0.62,43367
CHF,20040901,0.4,0.4,0.395,0.395,33129
CHL,20040901,0.175,0.175,0.16,0.17,610171
CHM,20040901,0.04,0.04,0.027,0.034,3621951
CHO,20040901,19.9,19.9,19.9,19.9,1200
CHQ,20040901,0.74,0.74,0.72,0.72,6000
CHX,20040901,1,1.01,0.99,1,79550
CHY,20040901,2.23,2.27,2.23,2.25,275150
CIN,20040901,12.7,12.7,12.7,12.7,4663
CIR,20040901,2.53,2.55,2.51,2.54,28156
CIY,20040901,4.95,5.03,4.93,5,83979
CKL,20040901,0.59,0.59,0.56,0.56,67999
CKR,20040901,0.54,0.54,0.53,0.53,19800
CKS,20040901,0.305,0.305,0.3,0.3,64171
CLH,20040901,1.47,1.49,1.47,1.49,130511
CLK,20040901,0.75,0.75,0.75,0.75,1000
CLL,20040901,0.47,0.47,0.46,0.46,10149
CLO,20040901,0.59,0.59,0.58,0.59,3604619
CLT,20040901,1.45,1.48,1.45,1.46,360508
CLV,20040901,0.305,0.32,0.305,0.305,476659
CLX,20040901,0.62,0.62,0.59,0.59,27081
CMI,20040901,2.24,2.24,2.23,2.24,22214
CMK,20040901,0.5,0.5,0.5,0.5,7738
CML,20040901,9,9.07,9,9.02,3959866
CMO,20040901,0.035,0.035,0.032,0.032,30000
CMP,20040901,0.35,0.355,0.35,0.35,38000
CMQ,20040901,2.24,2.24,1.95,1.98,2306927
CMR,20040901,0.215,0.215,0.195,0.195,10000
CMS,20040901,0.061,0.061,0.061,0.061,30000
CMW,20040901,0.16,0.16,0.16,0.16,31250
CMX,20040901,0.093,0.093,0.091,0.091,135000
CNB,20040901,0.73,0.73,0.73,0.73,10214
CND,20040901,1.84,1.85,1.83,1.85,32850
CNM,20040901,0.024,0.024,0.024,0.024,380000
CNR,20040901,0.7,0.7,0.69,0.69,18750
CNT,20040901,0.19,0.19,0.19,0.19,150000
COA,20040901,3.97,4.1,3.97,4.09,268599
COE,20040901,0.21,0.23,0.21,0.23,994436
COF,20040901,9.13,9.13,8.94,9.1,22277
COH,20040901,19.35,19.56,19.35,19.5,796573
COM,20040901,0.14,0.14,0.14,0.14,5000
COO,20040901,0.026,0.028,0.026,0.027,1957465
COS,20040901,0.485,0.485,0.485,0.485,11500
COU,20040901,0.9,0.9,0.9,0.9,10000
CPA,20040901,1.21,1.22,1.2,1.22,3587821
CPB,20040901,7.08,7.08,7.05,7.05,8887
CPC,20040901,0.11,0.11,0.105,0.105,21337
CPI,20040901,0.63,0.63,0.62,0.62,20100
CPK,20040901,3.35,3.4,3.35,3.4,3300
CPS,20040901,0.3,0.3,0.3,0.3,19500
CPU,20040901,3.56,3.64,3.56,3.62,1159436
CQT,20040901,0.305,0.305,0.3,0.305,199290
CRD,20040901,0.16,0.16,0.155,0.16,261500
CRE,20040901,0.145,0.145,0.145,0.145,550539
CRG,20040901,9.32,9.47,9.32,9.47,141978
CRL,20040901,0.077,0.077,0.077,0.077,10800
CRS,20040901,0.49,0.49,0.475,0.485,520396
CRT,20040901,0.39,0.39,0.385,0.385,4502
CRU,20040901,0.88,0.88,0.87,0.87,53950
CSH,20040901,1.23,1.27,1.23,1.27,2200
CSL,20040901,25.84,26.19,25.8,26.03,318069
CSM,20040901,1.64,1.65,1.61,1.62,281566
CSR,20040901,2.3,2.3,2.26,2.26,2687489
CST,20040901,2.49,2.49,2.45,2.49,69049
CTE,20040901,0.25,0.25,0.25,0.25,2000
CTF,20040901,0.24,0.24,0.235,0.235,99089
CTI,20040901,0.51,0.51,0.49,0.5,1020500
CTL,20040901,1.03,1.03,0.99,1,135677
CTN,20040901,1.02,1.02,1.02,1.02,11000
CTO,20040901,0.145,0.145,0.145,0.145,254070
CTX,20040901,9.19,9.46,9.19,9.38,460771
CUE,20040901,0.063,0.063,0.06,0.06,527500
CUL,20040901,0.033,0.033,0.033,0.033,255000
CUS,20040901,0.06,0.06,0.06,0.06,9000
CVL,20040901,0.035,0.035,0.035,0.035,58191
CVN,20040901,0.02,0.02,0.02,0.02,284102
CWP,20040901,2.04,2.04,2.04,2.04,581
CWT,20040901,0.97,0.97,0.97,0.97,187816
CXP,20040901,5.28,5.35,5.28,5.3,332715
CXS,20040901,0.46,0.495,0.45,0.495,197000
CYA,20040901,0.98,0.99,0.98,0.98,247488
CYG,20040901,6.22,6.35,6.22,6.35,34496
CYN,20040901,0.95,0.95,0.95,0.95,70000
CYT,20040901,0.56,0.56,0.56,0.56,6000
DBS,20040901,0.32,0.32,0.32,0.32,135000
DDF,20040901,1.27,1.29,1.27,1.28,1383020
DDV,20040901,0.086,0.1,0.083,0.1,208519
DEG,20040901,0.47,0.485,0.455,0.46,427373
DES,20040901,0.105,0.105,0.1,0.1,124818
DFT,20040901,0.016,0.016,0.015,0.016,534230
DGM,20040901,0.049,0.052,0.049,0.052,685888
DGR,20040901,0.1,0.1,0.1,0.1,100000
DID,20040901,0.083,0.083,0.08,0.08,95222
DIO,20040901,0.085,0.085,0.082,0.082,222000
DIT,20040901,1.93,1.95,1.92,1.95,687317
DJS,20040901,1.89,1.92,1.89,1.91,2594164
DJW,20040901,3.48,3.49,3.47,3.49,109502
DKN,20040901,0.135,0.14,0.13,0.13,1013000
DLS,20040901,0.04,0.04,0.039,0.04,600982
DMX,20040901,0.027,0.028,0.027,0.028,49654
DNL,20040901,0.15,0.15,0.14,0.145,66397
DNS,20040901,0.061,0.061,0.061,0.061,2000
DOM,20040901,0.37,0.37,0.36,0.36,45000
DOT,20040901,1.19,1.2,1.18,1.2,1641889
DOW,20040901,3.77,3.79,3.75,3.78,6761734
DRA,20040901,0.35,0.365,0.35,0.36,471600
DRD,20040901,2.45,2.45,2.41,2.41,16858
DTL,20040901,2.41,2.45,2.4,2.45,50970
DUE,20040901,2.39,2.43,2.39,2.42,2122506
DUI,20040901,1.98,1.98,1.98,1.98,45532
DUL,20040901,0.05,0.05,0.05,0.05,20000
DVC,20040901,2.93,2.94,2.92,2.93,4359234
DVN,20040901,0.77,0.78,0.76,0.76,426947
DWY,20040901,0.66,0.66,0.66,0.66,13333
EBG,20040901,0.15,0.15,0.15,0.15,3000
EBR,20040901,0.095,0.095,0.087,0.088,3177371
EBT,20040901,0.105,0.105,0.1,0.1,983338
ECU,20040901,0.06,0.064,0.059,0.062,287500
EGI,20040901,0.023,0.023,0.023,0.023,45139
EGL,20040901,0.255,0.255,0.25,0.255,46000
EGO,20040901,0.007,0.007,0.007,0.007,565000
EHO,20040901,0.038,0.038,0.038,0.038,2062600
EIF,20040901,0.08,0.081,0.079,0.08,346250
ELL,20040901,0.085,0.085,0.082,0.082,200000
ELX,20040901,0.255,0.26,0.255,0.26,84200
EMI,20040901,0.145,0.145,0.145,0.145,49000
EMP,20040901,0.66,0.7,0.63,0.7,86261
EMS,20040901,0.31,0.31,0.305,0.31,185297
ENE,20040901,3.07,3.09,3,3,267586
ENV,20040901,1.1,1.1,1.09,1.1,271317
EOS,20040901,2.44,2.55,2.44,2.52,64283
EPE,20040901,0.13,0.13,0.13,0.13,45000
EPR,20040901,0.12,0.12,0.115,0.115,342000
EPT,20040901,0.95,0.95,0.91,0.91,573511
EQI,20040901,1.54,1.55,1.53,1.53,82910
EQM,20040901,4.05,4.05,4.05,4.05,486
EQN,20040901,0.49,0.49,0.49,0.49,25629
EQX,20040901,0.285,0.285,0.28,0.28,20600
ERA,20040901,4.49,4.49,4.25,4.25,5512
ERG,20040901,0.285,0.3,0.28,0.29,3894930
ESG,20040901,0.225,0.23,0.225,0.23,317000
ESI,20040901,0.079,0.083,0.07,0.077,2382706
ESV,20040901,0.4,0.45,0.4,0.43,228432
ETC,20040901,0.018,0.019,0.017,0.018,1106688
ETE,20040901,0.22,0.225,0.22,0.22,81383
ETR,20040901,1.31,1.31,1.29,1.29,68794
ETT,20040901,0.31,0.31,0.31,0.31,27312
ETW,20040901,1.13,1.13,1.13,1.13,12826
EUG,20040901,0.14,0.145,0.14,0.145,39100
EVM,20040901,0.185,0.2,0.185,0.2,46416
EWC,20040901,0.019,0.019,0.019,0.019,627959
EXL,20040901,3.39,3.41,3.37,3.38,567768
EXR,20040901,0.44,0.45,0.43,0.45,72819
EXS,20040901,0.21,0.21,0.21,0.21,81182
EXT,20040901,0.018,0.018,0.018,0.018,2000000
EZL,20040901,1.09,1.1,1.08,1.09,96260
FAN,20040901,4.59,4.59,4.55,4.59,7401
FAR,20040901,0.074,0.076,0.067,0.068,1415806
FBU,20040901,4.85,4.85,4.8,4.8,49370
FCL,20040901,1.79,1.8,1.76,1.8,2563968
FCN,20040901,0.165,0.165,0.16,0.16,251000
FCO,20040901,0.21,0.215,0.21,0.215,58000
FDL,20040901,0.031,0.032,0.031,0.031,120000
FEA,20040901,0.42,0.42,0.415,0.415,73324
FGL,20040901,4.6,4.62,4.56,4.61,11342720
FKP,20040901,3,3.07,3,3.05,332635
FLK,20040901,0.9,0.91,0.9,0.91,44500
FLT,20040901,19.29,19.5,19.1,19.5,48620
FLX,20040901,0.18,0.18,0.175,0.175,1013850
FMG,20040901,0.6,0.6,0.58,0.59,548434
FOA,20040901,17.06,17.21,17.06,17.13,639525
FPA,20040901,3.95,3.96,3.9,3.93,19559
FPF,20040901,1.13,1.13,1.13,1.13,10662
FPG,20040901,0.5,0.5,0.5,0.5,7000
FPH,20040901,12.6,12.6,12.6,12.6,150
FRI,20040901,0.36,0.36,0.36,0.36,26000
FRL,20040901,0.2,0.2,0.2,0.2,110500
FRM,20040901,0.4,0.4,0.4,0.4,11000
FSA,20040901,0.06,0.06,0.06,0.06,12167
FTR,20040901,0.86,0.86,0.86,0.86,20000
FUN,20040901,2.42,2.47,2.42,2.47,35938
FUS,20040901,0.016,0.016,0.016,0.016,5158050
FWD,20040901,8.73,8.79,8.67,8.68,165410
FWF,20040901,0.63,0.63,0.62,0.63,20000
FXJ,20040901,3.83,3.85,3.83,3.84,3557650
FXR,20040901,0.64,0.64,0.64,0.64,103894
GAA,20040901,0.68,0.69,0.67,0.69,24600
GAM,20040901,0.16,0.16,0.16,0.16,1125
GAN,20040901,1.51,1.53,1.5,1.52,1829910
GAP,20040901,2.95,2.95,2.89,2.9,138493
GAS,20040901,2.31,2.34,2.31,2.32,316232
GAU,20040901,0.13,0.13,0.13,0.13,18832
GBG,20040901,0.07,0.07,0.07,0.07,495756
GBN,20040901,0.05,0.05,0.045,0.045,318485
GBP,20040901,0.28,0.29,0.28,0.29,159000
GCL,20040901,1.7,1.73,1.68,1.73,401297
GCR,20040901,0.046,0.047,0.046,0.047,433133
GDA,20040901,0.007,0.007,0.007,0.007,487000
GDM,20040901,0.46,0.46,0.46,0.46,155000
GDP,20040901,0.54,0.59,0.54,0.59,72615
GDY,20040901,1.42,1.43,1.41,1.43,89885
GFD,20040901,1.02,1.03,1.01,1.02,77300
GGL,20040901,0.435,0.44,0.43,0.44,1338946
GGN,20040901,0.28,0.28,0.27,0.275,210850
GGP,20040901,0.32,0.32,0.305,0.31,262500
GGY,20040901,0.037,0.037,0.035,0.035,106500
GHG,20040901,0.71,0.72,0.7,0.72,230608
GIL,20040901,0.3,0.3,0.3,0.3,13100
GIP,20040901,0.1,0.105,0.1,0.1,105402
GIR,20040901,0.13,0.135,0.13,0.135,200000
GLB,20040901,0.57,0.57,0.55,0.56,402428
GLN,20040901,0.29,0.3,0.27,0.28,307844
GLO,20040901,0.085,0.085,0.085,0.085,50000
GME,20040901,0.135,0.135,0.135,0.135,235000
GMI,20040901,0.92,0.93,0.92,0.93,26450
GML,20040901,0.1,0.1,0.1,0.1,84000
GNC,20040901,12.8,12.8,12.73,12.8,11461
GNL,20040901,0.125,0.13,0.12,0.13,195000
GNS,20040901,14.35,14.52,14.29,14.52,156799
GOA,20040901,0.14,0.14,0.14,0.14,266
GOG,20040901,0.2,0.2,0.2,0.2,96300
GOW,20040901,2.55,2.55,2.55,2.55,1755
GPE,20040901,0.18,0.185,0.18,0.185,92500
GPG,20040901,1.81,1.81,1.8,1.8,24906
GPO,20040901,0.052,0.054,0.052,0.054,701860
GPT,20040901,3.55,3.6,3.55,3.6,9766044
GRD,20040901,2.15,2.15,2.12,2.14,63366
GRN,20040901,0.34,0.34,0.32,0.32,81014
GRO,20040901,0.84,0.84,0.83,0.83,11800
GRP,20040901,1.14,1.15,1.05,1.05,53500
GRR,20040901,0.65,0.66,0.65,0.66,114973
GRT,20040901,0.12,0.12,0.12,0.12,10000
GRY,20040901,0.16,0.17,0.16,0.17,79000
GSE,20040901,0.035,0.035,0.035,0.035,5397
GTG,20040901,0.335,0.335,0.33,0.335,489524
GTM,20040901,0.067,0.07,0.066,0.069,1669564
GTP,20040901,3.15,3.19,3.1,3.11,1058420
GUD,20040901,10.07,10.07,9.57,9.85,151964
GUN,20040901,0.195,0.195,0.185,0.195,162260
GWT,20040901,3.15,3.21,3.14,3.18,545409
GZL,20040901,3.05,3.05,3.01,3.05,50050
HAK,20040901,7.82,7.82,7.75,7.75,106880
HAN,20040901,9.62,9.62,9.62,9.62,1223
HAO,20040901,0.19,0.19,0.185,0.185,27272
HAV,20040901,0.27,0.27,0.27,0.27,14000
HBL,20040901,0.35,0.36,0.35,0.36,3073
HCC,20040901,1.48,1.48,1.48,1.48,2000
HCN,20040901,1.15,1.15,1.15,1.15,2750
HCY,20040901,0.021,0.021,0.021,0.021,820000
HDN,20040901,0.09,0.105,0.09,0.1,753500
HDR,20040901,1.95,1.97,1.82,1.83,6837888
HER,20040901,0.71,0.71,0.71,0.71,7000
HGO,20040901,0.19,0.19,0.19,0.19,20000
HGR,20040901,0.07,0.07,0.07,0.07,200000
HHG,20040901,1.18,1.21,1.18,1.2,10980339
HHL,20040901,6.65,6.65,6.53,6.55,4060
HHV,20040901,0.99,1,0.99,1,148280
HIB,20040901,0.5,0.5,0.5,0.5,10000
HIC,20040901,0.64,0.64,0.63,0.63,108990
HIG,20040901,0.38,0.38,0.375,0.375,170550
HIL,20040901,4.35,4.45,4.34,4.37,87015
HIT,20040901,0.068,0.068,0.068,0.068,30000
HLD,20040901,0.5,0.5,0.49,0.49,72680
HLT,20040901,0.45,0.45,0.45,0.45,11333
HLX,20040901,0.175,0.175,0.175,0.175,102500
HLY,20040901,8.3,8.51,8.3,8.35,163683
HMC,20040901,0.043,0.043,0.043,0.043,150000
HME,20040901,5.77,5.78,5.77,5.78,1941
HNG,20040901,1.98,1.98,1.94,1.94,34928
HNR,20040901,0.15,0.15,0.15,0.15,100000
HOM,20040901,0.345,0.35,0.345,0.35,30000
HPX,20040901,1.73,1.74,1.72,1.73,75940
HRD,20040901,0.28,0.28,0.28,0.28,107000
HSC,20040901,0.36,0.36,0.36,0.36,25500
HSP,20040901,3.45,3.57,3.44,3.49,93697
HTA,20040901,0.36,0.36,0.345,0.35,1391891
HTE,20040901,0.05,0.05,0.048,0.049,1114884
HTL,20040901,0.165,0.17,0.165,0.165,265500
HUG,20040901,0.073,0.073,0.073,0.073,10385
HVN,20040901,2.94,2.94,2.81,2.84,4858876
HWE,20040901,0.88,0.88,0.86,0.87,363526
HWG,20040901,0.115,0.12,0.115,0.12,2126380
HWI,20040901,2.24,2.24,2.15,2.15,204810
HWT,20040901,1.66,1.72,1.66,1.69,48055
HWW,20040901,0.1,0.1,0.1,0.1,134000
HYO,20040901,0.11,0.115,0.105,0.11,115100
HZN,20040901,0.077,0.077,0.073,0.075,455455
IAG,20040901,5.11,5.2,5.1,5.15,4248523
IAS,20040901,0.4,0.4,0.395,0.395,15000
IAT,20040901,0.085,0.085,0.081,0.081,111000
IBA,20040901,0.6,0.62,0.59,0.59,492668
IBC,20040901,0.55,0.55,0.55,0.55,27940
ICC,20040901,0.011,0.011,0.008,0.008,4310000
ICE,20040901,0.023,0.023,0.023,0.023,252313
ICH,20040901,0.28,0.295,0.28,0.295,32000
ICN,20040901,0.045,0.046,0.045,0.046,213000
ICO,20040901,0.2,0.2,0.2,0.2,22300
ICS,20040901,0.31,0.31,0.305,0.305,111125
IDE,20040901,0.265,0.265,0.265,0.265,86572
IDT,20040901,2.24,2.28,2.22,2.28,20211
IEF,20040901,1.01,1.01,1,1,52242
IFC,20040901,0.23,0.23,0.22,0.22,48164
IFL,20040901,7.39,7.45,7.35,7.35,64696
IFM,20040901,0.64,0.66,0.61,0.64,9752879
IGL,20040901,0.315,0.315,0.315,0.315,17800
IGO,20040901,1.09,1.09,1.05,1.05,283321
IGP,20040901,3.3,3.35,3.27,3.3,28050
IHG,20040901,0.069,0.069,0.051,0.061,1787100
IIF,20040901,1.96,1.99,1.95,1.98,2803233
IIN,20040901,2.8,2.8,2.78,2.78,15360
ILU,20040901,4.58,4.77,4.58,4.74,699503
IMA,20040901,0.32,0.325,0.32,0.32,86888
IMD,20040901,0.15,0.15,0.15,0.15,2169644
IMF,20040901,0.83,0.85,0.83,0.85,27757
IMH,20040901,0.24,0.24,0.235,0.235,83000
IMI,20040901,0.023,0.023,0.023,0.023,1042500
IMP,20040901,0.004,0.005,0.004,0.005,1300000
IMU,20040901,0.34,0.345,0.33,0.33,91000
INL,20040901,0.094,0.097,0.094,0.094,102000
INO,20040901,0.17,0.17,0.17,0.17,48616
INP,20040901,0.6,0.6,0.58,0.59,122642
INT,20040901,0.033,0.033,0.03,0.03,2929704
INV,20040901,0.065,0.065,0.065,0.065,73500
IOC,20040901,2.22,2.22,2.2,2.2,33451
IOF,20040901,1.25,1.27,1.24,1.27,6848349
ION,20040901,1.65,1.66,1.63,1.65,476639
IPA,20040901,0.98,0.99,0.98,0.98,45000
IPG,20040901,2,2.02,1.99,2.02,2590593
IPL,20040901,19,19,19,19,3606
IPN,20040901,0.029,0.029,0.028,0.028,835305
IPS,20040901,1.16,1.17,1.16,1.16,61210
IRC,20040901,0.071,0.071,0.071,0.071,110000
IRE,20040901,3.62,3.75,3.62,3.68,223946
IRI,20040901,0.43,0.43,0.42,0.425,69660
IRN,20040901,0.29,0.29,0.29,0.29,19200
ITC,20040901,0.073,0.076,0.071,0.071,315000
ITD,20040901,0.27,0.27,0.24,0.245,652737
ITE,20040901,0.25,0.265,0.25,0.25,204850
ITF,20040901,1.44,1.45,1.42,1.45,82000
IVC,20040901,2.82,2.85,2.81,2.84,794179
IVK,20040901,0.02,0.02,0.02,0.02,80000
IWF,20040901,2.16,2.21,2.15,2.2,55644
IWI,20040901,1.9,1.92,1.9,1.91,183624
IWL,20040901,0.33,0.33,0.325,0.325,47891
JAG,20040901,0.14,0.14,0.13,0.13,10000
JAK,20040901,0.155,0.155,0.155,0.155,6000
JBH,20040901,2.85,2.9,2.85,2.9,321046
JBM,20040901,4.18,4.18,4.09,4.12,661589
JET,20040901,0.495,0.5,0.485,0.49,168370
JFG,20040901,2.97,2.99,2.95,2.98,415049
JFM,20040901,1.1,1.11,1.1,1.11,162900
JHX,20040901,5.4,5.55,5.38,5.55,2851683
JMB,20040901,0.41,0.41,0.345,0.345,40595
JRV,20040901,0.005,0.006,0.005,0.006,37000
JST,20040901,2.33,2.35,2.33,2.34,1411299
JUM,20040901,0.018,0.02,0.017,0.02,847800
JYC,20040901,0.74,0.75,0.73,0.75,14667
KBO,20040901,0.074,0.074,0.074,0.074,25000
KCN,20040901,3.32,3.33,3.28,3.3,70732
KET,20040901,0.085,0.085,0.085,0.085,24000
KIM,20040901,1.52,1.54,1.48,1.48,243904
KKT,20040901,0.95,0.95,0.94,0.94,30945
KME,20040901,2.26,2.3,2.2,2.25,66805
KMN,20040901,0.066,0.067,0.066,0.066,114897
KOV,20040901,4.1,4.1,4.1,4.1,1100
KRS,20040901,0.57,0.57,0.56,0.57,105265
KSC,20040901,2.56,2.56,2.55,2.55,13000
KYC,20040901,1.78,1.8,1.77,1.8,76840
KZL,20040901,0.9,0.9,0.9,0.9,78568
LAF,20040901,0.11,0.115,0.11,0.115,1222000
LAL,20040901,0.05,0.051,0.05,0.05,153596
LAS,20040901,0.12,0.125,0.12,0.125,100000
LAU,20040901,0.275,0.275,0.275,0.275,98400
LCL,20040901,0.76,0.76,0.76,0.76,159000
LCO,20040901,0.81,0.81,0.81,0.81,4500
LCT,20040901,0.235,0.265,0.235,0.25,358000
LDW,20040901,4.84,4.84,4.8,4.8,6790
LEG,20040901,0.105,0.105,0.098,0.1,313622
LEI,20040901,9.83,9.83,9.61,9.65,461667
LEP,20040901,1.49,1.54,1.49,1.53,331294
LGO,20040901,0.011,0.011,0.011,0.011,224500
LHG,20040901,1.05,1.05,1.02,1.03,19657178
LIM,20040901,5.8,5.8,5.78,5.8,8878
LIP,20040901,2.15,2.15,2.08,2.08,299765
LKO,20040901,0.05,0.051,0.046,0.048,36791919
LKP,20040901,0.06,0.06,0.06,0.06,193500
LLC,20040901,11.1,11.22,11.1,11.2,1993967
LMC,20040901,2.5,2.5,2.5,2.5,2710
LNN,20040901,7.15,7.18,7.05,7.15,711742
LOK,20040901,0.105,0.11,0.105,0.105,435680
LRX,20040901,0.17,0.17,0.17,0.17,106792
LSG,20040901,1.53,1.55,1.53,1.53,128777
LUM,20040901,0.085,0.085,0.072,0.076,3071647
LYC,20040901,0.27,0.29,0.27,0.29,55000
MAC,20040901,0.049,0.049,0.049,0.049,1000
MAG,20040901,1.3,1.3,1.3,1.3,1000
MAH,20040901,0.32,0.32,0.315,0.315,1015007
MAP,20040901,2.4,2.48,2.4,2.48,7682718
MAQ,20040901,0.195,0.2,0.19,0.2,800000
MAR,20040901,0.17,0.17,0.165,0.165,46000
MAY,20040901,4.07,4.18,4.07,4.13,3277649
MBL,20040901,33.88,34.67,33.88,34.5,1477187
MBP,20040901,1.41,1.43,1.4,1.41,501873
MBX,20040901,0.061,0.061,0.06,0.06,80000
MCC,20040901,2.77,2.77,2.65,2.65,246189
MCG,20040901,4.34,4.36,4.28,4.3,72798
MCK,20040901,0.79,0.79,0.79,0.79,3400
MCL,20040901,0.007,0.007,0.007,0.007,100000
MCO,20040901,0.05,0.051,0.05,0.051,90425
MCP,20040901,4.74,4.74,4.67,4.68,57924
MCR,20040901,0.63,0.64,0.61,0.63,736895
MCW,20040901,1.91,1.95,1.91,1.94,1767664
MDE,20040901,0.84,0.84,0.84,0.84,10000
MDM,20040901,0.058,0.063,0.056,0.056,2876796
MDT,20040901,1.15,1.16,1.14,1.16,11283393
MDV,20040901,0.16,0.16,0.16,0.16,30000
MEE,20040901,0.07,0.073,0.07,0.073,296719
MEI,20040901,0.21,0.21,0.2,0.2,36649
MEO,20040901,0.17,0.17,0.165,0.165,60414
MFI,20040901,1.18,1.18,1.18,1.18,5000
MFS,20040901,1.43,1.45,1.43,1.45,22528
MFT,20040901,0.86,0.86,0.86,0.86,11779
MGI,20040901,1.79,1.82,1.79,1.82,3774192
MGM,20040901,3.86,3.9,3.84,3.9,141253
MGO,20040901,0.092,0.092,0.092,0.092,50000
MGR,20040901,4.53,4.59,4.53,4.58,2181629
MGW,20040901,5.07,5.07,5.04,5.06,436251
MGX,20040901,0.145,0.15,0.145,0.15,159300
MIA,20040901,1.06,1.06,1.04,1.06,4428955
MIC,20040901,0.094,0.094,0.092,0.092,869000
MIG,20040901,3.55,3.58,3.55,3.57,4418942
MIK,20040901,0.05,0.05,0.047,0.047,440000
MIL,20040901,0.058,0.058,0.055,0.055,462429
MIR,20040901,1.26,1.26,1.26,1.26,12100
MIS,20040901,0.39,0.39,0.38,0.38,55500
MIW,20040901,0.04,0.04,0.04,0.04,85000
MLB,20040901,1.09,1.1,1.09,1.1,13091
MLE,20040901,1.29,1.3,1.28,1.3,268707
MLT,20040901,14.45,14.6,14.4,14.42,4098
MMA,20040901,1.02,1.02,1.01,1.02,157499
MMN,20040901,0.14,0.14,0.135,0.14,209857
MMS,20040901,1.31,1.31,1.28,1.28,63098
MND,20040901,6.85,6.9,6.85,6.9,34719
MNR,20040901,1.39,1.46,1.38,1.41,339622
MOB,20040901,0.165,0.165,0.165,0.165,28646
MOC,20040901,1.05,1.05,1.04,1.04,127051
MOF,20040901,1.23,1.24,1.22,1.24,2529300
MOG,20040901,0.18,0.185,0.18,0.185,185000
MOO,20040901,0.063,0.063,0.06,0.061,239119
MOS,20040901,0.175,0.175,0.17,0.17,1898442
MPH,20040901,0.71,0.72,0.71,0.71,70459
MPI,20040901,0.14,0.14,0.135,0.14,152300
MPM,20040901,1.61,1.62,1.57,1.62,104990
MPO,20040901,0.031,0.032,0.031,0.031,1548700
MPR,20040901,1.15,1.17,1.15,1.17,2167685
MRC,20040901,0.19,0.19,0.19,0.19,24000
MRE,20040901,2.18,2.18,2.09,2.1,2372530
MRL,20040901,1.38,1.39,1.37,1.38,1795115
MRM,20040901,0.315,0.325,0.31,0.32,98208
MRS,20040901,0.195,0.195,0.195,0.195,2562
MRT,20040901,0.45,0.45,0.45,0.45,59805
MRX,20040901,0.084,0.085,0.083,0.083,902235
MRY,20040901,0.011,0.011,0.011,0.011,66423
MSC,20040901,0.088,0.088,0.085,0.086,359840
MSF,20040901,6.35,6.4,6.35,6.4,7500
MSO,20040901,0.062,0.065,0.06,0.065,78000
MST,20040901,0.29,0.29,0.275,0.275,3001089
MTB,20040901,0.078,0.078,0.078,0.078,7000
MTD,20040901,0.215,0.225,0.215,0.225,20374
MTH,20040901,0.385,0.385,0.37,0.37,82500
MTI,20040901,0.51,0.51,0.49,0.49,53000
MTO,20040901,0.24,0.245,0.24,0.24,77810
MTR,20040901,0.23,0.24,0.225,0.24,511000
MTT,20040901,2.7,2.71,2.69,2.71,438155
MUL,20040901,0.037,0.038,0.036,0.036,12653036
MVP,20040901,0.85,0.85,0.84,0.85,52970
MVU,20040901,1.45,1.45,1.37,1.37,110483
MXI,20040901,0.88,0.88,0.86,0.86,374564
MXL,20040901,0.105,0.105,0.1,0.1,275800
MYO,20040901,1.38,1.39,1.38,1.38,859389
NAB,20040901,26.75,27,26.73,26.97,4294596
NAL,20040901,0.75,0.77,0.74,0.74,191607
NAM,20040901,0.48,0.48,0.475,0.475,70400
NAV,20040901,0.13,0.13,0.13,0.13,3000
NBL,20040901,2.8,2.8,2.79,2.79,2757
NCA,20040901,0.012,0.012,0.012,0.012,2607286
NCH,20040901,0.205,0.205,0.205,0.205,2500
NCI,20040901,1.46,1.46,1.45,1.45,315026
NCK,20040901,1.6,1.6,1.6,1.6,22500
NCM,20040901,15,15.09,14.89,14.95,2022674
NCP,20040901,11.05,11.16,11.03,11.08,7119195
NDC,20040901,0.33,0.335,0.32,0.32,62900
NDO,20040901,0.02,0.02,0.02,0.02,2830000
NEM,20040901,6.2,6.23,6.2,6.23,72075
NEO,20040901,0.025,0.025,0.024,0.024,1900000
NFD,20040901,4.67,4.67,4.61,4.63,554735
NGM,20040901,0.16,0.16,0.16,0.16,80000
NHC,20040901,1.3,1.32,1.26,1.26,50561
NHL,20040901,0.23,0.235,0.23,0.23,127200
NHM,20040901,0.005,0.005,0.004,0.004,1000000
NHR,20040901,0.425,0.425,0.425,0.425,114537
NIA,20040901,0.11,0.11,0.105,0.11,455000
NKL,20040901,0.155,0.155,0.15,0.15,132606
NKP,20040901,0.99,1,0.99,1,145648
NLX,20040901,0.3,0.3,0.295,0.295,2556521
NMC,20040901,0.039,0.039,0.039,0.039,726094
NRT,20040901,4.61,4.73,4.6,4.73,183297
NST,20040901,0.155,0.155,0.155,0.155,63
NTC,20040901,0.31,0.315,0.31,0.31,129946
NTG,20040901,0.047,0.048,0.044,0.045,1299614
NUF,20040901,6.25,6.38,6.25,6.38,125983
NVE,20040901,0.15,0.15,0.15,0.15,325000
NWA,20040901,0.053,0.055,0.049,0.049,416087
NWE,20040901,0.055,0.055,0.054,0.054,483800
NWK,20040901,0.19,0.2,0.19,0.2,9250
NXS,20040901,0.26,0.265,0.26,0.26,871164
NZO,20040901,0.76,0.76,0.72,0.72,7318
OBJ,20040901,0.017,0.017,0.017,0.017,11000
OCL,20040901,0.9,0.9,0.88,0.88,21020
OCO,20040901,0.022,0.022,0.02,0.021,3249169
OEC,20040901,0.15,0.15,0.145,0.145,1187831
OEX,20040901,0.17,0.17,0.17,0.17,112000
OFM,20040901,2.05,2.14,2.05,2.12,27506
OGD,20040901,0.83,0.83,0.8,0.82,76601
OIL,20040901,0.275,0.28,0.275,0.275,107000
OKN,20040901,1.37,1.37,1.35,1.37,20000
OLY,20040901,0.19,0.2,0.19,0.2,673495
OMC,20040901,0.2,0.2,0.195,0.195,14999
OMH,20040901,1.05,1.05,1.05,1.05,25000
OMI,20040901,1.43,1.56,1.39,1.56,29158
OMP,20040901,3.58,3.58,3.53,3.56,224089
OPC,20040901,0.23,0.23,0.23,0.23,30000
OPI,20040901,0.15,0.155,0.125,0.155,346000
OPL,20040901,0.235,0.235,0.23,0.235,418990
OPM,20040901,0.006,0.006,0.006,0.006,1159000
OPS,20040901,3.83,3.83,3.83,3.83,8000
ORG,20040901,5.87,5.98,5.86,5.97,4279470
ORI,20040901,16.12,16.72,16.12,16.65,1305625
ORL,20040901,2.51,2.53,2.5,2.51,48481
ORO,20040901,0.06,0.06,0.06,0.06,5000
ORP,20040901,0.02,0.02,0.02,0.02,185000
ORT,20040901,0.11,0.135,0.11,0.135,85000
OSH,20040901,1.35,1.36,1.34,1.34,7962723
OST,20040901,2.92,2.99,2.87,2.99,2443636
OTI,20040901,0.165,0.165,0.165,0.165,30000
OTT,20040901,0.43,0.45,0.39,0.45,54534
OXR,20040901,0.8,0.8,0.79,0.8,4890643
PAC,20040901,0.76,0.76,0.76,0.76,750
PAO,20040901,1.29,1.29,1.28,1.29,4597620
PBB,20040901,3.66,3.69,3.64,3.69,1330896
PBD,20040901,1.17,1.17,1.15,1.15,60571
PBG,20040901,2.77,2.78,2.67,2.68,12651305
PBI,20040901,0.32,0.33,0.32,0.33,22500
PBL,20040901,13.6,13.7,13.52,13.56,801318
PBO,20040901,0.41,0.41,0.395,0.395,37900
PBT,20040901,0.52,0.54,0.52,0.54,56000
PCG,20040901,0.355,0.355,0.345,0.345,309650
PCL,20040901,0.071,0.072,0.07,0.07,175700
PCO,20040901,0.018,0.018,0.013,0.014,1252052
PDG,20040901,24.51,24.53,24.51,24.53,14049
PDM,20040901,0.078,0.078,0.078,0.078,22237
PDN,20040901,0.195,0.21,0.195,0.21,1506000
PEA,20040901,0.26,0.3,0.26,0.28,77200
PEM,20040901,0.77,0.78,0.76,0.78,126289
PEN,20040901,0.02,0.02,0.019,0.019,363000
PEO,20040901,0.175,0.175,0.16,0.175,403328
PEP,20040901,0.78,0.78,0.78,0.78,5000
PGA,20040901,2.5,2.5,2.5,2.5,153500
PGL,20040901,4.23,4.24,4.22,4.24,26229
PGN,20040901,1.07,1.07,1.03,1.03,7000
PGS,20040901,0.225,0.225,0.225,0.225,200000
PHL,20040901,0.061,0.061,0.06,0.06,100000
PHY,20040901,3.1,3.15,3.09,3.15,858001
PIF,20040901,1.24,1.26,1.24,1.24,1542552
PIL,20040901,0.17,0.17,0.17,0.17,561500
PIO,20040901,0.13,0.13,0.13,0.13,10000
PIV,20040901,1.14,1.15,1.13,1.14,227723
PLA,20040901,0.18,0.19,0.18,0.19,47752
PLT,20040901,0.52,0.52,0.52,0.52,7334
PMA,20040901,0.071,0.08,0.07,0.07,69000
PMC,20040901,2.33,2.37,2.33,2.37,95009
PME,20040901,0.73,0.73,0.73,0.73,3000
PMG,20040901,8.94,9,8.94,9,4000
PMM,20040901,1.97,1.97,1.91,1.92,627553
PMN,20040901,4.29,4.41,4.29,4.34,5280246
PMP,20040901,1.7,1.71,1.69,1.7,1101441
PMV,20040901,3.95,3.95,3.95,3.95,3000
PNA,20040901,0.15,0.15,0.145,0.15,360000
PNO,20040901,0.065,0.065,0.063,0.063,1332503
PNW,20040901,0.04,0.04,0.04,0.04,981200
POH,20040901,0.205,0.21,0.205,0.205,70000
PPC,20040901,1.45,1.45,1.44,1.45,96790
PPD,20040901,0.5,0.5,0.495,0.495,7000
PPK,20040901,1.01,1.02,1.01,1.02,42890
PPN,20040901,0.45,0.45,0.4,0.4,25537
PPP,20040901,0.165,0.165,0.15,0.15,2164220
PPR,20040901,1.38,1.39,1.38,1.39,80480
PPT,20040901,46.12,47.38,46.12,46.7,69855
PPX,20040901,5.28,5.31,5.26,5.27,4097520
PRE,20040901,0.009,0.009,0.009,0.009,344500
PRG,20040901,3.35,3.37,3.34,3.36,394543
PRK,20040901,5.28,5.29,5.23,5.25,884539
PRM,20040901,0.049,0.049,0.049,0.049,120000
PRO,20040901,0.16,0.17,0.16,0.17,23800
PRR,20040901,0.165,0.17,0.16,0.16,143000
PRT,20040901,2.7,2.7,2.58,2.58,8959
PRV,20040901,0.97,0.98,0.97,0.97,86342
PRX,20040901,0.89,0.91,0.89,0.91,2423120
PRY,20040901,5.83,5.84,5.8,5.83,32195
PSA,20040901,1.03,1.05,1.02,1.02,225000
PSD,20040901,0.99,0.99,0.96,0.99,214800
PSG,20040901,0.135,0.135,0.135,0.135,31500
PSI,20040901,0.27,0.27,0.27,0.27,136755
PSN,20040901,6.04,6.04,6.04,6.04,500
PSP,20040901,0.115,0.12,0.11,0.12,179078
PSR,20040901,0.012,0.012,0.012,0.012,4200000
PSV,20040901,0.295,0.3,0.29,0.3,419000
PSX,20040901,0.23,0.245,0.23,0.235,400905
PTD,20040901,1.53,1.53,1.47,1.5,596595
PTS,20040901,0.07,0.07,0.07,0.07,100000
PWR,20040901,0.034,0.034,0.033,0.033,549589
PWT,20040901,1.2,1.2,1.18,1.19,88427
PXS,20040901,0.63,0.63,0.61,0.61,169030
QAD,20040901,0.035,0.035,0.035,0.035,62049
QAN,20040901,3.41,3.42,3.37,3.39,8860927
QBE,20040901,12.65,12.75,12.6,12.67,1343436
QCH,20040901,4.1,4.15,4.09,4.15,33939
QED,20040901,0.011,0.011,0.009,0.009,1040900
QGC,20040901,0.18,0.18,0.175,0.18,411502
QML,20040901,0.155,0.155,0.155,0.155,51956
QPX,20040901,0.12,0.12,0.09,0.095,1592887
QRS,20040901,0.27,0.285,0.265,0.28,4959702
QTM,20040901,0.18,0.18,0.17,0.17,13362
QUE,20040901,0.17,0.17,0.17,0.17,25000
QUR,20040901,0.032,0.032,0.032,0.032,300000
QVL,20040901,0.008,0.008,0.007,0.007,2937500
RAC,20040901,0.59,0.59,0.59,0.59,45000
RAU,20040901,0.13,0.13,0.13,0.13,3102
RBS,20040901,7.87,7.87,7.79,7.79,8834
RBY,20040901,0.079,0.08,0.079,0.08,100000
RCD,20040901,4.43,4.48,4.42,4.42,253190
RCG,20040901,0.52,0.52,0.52,0.52,12000
RCL,20040901,2.94,2.94,2.91,2.91,364504
RCM,20040901,0.055,0.055,0.055,0.055,20450
RCR,20040901,0.395,0.395,0.395,0.395,20000
RCT,20040901,3.02,3.02,3.02,3.02,1000
RDF,20040901,2.65,2.66,2.6,2.64,44120
RDM,20040901,0.17,0.17,0.17,0.17,10000
RDR,20040901,0.235,0.235,0.23,0.23,20000
REA,20040901,0.81,0.81,0.81,0.81,2250
REB,20040901,2.83,2.85,2.83,2.85,4148
RED,20040901,0.13,0.13,0.125,0.13,392493
REH,20040901,10,10.05,9.9,10.05,13810
REL,20040901,0.1,0.1,0.1,0.1,24500
REM,20040901,0.36,0.375,0.36,0.375,508400
RFS,20040901,0.185,0.2,0.18,0.2,4481988
RHC,20040901,6.24,6.25,6.22,6.22,137619
RHD,20040901,0.83,0.83,0.82,0.82,8624
RHL,20040901,3.8,3.8,3.8,3.8,229
RIC,20040901,1.3,1.33,1.3,1.33,253063
RIN,20040901,8.65,8.68,8.56,8.64,8131221
RIO,20040901,36,36.05,35.7,35.78,4208900
RKN,20040901,0.82,0.84,0.81,0.84,93937
RLD,20040901,0.085,0.086,0.085,0.086,128000
RMC,20040901,0.045,0.045,0.042,0.042,239000
RMD,20040901,6.68,6.84,6.68,6.83,380300
RMG,20040901,0.024,0.024,0.023,0.023,1146000
RMI,20040901,0.005,0.006,0.005,0.005,1220800
RML,20040901,0.15,0.15,0.15,0.15,149000
RMS,20040901,0.095,0.095,0.095,0.095,5500
RNG,20040901,0.28,0.28,0.275,0.275,9000
ROC,20040901,1.7,1.73,1.69,1.7,940181
ROK,20040901,3.53,3.53,3.46,3.46,41839
RPC,20040901,0.39,0.39,0.385,0.39,89014
RPG,20040901,0.55,0.55,0.55,0.55,5100
RPH,20040901,1.18,1.2,1.18,1.2,16483156
RPM,20040901,0.092,0.092,0.092,0.092,9184
RPT,20040901,0.02,0.02,0.02,0.02,7000
RRL,20040901,0.069,0.069,0.067,0.067,249000
RRS,20040901,0.027,0.027,0.024,0.024,4825164
RRT,20040901,1.08,1.09,1.08,1.09,122300
RSG,20040901,1.21,1.23,1.15,1.15,254350
RSN,20040901,0.13,0.13,0.125,0.125,385542
RTL,20040901,0.315,0.315,0.3,0.3,6060
RTM,20040901,0.059,0.059,0.059,0.059,100000
RUP,20040901,8.4,8.47,8.37,8.42,36106
SAI,20040901,1.97,1.97,1.9,1.92,33455
SAQ,20040901,5.19,5.19,5.16,5.16,1870
SAX,20040901,0.13,0.13,0.13,0.13,3000
SBC,20040901,12.3,12.5,12.3,12.4,56818
SBL,20040901,0.26,0.26,0.22,0.22,154858
SBM,20040901,0.044,0.045,0.044,0.044,497000
SBP,20040901,0.135,0.135,0.135,0.135,100000
SBS,20040901,0.063,0.063,0.063,0.063,1604
SCD,20040901,0.02,0.02,0.02,0.02,35500
SCF,20040901,113.2,114.2,113.2,114.2,610
SCV,20040901,0.8,0.8,0.8,0.8,250
SDG,20040901,1.19,1.19,1.17,1.19,226100
SDI,20040901,8.2,8.2,8,8,44394
SDL,20040901,0.012,0.012,0.012,0.012,250000
SDR,20040901,0.17,0.17,0.165,0.165,22800
SDS,20040901,0.82,0.83,0.81,0.83,348400
SED,20040901,0.23,0.23,0.22,0.22,48000
SEL,20040901,1.36,1.36,1.34,1.35,163045
SEN,20040901,0.072,0.077,0.072,0.077,1686640
SES,20040901,0.25,0.25,0.25,0.25,5600
SEV,20040901,4.87,4.87,4.62,4.66,2171246
SFC,20040901,14.96,14.99,14.9,14.95,21858
SFE,20040901,6.76,6.83,6.76,6.81,456715
SFR,20040901,0.24,0.25,0.24,0.25,84835
SFY,20040901,35.33,35.33,35.33,35.33,2400
SGB,20040901,21.49,21.73,21.48,21.6,1005950
SGL,20040901,0.91,0.92,0.91,0.91,228800
SGN,20040901,3.15,3.15,3.13,3.14,254289
SGP,20040901,5.61,5.74,5.61,5.73,5623267
SGS,20040901,1.22,1.26,1.22,1.25,57425
SGX,20040901,1.9,1.9,1.9,1.9,40500
SHL,20040901,9.35,9.37,9.3,9.3,1130005
SHN,20040901,0.165,0.17,0.16,0.165,948442
SHV,20040901,7.85,7.85,7.73,7.84,13750
SIB,20040901,0.22,0.23,0.22,0.23,23800
SIE,20040901,0.07,0.07,0.062,0.065,2585605
SIG,20040901,8.11,8.14,8.05,8.12,235114
SKC,20040901,4.21,4.21,4.21,4.21,2387
SKE,20040901,2.75,2.79,2.75,2.76,80189
SKG,20040901,0.052,0.054,0.051,0.053,950000
SKR,20040901,0.05,0.05,0.049,0.049,230000
SLA,20040901,0.11,0.11,0.11,0.11,50000
SLF,20040901,16.87,16.99,16.87,16.99,6678
SLM,20040901,4.18,4.19,4.15,4.15,75696
SLT,20040901,0.475,0.475,0.455,0.46,138550
SLV,20040901,0.31,0.31,0.29,0.29,135000
SLX,20040901,1.35,1.4,1.35,1.36,485747
SMA,20040901,0.015,0.015,0.015,0.015,33400
SML,20040901,0.088,0.093,0.087,0.09,481836
SMN,20040901,0.22,0.22,0.2,0.2,181986
SMO,20040901,0.087,0.091,0.087,0.088,433700
SMS,20040901,12.44,12.61,12.44,12.5,219834
SMX,20040901,0.41,0.42,0.405,0.42,2316235
SMY,20040901,0.75,0.76,0.75,0.76,85614
SNF,20040901,0.6,0.64,0.6,0.61,44625
SNL,20040901,0.52,0.52,0.52,0.52,20000
SNN,20040901,0.32,0.32,0.31,0.31,1248206
SNO,20040901,0.26,0.27,0.24,0.27,497627
SOL,20040901,8.2,8.2,8.15,8.19,32370
SOM,20040901,0.42,0.425,0.415,0.415,436450
SOT,20040901,1.69,1.78,1.69,1.75,111078
SPC,20040901,1.49,1.5,1.47,1.48,509415
SPH,20040901,0.18,0.18,0.18,0.18,175
SPL,20040901,0.87,0.87,0.85,0.85,8650
SPT,20040901,4.9,5.02,4.9,5,134527
SRA,20040901,0.16,0.165,0.16,0.16,3532407
SRI,20040901,0.14,0.14,0.135,0.135,270235
SRL,20040901,1.32,1.33,1.32,1.32,130800
SRP,20040901,3.46,3.53,3.46,3.5,2950710
SRV,20040901,2.35,2.4,2.35,2.4,30803
SRX,20040901,2.4,2.41,2.31,2.31,25163
SSH,20040901,0.035,0.035,0.035,0.035,57000
SSS,20040901,1.85,1.85,1.85,1.85,2000
SSX,20040901,1.16,1.19,1.16,1.19,7488009
STI,20040901,0.25,0.25,0.25,0.25,65000
STN,20040901,0.155,0.16,0.155,0.155,78459
STO,20040901,6.57,6.62,6.52,6.58,3632315
STP,20040901,0.05,0.05,0.045,0.046,954653
STS,20040901,0.55,0.55,0.55,0.55,5300
STT,20040901,0.016,0.016,0.016,0.016,232500
STU,20040901,0.79,0.79,0.75,0.76,220500
STW,20040901,36.21,36.35,36.21,36.35,495
STX,20040901,0.25,0.25,0.245,0.245,49702
SUL,20040901,2.87,2.88,2.85,2.85,84240
SUN,20040901,14.6,14.75,14.6,14.65,4062408
SUR,20040901,0.11,0.12,0.11,0.12,428995
SWG,20040901,0.02,0.02,0.02,0.02,120000
SYG,20040901,0.007,0.007,0.007,0.007,150000
SYM,20040901,1.34,1.34,1.32,1.34,542081
SYN,20040901,0.43,0.43,0.39,0.39,9000
TAA,20040901,0.064,0.066,0.06,0.065,7128311
TAG,20040901,0.27,0.31,0.27,0.31,128642
TAH,20040901,14.66,14.74,14.55,14.6,4197321
TAM,20040901,0.185,0.185,0.18,0.18,90000
TAN,20040901,1.48,1.48,1.47,1.47,4000
TAP,20040901,1.64,1.66,1.64,1.66,1175817
TAS,20040901,0.075,0.075,0.075,0.075,7000
TAW,20040901,1.37,1.37,1.36,1.36,10790
TBC,20040901,0.25,0.25,0.24,0.24,393500
TCL,20040901,5.61,5.68,5.6,5.64,3338819
TEA,20040901,0.067,0.07,0.067,0.07,176000
TEE,20040901,0.029,0.037,0.029,0.037,168000
TEL,20040901,5.32,5.34,5.31,5.33,4168080
TEM,20040901,1.02,1.02,1.01,1.02,108990
TEN,20040901,3.37,3.48,3.37,3.46,692574
TGD,20040901,0.135,0.135,0.135,0.135,18000
TGF,20040901,0.215,0.215,0.215,0.215,30000
TGG,20040901,1.17,1.19,1.17,1.18,42200
TGR,20040901,0.87,0.89,0.86,0.87,92900
TGS,20040901,0.077,0.077,0.077,0.077,65000
THG,20040901,0.69,0.71,0.69,0.71,123107
THK,20040901,0.57,0.57,0.55,0.56,79582
THX,20040901,0.465,0.47,0.45,0.47,214170
TIF,20040901,0.41,0.41,0.4,0.4,145000
TIL,20040901,0.155,0.16,0.155,0.16,285000
TIM,20040901,1.56,1.56,1.5,1.52,560503
TIR,20040901,0.29,0.295,0.285,0.29,368000
TIS,20040901,0.76,0.76,0.76,0.76,4000
TKG,20040901,0.006,0.006,0.006,0.006,2000000
TKL,20040901,0.18,0.18,0.18,0.18,50000
TKR,20040901,1.68,1.68,1.6,1.65,63040
TLS,20040901,4.8,4.84,4.79,4.79,27979066
TMO,20040901,0.5,0.5,0.49,0.5,89005
TMS,20040901,0.033,0.033,0.032,0.032,1081000
TNC,20040901,0.265,0.265,0.26,0.26,100000
TNE,20040901,0.63,0.64,0.63,0.63,72306
TNS,20040901,2.56,2.58,2.54,2.54,30700
TOL,20040901,11,11.01,10.91,10.94,923192
TOR,20040901,1.3,1.3,1.25,1.3,74358
TOX,20040901,0.008,0.008,0.007,0.007,20000
TPG,20040901,0.2,0.2,0.2,0.2,30000
TPX,20040901,17.4,17.4,16.5,16.5,846
TRG,20040901,9.7,9.7,9.5,9.5,30715
TRS,20040901,2.43,2.47,2.43,2.47,171750
TRV,20040901,0.275,0.275,0.275,0.275,531
TRY,20040901,2.7,2.7,2.7,2.7,10000
TSE,20040901,5.39,5.39,5.27,5.3,750692
TSV,20040901,0.097,0.098,0.097,0.098,7500
TTH,20040901,0.14,0.14,0.14,0.14,495
TTR,20040901,0.3,0.3,0.29,0.295,243810
TTT,20040901,0.78,0.8,0.78,0.8,89152
TVN,20040901,0.19,0.205,0.19,0.205,79000
TWD,20040901,1.78,1.81,1.77,1.81,6850
TWO,20040901,0.3,0.3,0.3,0.3,259916
TWR,20040901,1.75,1.79,1.75,1.78,1686052
TYC,20040901,0.31,0.31,0.305,0.305,203859
TZL,20040901,0.6,0.62,0.58,0.62,891291
UCL,20040901,0.04,0.04,0.038,0.038,536000
UCM,20040901,2.9,2.9,2.9,2.9,2413
UCW,20040901,0.77,0.77,0.77,0.77,6000
UGL,20040901,5.9,5.95,5.9,5.9,417231
UNI,20040901,1.24,1.24,1.21,1.24,15400
UNW,20040901,0.85,0.87,0.82,0.82,464024
UOS,20040901,0.93,0.99,0.93,0.96,6600
URL,20040901,0.145,0.145,0.145,0.145,10000
UTB,20040901,9.78,9.94,9.76,9.85,198145
UXC,20040901,0.85,0.85,0.84,0.85,120258
VBA,20040901,1.79,1.81,1.79,1.8,3255661
VCM,20040901,1.7,1.7,1.7,1.7,1000
VCN,20040901,0.115,0.115,0.115,0.115,4999
VCR,20040901,1.75,1.79,1.75,1.77,365707
VGL,20040901,1.39,1.39,1.37,1.38,62294
VHL,20040901,0.41,0.41,0.365,0.385,400610
VIA,20040901,0.06,0.06,0.06,0.06,20000
VKI,20040901,0.4,0.41,0.4,0.4,46932
VLL,20040901,1.99,1.99,1.95,1.97,61050
VOY,20040901,0.275,0.275,0.27,0.275,171050
VPE,20040901,0.026,0.027,0.025,0.026,5708417
VPG,20040901,1.01,1.02,1,1.02,2197095
VRE,20040901,0.495,0.495,0.48,0.49,27795
VRI,20040901,0.145,0.145,0.14,0.14,90761
VRL,20040901,2.18,2.2,2.15,2.17,785242
VSG,20040901,0.032,0.034,0.031,0.034,804636
VSL,20040901,0.87,0.89,0.87,0.88,206470
VTI,20040901,0.69,0.69,0.64,0.65,247780
VTP,20040901,0.95,0.95,0.95,0.95,13000
VTR,20040901,1.01,1.01,1.01,1.01,40750
VWD,20040901,1.58,1.58,1.52,1.54,120166
VXS,20040901,0.09,0.11,0.09,0.11,35000
WAB,20040901,1.05,1.05,1.05,1.05,30500
WAG,20040901,0.2,0.21,0.2,0.21,455409
WAM,20040901,1.64,1.64,1.64,1.64,6100
WAN,20040901,7.65,8.05,7.55,7.88,255069
WAT,20040901,2.9,2.9,2.9,2.9,20000
WBA,20040901,0.85,0.87,0.85,0.86,34227
WBC,20040901,16.9,17.16,16.88,17.08,2892586
WCB,20040901,2.85,2.85,2.8,2.8,2000
WDC,20040901,15.43,15.53,15.43,15.53,10069392
WDP,20040901,1.87,1.87,1.82,1.82,3000
WES,20040901,30.05,30.2,30,30.1,1053111
WFL,20040901,2.65,2.7,2.65,2.7,120902
WHF,20040901,3.13,3.13,3.13,3.13,1000
WHS,20040901,4.25,4.25,4.24,4.24,1293
WIL,20040901,0.96,0.97,0.96,0.96,46080
WLS,20040901,0.92,0.93,0.92,0.93,47500
WME,20040901,0.022,0.022,0.022,0.022,12000
WMG,20040901,0.125,0.125,0.125,0.125,66000
WML,20040901,0.07,0.072,0.07,0.072,102310
WMR,20040901,4.9,4.9,4.78,4.81,14811904
WNZ,20040901,4.65,4.65,4.65,4.65,5000
WOR,20040901,3.9,4,3.9,3.95,532654
WOW,20040901,12.72,13.04,12.67,12.97,7630277
WPL,20040901,18.1,18.42,18.1,18.35,2787437
WRF,20040901,0.26,0.26,0.26,0.26,55351
WSA,20040901,1.33,1.33,1.31,1.32,110115
WSS,20040901,0.07,0.07,0.07,0.07,32700
WST,20040901,0.7,0.7,0.7,0.7,1500
WSY,20040901,0.026,0.026,0.026,0.026,100000
WTE,20040901,0.037,0.038,0.036,0.038,3966896
WTP,20040901,1.09,1.1,1.09,1.1,122725
WWA,20040901,0.83,0.83,0.83,0.83,40768
WWM,20040901,0.028,0.028,0.026,0.026,42530
WYL,20040901,3.69,3.76,3.66,3.76,340686
XAN,20040901,0.086,0.086,0.082,0.082,42255
XAO,20040901,3562.9,3591,3562.9,3582.6,0
XBL,20040901,0.27,0.275,0.27,0.27,325786
XBW,20040901,29568.8,29646.2,29568.8,29646.2,0
XDJ,20040901,2113.3,2124.9,2110.1,2113.3,0
XEJ,20040901,6028.5,6102.6,6028.5,6066.4,0
XFJ,20040901,4282.5,4330.9,4282.5,4326.3,0
XFL,20040901,3507.6,3538.5,3507.6,3529.9,0
XHJ,20040901,4064.6,4103.4,4064.6,4094.8,0
XIJ,20040901,291.2,297,291.2,294.3,0
XJO,20040901,3553.7,3585.5,3553.7,3576.6,0
XKO,20040901,3559.1,3590.2,3559.1,3581.5,0
XMD,20040901,3392.8,3428.1,3392.8,3423.2,0
XMJ,20040901,5754.7,5791.9,5754.7,5780.5,0
XNJ,20040901,4157.1,4200.1,4157.1,4179.8,0
XPJ,20040901,1680,1699.6,1680,1699.6,0
XSJ,20040901,4737.6,4783.7,4735.7,4769.3,0
XSO,20040901,2066.9,2079,2066.9,2071.8,0
XTJ,20040901,1705.6,1718.6,1702.5,1703,0
XTL,20040901,1921.8,1940.8,1921.8,1935.2,0
XTO,20040901,2884.7,2910.7,2884.7,2903.9,0
XUJ,20040901,4244.4,4262.9,4242.8,4259.7,0
XXJ,20040901,4245.9,4296,4245.9,4287.5,0
YAM,20040901,0.011,0.013,0.011,0.012,15051100
YGL,20040901,0.025,0.025,0.025,0.025,25644
YML,20040901,0.15,0.15,0.145,0.15,61719
YSL,20040901,0.4,0.4,0.38,0.38,16500
ZFX,20040901,1.85,1.87,1.84,1.85,5684216
ZIM,20040901,3.65,3.65,3.65,3.65,5000
ZYL,20040901,0.005,0.005,0.005,0.005,1410000
