AAB,20040611,0.98,0.98,0.98,0.98,2750
AAC,20040611,1.21,1.22,1.21,1.21,118494
AAM,20040611,0.5,0.5,0.5,0.5,5000
AAU,20040611,1.1,1.1,1.1,1.1,3000
ABB,20040611,6.86,6.88,6.86,6.87,5400
ABC,20040611,1.24,1.24,1.23,1.23,872805
ABI,20040611,0.335,0.335,0.32,0.32,494964
ABK,20040611,0.14,0.145,0.14,0.145,501000
ABP,20040611,1.16,1.17,1.16,1.16,109896
ABS,20040611,3.3,3.32,3.27,3.27,914857
ACF,20040611,1.02,1.02,1.02,1.02,8856
ACL,20040611,0.46,0.46,0.455,0.455,94688
ACU,20040611,0.53,0.53,0.52,0.52,333083
ADA,20040611,0.54,0.56,0.52,0.54,91400
ADB,20040611,8.34,8.35,8.31,8.35,100143
ADG,20040611,3.58,3.6,3.55,3.55,7569
ADL,20040611,0.1,0.105,0.1,0.1,194032
ADN,20040611,0.215,0.215,0.21,0.21,60000
ADT,20040611,1.56,1.6,1.56,1.6,10530
ADU,20040611,0.65,0.66,0.61,0.62,167030
ADX,20040611,0.095,0.095,0.095,0.095,140514
ADY,20040611,0.029,0.031,0.029,0.031,541436
ADZ,20040611,1.58,1.58,1.53,1.54,241936
AEC,20040611,1.47,1.47,1.47,1.47,10000
AEI,20040611,1.43,1.43,1.41,1.42,18230
AEN,20040611,1.09,1.09,1.09,1.09,12000
AEO,20040611,1.41,1.42,1.41,1.42,285975
AES,20040611,0.07,0.07,0.065,0.065,123179
AET,20040611,0.31,0.31,0.31,0.31,1800
AEX,20040611,0.045,0.045,0.045,0.045,125000
AFF,20040611,0.37,0.37,0.365,0.365,8565
AFI,20040611,3.27,3.27,3.25,3.25,200808
AFL,20040611,1.25,1.27,1.25,1.27,14310
AFM,20040611,0.018,0.018,0.018,0.018,882044
AFT,20040611,0.041,0.042,0.039,0.039,2249100
AGC,20040611,1.61,1.61,1.6,1.6,41000
AGG,20040611,9.29,9.3,9.2,9.3,14355
AGI,20040611,0.53,0.54,0.52,0.52,335485
AGL,20040611,11.75,11.75,11.62,11.67,303556
AGM,20040611,0.13,0.13,0.125,0.125,198400
AGS,20040611,0.031,0.031,0.031,0.031,128333
AGT,20040611,0.55,0.55,0.52,0.52,86700
AGX,20040611,0.76,0.78,0.74,0.76,2208833
AGY,20040611,0.125,0.125,0.125,0.125,101000
AGZ,20040611,0.135,0.135,0.125,0.125,143868
AHD,20040611,3.15,3.15,3.08,3.08,42850
AHG,20040611,0.093,0.093,0.09,0.093,105000
AHS,20040611,0.89,0.89,0.88,0.88,48679
AIA,20040611,6.02,6.02,6.02,6.02,33195
AIE,20040611,0.125,0.125,0.12,0.12,67400
AIM,20040611,0.064,0.067,0.064,0.067,2424055
AIX,20040611,1.62,1.62,1.6,1.61,339489
AIY,20040611,0.2,0.2,0.2,0.2,4501
AIZ,20040611,0.365,0.37,0.365,0.37,50289
AJL,20040611,1.54,1.6,1.54,1.57,64909
AKD,20040611,0.018,0.018,0.017,0.017,200000
ALH,20040611,2.25,2.26,2.24,2.26,1321479
ALK,20040611,0.24,0.25,0.235,0.24,161157
ALL,20040611,4.7,4.72,4.67,4.7,897714
ALN,20040611,6.17,6.17,6.14,6.17,416315
ALR,20040611,1.01,1.01,1.01,1.01,38000
ALS,20040611,6.56,6.58,6.45,6.5,132922
ALT,20040611,0.085,0.094,0.085,0.094,55225
ALU,20040611,0.375,0.38,0.375,0.375,137700
ALW,20040611,0.405,0.405,0.405,0.405,10000
ALZ,20040611,1.61,1.62,1.6,1.6,714957
AMC,20040611,6.84,6.84,6.77,6.78,3260151
AMH,20040611,0.44,0.44,0.44,0.44,43032
AML,20040611,0.61,0.62,0.61,0.61,105699
AMM,20040611,0.145,0.145,0.135,0.14,1340856
AMP,20040611,5.87,5.89,5.84,5.85,3797880
AMU,20040611,0.49,0.5,0.49,0.5,32161
AND,20040611,0.065,0.065,0.065,0.065,100000
ANE,20040611,3.7,3.74,3.7,3.7,9400
ANG,20040611,0.3,0.33,0.3,0.33,117838
ANM,20040611,0.021,0.023,0.021,0.022,465628
ANN,20040611,7.75,7.82,7.64,7.8,514828
ANP,20040611,0.125,0.125,0.125,0.125,29445
ANX,20040611,0.39,0.4,0.39,0.395,97000
ANZ,20040611,18.29,18.36,18.27,18.3,1625759
AOE,20040611,0.215,0.215,0.205,0.215,259149
APA,20040611,2.68,2.69,2.67,2.67,44250
APE,20040611,7.2,7.2,7.2,7.2,463
APG,20040611,0.03,0.03,0.029,0.029,579436
API,20040611,2.5,2.52,2.48,2.49,85533
APL,20040611,0.22,0.22,0.215,0.215,33657
APM,20040611,0.02,0.02,0.016,0.016,589786
APN,20040611,4.14,4.15,4.11,4.14,594993
APZ,20040611,0.155,0.155,0.155,0.155,70000
AQP,20040611,6.82,6.82,6.69,6.69,40053
ARA,20040611,0.295,0.295,0.295,0.295,90000
ARE,20040611,0.1,0.105,0.1,0.1,50795
ARG,20040611,4.8,4.8,4.75,4.77,114529
ARO,20040611,0.075,0.075,0.075,0.075,334
ARP,20040611,3.5,3.5,3.45,3.5,8000
ARQ,20040611,0.86,0.87,0.85,0.86,403044
ARU,20040611,0.13,0.15,0.13,0.15,24000
ARX,20040611,0.052,0.052,0.05,0.051,99750
ASB,20040611,1.14,1.18,1.13,1.15,539284
ASC,20040611,0.083,0.083,0.08,0.08,84800
ASL,20040611,0.64,0.65,0.62,0.63,112586
ASX,20040611,15.59,15.71,15.56,15.66,109102
ASZ,20040611,0.34,0.34,0.34,0.34,1217
ATG,20040611,0.68,0.68,0.68,0.68,19360
ATN,20040611,0.15,0.195,0.15,0.195,18334
ATP,20040611,0.185,0.185,0.185,0.185,16000
ATR,20040611,4.8,4.9,4.8,4.9,4000
ATX,20040611,0.097,0.097,0.093,0.093,185000
ATZ,20040611,0.27,0.27,0.27,0.27,24000
AUH,20040611,0.04,0.04,0.037,0.037,131172
AUI,20040611,4.38,4.4,4.38,4.4,6818
AUL,20040611,0.008,0.008,0.008,0.008,253333
AUM,20040611,0.035,0.037,0.035,0.037,50000
AUN,20040611,0.78,0.78,0.76,0.76,619937
AUO,20040611,0.58,0.59,0.57,0.58,1221949
AUS,20040611,0.88,0.89,0.88,0.89,30000
AUX,20040611,0.044,0.044,0.041,0.042,1543171
AUZ,20040611,0.135,0.14,0.135,0.14,245000
AVJ,20040611,1.98,1.98,1.97,1.97,465953
AVN,20040611,0.024,0.025,0.024,0.024,1196927
AVR,20040611,0.46,0.46,0.45,0.45,31981
AVT,20040611,0.081,0.089,0.079,0.089,47774
AVV,20040611,2.14,2.16,2.14,2.15,201843
AWB,20040611,4.75,4.79,4.72,4.75,415453
AWC,20040611,5.32,5.33,5.26,5.28,4226308
AWE,20040611,1.48,1.48,1.45,1.47,915297
AWL,20040611,0.027,0.027,0.027,0.027,362500
AWP,20040611,7.7,7.7,7.6,7.7,5690
AXA,20040611,3.34,3.35,3.29,3.29,1400287
AXI,20040611,0.02,0.02,0.02,0.02,100000
AXL,20040611,0.085,0.085,0.084,0.084,449166
AXN,20040611,0.365,0.37,0.365,0.365,1196721
AYO,20040611,0.68,0.68,0.66,0.68,222523
AZL,20040611,0.02,0.02,0.02,0.02,5500
AZR,20040611,0.105,0.105,0.1,0.105,581935
BAR,20040611,0.065,0.065,0.065,0.065,50000
BAX,20040611,4.69,4.7,4.69,4.7,6250
BBB,20040611,0.29,0.295,0.29,0.295,204427
BBG,20040611,8.35,8.45,8.35,8.45,1447121
BBL,20040611,0.11,0.11,0.11,0.11,517500
BCA,20040611,2.95,2.95,2.85,2.9,67704
BCD,20040611,0.53,0.54,0.53,0.53,187228
BCL,20040611,0.37,0.39,0.37,0.385,1061534
BDG,20040611,1,1,0.97,0.97,40050
BDM,20040611,0.8,0.8,0.75,0.75,50000
BEL,20040611,0.355,0.355,0.355,0.355,27999
BEN,20040611,9.95,9.95,9.89,9.9,74298
BER,20040611,0.68,0.68,0.68,0.68,1500
BGD,20040611,0.22,0.24,0.22,0.235,225000
BGF,20040611,0.115,0.12,0.11,0.115,3325678
BHP,20040611,12.18,12.24,12.16,12.22,8419227
BIL,20040611,6.15,6.22,6.13,6.17,4479444
BIR,20040611,1.38,1.39,1.38,1.39,7862445
BIT,20040611,0.18,0.185,0.18,0.18,23000
BIX,20040611,0.069,0.069,0.069,0.069,50865
BKA,20040611,0.345,0.35,0.345,0.35,50500
BKI,20040611,0.94,0.95,0.94,0.95,88000
BKL,20040611,9.85,9.9,9.85,9.9,9605
BKS,20040611,0.02,0.02,0.019,0.019,769000
BKW,20040611,8.82,8.85,8.82,8.85,140364
BKY,20040611,0.165,0.165,0.165,0.165,25000
BLD,20040611,6.1,6.1,6.01,6.02,768529
BLN,20040611,0.19,0.19,0.19,0.19,15000
BLT,20040611,0.92,0.92,0.91,0.91,8609
BLZ,20040611,0.026,0.026,0.026,0.026,70200
BMO,20040611,0.19,0.19,0.19,0.19,900
BMX,20040611,0.15,0.16,0.15,0.16,140000
BNO,20040611,0.225,0.235,0.21,0.22,171688
BOC,20040611,0.22,0.22,0.22,0.22,6382
BOL,20040611,1.52,1.56,1.51,1.56,10000
BOQ,20040611,9.5,9.52,9.47,9.5,119005
BOS,20040611,0.33,0.34,0.33,0.33,80000
BPC,20040611,0.67,0.67,0.65,0.67,5808933
BPG,20040611,0.07,0.07,0.07,0.07,46428
BPO,20040611,0.044,0.045,0.044,0.044,264000
BPT,20040611,0.285,0.29,0.28,0.29,1086775
BQT,20040611,0.34,0.35,0.335,0.345,704670
BRK,20040611,2.13,2.15,2.13,2.15,7350
BRO,20040611,0.008,0.008,0.008,0.008,90615
BRW,20040611,0.037,0.041,0.037,0.039,1127331
BRZ,20040611,1.46,1.48,1.46,1.48,26050
BSA,20040611,0.23,0.23,0.22,0.225,467000
BSG,20040611,0.255,0.26,0.25,0.26,516784
BSL,20040611,6.21,6.22,6.18,6.19,2454177
BSO,20040611,3.02,3.05,3.02,3.05,78238
BTA,20040611,0.59,0.6,0.59,0.6,262600
BTC,20040611,0.42,0.425,0.415,0.415,63750
BTV,20040611,0.086,0.087,0.085,0.087,411100
BUG,20040611,0.64,0.64,0.62,0.63,34820
BUY,20040611,0.12,0.12,0.11,0.12,387000
BWI,20040611,0.94,0.94,0.93,0.94,126008
BWP,20040611,1.62,1.62,1.59,1.62,284770
BYI,20040611,0.3,0.3,0.3,0.3,700
CAA,20040611,2.21,2.21,2.09,2.1,128058
CAB,20040611,3.35,3.4,3.35,3.4,93582
CAG,20040611,0.049,0.049,0.048,0.048,217682
CAL,20040611,0.38,0.38,0.38,0.38,55000
CAM,20040611,0.93,0.94,0.93,0.93,28000
CAT,20040611,0.5,0.54,0.5,0.5,39290
CBA,20040611,32.6,32.88,32.58,32.79,1912891
CBD,20040611,0.34,0.36,0.33,0.36,83102
CBH,20040611,0.17,0.175,0.17,0.175,265000
CBT,20040611,0.019,0.019,0.019,0.019,28800
CCE,20040611,0.51,0.51,0.495,0.495,729895
CCK,20040611,0.065,0.065,0.055,0.055,109500
CCL,20040611,7.15,7.2,7.04,7.06,1423491
CCO,20040611,0.007,0.007,0.007,0.007,147500
CCV,20040611,0.23,0.23,0.23,0.23,295540
CDA,20040611,1.51,1.54,1.5,1.5,29898
CDC,20040611,1.38,1.38,1.34,1.35,51240
CDD,20040611,1.43,1.45,1.43,1.45,53596
CDF,20040611,1.241,1.241,1.24,1.241,31439
CDH,20040611,0.04,0.045,0.04,0.045,10900
CDO,20040611,5.06,5.09,5.03,5.09,27533
CDP,20040611,2.62,2.62,2.62,2.62,7000
CDR,20040611,1.46,1.5,1.46,1.49,67385
CDS,20040611,0.135,0.15,0.135,0.15,11000
CDX,20040611,1.99,1.99,1.99,1.99,10000
CEG,20040611,1.14,1.15,1.13,1.15,129200
CEP,20040611,4.23,4.27,4.21,4.25,861911
CEQ,20040611,2.02,2.02,2.02,2.02,11000
CEY,20040611,3.1,3.12,3.09,3.1,781574
CFI,20040611,0.59,0.6,0.59,0.6,50107
CFR,20040611,0.025,0.026,0.025,0.026,460000
CFS,20040611,0.325,0.325,0.325,0.325,1300
CGF,20040611,0.45,0.45,0.43,0.45,7019777
CGM,20040611,0.13,0.13,0.13,0.13,10000
CGO,20040611,0.57,0.57,0.57,0.57,9761
CGS,20040611,0.28,0.3,0.27,0.27,180000
CGX,20040611,0.5,0.5,0.5,0.5,102881
CHB,20040611,34.5,34.5,34.5,34.5,514
CHF,20040611,0.44,0.44,0.435,0.435,69522
CHL,20040611,0.16,0.16,0.155,0.16,302310
CHM,20040611,0.06,0.06,0.053,0.053,253000
CHO,20040611,18.75,18.75,18.75,18.75,310
CHQ,20040611,0.63,0.63,0.62,0.62,22000
CHT,20040611,0.011,0.011,0.011,0.011,300000
CHX,20040611,0.77,0.79,0.77,0.79,157647
CHY,20040611,1.78,1.78,1.77,1.78,11642
CID,20040611,0.13,0.13,0.13,0.13,10000
CIN,20040611,12.3,12.3,12.3,12.3,2500
CIR,20040611,2.11,2.11,2.02,2.1,105850
CIY,20040611,4.37,4.37,4.3,4.32,17180
CKL,20040611,0.43,0.43,0.425,0.43,246750
CKR,20040611,0.63,0.64,0.63,0.64,70036
CKS,20040611,0.32,0.32,0.32,0.32,10000
CLH,20040611,1.45,1.48,1.44,1.48,128841
CLO,20040611,0.455,0.455,0.44,0.445,875615
CLT,20040611,1.45,1.48,1.42,1.42,20918
CLV,20040611,0.3,0.3,0.295,0.3,449588
CMI,20040611,2.02,2.02,2.01,2.02,51440
CML,20040611,8.3,8.34,8.26,8.27,1288834
CMP,20040611,0.245,0.25,0.245,0.25,21500
CMQ,20040611,5.23,5.38,5.22,5.33,132547
CMR,20040611,0.22,0.22,0.22,0.22,6600
CMS,20040611,0.042,0.042,0.04,0.04,128883
CMX,20040611,0.077,0.079,0.077,0.078,614485
CNA,20040611,25.5,25.5,25.5,25.5,703
CND,20040611,1.66,1.66,1.65,1.65,9523
CNM,20040611,0.024,0.024,0.024,0.024,338949
CNN,20040611,0.033,0.033,0.033,0.033,73500
CNT,20040611,0.21,0.21,0.205,0.21,13000
COA,20040611,3.43,3.43,3.38,3.4,172030
COE,20040611,0.185,0.19,0.185,0.19,146891
COH,20040611,21.55,21.8,21.5,21.65,232125
COI,20040611,0.125,0.125,0.125,0.125,136000
COM,20040611,0.125,0.125,0.125,0.125,20000
COS,20040611,0.44,0.48,0.44,0.465,26914
COU,20040611,0.92,0.95,0.92,0.95,115474
CPA,20040611,1.18,1.18,1.17,1.18,1120952
CPB,20040611,6.4,6.4,6.4,6.4,5885
CPC,20040611,0.39,0.4,0.39,0.4,31900
CPI,20040611,0.65,0.65,0.64,0.64,9971
CPN,20040611,0.088,0.098,0.088,0.098,67000
CPS,20040611,0.23,0.23,0.23,0.23,12000
CPU,20040611,3.24,3.27,3.22,3.25,816356
CQT,20040611,0.205,0.215,0.205,0.215,192444
CRD,20040611,0.145,0.15,0.145,0.15,98312
CRE,20040611,0.115,0.115,0.11,0.115,2628600
CRG,20040611,8.42,8.49,8.39,8.49,169465
CRP,20040611,0.21,0.21,0.21,0.21,30000
CRS,20040611,0.445,0.445,0.435,0.44,1032391
CRT,20040611,0.345,0.35,0.345,0.35,332483
CRU,20040611,0.62,0.62,0.62,0.62,17760
CSH,20040611,1.22,1.23,1.22,1.23,20560
CSL,20040611,22.65,22.88,22.54,22.72,423331
CSM,20040611,1.18,1.19,1.17,1.18,79384
CSR,20040611,1.94,1.97,1.92,1.96,1300091
CST,20040611,1.95,2.02,1.94,2.02,29765
CTI,20040611,0.48,0.48,0.48,0.48,5000
CTL,20040611,1.25,1.27,1.25,1.25,247300
CTN,20040611,0.88,0.89,0.88,0.88,54000
CTO,20040611,0.135,0.135,0.135,0.135,55000
CTX,20040611,8.75,8.77,8.7,8.73,174558
CUE,20040611,0.065,0.065,0.065,0.065,275000
CUL,20040611,0.028,0.029,0.027,0.027,1201000
CUS,20040611,0.078,0.078,0.078,0.078,18000
CVC,20040611,1,1,1,1,10700
CVI,20040611,0.06,0.06,0.06,0.06,22000
CVL,20040611,0.039,0.039,0.039,0.039,50000
CVN,20040611,0.019,0.019,0.019,0.019,1307161
CXP,20040611,4.99,5.03,4.98,5.02,471068
CYA,20040611,0.99,0.99,0.98,0.98,156156
CYG,20040611,5.75,5.75,5.7,5.75,6042
DBS,20040611,0.315,0.315,0.315,0.315,40000
DCL,20040611,0.04,0.04,0.04,0.04,18000
DDF,20040611,1.26,1.26,1.25,1.25,981372
DEG,20040611,0.47,0.475,0.455,0.475,343480
DES,20040611,0.13,0.13,0.125,0.125,88168
DFT,20040611,0.018,0.018,0.017,0.017,1184206
DGM,20040611,0.04,0.04,0.04,0.04,236472
DGR,20040611,0.1,0.1,0.1,0.1,9000
DID,20040611,0.092,0.095,0.091,0.091,308197
DIO,20040611,0.077,0.08,0.077,0.08,329000
DIT,20040611,1.92,1.92,1.9,1.91,611074
DJS,20040611,1.59,1.59,1.57,1.59,229886
DJW,20040611,3.5,3.51,3.48,3.51,87393
DKN,20040611,0.135,0.14,0.135,0.14,310000
DLS,20040611,0.04,0.04,0.04,0.04,275000
DMX,20040611,0.062,0.066,0.062,0.066,4924
DMY,20040611,0.19,0.2,0.185,0.19,90506
DNX,20040611,0.16,0.16,0.16,0.16,6000
DOM,20040611,0.44,0.44,0.43,0.43,55482
DON,20040611,0.255,0.255,0.255,0.255,12500
DOT,20040611,1.19,1.19,1.18,1.19,3496046
DOW,20040611,3.04,3.04,2.99,3,537617
DPL,20040611,0.4,0.42,0.39,0.42,23752
DRA,20040611,0.28,0.28,0.27,0.27,41100
DTL,20040611,2.01,2.1,2.01,2.1,8564
DVC,20040611,2.65,2.65,2.62,2.64,982009
DVN,20040611,0.65,0.65,0.64,0.64,98731
DYL,20040611,0.011,0.011,0.011,0.011,191250
EBR,20040611,0.053,0.056,0.053,0.054,360000
EBT,20040611,0.1,0.1,0.099,0.099,240882
ECS,20040611,0.042,0.042,0.03,0.034,5512562
ECU,20040611,0.034,0.034,0.034,0.034,100000
EGI,20040611,0.035,0.039,0.031,0.039,519500
EGL,20040611,0.25,0.255,0.25,0.255,372346
EGO,20040611,0.009,0.009,0.008,0.008,808000
EHO,20040611,0.029,0.029,0.029,0.029,10000
EIF,20040611,0.099,0.105,0.099,0.105,158316
EIL,20040611,0.091,0.091,0.091,0.091,15000
ELX,20040611,0.28,0.28,0.275,0.28,124500
EMB,20040611,3.55,3.55,3.55,3.55,150
EMI,20040611,0.11,0.115,0.11,0.11,140000
EMM,20040611,0.05,0.05,0.05,0.05,15000
EMP,20040611,0.79,0.81,0.79,0.8,399645
EMS,20040611,0.325,0.33,0.325,0.325,93900
ENE,20040611,2.73,2.76,2.72,2.74,320609
ENV,20040611,1.09,1.09,1.07,1.08,71005
EOS,20040611,2.5,2.53,2.49,2.5,191701
EPR,20040611,0.135,0.135,0.13,0.135,348400
EPT,20040611,0.86,0.91,0.85,0.9,605099
EQI,20040611,1.41,1.41,1.37,1.37,49150
EQM,20040611,4.3,4.3,4.3,4.3,20000
EQR,20040611,0.27,0.27,0.27,0.27,11000
ERA,20040611,3.5,3.5,3.5,3.5,1250
ERG,20040611,0.59,0.59,0.57,0.59,2786103
ESG,20040611,0.135,0.14,0.135,0.14,790000
ESI,20040611,0.11,0.115,0.11,0.11,389959
ESL,20040611,0.15,0.15,0.15,0.15,14500
ESV,20040611,0.22,0.22,0.22,0.22,8000
ETC,20040611,0.025,0.027,0.024,0.025,8744334
ETR,20040611,1.25,1.28,1.25,1.28,307706
ETT,20040611,0.45,0.48,0.45,0.48,143300
ETW,20040611,1.07,1.07,1.05,1.05,38533
EUG,20040611,0.15,0.15,0.15,0.15,25000
EUR,20040611,0.11,0.11,0.11,0.11,500
EVM,20040611,0.185,0.185,0.185,0.185,28625
EWC,20040611,0.021,0.021,0.021,0.021,39500
EWL,20040611,0.05,0.05,0.05,0.05,5850
EXL,20040611,2.36,2.37,2.36,2.37,421600
EXS,20040611,0.18,0.19,0.18,0.18,99000
EXT,20040611,0.019,0.02,0.019,0.02,2053000
EZY,20040611,0.066,0.066,0.066,0.066,8000
FAN,20040611,4.06,4.11,4.05,4.11,9578
FAR,20040611,0.06,0.06,0.057,0.059,691274
FBU,20040611,3.92,3.92,3.92,3.92,16057
FCL,20040611,1.55,1.56,1.52,1.55,722535
FCN,20040611,0.125,0.125,0.12,0.12,385000
FDL,20040611,0.031,0.031,0.03,0.03,395000
FEA,20040611,0.4,0.4,0.395,0.4,1214755
FGL,20040611,4.71,4.78,4.67,4.75,6371208
FKP,20040611,2.69,2.69,2.67,2.67,103755
FLT,20040611,17.74,17.74,17.65,17.7,73556
FLX,20040611,0.083,0.089,0.082,0.087,5528627
FMG,20040611,0.51,0.52,0.5,0.52,159323
FOA,20040611,18.32,18.5,18.32,18.39,198103
FPA,20040611,4.08,4.13,4.08,4.1,39169
FPF,20040611,1.06,1.08,1.06,1.08,26929
FPH,20040611,11.7,11.7,11.69,11.69,17725
FPS,20040611,0.48,0.49,0.48,0.49,30000
FRL,20040611,0.16,0.16,0.16,0.16,1253447
FTR,20040611,0.64,0.64,0.64,0.64,6000
FUN,20040611,2.15,2.17,2.13,2.13,55442
FUS,20040611,0.01,0.01,0.01,0.01,374266
FUT,20040611,0.02,0.025,0.02,0.021,65300
FWD,20040611,7.65,7.69,7.55,7.6,108860
FWF,20040611,0.45,0.45,0.45,0.45,3168
FXJ,20040611,3.72,3.72,3.67,3.71,2076446
FXR,20040611,0.56,0.57,0.56,0.57,45007
GAA,20040611,0.63,0.65,0.6,0.6,1235537
GAM,20040611,0.125,0.125,0.125,0.125,250
GAN,20040611,1.46,1.46,1.45,1.46,339771
GAS,20040611,2.29,2.29,2.26,2.28,202891
GBG,20040611,0.096,0.096,0.095,0.095,481257
GBL,20040611,0.032,0.032,0.032,0.032,78000
GBN,20040611,0.062,0.062,0.062,0.062,150900
GBP,20040611,0.17,0.175,0.17,0.175,100000
GBR,20040611,0.3,0.3,0.29,0.29,35608
GCH,20040611,1.032,1.032,1.032,1.032,9000
GCL,20040611,0.93,0.93,0.92,0.92,62000
GCN,20040611,0.055,0.058,0.055,0.058,320000
GCR,20040611,0.053,0.053,0.052,0.052,95000
GDA,20040611,0.007,0.007,0.006,0.006,51750
GDM,20040611,0.37,0.37,0.37,0.37,20000
GDN,20040611,0.03,0.03,0.03,0.03,155000
GDP,20040611,0.73,0.76,0.72,0.76,126678
GDR,20040611,0.3,0.3,0.3,0.3,3000
GDY,20040611,1.05,1.06,1.04,1.06,21300
GED,20040611,0.08,0.08,0.08,0.08,56294
GFD,20040611,1,1.01,0.99,1,113800
GGL,20040611,0.365,0.38,0.355,0.375,2639478
GGN,20040611,0.25,0.255,0.25,0.25,523302
GGP,20040611,0.26,0.29,0.26,0.29,217061
GGY,20040611,0.038,0.038,0.038,0.038,30167
GHG,20040611,0.66,0.68,0.66,0.68,390218
GIP,20040611,0.077,0.077,0.077,0.077,63000
GIR,20040611,0.145,0.145,0.14,0.14,161000
GKR,20040611,0.19,0.19,0.19,0.19,60000
GLB,20040611,0.425,0.43,0.425,0.425,135111
GLN,20040611,0.36,0.36,0.35,0.35,111429
GLO,20040611,0.105,0.105,0.1,0.1,80000
GME,20040611,0.12,0.12,0.12,0.12,206740
GMI,20040611,0.85,0.86,0.85,0.86,163000
GML,20040611,0.11,0.11,0.11,0.11,11700
GNC,20040611,11.99,12,11.91,11.91,139706
GNS,20040611,13.4,13.4,13.11,13.2,229755
GOA,20040611,0.11,0.11,0.11,0.11,933
GOG,20040611,0.225,0.225,0.225,0.225,51000
GPE,20040611,0.255,0.26,0.25,0.25,168000
GPG,20040611,1.77,1.8,1.77,1.79,547604
GPN,20040611,0.021,0.021,0.021,0.021,70000
GPO,20040611,0.048,0.048,0.047,0.047,325000
GPT,20040611,3.39,3.41,3.39,3.4,2078039
GRD,20040611,1.68,1.68,1.65,1.66,65107
GRN,20040611,0.245,0.245,0.23,0.245,48902
GRO,20040611,0.74,0.74,0.74,0.74,17500
GRR,20040611,0.46,0.46,0.46,0.46,72237
GRT,20040611,0.11,0.13,0.11,0.13,45300
GSE,20040611,0.028,0.03,0.028,0.03,229645
GTG,20040611,0.4,0.405,0.385,0.395,823246
GTI,20040611,0.02,0.02,0.02,0.02,15000
GTM,20040611,0.078,0.082,0.078,0.08,3279528
GTP,20040611,2.79,2.82,2.78,2.81,663352
GUD,20040611,8.38,8.57,8.37,8.57,71589
GUN,20040611,0.24,0.24,0.235,0.235,226404
GVM,20040611,0.023,0.023,0.023,0.023,396963
GWT,20040611,2.9,2.9,2.88,2.88,228115
HAN,20040611,11.13,11.15,11.1,11.15,1700
HAO,20040611,0.18,0.185,0.18,0.185,56000
HAV,20040611,0.26,0.26,0.26,0.26,13724
HBL,20040611,0.315,0.315,0.3,0.3,50000
HBR,20040611,0.74,0.76,0.74,0.76,50330
HCC,20040611,1.57,1.57,1.57,1.57,25000
HCN,20040611,1.2,1.24,1.2,1.24,52277
HCY,20040611,0.018,0.02,0.018,0.019,1010014
HDN,20040611,0.11,0.11,0.11,0.11,32142
HDR,20040611,1.81,1.82,1.78,1.8,3174010
HEG,20040611,0.135,0.135,0.13,0.13,56500
HER,20040611,0.79,0.81,0.75,0.81,47321
HGL,20040611,0.033,0.033,0.033,0.033,2000
HGO,20040611,0.185,0.185,0.185,0.185,25000
HGR,20040611,0.055,0.065,0.055,0.064,94900
HHG,20040611,1.13,1.13,1.11,1.13,15524212
HHM,20040611,0.22,0.22,0.22,0.22,10000
HHV,20040611,0.95,0.96,0.95,0.96,196424
HIB,20040611,0.65,0.75,0.65,0.75,71000
HIC,20040611,0.61,0.61,0.61,0.61,10000
HIG,20040611,0.365,0.37,0.36,0.37,202049
HII,20040611,0.098,0.098,0.098,0.098,13500
HIL,20040611,3.83,3.92,3.83,3.92,70116
HIT,20040611,0.09,0.09,0.085,0.085,43539
HLD,20040611,0.55,0.55,0.54,0.54,54785
HLL,20040611,0.035,0.035,0.035,0.035,10000
HLT,20040611,0.63,0.7,0.63,0.7,173138
HLX,20040611,0.175,0.18,0.175,0.175,31955
HLY,20040611,7.13,7.13,7.01,7.07,99821
HMC,20040611,0.035,0.035,0.035,0.035,112768
HME,20040611,4.32,4.32,4.32,4.32,502
HNG,20040611,1.89,1.9,1.88,1.9,32864
HOM,20040611,0.29,0.29,0.285,0.285,19000
HPX,20040611,1.48,1.49,1.47,1.47,199608
HRD,20040611,0.3,0.3,0.3,0.3,51000
HRR,20040611,0.14,0.14,0.14,0.14,75258
HRS,20040611,0.12,0.12,0.12,0.12,500
HSC,20040611,0.22,0.22,0.22,0.22,5500
HSN,20040611,0.19,0.2,0.185,0.2,106200
HSP,20040611,3.79,3.79,3.73,3.74,20038
HTA,20040611,0.27,0.27,0.27,0.27,167495
HTE,20040611,0.05,0.05,0.047,0.047,348345
HTL,20040611,0.19,0.19,0.19,0.19,30000
HUG,20040611,0.075,0.075,0.074,0.074,11608
HVN,20040611,2.72,2.72,2.68,2.68,2878379
HWE,20040611,0.9,0.93,0.9,0.93,3160896
HWG,20040611,0.11,0.11,0.11,0.11,151590
HWI,20040611,2.27,2.27,2.25,2.26,109831
HWT,20040611,1.46,1.46,1.46,1.46,10000
HWW,20040611,0.105,0.105,0.105,0.105,22000
HYO,20040611,0.12,0.12,0.115,0.115,66334
HZN,20040611,0.059,0.059,0.055,0.055,246865
IAG,20040611,4.79,4.81,4.72,4.74,1813700
IAS,20040611,0.395,0.4,0.385,0.385,382361
IBA,20040611,0.26,0.265,0.255,0.255,92000
IBC,20040611,0.52,0.53,0.52,0.53,135750
ICE,20040611,0.022,0.023,0.022,0.023,1228817
ICH,20040611,0.27,0.27,0.27,0.27,3520
ICN,20040611,0.03,0.032,0.028,0.028,579225
ICO,20040611,0.315,0.32,0.31,0.31,34201
ICP,20040611,0.042,0.042,0.042,0.042,58750
IDT,20040611,2,2.03,1.99,1.99,17994
IFL,20040611,4.49,4.5,4.42,4.49,150426
IFM,20040611,0.8,0.8,0.78,0.8,180997
IGL,20040611,0.345,0.35,0.345,0.35,1133684
IGO,20040611,1.02,1.04,1.02,1.02,97988
IGP,20040611,2.91,2.91,2.91,2.91,9084
IHG,20040611,0.095,0.096,0.093,0.093,537952
IIF,20040611,1.81,1.81,1.79,1.81,552230
IIG,20040611,0.04,0.04,0.04,0.04,8334
IIN,20040611,2.69,2.69,2.66,2.67,12300
ILU,20040611,4.36,4.4,4.36,4.39,873246
IMA,20040611,0.41,0.41,0.405,0.41,45000
IMD,20040611,0.12,0.125,0.12,0.12,20000
IMF,20040611,0.69,0.69,0.68,0.69,22500
IMH,20040611,0.205,0.22,0.205,0.21,79096
IMI,20040611,0.024,0.024,0.021,0.021,290000
IMP,20040611,0.005,0.005,0.005,0.005,1300000
IMU,20040611,0.225,0.23,0.225,0.225,204812
INL,20040611,0.11,0.12,0.11,0.115,85000
INP,20040611,0.82,0.85,0.81,0.84,748731
INT,20040611,0.029,0.031,0.026,0.03,2701064
IOC,20040611,3.23,3.23,3.12,3.12,6341
IOF,20040611,1.22,1.22,1.2,1.22,314649
ION,20040611,1.62,1.62,1.59,1.59,942712
IPA,20040611,0.84,0.87,0.84,0.87,42000
IPG,20040611,1.92,1.93,1.91,1.93,1399282
IPL,20040611,18.28,18.4,18.28,18.4,8261
IPN,20040611,0.052,0.052,0.051,0.052,2263399
IPS,20040611,1.12,1.12,1.11,1.11,19000
IRC,20040611,0.075,0.075,0.075,0.075,60000
IRE,20040611,3.28,3.28,3.12,3.26,178144
IRI,20040611,0.325,0.33,0.32,0.32,121864
IRN,20040611,0.24,0.24,0.24,0.24,67500
ITC,20040611,0.063,0.067,0.063,0.066,157500
ITD,20040611,0.32,0.32,0.315,0.315,49625
ITE,20040611,0.235,0.235,0.22,0.22,220307
ITF,20040611,1.08,1.1,1.08,1.1,33126
IVC,20040611,2.32,2.34,2.32,2.32,89975
IVK,20040611,0.021,0.025,0.021,0.021,2703571
IWF,20040611,1.66,1.72,1.66,1.7,164453
IWI,20040611,1.97,1.97,1.96,1.96,17631
IWL,20040611,0.32,0.32,0.32,0.32,41400
IYS,20040611,1.26,1.26,1.26,1.26,5000
JAK,20040611,0.15,0.15,0.15,0.15,97500
JBH,20040611,2.2,2.23,2.2,2.22,222004
JBM,20040611,3.69,3.83,3.65,3.74,1080240
JET,20040611,0.285,0.295,0.285,0.295,38900
JFG,20040611,2.8,2.8,2.78,2.79,83058
JFM,20040611,1.06,1.07,1.06,1.07,94863
JHX,20040611,5.73,5.73,5.51,5.6,2340677
JRL,20040611,0.165,0.165,0.16,0.16,42000
JRV,20040611,0.006,0.006,0.005,0.006,1741428
JST,20040611,2.04,2.06,2.04,2.06,596847
JUM,20040611,0.017,0.017,0.016,0.016,611764
KAR,20040611,0.175,0.175,0.175,0.175,174142
KAZ,20040611,0.395,0.4,0.395,0.395,400683
KBO,20040611,0.086,0.089,0.086,0.089,500000
KCN,20040611,3.55,3.55,3.47,3.5,19458
KDS,20040611,0.43,0.43,0.41,0.41,70500
KET,20040611,0.13,0.13,0.13,0.13,20000
KIM,20040611,1.24,1.26,1.23,1.23,120544
KKT,20040611,1.03,1.07,1.03,1.03,24597
KLM,20040611,0.17,0.17,0.17,0.17,2000
KME,20040611,2.8,2.8,2.77,2.78,6650
KRS,20040611,0.59,0.62,0.59,0.62,244050
KSC,20040611,2.6,2.6,2.55,2.55,6406
KYC,20040611,1.28,1.29,1.25,1.27,94500
KZL,20040611,0.89,0.9,0.87,0.9,183648
LAF,20040611,0.095,0.096,0.095,0.095,343552
LAK,20040611,0.155,0.155,0.155,0.155,73750
LAL,20040611,0.044,0.044,0.044,0.044,124360
LAS,20040611,0.085,0.099,0.085,0.099,22277
LAU,20040611,0.3,0.3,0.3,0.3,10000
LCE,20040611,0.2,0.2,0.2,0.2,2041
LCL,20040611,0.77,0.77,0.77,0.77,21999
LCO,20040611,0.77,0.77,0.75,0.75,31500
LCP,20040611,0.7,0.7,0.7,0.7,5000
LDW,20040611,4.45,4.45,4.45,4.45,9500
LEG,20040611,0.13,0.13,0.13,0.13,1104900
LEI,20040611,8.8,8.85,8.76,8.76,1206820
LEP,20040611,1.28,1.3,1.27,1.3,17000
LGO,20040611,0.012,0.012,0.01,0.01,460000
LHG,20040611,0.97,0.97,0.94,0.94,9612037
LIM,20040611,6.18,6.18,6.17,6.17,1424
LIO,20040611,0.005,0.005,0.005,0.005,205000
LKO,20040611,0.044,0.044,0.042,0.043,2175345
LKP,20040611,0.056,0.056,0.056,0.056,1250
LLC,20040611,10.17,10.24,10.13,10.21,696539
LMG,20040611,0.014,0.014,0.014,0.014,493334
LNN,20040611,6.64,6.64,6.57,6.57,276539
LOK,20040611,0.15,0.155,0.145,0.155,1160395
LRL,20040611,0.35,0.35,0.35,0.35,2000
LRX,20040611,0.155,0.16,0.155,0.16,217000
LSG,20040611,1.51,1.51,1.48,1.5,96952
LUM,20040611,0.215,0.215,0.21,0.215,79474
LYC,20040611,0.375,0.375,0.375,0.375,61170
MAA,20040611,0.18,0.18,0.18,0.18,10000
MAG,20040611,1.22,1.22,1.2,1.2,5379
MAH,20040611,0.265,0.265,0.265,0.265,101648
MAP,20040611,2.04,2.08,2.02,2.06,7838215
MAQ,20040611,0.22,0.225,0.22,0.225,35000
MAR,20040611,0.195,0.2,0.19,0.19,88500
MAY,20040611,3.29,3.29,3.21,3.25,1992356
MBG,20040611,0.028,0.028,0.028,0.028,393000
MBL,20040611,34.6,34.6,34.27,34.45,632477
MBP,20040611,0.88,0.89,0.87,0.87,81440
MCA,20040611,0.63,0.63,0.61,0.61,40400
MCC,20040611,1.9,1.9,1.74,1.75,674351
MCG,20040611,3.55,3.56,3.52,3.52,215950
MCL,20040611,0.006,0.006,0.006,0.006,19274
MCO,20040611,0.054,0.055,0.054,0.055,48311
MCP,20040611,4.25,4.3,4.25,4.3,18026
MCR,20040611,0.58,0.6,0.58,0.59,2333504
MCW,20040611,1.84,1.84,1.82,1.82,593391
MDE,20040611,0.9,0.9,0.9,0.9,20000
MDL,20040611,0.25,0.25,0.25,0.25,34000
MDM,20040611,0.076,0.076,0.071,0.073,2121456
MDS,20040611,0.13,0.13,0.125,0.125,28325
MDT,20040611,1.03,1.03,1.02,1.02,1783264
MDV,20040611,0.17,0.17,0.17,0.17,119908
MFI,20040611,1.1,1.1,1.1,1.1,1000
MFT,20040611,0.9,0.9,0.9,0.9,12000
MGI,20040611,1.68,1.68,1.67,1.68,809470
MGM,20040611,3.15,3.17,3.12,3.17,29671
MGO,20040611,0.105,0.105,0.105,0.105,38820
MGR,20040611,4.35,4.36,4.33,4.35,509608
MGW,20040611,4.8,4.8,4.7,4.78,143830
MGX,20040611,0.18,0.18,0.175,0.175,121000
MGZ,20040611,0.17,0.18,0.17,0.17,30200
MIA,20040611,0.98,0.98,0.96,0.98,4144914
MIC,20040611,0.077,0.08,0.077,0.08,877700
MIG,20040611,3.33,3.33,3.3,3.31,2414370
MIK,20040611,0.049,0.049,0.049,0.049,75000
MIL,20040611,0.068,0.068,0.065,0.065,727204
MIR,20040611,1.24,1.24,1.21,1.23,40944
MIS,20040611,0.6,0.6,0.6,0.6,16610
MLB,20040611,0.84,0.84,0.82,0.82,19000
MLE,20040611,1.07,1.08,1.07,1.07,47002
MLT,20040611,13.39,13.4,13.36,13.4,19658
MMA,20040611,0.93,0.93,0.92,0.93,204692
MME,20040611,0.12,0.12,0.12,0.12,7500
MML,20040611,0.39,0.39,0.385,0.385,5000
MMN,20040611,0.145,0.145,0.14,0.14,649008
MND,20040611,5.75,5.75,5.7,5.7,6487
MNR,20040611,1.03,1.05,1.02,1.05,15372
MOB,20040611,0.135,0.14,0.135,0.135,71630
MOD,20040611,0.2,0.2,0.2,0.2,227000
MOF,20040611,1.21,1.21,1.2,1.21,182649
MOO,20040611,0.073,0.075,0.073,0.075,535506
MOS,20040611,0.24,0.245,0.24,0.245,5619653
MPB,20040611,3.95,3.95,3.95,3.95,2408
MPC,20040611,0.03,0.03,0.03,0.03,2500
MPD,20040611,0.14,0.14,0.135,0.135,27000
MPH,20040611,0.68,0.68,0.68,0.68,160350
MPI,20040611,0.115,0.115,0.11,0.11,210000
MPM,20040611,1.48,1.5,1.47,1.5,113873
MPO,20040611,0.038,0.047,0.038,0.047,2990359
MPR,20040611,1.07,1.07,1.06,1.06,550007
MRC,20040611,0.275,0.275,0.27,0.27,54670
MRE,20040611,2.37,2.42,2.36,2.36,1289759
MRI,20040611,0.185,0.185,0.185,0.185,40
MRL,20040611,1.33,1.34,1.31,1.31,1781179
MRM,20040611,0.3,0.3,0.3,0.3,57592
MRX,20040611,0.11,0.115,0.105,0.115,639855
MRY,20040611,0.011,0.011,0.011,0.011,12865
MSC,20040611,0.105,0.105,0.1,0.1,1217288
MSO,20040611,0.09,0.09,0.09,0.09,9825
MST,20040611,0.385,0.39,0.385,0.385,444293
MTB,20040611,0.082,0.082,0.08,0.082,99000
MTD,20040611,0.25,0.25,0.25,0.25,6250
MTH,20040611,0.4,0.4,0.4,0.4,102560
MTI,20040611,0.55,0.55,0.54,0.54,24259
MTO,20040611,0.27,0.28,0.265,0.275,469000
MTR,20040611,0.24,0.24,0.23,0.24,155671
MTT,20040611,2.65,2.65,2.62,2.65,539222
MUL,20040611,0.042,0.044,0.042,0.042,10397894
MUR,20040611,0.02,0.02,0.02,0.02,191000
MVL,20040611,0.028,0.028,0.028,0.028,23000
MVP,20040611,0.76,0.78,0.75,0.76,67000
MWE,20040611,0.125,0.125,0.12,0.125,41417
MWR,20040611,0.017,0.017,0.017,0.017,180000
MXA,20040611,0.004,0.004,0.003,0.004,2695500
MXI,20040611,0.68,0.7,0.68,0.69,335225
MXL,20040611,0.105,0.105,0.105,0.105,51079
MYO,20040611,1.43,1.43,1.38,1.42,210335
NAB,20040611,29.35,29.47,29.22,29.31,3649748
NAL,20040611,1.04,1.04,0.99,0.99,328050
NAM,20040611,0.44,0.445,0.435,0.435,63048
NAV,20040611,0.115,0.12,0.115,0.12,91852
NBL,20040611,2.07,2.08,2.07,2.08,3550
NCA,20040611,0.015,0.015,0.014,0.015,6069667
NCH,20040611,0.175,0.175,0.175,0.175,43000
NCI,20040611,1.49,1.49,1.44,1.44,7334
NCK,20040611,1.31,1.31,1.3,1.31,102454
NCM,20040611,12.5,12.81,12.42,12.73,1884917
NCP,20040611,13,13.05,12.96,13.04,3310139
NDC,20040611,0.3,0.31,0.3,0.3,245360
NEM,20040611,5.42,5.42,5.34,5.35,27473
NFD,20040611,4.42,4.47,4.38,4.43,668859
NHC,20040611,0.8,0.83,0.8,0.83,214972
NHL,20040611,0.175,0.175,0.175,0.175,37000
NHM,20040611,0.006,0.007,0.006,0.007,584571
NHR,20040611,0.425,0.425,0.41,0.42,215123
NIA,20040611,0.09,0.105,0.09,0.105,4255906
NIQ,20040611,0.215,0.225,0.215,0.22,155000
NKL,20040611,0.185,0.185,0.18,0.18,118000
NKP,20040611,0.99,0.99,0.98,0.98,22600
NLX,20040611,0.27,0.27,0.265,0.27,878580
NMC,20040611,0.037,0.037,0.036,0.037,1653200
NMS,20040611,0.14,0.14,0.14,0.14,30000
NOL,20040611,0.14,0.14,0.14,0.14,180456
NRL,20040611,0.032,0.032,0.032,0.032,10617
NRT,20040611,5.48,5.48,5.3,5.38,63410
NTC,20040611,0.28,0.29,0.28,0.29,34000
NTG,20040611,0.04,0.04,0.04,0.04,875
NUF,20040611,5.91,5.96,5.9,5.95,151905
NVE,20040611,0.155,0.16,0.145,0.16,257244
NVS,20040611,1.89,1.9,1.88,1.9,599403
NWA,20040611,0.059,0.06,0.058,0.06,369588
NWE,20040611,0.051,0.051,0.05,0.05,641589
NWK,20040611,0.2,0.2,0.2,0.2,44000
NXS,20040611,0.195,0.2,0.195,0.2,1182290
OCL,20040611,0.57,0.57,0.57,0.57,5200
OCO,20040611,0.024,0.024,0.023,0.023,629780
OEC,20040611,0.14,0.145,0.14,0.14,134477
OEX,20040611,0.195,0.2,0.195,0.2,47500
OFM,20040611,2.14,2.19,2.1,2.19,12193
OGD,20040611,0.69,0.71,0.69,0.71,104314
OHL,20040611,0.02,0.02,0.02,0.02,42000
OIL,20040611,0.39,0.39,0.37,0.38,78150
OKN,20040611,1.17,1.2,1.17,1.2,40934
OLE,20040611,0.086,0.086,0.083,0.083,46048
OLH,20040611,1.02,1.03,1.02,1.03,29305
OLP,20040611,0.08,0.08,0.08,0.08,300
OMH,20040611,0.78,0.78,0.77,0.77,9500
OMI,20040611,1.81,1.85,1.81,1.85,27353
OMP,20040611,3.02,3.02,2.98,3,68185
OPC,20040611,0.2,0.2,0.2,0.2,30000
OPI,20040611,0.16,0.16,0.16,0.16,150000
OPL,20040611,0.2,0.2,0.19,0.2,217500
OPM,20040611,0.006,0.007,0.006,0.006,38138123
ORC,20040611,0.08,0.083,0.08,0.083,250000
ORG,20040611,5.42,5.43,5.35,5.37,1874497
ORI,20040611,14.92,14.92,14.84,14.89,841278
ORL,20040611,2.51,2.53,2.51,2.51,14659
ORO,20040611,0.074,0.074,0.071,0.071,478803
ORP,20040611,0.02,0.02,0.018,0.02,2111953
ORT,20040611,0.11,0.12,0.09,0.1,272597
OSH,20040611,1.21,1.21,1.18,1.19,3030224
OST,20040611,2.43,2.43,2.33,2.35,3825034
OTI,20040611,0.165,0.165,0.165,0.165,14000
OTT,20040611,0.75,0.77,0.71,0.72,84931
OXR,20040611,0.85,0.85,0.82,0.84,2656663
PAO,20040611,1.25,1.25,1.23,1.23,92104
PBB,20040611,4.24,4.25,4.17,4.25,233891
PBD,20040611,1.18,1.18,1.15,1.15,8950
PBG,20040611,2.59,2.62,2.58,2.62,2505757
PBI,20040611,0.38,0.385,0.38,0.385,106586
PBL,20040611,12.79,12.85,12.75,12.84,1186758
PBO,20040611,0.42,0.44,0.42,0.44,82000
PBT,20040611,0.69,0.7,0.68,0.7,45560
PCE,20040611,0.155,0.155,0.13,0.13,15667
PCG,20040611,0.36,0.36,0.35,0.35,126476
PCL,20040611,0.06,0.062,0.059,0.06,2431206
PCO,20040611,0.015,0.015,0.015,0.015,154000
PDG,20040611,21.51,21.7,21.35,21.35,6887
PDM,20040611,0.092,0.092,0.092,0.092,10000
PDN,20040611,0.125,0.13,0.125,0.125,186000
PDR,20040611,0.1,0.1,0.1,0.1,10000
PEM,20040611,0.95,1,0.95,1,941051
PEP,20040611,0.76,0.76,0.75,0.75,51598
PGL,20040611,3.43,3.43,3.4,3.4,68094
PGS,20040611,0.19,0.195,0.19,0.195,270000
PHL,20040611,0.078,0.082,0.074,0.076,583413
PHY,20040611,2.94,2.95,2.93,2.93,250038
PIF,20040611,1.17,1.19,1.17,1.19,364267
PIL,20040611,0.16,0.165,0.16,0.165,236250
PIV,20040611,1.32,1.32,1.31,1.31,67568
PKT,20040611,0.012,0.012,0.012,0.012,35040
PLA,20040611,0.14,0.15,0.14,0.15,27000
PLF,20040611,1.73,1.74,1.66,1.66,220394
PLT,20040611,0.55,0.58,0.54,0.58,143227
PMA,20040611,0.058,0.058,0.058,0.058,24600
PMC,20040611,2.26,2.26,2.25,2.26,37440
PMG,20040611,7.99,8.05,7.99,8,7779
PMH,20040611,0.011,0.012,0.011,0.012,1552100
PMM,20040611,1.66,1.66,1.63,1.63,844615
PMN,20040611,3.99,3.99,3.94,3.94,4668762
PMP,20040611,1.51,1.58,1.51,1.56,3115964
PMV,20040611,3.3,3.35,3.3,3.35,27138
PNA,20040611,0.165,0.165,0.16,0.165,723527
PNO,20040611,0.017,0.017,0.017,0.017,150000
POH,20040611,0.165,0.165,0.16,0.16,36100
POL,20040611,0.175,0.185,0.16,0.16,309345
PPD,20040611,0.57,0.57,0.55,0.55,230000
PPK,20040611,0.91,0.94,0.91,0.94,52491
PPP,20040611,0.12,0.12,0.12,0.12,170240
PPR,20040611,1.08,1.09,1.08,1.09,10000
PPT,20040611,46.01,46.01,45.85,45.88,57892
PPX,20040611,4.86,4.86,4.8,4.8,1832602
PRG,20040611,3.25,3.25,3.25,3.25,19180
PRK,20040611,5.17,5.18,5.13,5.18,3041473
PRM,20040611,0.105,0.11,0.105,0.11,15366
PRO,20040611,0.11,0.11,0.11,0.11,2200
PRR,20040611,0.195,0.2,0.195,0.2,277608
PRT,20040611,2.57,2.58,2.5,2.54,1232159
PRV,20040611,0.93,0.94,0.92,0.93,268574
PRX,20040611,0.8,0.8,0.79,0.8,340751
PRY,20040611,5.49,5.49,5.4,5.45,709755
PSA,20040611,1.21,1.21,1.18,1.2,113286
PSD,20040611,1.22,1.22,1.18,1.18,773499
PSG,20040611,0.17,0.17,0.17,0.17,9000
PSI,20040611,0.25,0.25,0.25,0.25,20000
PSN,20040611,5.99,5.99,5.9,5.9,1820
PSP,20040611,0.175,0.18,0.17,0.17,169000
PSR,20040611,0.012,0.013,0.012,0.013,3846952
PSV,20040611,0.275,0.275,0.27,0.27,97000
PSX,20040611,0.195,0.195,0.18,0.18,359287
PTD,20040611,1.41,1.42,1.38,1.39,877052
PWR,20040611,0.037,0.038,0.037,0.037,721700
PWT,20040611,0.96,0.96,0.95,0.95,20129
PXS,20040611,0.425,0.425,0.42,0.42,67242
QAD,20040611,0.038,0.038,0.038,0.038,130000
QAN,20040611,3.44,3.44,3.41,3.41,3165556
QBE,20040611,12.37,12.5,12.32,12.42,1706757
QCH,20040611,3.65,3.65,3.61,3.65,25825
QED,20040611,0.013,0.013,0.013,0.013,100000
QGC,20040611,0.18,0.185,0.18,0.185,72367
QML,20040611,0.15,0.16,0.15,0.16,45000
QPX,20040611,0.49,0.49,0.49,0.49,1650
QRS,20040611,0.15,0.15,0.145,0.15,171454
QTM,20040611,0.26,0.26,0.245,0.245,98538
QUR,20040611,0.044,0.044,0.044,0.044,184000
QVL,20040611,0.008,0.008,0.008,0.008,46525
RAC,20040611,0.53,0.53,0.51,0.52,237651
RAU,20040611,0.13,0.13,0.13,0.13,1557
RBY,20040611,0.105,0.105,0.1,0.1,77500
RCD,20040611,4,4,3.97,3.99,171383
RCH,20040611,0.007,0.007,0.007,0.007,25000
RCL,20040611,2.5,2.5,2.47,2.49,37601
RCR,20040611,0.315,0.315,0.315,0.315,11978
RCT,20040611,2.5,2.55,2.5,2.55,5405
RDF,20040611,2.23,2.24,2.22,2.24,72116
RDM,20040611,0.185,0.185,0.185,0.185,55000
RDR,20040611,0.25,0.25,0.25,0.25,104000
REA,20040611,0.85,0.85,0.84,0.84,25000
REB,20040611,2.72,2.74,2.72,2.74,8721
RED,20040611,0.13,0.13,0.125,0.125,683000
REL,20040611,0.11,0.11,0.11,0.11,125500
REM,20040611,0.4,0.405,0.39,0.405,771569
REV,20040611,0.13,0.13,0.13,0.13,24387
RFS,20040611,0.225,0.225,0.22,0.225,108100
RGL,20040611,0.26,0.265,0.26,0.265,110000
RHC,20040611,5.5,5.53,5.47,5.47,314102
RHD,20040611,0.66,0.67,0.66,0.67,9556
RHT,20040611,0.13,0.135,0.13,0.135,18155
RIC,20040611,1.32,1.32,1.29,1.31,39724
RIN,20040611,7.66,7.66,7.6,7.64,4362147
RIO,20040611,35.06,35.35,35.06,35.2,912640
RKN,20040611,1.02,1.03,1.01,1.03,250778
RLD,20040611,0.08,0.085,0.08,0.085,241692
RMD,20040611,7.35,7.35,7.29,7.3,600698
RMG,20040611,0.021,0.024,0.021,0.024,994338
RMI,20040611,0.005,0.005,0.005,0.005,3313500
RML,20040611,0.081,0.086,0.079,0.086,791918
RMS,20040611,0.078,0.078,0.078,0.078,18000
RNG,20040611,0.25,0.25,0.25,0.25,3670
ROC,20040611,1.55,1.55,1.51,1.52,1052419
ROK,20040611,3.42,3.45,3.42,3.45,9881
RPC,20040611,0.275,0.28,0.27,0.28,1194000
RPD,20040611,0.53,0.55,0.51,0.55,102510
RPH,20040611,1.15,1.15,1.14,1.15,722888
RPM,20040611,0.061,0.061,0.061,0.061,24000
RRS,20040611,0.017,0.017,0.017,0.017,60000
RRT,20040611,1.04,1.05,1.04,1.05,35300
RSG,20040611,1.11,1.11,1.07,1.1,367273
RSN,20040611,0.088,0.088,0.088,0.088,44880
RTL,20040611,0.255,0.255,0.25,0.25,18000
RTM,20040611,0.051,0.054,0.051,0.053,1431341
RUP,20040611,7.75,7.75,7.7,7.7,28834
RWD,20040611,0.16,0.16,0.16,0.16,25000
RXL,20040611,0.14,0.14,0.14,0.14,28000
SAI,20040611,1.69,1.72,1.66,1.72,59300
SAQ,20040611,4.66,4.66,4.66,4.66,1736
SAX,20040611,0.1,0.1,0.1,0.1,1000
SBC,20040611,11.64,11.64,11.33,11.33,41378
SBL,20040611,0.34,0.34,0.34,0.34,500
SBM,20040611,0.049,0.05,0.049,0.05,428151
SBP,20040611,0.15,0.155,0.15,0.155,185364
SBS,20040611,0.067,0.067,0.067,0.067,59000
SCD,20040611,0.02,0.02,0.018,0.018,40000
SCE,20040611,0.023,0.023,0.022,0.022,195000
SCF,20040611,113.8,113.9,113.7,113.9,1375
SDG,20040611,1.04,1.05,1.04,1.04,23766
SDI,20040611,9.2,9.21,9,9,40161
SDL,20040611,0.012,0.013,0.012,0.012,343844
SDS,20040611,0.68,0.68,0.66,0.66,24000
SEE,20040611,0.037,0.037,0.035,0.035,306243
SEL,20040611,1.02,1.03,1.02,1.03,24296
SEN,20040611,0.058,0.06,0.057,0.06,869994
SES,20040611,0.145,0.145,0.14,0.14,65000
SEV,20040611,5.2,5.25,5.16,5.17,562131
SFC,20040611,13.6,13.6,13.6,13.6,6800
SFE,20040611,6.32,6.35,6.23,6.25,358644
SFR,20040611,0.18,0.18,0.18,0.18,260000
SGB,20040611,22.03,22.03,21.84,21.85,5344717
SGL,20040611,0.84,0.86,0.84,0.85,818238
SGN,20040611,3.2,3.25,3.19,3.24,204011
SGP,20040611,5.35,5.35,5.32,5.33,2081355
SGS,20040611,1.04,1.04,1.04,1.04,19000
SGT,20040611,1.9,1.91,1.87,1.88,5963832
SGV,20040611,0.22,0.23,0.22,0.23,21000
SGW,20040611,2.46,2.48,2.42,2.48,654272
SHG,20040611,0.23,0.23,0.21,0.21,874107
SHL,20040611,9.1,9.15,9.02,9.12,414789
SHN,20040611,0.08,0.081,0.08,0.081,745000
SHV,20040611,6.6,6.6,6.55,6.6,6168
SIB,20040611,0.3,0.305,0.3,0.305,419721
SIE,20040611,0.067,0.068,0.065,0.065,5058249
SIG,20040611,8,8,7.93,7.96,153399
SIU,20040611,0.215,0.215,0.215,0.215,5000
SKC,20040611,4.26,4.32,4.26,4.32,14498
SKE,20040611,2.85,2.88,2.85,2.88,51865
SKG,20040611,0.052,0.052,0.049,0.049,775000
SKR,20040611,0.048,0.052,0.048,0.051,3787203
SLA,20040611,0.085,0.085,0.085,0.085,13185
SLF,20040611,16.3,16.31,16.3,16.31,2970
SLM,20040611,3.55,3.55,3.55,3.55,227066
SLV,20040611,0.31,0.31,0.31,0.31,54000
SLX,20040611,0.78,0.78,0.77,0.77,181528
SMA,20040611,0.012,0.012,0.012,0.012,30000
SMC,20040611,0.205,0.205,0.2,0.2,96145
SML,20040611,0.086,0.09,0.086,0.09,373457
SMM,20040611,0.052,0.052,0.052,0.052,100000
SMO,20040611,0.094,0.096,0.094,0.096,69250
SMS,20040611,10.55,10.6,10.51,10.55,106760
SMX,20040611,0.325,0.33,0.32,0.325,3482495
SMY,20040611,0.63,0.63,0.62,0.63,163813
SNN,20040611,0.27,0.28,0.265,0.28,1520834
SNT,20040611,4.65,4.65,4.65,4.65,207746
SOH,20040611,0.93,0.93,0.91,0.92,423615
SOL,20040611,6.4,6.49,6.4,6.49,155399
SOT,20040611,1.34,1.36,1.29,1.29,228903
SPC,20040611,1.34,1.34,1.33,1.33,278325
SPL,20040611,0.8,0.8,0.75,0.79,113130
SPT,20040611,5.2,5.22,5.12,5.19,72622
SRA,20040611,0.135,0.14,0.135,0.135,403200
SRI,20040611,0.1,0.1,0.1,0.1,36109
SRL,20040611,1.05,1.07,1.05,1.07,28000
SRP,20040611,3.29,3.29,3.24,3.28,1065443
SRV,20040611,2.01,2.02,1.98,1.98,49540
SRX,20040611,2.91,2.91,2.79,2.88,43475
SSH,20040611,0.048,0.05,0.048,0.05,25000
SSI,20040611,0.23,0.23,0.23,0.23,4250
SSS,20040611,1.85,1.85,1.83,1.83,5650
SSX,20040611,1.12,1.12,1.1,1.12,3197722
STE,20040611,0.089,0.089,0.089,0.089,61000
STI,20040611,0.18,0.19,0.17,0.19,220000
STN,20040611,0.115,0.115,0.115,0.115,41000
STO,20040611,6.98,7.02,6.95,6.99,2091399
STP,20040611,0.063,0.068,0.062,0.063,127800
STR,20040611,0.058,0.058,0.058,0.058,75000
STS,20040611,0.46,0.46,0.46,0.46,4951
STT,20040611,0.015,0.015,0.014,0.014,1320000
STU,20040611,0.78,0.79,0.78,0.78,45000
STW,20040611,35.59,35.7,35.59,35.6,25000
SUN,20040611,13.99,13.99,13.9,13.9,527220
SUR,20040611,0.115,0.115,0.105,0.105,100000
SWG,20040611,0.02,0.02,0.02,0.02,5564
SWT,20040611,0.095,0.105,0.095,0.105,109747
SYG,20040611,0.008,0.008,0.008,0.008,687500
SYL,20040611,3.78,3.78,3.78,3.78,440
SYM,20040611,1.24,1.25,1.24,1.25,34710
SYP,20040611,0.19,0.195,0.19,0.19,91000
TAA,20040611,0.064,0.064,0.063,0.063,22000
TAB,20040611,4.78,4.79,4.77,4.79,592194
TAH,20040611,13.5,13.65,13.5,13.6,1344120
TAN,20040611,1.45,1.45,1.45,1.45,5000
TAP,20040611,1.52,1.52,1.5,1.5,853784
TAS,20040611,0.08,0.08,0.079,0.079,71650
TAW,20040611,1.5,1.57,1.5,1.57,2582725
TBC,20040611,0.195,0.195,0.195,0.195,70000
TCL,20040611,4.65,4.65,4.61,4.61,7264623
TEE,20040611,0.04,0.04,0.038,0.038,55800
TEL,20040611,5.08,5.14,5.08,5.1,4777165
TEM,20040611,0.95,0.96,0.93,0.94,277095
TEN,20040611,2.98,2.98,2.96,2.96,351074
TFS,20040611,0.075,0.075,0.072,0.072,30700
TGF,20040611,0.235,0.24,0.235,0.24,21354
TGG,20040611,1.12,1.14,1.11,1.14,341202
TGR,20040611,0.77,0.8,0.77,0.8,28180
THG,20040611,0.65,0.65,0.64,0.64,110244
THX,20040611,0.405,0.405,0.4,0.4,104700
TIF,20040611,0.45,0.45,0.45,0.45,65171
TIL,20040611,0.13,0.13,0.13,0.13,5700
TIM,20040611,1.49,1.5,1.48,1.48,266428
TIR,20040611,0.31,0.31,0.3,0.305,584780
TIS,20040611,0.9,0.9,0.87,0.87,58400
TKG,20040611,0.006,0.006,0.006,0.006,201000
TKL,20040611,0.15,0.15,0.15,0.15,40000
TKR,20040611,1.5,1.5,1.5,1.5,1500
TLS,20040611,4.63,4.67,4.62,4.66,14217276
TLT,20040611,0.75,0.75,0.75,0.75,9205
TMO,20040611,0.365,0.37,0.365,0.37,29970
TMS,20040611,0.029,0.029,0.029,0.029,388350
TNC,20040611,0.25,0.255,0.25,0.255,51650
TNE,20040611,0.53,0.53,0.52,0.52,313244
TNS,20040611,2.12,2.15,2.12,2.15,37800
TOL,20040611,10.99,11,10.81,10.83,687048
TOR,20040611,1.28,1.28,1.28,1.28,5502
TOX,20040611,0.012,0.013,0.012,0.013,590054
TRG,20040611,7.5,7.5,7.5,7.5,3650
TRO,20040611,0.19,0.19,0.19,0.19,40100
TRS,20040611,2.09,2.11,2.07,2.08,116455
TRV,20040611,0.34,0.34,0.34,0.34,80
TRY,20040611,2.75,2.75,2.75,2.75,11000
TSE,20040611,4.88,4.88,4.86,4.87,245636
TST,20040611,0.1,0.1,0.1,0.1,33500
TSV,20040611,0.1,0.1,0.1,0.1,10605
TTR,20040611,0.25,0.255,0.245,0.255,321100
TTT,20040611,0.75,0.75,0.73,0.73,41000
TVL,20040611,0.125,0.13,0.125,0.13,79492
TVN,20040611,0.33,0.335,0.33,0.335,14000
TWD,20040611,1.82,1.85,1.82,1.82,15547
TWO,20040611,0.23,0.24,0.23,0.23,166555
TWR,20040611,1.5,1.5,1.49,1.49,317484
TYC,20040611,0.415,0.415,0.405,0.41,227867
TZL,20040611,0.445,0.445,0.44,0.44,55000
TZN,20040611,0.17,0.17,0.165,0.165,126000
UCL,20040611,0.031,0.033,0.031,0.032,216000
UCM,20040611,3.3,3.3,3.2,3.2,7800
UEC,20040611,0.39,0.39,0.39,0.39,271965
UGL,20040611,4.85,4.9,4.84,4.9,206929
UNI,20040611,1.75,1.75,1.7,1.7,101697
UNW,20040611,0.7,0.7,0.69,0.7,87430
UOS,20040611,0.66,0.66,0.66,0.66,4600
URL,20040611,0.14,0.14,0.135,0.14,315963
UTB,20040611,8.05,8.08,8.01,8.07,102344
UXC,20040611,0.74,0.74,0.73,0.73,13683
VBA,20040611,2.03,2.03,2.02,2.03,2097679
VCM,20040611,1.45,1.45,1.37,1.37,32000
VCN,20040611,0.09,0.09,0.075,0.075,42500
VCR,20040611,1.51,1.53,1.48,1.49,939149
VGL,20040611,1.18,1.21,1.18,1.18,161733
VHL,20040611,0.465,0.47,0.465,0.465,47831
VLL,20040611,1.74,1.75,1.72,1.75,905971
VOY,20040611,0.245,0.245,0.245,0.245,215000
VPE,20040611,0.022,0.022,0.021,0.021,2802153
VPG,20040611,0.97,0.97,0.96,0.96,415651
VRE,20040611,0.074,0.075,0.074,0.075,573689
VRI,20040611,0.11,0.13,0.11,0.12,1218034
VRL,20040611,1.8,1.81,1.8,1.8,627473
VSG,20040611,0.04,0.04,0.04,0.04,190000
VSL,20040611,1.02,1.04,0.98,0.99,897484
VTI,20040611,0.74,0.75,0.68,0.69,2063576
VTP,20040611,0.93,0.93,0.93,0.93,2000
VWD,20040611,1.31,1.32,1.3,1.31,54995
VXS,20040611,0.1,0.11,0.1,0.1,108400
WAB,20040611,0.97,0.97,0.97,0.97,120000
WAG,20040611,0.2,0.2,0.195,0.195,4932
WAM,20040611,1.6,1.61,1.6,1.61,56674
WAN,20040611,6.89,6.9,6.87,6.89,287274
WAS,20040611,0.013,0.013,0.013,0.013,88285
WAT,20040611,2.35,2.4,2.35,2.4,2000
WBA,20040611,0.77,0.77,0.7,0.76,64969
WBC,20040611,17.04,17.04,16.96,17.01,2125384
WCB,20040611,3,3,3,3,33000
WEB,20040611,0.04,0.04,0.04,0.04,50000
WES,20040611,28,28.16,27.95,28,263472
WEZ,20040611,0.24,0.24,0.23,0.23,218765
WFA,20040611,2.33,2.34,2.32,2.32,8842973
WFL,20040611,2.27,2.3,2.27,2.29,97402
WFT,20040611,4.29,4.32,4.28,4.31,5409414
WGR,20040611,0.089,0.089,0.088,0.088,250000
WHS,20040611,3.85,3.88,3.85,3.85,53290
WIL,20040611,0.97,0.97,0.96,0.97,81985
WLS,20040611,0.92,0.92,0.91,0.91,180750
WME,20040611,0.023,0.023,0.023,0.023,20000
WML,20040611,0.08,0.08,0.077,0.077,62430
WMR,20040611,4.57,4.61,4.54,4.59,11017793
WNZ,20040611,4.2,4.2,4.2,4.2,150
WOR,20040611,2.95,2.95,2.82,2.84,257791
WOW,20040611,11.62,11.67,11.6,11.63,6341729
WPL,20040611,16.3,16.45,16.27,16.32,1270467
WSA,20040611,1,1,0.98,0.98,113300
WSF,20040611,15,15.12,14.98,15.07,1817640
WSG,20040611,0.008,0.008,0.008,0.008,4000
WSS,20040611,0.065,0.065,0.065,0.065,20000
WSY,20040611,0.022,0.022,0.022,0.022,30000
WTE,20040611,0.029,0.03,0.029,0.03,2460381
WTP,20040611,0.77,0.78,0.77,0.77,35339
WWA,20040611,0.82,0.82,0.82,0.82,7756
WYL,20040611,3.69,3.7,3.68,3.7,105930
XAN,20040611,0.088,0.09,0.085,0.09,410000
XAO,20040611,3469.1,3480.8,3469.1,3478.1,0
XBL,20040611,0.305,0.305,0.305,0.305,55813
XDJ,20040611,2205.2,2216.5,2202.3,2216.5,0
XEJ,20040611,5620.7,5652.7,5619.3,5625.9,0
XFJ,20040611,4308.2,4320.6,4308.2,4313.5,0
XFL,20040611,3455.9,3473.1,3455.9,3468.5,0
XHJ,20040611,3847.4,3867.6,3846.8,3856.7,0
XIJ,20040611,278.4,280.1,274.6,278,0
XJO,20040611,3468,3481.5,3468,3478.2,0
XKO,20040611,3468.8,3482,3468.8,3478.8,0
XMD,20040611,3181.5,3186.2,3176.2,3179.9,0
XMJ,20040611,5280.5,5312.5,5280.5,5306.4,0
XNJ,20040611,3844.4,3860.7,3844.4,3847.5,0
XPJ,20040611,1627.2,1637.5,1627.2,1635.1,0
XSJ,20040611,4520.3,4537.8,4515,4528.7,0
XSO,20040611,1916.8,1923.1,1913.2,1917.4,0
XTJ,20040611,1632.4,1655.8,1632.4,1652.8,0
XTL,20040611,1944.2,1954.1,1944.2,1951.6,0
XTO,20040611,2824.9,2836.9,2824.9,2833.7,0
XUJ,20040611,3766.2,3782.6,3753.4,3764.9,0
XXJ,20040611,4318.7,4330.8,4318.6,4320.3,0
YAM,20040611,0.009,0.009,0.008,0.009,5378539
YGL,20040611,0.035,0.035,0.035,0.035,55000
YSL,20040611,0.37,0.37,0.36,0.36,15500
ZEL,20040611,0.19,0.19,0.19,0.19,2000
ZFX,20040611,1.83,1.86,1.82,1.85,2223988
ZYL,20040611,0.007,0.007,0.007,0.007,415000
