AAB,20040616,0.98,0.98,0.98,0.98,5000
AAC,20040616,1.22,1.23,1.21,1.22,233732
AAM,20040616,0.6,0.6,0.56,0.56,99833
AAR,20040616,0.019,0.019,0.018,0.019,450000
AAT,20040616,0.23,0.24,0.23,0.24,513471
AAU,20040616,1.1,1.1,1.1,1.1,5000
ABB,20040616,6.88,6.88,6.88,6.88,3683
ABC,20040616,1.23,1.23,1.22,1.22,632583
ABI,20040616,0.32,0.33,0.32,0.325,229555
ABK,20040616,0.14,0.14,0.14,0.14,87650
ABP,20040616,1.17,1.17,1.16,1.16,51898
ABS,20040616,3.34,3.4,3.29,3.31,121720
ACF,20040616,1.02,1.02,1.02,1.02,25431
ACL,20040616,0.465,0.475,0.46,0.46,164500
ACU,20040616,0.52,0.52,0.495,0.5,669331
ADA,20040616,0.51,0.51,0.49,0.49,93488
ADB,20040616,8.4,8.53,8.4,8.53,142536
ADG,20040616,3.55,3.55,3.54,3.54,17474
ADK,20040616,0.035,0.035,0.035,0.035,12500
ADL,20040616,0.105,0.105,0.105,0.105,2018
ADN,20040616,0.215,0.215,0.215,0.215,85415
ADT,20040616,1.6,1.6,1.6,1.6,1250
ADU,20040616,0.64,0.64,0.61,0.61,95652
ADX,20040616,0.093,0.093,0.09,0.09,417560
ADY,20040616,0.029,0.03,0.029,0.029,659000
ADZ,20040616,1.48,1.48,1.43,1.45,829821
AEC,20040616,1.45,1.45,1.43,1.43,5000
AEF,20040616,12,12,12,12,2061
AEI,20040616,1.4,1.41,1.39,1.41,33121
AEN,20040616,1.01,1.01,0.95,0.95,50220
AEO,20040616,1.4,1.42,1.4,1.42,510288
AES,20040616,0.066,0.066,0.065,0.065,25000
AET,20040616,0.39,0.46,0.39,0.46,72919
AEX,20040616,0.047,0.047,0.045,0.045,350644
AFC,20040616,0.44,0.45,0.44,0.45,30000
AFI,20040616,3.26,3.27,3.25,3.25,307349
AFL,20040616,1.33,1.33,1.33,1.33,42150
AFM,20040616,0.015,0.017,0.014,0.017,1000000
AFT,20040616,0.039,0.044,0.039,0.042,13529814
AGC,20040616,1.6,1.6,1.6,1.6,36000
AGG,20040616,9.19,9.2,9,9.03,6288
AGI,20040616,0.52,0.53,0.51,0.52,238664
AGL,20040616,11.75,11.81,11.7,11.8,714396
AGM,20040616,0.135,0.14,0.13,0.13,643275
AGS,20040616,0.031,0.031,0.031,0.031,19752
AGT,20040616,0.53,0.53,0.53,0.53,8000
AGX,20040616,0.73,0.75,0.69,0.69,544926
AGY,20040616,0.125,0.13,0.125,0.13,148962
AGZ,20040616,0.135,0.135,0.135,0.135,8481
AHD,20040616,3.14,3.2,3.14,3.2,20815
AHG,20040616,0.094,0.095,0.09,0.095,488572
AHO,20040616,0.41,0.41,0.41,0.41,17000
AHS,20040616,0.88,0.88,0.87,0.87,196855
AIA,20040616,6.07,6.07,6.07,6.07,4260
AIE,20040616,0.125,0.125,0.125,0.125,120000
AIM,20040616,0.067,0.075,0.066,0.068,15539815
AIX,20040616,1.61,1.61,1.6,1.6,345142
AIY,20040616,0.16,0.16,0.16,0.16,4000
AIZ,20040616,0.365,0.37,0.365,0.365,93366
AJL,20040616,1.53,1.54,1.53,1.54,143720
ALB,20040616,0.445,0.445,0.445,0.445,32500
ALD,20040616,0.23,0.23,0.22,0.23,71000
ALE,20040616,0.026,0.026,0.024,0.024,100000
ALH,20040616,2.26,2.31,2.25,2.28,1343810
ALK,20040616,0.25,0.255,0.245,0.255,410490
ALL,20040616,4.6,4.63,4.51,4.51,1998489
ALN,20040616,6.18,6.2,6.16,6.2,919048
ALO,20040616,0.63,0.63,0.63,0.63,2000
ALR,20040616,1.01,1.02,1.01,1.02,83402
ALS,20040616,6.62,6.69,6.59,6.65,30587
ALT,20040616,0.091,0.091,0.091,0.091,26200
ALU,20040616,0.36,0.365,0.35,0.35,208500
ALZ,20040616,1.61,1.62,1.6,1.61,3045070
AMC,20040616,6.85,6.96,6.85,6.96,5029033
AME,20040616,0.16,0.16,0.16,0.16,50000
AMG,20040616,0.03,0.034,0.03,0.034,698500
AMH,20040616,0.44,0.44,0.435,0.435,14095
AML,20040616,0.57,0.57,0.55,0.56,157105
AMM,20040616,0.145,0.145,0.14,0.14,271000
AMP,20040616,5.88,5.93,5.88,5.9,7721062
AMU,20040616,0.49,0.49,0.48,0.49,138945
ANC,20040616,8.5,8.5,8.5,8.5,22
ANE,20040616,3.72,3.73,3.7,3.72,73461
ANG,20040616,0.295,0.295,0.295,0.295,111
ANM,20040616,0.022,0.023,0.021,0.022,879159
ANN,20040616,7.88,7.88,7.67,7.69,545830
ANP,20040616,0.125,0.125,0.12,0.12,181800
ANX,20040616,0.385,0.385,0.375,0.375,40490
ANZ,20040616,18.3,18.32,18.17,18.18,2009911
AOE,20040616,0.21,0.215,0.21,0.21,138651
APA,20040616,2.7,2.71,2.69,2.7,77006
APG,20040616,0.029,0.029,0.025,0.026,1268469
API,20040616,2.46,2.49,2.45,2.45,37563
APL,20040616,0.215,0.215,0.215,0.215,28429
APN,20040616,4.15,4.22,4.14,4.19,801615
APZ,20040616,0.15,0.15,0.15,0.15,1968000
AQP,20040616,6.48,6.48,6.26,6.36,57764
ARA,20040616,0.3,0.31,0.3,0.31,17102
ARE,20040616,0.11,0.115,0.11,0.11,80541
ARG,20040616,4.78,4.79,4.76,4.76,76641
ARM,20040616,0.205,0.21,0.205,0.21,162600
ARP,20040616,3.4,3.4,3.38,3.4,15413
ARQ,20040616,0.86,0.87,0.85,0.86,432331
ARU,20040616,0.145,0.145,0.14,0.14,35000
ARX,20040616,0.05,0.05,0.048,0.048,123010
ASB,20040616,1.14,1.14,1.1,1.11,136050
ASC,20040616,0.08,0.08,0.08,0.08,200395
ASL,20040616,0.62,0.63,0.61,0.63,80303
ASX,20040616,15.55,15.62,15.55,15.6,119644
ATG,20040616,0.69,0.69,0.68,0.68,32400
ATN,20040616,0.185,0.185,0.185,0.185,5334
ATP,20040616,0.17,0.17,0.17,0.17,35153
ATX,20040616,0.092,0.095,0.092,0.094,151849
ATZ,20040616,0.255,0.27,0.255,0.27,5068
AUH,20040616,0.04,0.04,0.037,0.037,20400
AUL,20040616,0.008,0.008,0.008,0.008,375397
AUM,20040616,0.036,0.038,0.036,0.038,1002813
AUN,20040616,0.78,0.8,0.78,0.8,511430
AUO,20040616,0.59,0.61,0.58,0.61,702243
AUS,20040616,0.9,0.9,0.89,0.89,10560
AUX,20040616,0.043,0.046,0.043,0.045,1029086
AUZ,20040616,0.145,0.145,0.14,0.14,281381
AVA,20040616,0.036,0.036,0.036,0.036,29150
AVJ,20040616,1.95,1.96,1.94,1.95,409630
AVM,20040616,0.44,0.465,0.405,0.44,49117
AVN,20040616,0.023,0.025,0.023,0.024,249866
AVO,20040616,0.145,0.15,0.145,0.145,203980
AVR,20040616,0.42,0.43,0.42,0.43,120000
AVT,20040616,0.077,0.078,0.07,0.07,189777
AVV,20040616,2.14,2.16,2.14,2.16,34393
AWB,20040616,4.68,4.68,4.65,4.68,1372875
AWC,20040616,5.24,5.27,5.23,5.24,6283039
AWE,20040616,1.45,1.46,1.45,1.45,1943646
AWL,20040616,0.027,0.027,0.027,0.027,100000
AWP,20040616,7.67,7.67,7.6,7.62,11209
AXA,20040616,3.29,3.29,3.24,3.27,1959840
AXN,20040616,0.37,0.375,0.37,0.37,1590032
AYO,20040616,0.67,0.68,0.66,0.66,629955
AZL,20040616,0.019,0.019,0.019,0.019,37156
AZR,20040616,0.125,0.13,0.12,0.125,3058039
BAR,20040616,0.063,0.063,0.062,0.062,34307
BAX,20040616,4.7,4.7,4.7,4.7,3228
BBB,20040616,0.285,0.29,0.285,0.29,23000
BBG,20040616,8.38,8.44,8.34,8.37,636163
BCA,20040616,2.89,2.94,2.88,2.94,227025
BCD,20040616,0.54,0.54,0.5,0.51,429858
BCL,20040616,0.38,0.38,0.36,0.37,530405
BDG,20040616,0.95,0.95,0.91,0.91,103489
BDM,20040616,0.75,0.75,0.75,0.75,5000
BEL,20040616,0.355,0.355,0.355,0.355,64736
BEN,20040616,9.95,9.95,9.85,9.85,91332
BET,20040616,1.5,1.5,1.5,1.5,3000
BGD,20040616,0.215,0.215,0.205,0.205,167000
BGF,20040616,0.11,0.115,0.11,0.115,373600
BHP,20040616,12.18,12.23,12.15,12.15,12793188
BIL,20040616,6.05,6.06,5.95,6,8220434
BIR,20040616,1.38,1.4,1.38,1.39,515367
BIT,20040616,0.17,0.19,0.17,0.19,18430
BIX,20040616,0.069,0.069,0.065,0.065,36635
BKA,20040616,0.34,0.34,0.32,0.325,194442
BKI,20040616,0.95,0.96,0.94,0.96,184500
BKL,20040616,10.2,10.2,9.8,9.8,12826
BKR,20040616,0.28,0.28,0.28,0.28,49500
BKS,20040616,0.018,0.019,0.018,0.019,475330
BKV,20040616,0.045,0.045,0.045,0.045,2000
BKW,20040616,8.9,8.94,8.9,8.94,2500
BKY,20040616,0.165,0.165,0.165,0.165,30000
BLD,20040616,6.1,6.15,6.06,6.09,1275948
BLN,20040616,0.185,0.195,0.185,0.195,283175
BLT,20040616,0.86,0.9,0.86,0.9,5257
BLZ,20040616,0.027,0.027,0.025,0.025,100000
BMO,20040616,0.195,0.195,0.19,0.19,162180
BMX,20040616,0.155,0.155,0.155,0.155,12143
BNO,20040616,0.225,0.225,0.225,0.225,100000
BOC,20040616,0.22,0.22,0.22,0.22,4000
BOD,20040616,0.16,0.16,0.16,0.16,6825
BOL,20040616,1.57,1.59,1.57,1.58,43621
BOQ,20040616,9.51,9.51,9.42,9.44,584802
BOS,20040616,0.28,0.28,0.255,0.28,151600
BPC,20040616,0.66,0.68,0.66,0.68,11393022
BPG,20040616,0.07,0.075,0.07,0.075,270000
BPO,20040616,0.043,0.044,0.043,0.043,238413
BPT,20040616,0.28,0.285,0.28,0.28,676082
BQT,20040616,0.34,0.34,0.325,0.33,425358
BRK,20040616,2.14,2.14,2.06,2.06,10000
BRO,20040616,0.008,0.008,0.008,0.008,2902
BRW,20040616,0.04,0.041,0.039,0.041,885335
BRZ,20040616,1.44,1.45,1.43,1.43,107391
BSA,20040616,0.235,0.27,0.235,0.26,13213816
BSG,20040616,0.26,0.26,0.255,0.255,47423
BSL,20040616,6.27,6.35,6.27,6.35,2801907
BSO,20040616,3.09,3.13,3.08,3.12,93496
BTA,20040616,0.59,0.61,0.59,0.59,381476
BTC,20040616,0.42,0.42,0.415,0.415,63100
BTV,20040616,0.085,0.086,0.085,0.086,70100
BUG,20040616,0.63,0.63,0.63,0.63,3458
BUY,20040616,0.14,0.14,0.13,0.13,376282
BWI,20040616,0.94,0.94,0.93,0.93,34995
BWP,20040616,1.6,1.62,1.6,1.62,159057
CAA,20040616,2.11,2.19,2.11,2.16,147209
CAB,20040616,3.58,3.59,3.45,3.52,396526
CAG,20040616,0.047,0.047,0.046,0.046,1831979
CAI,20040616,0.98,0.98,0.98,0.98,10650
CAL,20040616,0.4,0.4,0.4,0.4,109500
CAM,20040616,0.94,0.94,0.94,0.94,11681
CAS,20040616,0.185,0.2,0.185,0.2,39845
CAT,20040616,0.47,0.49,0.47,0.49,4768
CAU,20040616,0.125,0.125,0.125,0.125,95000
CAZ,20040616,0.23,0.23,0.23,0.23,45000
CBA,20040616,32.8,32.88,32.55,32.6,2110768
CBD,20040616,0.4,0.4,0.37,0.4,180667
CBH,20040616,0.175,0.175,0.165,0.17,508010
CBT,20040616,0.017,0.02,0.017,0.02,23034
CCE,20040616,0.49,0.49,0.475,0.48,541012
CCH,20040616,0.22,0.22,0.215,0.22,93000
CCL,20040616,6.95,6.98,6.83,6.87,3696660
CCO,20040616,0.007,0.007,0.007,0.007,55000
CCP,20040616,2.1,2.1,2.1,2.1,3600
CCS,20040616,0.59,0.6,0.58,0.59,472850
CCV,20040616,0.23,0.235,0.23,0.23,47020
CDA,20040616,1.53,1.56,1.53,1.56,68100
CDC,20040616,1.3,1.3,1.27,1.3,57762
CDD,20040616,1.45,1.46,1.42,1.43,53000
CDF,20040616,1.245,1.25,1.245,1.249,59716
CDO,20040616,5.17,5.19,5.12,5.12,45077
CDP,20040616,2.61,2.61,2.61,2.61,2280
CDR,20040616,1.49,1.49,1.49,1.49,10954
CDX,20040616,2.03,2.03,1.99,1.99,11800
CEG,20040616,1.14,1.14,1.13,1.13,131224
CEP,20040616,4.23,4.31,4.23,4.3,904898
CEQ,20040616,2.02,2.02,2.02,2.02,7942
CEY,20040616,3.17,3.22,3.17,3.19,773399
CFI,20040616,0.59,0.6,0.58,0.58,301123
CFR,20040616,0.025,0.025,0.024,0.024,805725
CFS,20040616,0.32,0.325,0.32,0.325,26663
CGF,20040616,0.44,0.45,0.435,0.435,8464023
CGM,20040616,0.125,0.125,0.125,0.125,130000
CGO,20040616,0.58,0.61,0.55,0.61,134439
CGS,20040616,0.28,0.28,0.28,0.28,100000
CGX,20040616,0.45,0.45,0.45,0.45,415600
CHB,20040616,34.52,34.53,34.52,34.53,184
CHF,20040616,0.45,0.46,0.45,0.46,207726
CHL,20040616,0.16,0.16,0.16,0.16,70000
CHM,20040616,0.056,0.056,0.056,0.056,3503
CHQ,20040616,0.62,0.62,0.62,0.62,59039
CHT,20040616,0.011,0.011,0.009,0.009,388000
CHX,20040616,0.78,0.79,0.77,0.79,69071
CHY,20040616,1.78,1.8,1.78,1.8,2371335
CIN,20040616,12.39,12.4,12.39,12.4,4400
CIR,20040616,2.04,2.04,2.03,2.04,21087
CIY,20040616,4.27,4.37,4.27,4.28,2937
CKL,20040616,0.42,0.42,0.415,0.415,88750
CKR,20040616,0.63,0.63,0.61,0.61,77050
CLH,20040616,1.45,1.46,1.43,1.46,58705
CLO,20040616,0.43,0.43,0.425,0.425,3568258
CLT,20040616,1.2,1.25,1.19,1.2,181373
CLV,20040616,0.295,0.295,0.295,0.295,245000
CLX,20040616,0.55,0.55,0.55,0.55,36393
CMI,20040616,2,2.03,1.99,2.03,38800
CML,20040616,8.37,8.46,8.35,8.45,3822095
CMP,20040616,0.25,0.25,0.245,0.245,107000
CMQ,20040616,5.48,5.5,5.43,5.45,125412
CMR,20040616,0.22,0.22,0.22,0.22,7600
CMS,20040616,0.042,0.042,0.042,0.042,8923
CMW,20040616,0.105,0.105,0.1,0.1,152027
CMX,20040616,0.075,0.076,0.075,0.076,50000
CNB,20040616,0.83,0.83,0.83,0.83,1428
CND,20040616,1.66,1.66,1.65,1.65,20297
CNF,20040616,0.038,0.038,0.038,0.038,30000
CNM,20040616,0.024,0.027,0.024,0.027,648000
CNN,20040616,0.033,0.033,0.031,0.031,334031
COA,20040616,3.41,3.5,3.4,3.5,258923
COE,20040616,0.185,0.19,0.185,0.19,276500
COF,20040616,5.3,5.35,5.27,5.35,4419
COH,20040616,21.49,21.53,21.25,21.28,262696
COI,20040616,0.13,0.13,0.13,0.13,18000
COM,20040616,0.125,0.125,0.125,0.125,13000
COO,20040616,0.029,0.03,0.028,0.03,2893000
COS,20040616,0.47,0.47,0.47,0.47,23089
COU,20040616,0.93,0.95,0.93,0.93,16453
CPA,20040616,1.19,1.2,1.18,1.19,7066261
CPB,20040616,6.4,6.49,6.35,6.35,149658
CPI,20040616,0.63,0.63,0.61,0.61,53816
CPK,20040616,3.1,3.11,3.1,3.11,15800
CPN,20040616,0.075,0.075,0.07,0.073,1977666
CPU,20040616,3.16,3.22,3.16,3.18,1147190
CQT,20040616,0.21,0.21,0.2,0.2,724222
CRD,20040616,0.14,0.145,0.14,0.145,210479
CRE,20040616,0.12,0.125,0.12,0.12,910000
CRG,20040616,8.54,8.67,8.53,8.55,213203
CRS,20040616,0.435,0.445,0.435,0.435,955323
CRT,20040616,0.35,0.35,0.35,0.35,12000
CRU,20040616,0.62,0.62,0.62,0.62,45900
CSH,20040616,1.2,1.2,1.2,1.2,6300
CSL,20040616,22.41,22.45,22.2,22.3,355113
CSM,20040616,1.16,1.18,1.16,1.17,53775
CSR,20040616,2,2.04,2,2.03,4452649
CST,20040616,2.06,2.07,2.02,2.07,120660
CTI,20040616,0.48,0.48,0.47,0.47,10000
CTL,20040616,1.22,1.23,1.18,1.18,59204
CTN,20040616,0.88,0.88,0.87,0.88,235737
CTO,20040616,0.13,0.13,0.125,0.13,282000
CTX,20040616,8.7,8.76,8.69,8.76,948345
CUE,20040616,0.064,0.064,0.063,0.063,317500
CUL,20040616,0.029,0.029,0.028,0.028,1139099
CUS,20040616,0.075,0.076,0.066,0.07,231470
CVC,20040616,1,1,1,1,71000
CVI,20040616,0.07,0.075,0.07,0.075,75714
CVL,20040616,0.04,0.04,0.04,0.04,50000
CVN,20040616,0.018,0.019,0.018,0.018,538727
CVS,20040616,0.04,0.04,0.035,0.035,102800
CWG,20040616,0.135,0.135,0.135,0.135,5000
CWP,20040616,1.61,1.61,1.6,1.6,4000
CXP,20040616,5.08,5.08,4.89,5,207340
CYA,20040616,0.99,0.99,0.98,0.99,190989
CYG,20040616,5.69,5.69,5.67,5.68,21369
DBS,20040616,0.315,0.315,0.315,0.315,5000
DCL,20040616,0.037,0.037,0.037,0.037,25000
DDF,20040616,1.24,1.25,1.23,1.25,5071798
DEG,20040616,0.54,0.54,0.5,0.51,364093
DES,20040616,0.14,0.145,0.14,0.14,114052
DFT,20040616,0.017,0.018,0.017,0.017,1116131
DGM,20040616,0.043,0.043,0.04,0.04,26249
DGR,20040616,0.1,0.1,0.1,0.1,50000
DID,20040616,0.09,0.09,0.09,0.09,360616
DIO,20040616,0.078,0.078,0.076,0.076,375000
DIT,20040616,1.9,1.91,1.9,1.91,335255
DJS,20040616,1.57,1.58,1.56,1.57,1038498
DJW,20040616,3.47,3.52,3.43,3.43,152437
DKN,20040616,0.135,0.135,0.135,0.135,19000
DKS,20040616,12.25,12.25,12.2,12.2,2960
DLS,20040616,0.04,0.04,0.04,0.04,154000
DMX,20040616,0.065,0.065,0.061,0.065,292000
DMY,20040616,0.195,0.195,0.19,0.19,214168
DNL,20040616,0.17,0.17,0.165,0.165,133000
DNX,20040616,0.16,0.16,0.16,0.16,23541
DOM,20040616,0.43,0.445,0.43,0.445,32549
DON,20040616,0.25,0.255,0.25,0.255,40000
DOT,20040616,1.19,1.19,1.18,1.19,839794
DOW,20040616,2.98,2.99,2.97,2.97,819523
DPL,20040616,0.43,0.44,0.43,0.44,7000
DRA,20040616,0.27,0.27,0.26,0.27,107600
DRD,20040616,3.52,3.52,3.52,3.52,500
DTL,20040616,2.1,2.1,2,2.1,6273
DUI,20040616,1.87,1.87,1.87,1.87,7920
DVC,20040616,2.65,2.66,2.65,2.66,1659430
DVN,20040616,0.64,0.64,0.64,0.64,34883
DWY,20040616,0.58,0.58,0.58,0.58,9540
DYL,20040616,0.01,0.01,0.01,0.01,323625
EAC,20040616,5.1,5.1,5.1,5.1,30
EBG,20040616,0.145,0.145,0.145,0.145,2285
EBR,20040616,0.053,0.053,0.052,0.052,241500
EBT,20040616,0.099,0.099,0.099,0.099,225000
ECS,20040616,0.032,0.033,0.032,0.033,350000
EGI,20040616,0.033,0.033,0.03,0.03,574420
EGL,20040616,0.26,0.265,0.25,0.265,1684331
EGO,20040616,0.008,0.008,0.007,0.008,1342000
EHO,20040616,0.028,0.028,0.026,0.028,1273572
EIF,20040616,0.115,0.115,0.11,0.11,842625
EIL,20040616,0.091,0.091,0.091,0.091,18131
ELX,20040616,0.28,0.28,0.275,0.28,75200
EMI,20040616,0.115,0.115,0.11,0.11,236200
EMM,20040616,0.05,0.05,0.05,0.05,60400
EMP,20040616,0.78,0.78,0.77,0.77,693454
EMS,20040616,0.345,0.36,0.345,0.345,560706
ENE,20040616,2.77,2.77,2.72,2.74,1028860
ENV,20040616,1.08,1.09,1.07,1.08,264619
EOS,20040616,2.48,2.5,2.42,2.5,19000
EPE,20040616,0.13,0.13,0.13,0.13,3337
EPR,20040616,0.125,0.13,0.125,0.13,57400
EPT,20040616,0.89,0.93,0.87,0.89,1355213
EQI,20040616,1.41,1.42,1.39,1.41,33063
EQM,20040616,4.3,4.3,4.3,4.3,200
EQR,20040616,0.275,0.275,0.27,0.275,89050
EQT,20040616,7.4,7.4,7.4,7.4,1000
EQX,20040616,0.25,0.25,0.25,0.25,2000
ERA,20040616,3.61,3.61,3.61,3.61,383
ERG,20040616,0.56,0.56,0.54,0.54,5128246
ERH,20040616,0.051,0.051,0.051,0.051,3188
ESG,20040616,0.14,0.14,0.14,0.14,830000
ESI,20040616,0.11,0.11,0.105,0.105,94381
ESL,20040616,0.125,0.125,0.125,0.125,500
ESV,20040616,0.22,0.22,0.215,0.22,226000
ETC,20040616,0.023,0.023,0.023,0.023,469205
ETK,20040616,0.026,0.026,0.026,0.026,2000
ETR,20040616,1.23,1.24,1.22,1.24,34781
ETT,20040616,0.42,0.42,0.415,0.415,62512
ETW,20040616,1.04,1.05,1,1,179678
EUG,20040616,0.17,0.18,0.16,0.16,1010000
EUR,20040616,0.115,0.115,0.11,0.11,24500
EVM,20040616,0.18,0.185,0.165,0.165,99805
EWC,20040616,0.021,0.021,0.021,0.021,105880
EWL,20040616,0.05,0.05,0.05,0.05,63150
EXL,20040616,2.37,2.38,2.35,2.37,338727
EXS,20040616,0.175,0.18,0.175,0.18,48500
EXT,20040616,0.019,0.02,0.019,0.019,804567
EZE,20040616,0.195,0.195,0.195,0.195,22000
EZY,20040616,0.09,0.09,0.08,0.09,26500
FAN,20040616,4.02,4.05,3.93,4.05,30385
FAR,20040616,0.058,0.061,0.056,0.061,501385
FBU,20040616,3.94,3.99,3.94,3.99,10500
FCL,20040616,1.53,1.54,1.52,1.52,1216400
FCN,20040616,0.125,0.125,0.125,0.125,186270
FDL,20040616,0.032,0.032,0.031,0.031,89486
FEA,20040616,0.39,0.39,0.375,0.38,153650
FGL,20040616,4.77,4.81,4.75,4.8,9863965
FKP,20040616,2.76,2.88,2.76,2.88,177522
FLE,20040616,0.27,0.27,0.27,0.27,4000
FLK,20040616,0.81,0.81,0.77,0.8,52965
FLT,20040616,17.61,17.66,17.54,17.6,62194
FLX,20040616,0.093,0.093,0.088,0.09,4584228
FMG,20040616,0.5,0.52,0.48,0.48,335807
FOA,20040616,18.65,18.65,18.51,18.65,280269
FPA,20040616,4.14,4.14,4.11,4.11,46740
FPF,20040616,1.07,1.07,1.07,1.07,4730
FPG,20040616,0.48,0.48,0.48,0.48,5715
FPH,20040616,11.9,11.9,11.81,11.81,17700
FPS,20040616,0.48,0.48,0.48,0.48,5000
FSA,20040616,0.049,0.049,0.049,0.049,30000
FSL,20040616,0.02,0.02,0.02,0.02,995
FTR,20040616,0.63,0.63,0.62,0.62,31294
FUN,20040616,2.16,2.17,2.14,2.17,52874
FUS,20040616,0.01,0.011,0.01,0.01,1124400
FUT,20040616,0.021,0.021,0.021,0.021,19647
FWD,20040616,7.55,7.6,7.54,7.55,71047
FXJ,20040616,3.71,3.76,3.71,3.73,4656123
FXR,20040616,0.57,0.57,0.57,0.57,52000
GAA,20040616,0.55,0.55,0.5,0.5,554735
GAM,20040616,0.125,0.125,0.12,0.125,87655
GAN,20040616,1.45,1.46,1.44,1.45,5840301
GAP,20040616,2.87,2.9,2.87,2.9,20354
GAS,20040616,2.26,2.28,2.25,2.25,108984
GAU,20040616,0.145,0.145,0.145,0.145,50000
GBG,20040616,0.092,0.092,0.088,0.092,1091411
GBL,20040616,0.035,0.035,0.035,0.035,53659
GBP,20040616,0.19,0.195,0.185,0.195,134959
GBR,20040616,0.28,0.28,0.26,0.26,95134
GCL,20040616,0.97,0.97,0.94,0.97,51500
GCR,20040616,0.051,0.051,0.05,0.05,430000
GDA,20040616,0.006,0.006,0.005,0.005,3538428
GDM,20040616,0.37,0.38,0.37,0.38,125982
GDN,20040616,0.03,0.03,0.03,0.03,533500
GDP,20040616,0.74,0.74,0.71,0.73,60166
GDR,20040616,0.25,0.25,0.25,0.25,10000
GDY,20040616,1.11,1.13,1.11,1.12,88981
GEN,20040616,0.58,0.58,0.58,0.58,1000
GFD,20040616,0.99,1,0.98,0.99,27000
GGL,20040616,0.37,0.37,0.35,0.36,1529841
GGN,20040616,0.24,0.24,0.24,0.24,218120
GGP,20040616,0.295,0.32,0.28,0.32,529219
GGY,20040616,0.038,0.038,0.038,0.038,24334
GHG,20040616,0.67,0.69,0.67,0.69,57062
GIP,20040616,0.074,0.079,0.074,0.079,200000
GIR,20040616,0.14,0.14,0.135,0.135,139207
GKR,20040616,0.195,0.2,0.19,0.19,154000
GLB,20040616,0.435,0.44,0.425,0.44,468550
GLN,20040616,0.355,0.355,0.35,0.355,284965
GME,20040616,0.12,0.12,0.12,0.12,75000
GMI,20040616,0.85,0.85,0.84,0.84,102400
GML,20040616,0.1,0.11,0.1,0.11,55941
GNC,20040616,11.9,11.9,11.8,11.8,8939
GNS,20040616,13.33,13.35,13.27,13.3,138942
GOA,20040616,0.1,0.1,0.1,0.1,1332
GOG,20040616,0.225,0.225,0.225,0.225,9000
GOW,20040616,2.37,2.37,2.37,2.37,14862
GPE,20040616,0.23,0.23,0.22,0.22,265000
GPG,20040616,1.8,1.8,1.77,1.77,808147
GPN,20040616,0.02,0.02,0.02,0.02,18000
GPO,20040616,0.048,0.048,0.044,0.044,235136
GPT,20040616,3.4,3.43,3.4,3.43,2399192
GRD,20040616,1.63,1.66,1.63,1.66,42415
GRN,20040616,0.25,0.25,0.23,0.23,259456
GRO,20040616,0.73,0.74,0.73,0.74,87000
GRR,20040616,0.46,0.46,0.46,0.46,128150
GRT,20040616,0.13,0.13,0.12,0.12,35500
GRY,20040616,0.225,0.23,0.225,0.225,160200
GSE,20040616,0.033,0.033,0.029,0.029,240000
GTG,20040616,0.39,0.4,0.385,0.39,336500
GTM,20040616,0.079,0.082,0.079,0.081,2337770
GTN,20040616,0.12,0.12,0.12,0.12,43750
GTP,20040616,2.77,2.79,2.76,2.79,356840
GUD,20040616,8.65,8.69,8.6,8.6,177676
GUL,20040616,0.019,0.022,0.019,0.022,69000
GUN,20040616,0.225,0.225,0.22,0.225,234500
GVM,20040616,0.021,0.025,0.021,0.024,359598
GWT,20040616,2.9,2.91,2.88,2.88,196929
GZL,20040616,2.59,2.6,2.59,2.6,22600
HAK,20040616,6.7,6.7,6.7,6.7,6000
HAN,20040616,10.9,11.09,10.9,11.09,1076
HAO,20040616,0.18,0.18,0.175,0.175,30334
HBL,20040616,0.3,0.31,0.3,0.3,102087
HBR,20040616,0.75,0.75,0.73,0.73,82473
HCC,20040616,1.57,1.57,1.57,1.57,975
HCN,20040616,1.22,1.22,1.17,1.22,28664
HCY,20040616,0.018,0.02,0.018,0.018,1015992
HDN,20040616,0.12,0.12,0.12,0.12,20000
HDR,20040616,1.81,1.86,1.81,1.86,2791971
HEG,20040616,0.13,0.13,0.12,0.12,45300
HER,20040616,0.79,0.79,0.76,0.76,32000
HGO,20040616,0.2,0.21,0.2,0.205,220895
HGR,20040616,0.075,0.075,0.075,0.075,43100
HHG,20040616,1.13,1.14,1.13,1.14,4887327
HHL,20040616,5.78,5.84,5.78,5.84,4720
HHM,20040616,0.215,0.215,0.215,0.215,22350
HHV,20040616,0.95,0.96,0.95,0.96,203537
HIB,20040616,0.73,0.73,0.73,0.73,700
HIC,20040616,0.61,0.61,0.6,0.6,279104
HIG,20040616,0.36,0.36,0.355,0.36,275652
HII,20040616,0.098,0.098,0.098,0.098,500
HIL,20040616,3.99,4,3.95,3.97,83263
HLD,20040616,0.55,0.55,0.55,0.55,20800
HLI,20040616,0.15,0.17,0.15,0.155,27897
HLL,20040616,0.037,0.037,0.036,0.036,30000
HLM,20040616,0.1,0.1,0.1,0.1,130000
HLT,20040616,0.65,0.7,0.61,0.62,29502
HLX,20040616,0.185,0.185,0.185,0.185,13333
HLY,20040616,7.05,7.25,7.02,7.25,815545
HMC,20040616,0.033,0.034,0.033,0.034,205070
HME,20040616,4.35,4.4,4.35,4.4,12073
HNG,20040616,1.88,1.9,1.88,1.88,17722
HOM,20040616,0.28,0.28,0.28,0.28,37278
HPX,20040616,1.49,1.5,1.46,1.5,128183
HRD,20040616,0.325,0.345,0.325,0.345,512600
HRR,20040616,0.145,0.15,0.14,0.14,57390
HRS,20040616,0.12,0.12,0.12,0.12,20000
HSN,20040616,0.19,0.19,0.19,0.19,2000
HSP,20040616,3.7,3.7,3.69,3.7,30764
HTA,20040616,0.27,0.275,0.27,0.27,307188
HTE,20040616,0.048,0.048,0.046,0.047,374804
HTL,20040616,0.18,0.18,0.18,0.18,40000
HUG,20040616,0.078,0.078,0.078,0.078,70000
HVN,20040616,2.79,2.88,2.79,2.87,7406561
HWE,20040616,0.92,0.93,0.92,0.92,1029979
HWG,20040616,0.105,0.105,0.105,0.105,1170
HWI,20040616,2.29,2.29,2.26,2.26,66132
HWT,20040616,1.45,1.45,1.44,1.45,33800
HYO,20040616,0.115,0.115,0.1,0.1,10828
HZN,20040616,0.056,0.058,0.056,0.058,442000
IAG,20040616,4.81,4.87,4.81,4.87,2006334
IAS,20040616,0.37,0.375,0.36,0.37,282819
IBA,20040616,0.265,0.28,0.265,0.275,303978
IBC,20040616,0.52,0.53,0.52,0.52,68470
ICE,20040616,0.021,0.021,0.02,0.02,1887875
ICH,20040616,0.28,0.28,0.28,0.28,5000
ICN,20040616,0.03,0.03,0.03,0.03,100000
ICO,20040616,0.305,0.305,0.305,0.305,3678
ICS,20040616,0.24,0.24,0.24,0.24,29550
IDE,20040616,0.27,0.27,0.265,0.27,23769
IDT,20040616,1.98,1.98,1.97,1.98,34517
IFC,20040616,0.26,0.26,0.26,0.26,3000
IFL,20040616,4.48,4.59,4.48,4.57,255444
IFM,20040616,0.78,0.79,0.78,0.79,141124
IGL,20040616,0.34,0.34,0.34,0.34,28415
IGO,20040616,1.04,1.04,1.04,1.04,218890
IGP,20040616,2.92,2.92,2.85,2.85,9626
IHG,20040616,0.089,0.09,0.087,0.089,1009100
IIF,20040616,1.8,1.82,1.8,1.81,3545040
IIG,20040616,0.04,0.04,0.04,0.04,2000
IIN,20040616,2.66,2.69,2.65,2.65,26345
ILU,20040616,4.38,4.4,4.34,4.4,638396
IMA,20040616,0.405,0.405,0.4,0.4,37780
IMD,20040616,0.11,0.11,0.11,0.11,130000
IMF,20040616,0.69,0.69,0.68,0.68,48138
IMH,20040616,0.225,0.23,0.225,0.23,48000
IMI,20040616,0.025,0.027,0.025,0.027,958691
IMP,20040616,0.005,0.005,0.005,0.005,1150465
IMU,20040616,0.225,0.23,0.225,0.225,61368
INL,20040616,0.115,0.115,0.11,0.11,70000
INP,20040616,0.87,0.87,0.83,0.84,369873
INT,20040616,0.029,0.03,0.028,0.028,89958
INV,20040616,0.062,0.062,0.058,0.058,291666
IOC,20040616,3.14,3.14,3.02,3.02,30960
IOF,20040616,1.22,1.22,1.21,1.22,661673
ION,20040616,1.61,1.65,1.6,1.64,2626920
IPA,20040616,0.83,0.85,0.83,0.85,66550
IPG,20040616,1.92,1.94,1.92,1.94,5510922
IPL,20040616,18.8,18.89,18.8,18.85,1537
IPN,20040616,0.052,0.055,0.052,0.054,6664765
IPS,20040616,1.1,1.1,1.1,1.1,11300
IRC,20040616,0.075,0.075,0.075,0.075,20000
IRE,20040616,3.27,3.28,3.2,3.28,89306
IRI,20040616,0.295,0.31,0.295,0.31,274614
IRN,20040616,0.23,0.24,0.23,0.235,83325
ITC,20040616,0.063,0.063,0.062,0.062,132250
ITD,20040616,0.315,0.315,0.315,0.315,25000
ITE,20040616,0.22,0.22,0.215,0.215,175000
ITF,20040616,1.13,1.15,1.13,1.14,119000
IVC,20040616,2.32,2.32,2.29,2.29,131148
IVK,20040616,0.026,0.026,0.024,0.025,4972803
IVN,20040616,8.51,8.51,8.51,8.51,150
IWF,20040616,1.75,1.75,1.72,1.73,57293
IWI,20040616,1.97,1.98,1.96,1.98,164098
IWL,20040616,0.315,0.315,0.31,0.31,37501
JAM,20040616,0.22,0.22,0.22,0.22,23784
JBH,20040616,2.2,2.25,2.19,2.25,3321489
JBM,20040616,3.82,3.82,3.72,3.75,1557327
JDV,20040616,0.63,0.63,0.63,0.63,5000
JET,20040616,0.29,0.3,0.29,0.3,100000
JFG,20040616,2.79,2.81,2.79,2.81,282964
JFM,20040616,1.07,1.07,1.06,1.06,163134
JHX,20040616,5.47,5.5,5.4,5.45,6405966
JRL,20040616,0.16,0.16,0.15,0.15,100000
JRV,20040616,0.005,0.005,0.005,0.005,250000
JST,20040616,2.08,2.09,2.06,2.06,746150
JUM,20040616,0.017,0.017,0.016,0.016,58019
JYC,20040616,0.6,0.6,0.6,0.6,36239
KAR,20040616,0.17,0.185,0.17,0.185,214144
KAZ,20040616,0.395,0.395,0.395,0.395,482565
KBO,20040616,0.088,0.088,0.088,0.088,100000
KCN,20040616,3.38,3.45,3.38,3.41,81935
KDS,20040616,0.4,0.4,0.4,0.4,1393
KET,20040616,0.12,0.12,0.12,0.12,300
KIA,20040616,0.7,0.7,0.7,0.7,6300
KIM,20040616,1.18,1.24,1.17,1.23,949921
KKT,20040616,1.02,1.03,1.01,1.01,24776
KLM,20040616,0.17,0.17,0.17,0.17,500
KME,20040616,2.65,2.65,2.6,2.6,13150
KMN,20040616,0.026,0.026,0.026,0.026,100000
KRS,20040616,0.55,0.55,0.51,0.54,570625
KSC,20040616,2.55,2.58,2.51,2.58,50775
KYC,20040616,1.33,1.34,1.31,1.32,115731
KZL,20040616,0.88,0.89,0.88,0.88,61088
LAF,20040616,0.096,0.096,0.094,0.095,583280
LAK,20040616,0.155,0.155,0.155,0.155,117000
LAL,20040616,0.043,0.043,0.043,0.043,89174
LAS,20040616,0.096,0.098,0.096,0.098,32000
LAU,20040616,0.3,0.3,0.3,0.3,8440
LCL,20040616,0.8,0.8,0.77,0.78,31509
LCO,20040616,0.76,0.76,0.71,0.71,12500
LCP,20040616,0.7,0.71,0.7,0.71,29400
LDW,20040616,4.45,4.45,4.45,4.45,4145
LEG,20040616,0.13,0.13,0.125,0.125,664076
LEI,20040616,8.89,8.97,8.87,8.88,1344804
LEL,20040616,0.04,0.04,0.04,0.04,9000
LEP,20040616,1.32,1.32,1.3,1.31,21770
LGD,20040616,0.5,0.51,0.5,0.51,8000
LHG,20040616,0.95,0.96,0.94,0.95,5737297
LIM,20040616,5.99,5.99,5.99,5.99,360
LIO,20040616,0.005,0.005,0.005,0.005,551249
LKO,20040616,0.041,0.042,0.041,0.042,2249910
LKP,20040616,0.063,0.065,0.06,0.06,127300
LLC,20040616,10.33,10.34,10.27,10.3,1651089
LMC,20040616,2.34,2.39,2.34,2.39,8609
LMG,20040616,0.016,0.016,0.016,0.016,40000
LMW,20040616,0.62,0.62,0.62,0.62,4000
LNN,20040616,6.83,6.83,6.73,6.76,1951160
LOD,20040616,0.081,0.081,0.081,0.081,20000
LOK,20040616,0.155,0.155,0.15,0.15,705500
LRL,20040616,0.28,0.39,0.28,0.39,20612
LSG,20040616,1.46,1.48,1.45,1.46,126487
LUM,20040616,0.21,0.21,0.205,0.205,358799
LYC,20040616,0.365,0.37,0.355,0.37,379951
MAA,20040616,0.17,0.17,0.17,0.17,28400
MAH,20040616,0.265,0.27,0.26,0.26,1474894
MAP,20040616,2.07,2.08,2.04,2.06,4823575
MAQ,20040616,0.225,0.225,0.225,0.225,84100
MAY,20040616,3.23,3.23,3.14,3.16,4060973
MBF,20040616,0.35,0.35,0.35,0.35,400
MBG,20040616,0.028,0.029,0.028,0.029,660091
MBL,20040616,33.95,34.14,33.94,34,961270
MBP,20040616,0.88,0.89,0.87,0.87,247231
MBX,20040616,0.06,0.06,0.06,0.06,7000
MCA,20040616,0.6,0.61,0.59,0.6,40986
MCC,20040616,1.85,1.92,1.83,1.91,478879
MCG,20040616,3.55,3.66,3.55,3.65,118307
MCK,20040616,0.82,0.82,0.82,0.82,2222
MCL,20040616,0.006,0.006,0.006,0.006,36045
MCO,20040616,0.061,0.061,0.058,0.058,48689
MCP,20040616,4.2,4.21,4.2,4.2,34176
MCR,20040616,0.63,0.66,0.62,0.65,5945829
MCW,20040616,1.83,1.83,1.82,1.83,2181654
MDE,20040616,0.89,0.89,0.89,0.89,59992
MDL,20040616,0.24,0.24,0.23,0.24,33111
MDM,20040616,0.069,0.073,0.069,0.073,1022947
MDS,20040616,0.125,0.125,0.125,0.125,10000
MDT,20040616,1.04,1.04,1.03,1.04,6005561
MDV,20040616,0.17,0.17,0.17,0.17,1702
MEE,20040616,0.067,0.068,0.067,0.068,510000
MEO,20040616,0.18,0.18,0.18,0.18,81250
MFI,20040616,1.05,1.06,1.04,1.05,53423
MFT,20040616,0.9,0.9,0.9,0.9,54390
MGI,20040616,1.67,1.71,1.67,1.71,3105792
MGM,20040616,3.06,3.07,3,3.06,139973
MGO,20040616,0.105,0.105,0.1,0.1,118076
MGR,20040616,4.36,4.42,4.36,4.4,1792452
MGW,20040616,4.78,4.79,4.75,4.77,74509
MGX,20040616,0.18,0.18,0.175,0.175,40000
MGZ,20040616,0.185,0.185,0.18,0.18,62000
MHI,20040616,0.17,0.17,0.17,0.17,50000
MIA,20040616,0.97,0.98,0.96,0.97,3860401
MIC,20040616,0.076,0.08,0.076,0.08,516500
MIG,20040616,3.28,3.33,3.28,3.31,2909519
MIK,20040616,0.045,0.045,0.045,0.045,181224
MIL,20040616,0.065,0.067,0.065,0.067,594592
MIR,20040616,1.24,1.24,1.24,1.24,4000
MIS,20040616,0.61,0.61,0.6,0.6,60516
MIW,20040616,0.041,0.041,0.041,0.041,50000
MLB,20040616,0.83,0.85,0.83,0.84,150784
MLE,20040616,1.08,1.08,1.06,1.08,98493
MLT,20040616,13.4,13.4,13.31,13.34,10865
MMA,20040616,0.93,0.93,0.92,0.93,461090
MME,20040616,0.12,0.12,0.12,0.12,66666
MML,20040616,0.385,0.385,0.385,0.385,2050
MMN,20040616,0.13,0.13,0.13,0.13,345505
MMS,20040616,0.74,0.76,0.74,0.76,13500
MND,20040616,5.73,5.8,5.73,5.8,883469
MNR,20040616,1.03,1.05,1.03,1.03,55488
MOB,20040616,0.135,0.135,0.13,0.13,104200
MOD,20040616,0.19,0.21,0.19,0.2,179428
MOF,20040616,1.2,1.21,1.19,1.21,819085
MOK,20040616,0.17,0.17,0.17,0.17,200000
MOO,20040616,0.075,0.085,0.075,0.08,338350
MPB,20040616,3.95,3.95,3.91,3.91,2908
MPD,20040616,0.13,0.13,0.13,0.13,19500
MPH,20040616,0.66,0.67,0.66,0.66,147795
MPI,20040616,0.11,0.11,0.11,0.11,516317
MPM,20040616,1.58,1.63,1.57,1.6,236055
MPO,20040616,0.044,0.045,0.042,0.042,281172
MPR,20040616,1.07,1.07,1.06,1.07,2192808
MPY,20040616,0.24,0.24,0.24,0.24,2100
MRC,20040616,0.27,0.27,0.255,0.255,108783
MRE,20040616,2.34,2.4,2.33,2.4,2917770
MRL,20040616,1.34,1.36,1.33,1.36,2609717
MRM,20040616,0.29,0.29,0.29,0.29,39279
MRX,20040616,0.11,0.11,0.105,0.11,359350
MRY,20040616,0.011,0.012,0.011,0.012,310000
MSC,20040616,0.105,0.105,0.1,0.105,1662189
MSF,20040616,4.96,5,4.96,4.96,6400
MSH,20040616,0.022,0.022,0.022,0.022,2000
MSO,20040616,0.09,0.09,0.09,0.09,382000
MST,20040616,0.39,0.395,0.385,0.39,300564
MTB,20040616,0.08,0.08,0.08,0.08,94365
MTD,20040616,0.255,0.26,0.255,0.26,21150
MTH,20040616,0.39,0.4,0.39,0.4,50000
MTO,20040616,0.27,0.27,0.25,0.26,205500
MTR,20040616,0.215,0.215,0.21,0.21,176693
MTT,20040616,2.65,2.69,2.64,2.67,434021
MUL,20040616,0.046,0.051,0.045,0.05,67960559
MUR,20040616,0.02,0.021,0.02,0.021,129000
MVL,20040616,0.03,0.033,0.03,0.033,24874
MVP,20040616,0.75,0.76,0.75,0.76,80000
MWE,20040616,0.13,0.145,0.13,0.14,23850
MWR,20040616,0.017,0.017,0.017,0.017,250000
MXA,20040616,0.003,0.003,0.003,0.003,250000
MXI,20040616,0.7,0.7,0.69,0.7,260795
MXL,20040616,0.105,0.11,0.1,0.105,1305370
MYO,20040616,1.4,1.4,1.38,1.38,555502
NAB,20040616,29.1,29.16,28.98,29.13,4479237
NAL,20040616,0.98,1.01,0.98,0.99,434136
NAM,20040616,0.43,0.44,0.43,0.43,150483
NAV,20040616,0.105,0.105,0.105,0.105,3500
NCA,20040616,0.014,0.015,0.014,0.015,1423166
NCH,20040616,0.17,0.17,0.17,0.17,85000
NCI,20040616,1.44,1.44,1.44,1.44,3000
NCK,20040616,1.32,1.34,1.32,1.34,32500
NCM,20040616,13.03,13.32,13.03,13.32,1609798
NCP,20040616,12.93,13.02,12.93,12.98,3073595
NDC,20040616,0.3,0.3,0.3,0.3,14500
NDO,20040616,0.014,0.014,0.014,0.014,379000
NEM,20040616,5.34,5.41,5.34,5.41,53928
NFD,20040616,4.4,4.43,4.37,4.37,393317
NHC,20040616,0.88,1,0.88,0.89,87076
NHL,20040616,0.18,0.18,0.175,0.175,16500
NHM,20040616,0.007,0.007,0.006,0.006,900000
NHR,20040616,0.415,0.415,0.41,0.415,187388
NIA,20040616,0.099,0.1,0.096,0.1,489755
NIQ,20040616,0.225,0.225,0.225,0.225,2300
NKL,20040616,0.18,0.18,0.18,0.18,6576
NKP,20040616,1,1,1,1,90825
NLB,20040616,0.07,0.07,0.07,0.07,37500
NLX,20040616,0.265,0.265,0.26,0.26,608368
NMC,20040616,0.036,0.036,0.036,0.036,1328377
NMS,20040616,0.15,0.155,0.15,0.155,29650
NOL,20040616,0.14,0.14,0.14,0.14,214150
NPX,20040616,4.6,4.6,4.6,4.6,3000
NRL,20040616,0.029,0.029,0.029,0.029,66
NRT,20040616,5.3,5.35,5.27,5.3,66460
NST,20040616,0.115,0.115,0.115,0.115,40800
NTC,20040616,0.27,0.275,0.27,0.275,32688
NTG,20040616,0.04,0.04,0.04,0.04,124000
NUF,20040616,5.91,5.93,5.9,5.91,520238
NVE,20040616,0.145,0.15,0.145,0.15,42778
NVS,20040616,1.89,1.9,1.89,1.89,119000
NWA,20040616,0.059,0.059,0.057,0.057,132440
NWE,20040616,0.05,0.051,0.05,0.05,300600
NWK,20040616,0.2,0.2,0.2,0.2,30000
NXS,20040616,0.195,0.2,0.195,0.2,762500
NZO,20040616,0.58,0.59,0.58,0.59,140797
OBJ,20040616,0.012,0.012,0.012,0.012,400000
OCL,20040616,0.55,0.55,0.55,0.55,14200
OCO,20040616,0.024,0.026,0.024,0.025,2473276
OEC,20040616,0.14,0.145,0.14,0.14,131820
OEX,20040616,0.185,0.185,0.185,0.185,10000
OFM,20040616,2.11,2.11,2.09,2.09,23486
OGD,20040616,0.71,0.71,0.7,0.7,273750
OHL,20040616,0.02,0.02,0.02,0.02,11369
OIL,20040616,0.36,0.365,0.355,0.36,186634
OKN,20040616,1.18,1.18,1.16,1.16,34102
OLE,20040616,0.082,0.082,0.081,0.082,80000
OMH,20040616,0.78,0.78,0.77,0.77,74300
OMI,20040616,1.81,1.85,1.81,1.85,5750
OMP,20040616,3,3,2.98,3,110455
OPC,20040616,0.2,0.2,0.2,0.2,5000
OPI,20040616,0.16,0.16,0.16,0.16,29295
OPL,20040616,0.19,0.195,0.18,0.18,142700
OPM,20040616,0.007,0.007,0.006,0.006,6040235
OPS,20040616,3.71,3.72,3.71,3.72,6527
ORG,20040616,5.4,5.41,5.36,5.38,1043709
ORI,20040616,14.89,14.98,14.85,14.95,912205
ORL,20040616,2.52,2.52,2.52,2.52,11740
ORO,20040616,0.069,0.069,0.068,0.068,282345
ORP,20040616,0.018,0.019,0.018,0.018,141000
ORT,20040616,0.11,0.11,0.11,0.11,307000
OSH,20040616,1.18,1.19,1.17,1.18,3860626
OST,20040616,2.37,2.38,2.32,2.36,1300053
OTT,20040616,0.7,0.71,0.7,0.71,58668
OXR,20040616,0.81,0.83,0.8,0.81,10077636
PAO,20040616,1.23,1.23,1.2,1.22,3500618
PBB,20040616,4.2,4.22,4.15,4.2,293016
PBD,20040616,1.19,1.19,1.19,1.19,425
PBG,20040616,2.57,2.61,2.57,2.61,1570533
PBI,20040616,0.39,0.4,0.39,0.39,52700
PBL,20040616,12.99,13,12.91,12.94,671058
PBO,20040616,0.43,0.43,0.42,0.42,88000
PBT,20040616,0.67,0.67,0.66,0.67,55950
PCE,20040616,0.13,0.13,0.115,0.115,13677
PCG,20040616,0.37,0.37,0.36,0.365,230850
PCL,20040616,0.06,0.06,0.056,0.056,1522780
PCO,20040616,0.015,0.016,0.014,0.014,572100
PCP,20040616,0.175,0.175,0.175,0.175,25000
PDG,20040616,21.51,21.85,21.51,21.77,36483
PDM,20040616,0.094,0.094,0.091,0.091,100350
PDN,20040616,0.12,0.13,0.115,0.13,1339329
PDR,20040616,0.086,0.09,0.086,0.09,43563
PEL,20040616,0.07,0.07,0.07,0.07,55562
PEM,20040616,1,1,0.96,0.97,628366
PEN,20040616,0.022,0.022,0.022,0.022,14790
PEP,20040616,0.75,0.78,0.75,0.77,38600
PGA,20040616,1.92,1.95,1.92,1.95,19400
PGL,20040616,3.4,3.4,3.4,3.4,42881
PGS,20040616,0.19,0.2,0.19,0.195,235000
PHL,20040616,0.075,0.075,0.071,0.071,50717
PHY,20040616,2.86,2.89,2.82,2.85,321177
PIF,20040616,1.18,1.19,1.18,1.18,308928
PIL,20040616,0.155,0.16,0.155,0.155,39158
PIO,20040616,0.125,0.135,0.125,0.135,27550
PIV,20040616,1.31,1.36,1.3,1.36,131777
PKT,20040616,0.01,0.01,0.01,0.01,38210
PLA,20040616,0.14,0.14,0.13,0.13,28667
PLF,20040616,1.65,1.65,1.56,1.56,250943
PLT,20040616,0.55,0.56,0.54,0.55,62200
PMA,20040616,0.058,0.058,0.058,0.058,61400
PMC,20040616,2.28,2.29,2.24,2.29,191638
PME,20040616,0.7,0.7,0.7,0.7,12652
PMG,20040616,8,8.2,8,8.2,6851
PMH,20040616,0.012,0.012,0.012,0.012,146101
PMM,20040616,1.65,1.68,1.64,1.68,2022920
PMN,20040616,3.92,3.94,3.9,3.94,5152070
PMP,20040616,1.64,1.64,1.58,1.6,100393
PMX,20040616,0.061,0.061,0.061,0.061,3293
PNA,20040616,0.16,0.165,0.16,0.16,674624
PNO,20040616,0.017,0.017,0.017,0.017,200000
POH,20040616,0.155,0.165,0.155,0.16,215857
PPB,20040616,3.3,3.3,3.3,3.3,2000
PPD,20040616,0.55,0.56,0.55,0.56,27601
PPK,20040616,0.94,0.94,0.92,0.94,14611
PPP,20040616,0.12,0.12,0.12,0.12,74400
PPT,20040616,46,46.4,46,46.3,71367
PPX,20040616,4.7,4.79,4.69,4.78,2027779
PRE,20040616,0.011,0.011,0.01,0.01,986500
PRG,20040616,3.21,3.22,3.2,3.2,51043
PRK,20040616,5.17,5.2,5.16,5.18,3446502
PRM,20040616,0.12,0.12,0.12,0.12,115000
PRR,20040616,0.215,0.215,0.205,0.205,265963
PRT,20040616,2.45,2.47,2.45,2.46,32167
PRV,20040616,0.93,0.94,0.93,0.94,154270
PRX,20040616,0.8,0.81,0.8,0.81,1801528
PRY,20040616,5.42,5.42,5.4,5.4,134059
PSA,20040616,1.19,1.19,1.16,1.17,196181
PSD,20040616,1.14,1.18,1.12,1.15,1069247
PSG,20040616,0.165,0.165,0.15,0.15,180150
PSI,20040616,0.255,0.255,0.255,0.255,20000
PSN,20040616,5.66,5.66,5.66,5.66,2250
PSP,20040616,0.165,0.165,0.16,0.16,55000
PSR,20040616,0.012,0.013,0.012,0.012,180300
PSX,20040616,0.18,0.2,0.18,0.195,183700
PTD,20040616,1.42,1.44,1.4,1.4,3273205
PTS,20040616,0.08,0.08,0.08,0.08,32380
PWR,20040616,0.036,0.036,0.035,0.036,3821391
PWT,20040616,0.93,0.93,0.91,0.91,128923
PXS,20040616,0.43,0.44,0.43,0.44,30000
QAD,20040616,0.035,0.035,0.035,0.035,247250
QAN,20040616,3.41,3.44,3.41,3.43,6928338
QBE,20040616,12.58,12.71,12.55,12.56,1443049
QCH,20040616,3.61,3.62,3.6,3.6,22529
QED,20040616,0.013,0.013,0.013,0.013,48944
QGC,20040616,0.185,0.185,0.175,0.175,58536
QRS,20040616,0.145,0.15,0.14,0.145,188335
QTM,20040616,0.22,0.24,0.22,0.24,27862
QUE,20040616,0.185,0.185,0.185,0.185,17500
QUR,20040616,0.044,0.044,0.044,0.044,74013
QVL,20040616,0.008,0.008,0.008,0.008,2292491
RAC,20040616,0.52,0.52,0.5,0.5,425591
RAU,20040616,0.13,0.13,0.13,0.13,2146
RBY,20040616,0.11,0.11,0.11,0.11,100000
RCD,20040616,4,4,3.98,4,318096
RCH,20040616,0.007,0.007,0.007,0.007,45000
RCL,20040616,2.47,2.52,2.47,2.51,1773800
RCR,20040616,0.32,0.32,0.31,0.31,251402
RCT,20040616,2.59,2.65,2.55,2.65,33942
RDF,20040616,2.28,2.4,2.28,2.4,384948
RDM,20040616,0.185,0.185,0.18,0.18,279150
RDR,20040616,0.245,0.245,0.245,0.245,15975
REA,20040616,0.87,0.88,0.87,0.88,32000
REB,20040616,2.72,2.75,2.72,2.72,43218
RED,20040616,0.125,0.13,0.12,0.12,1613772
REH,20040616,8.3,8.3,8.3,8.3,23273
REL,20040616,0.11,0.11,0.11,0.11,477474
REM,20040616,0.4,0.42,0.4,0.42,357923
REV,20040616,0.13,0.13,0.13,0.13,25643
RFS,20040616,0.22,0.22,0.205,0.21,236000
RGA,20040616,0.47,0.5,0.43,0.49,1011665
RGL,20040616,0.27,0.275,0.27,0.275,17400
RHC,20040616,5.55,5.55,5.51,5.53,127263
RHD,20040616,0.66,0.67,0.65,0.67,21000
RHL,20040616,3.95,3.95,3.95,3.95,519
RHT,20040616,0.13,0.13,0.125,0.125,226199
RIC,20040616,1.3,1.32,1.26,1.31,409933
RIN,20040616,7.65,7.8,7.6,7.75,4108560
RIO,20040616,34.94,35.19,34.94,35.08,1851016
RKN,20040616,1.01,1.02,1,1,155708
RLD,20040616,0.082,0.082,0.08,0.08,70369
RMD,20040616,7.38,7.39,7.35,7.35,346130
RMG,20040616,0.024,0.024,0.022,0.022,955050
RMI,20040616,0.005,0.005,0.005,0.005,200000
RML,20040616,0.09,0.094,0.089,0.089,474446
RMS,20040616,0.078,0.078,0.078,0.078,5272
ROC,20040616,1.51,1.53,1.5,1.53,1099212
ROK,20040616,3.42,3.45,3.42,3.45,6992
RPC,20040616,0.275,0.28,0.27,0.28,234263
RPD,20040616,0.55,0.55,0.54,0.55,24500
RPH,20040616,1.15,1.15,1.14,1.15,8345874
RPM,20040616,0.06,0.069,0.06,0.069,71000
RPT,20040616,0.018,0.018,0.018,0.018,164100
RRS,20040616,0.018,0.019,0.016,0.016,1260000
RRT,20040616,1.06,1.07,1.06,1.06,112000
RSG,20040616,1.09,1.11,1.06,1.06,250088
RSN,20040616,0.088,0.095,0.088,0.095,530110
RTL,20040616,0.25,0.25,0.245,0.245,80000
RTM,20040616,0.063,0.063,0.059,0.059,616350
RUP,20040616,7.71,7.71,7.7,7.7,5512
RWD,20040616,0.16,0.16,0.16,0.16,200000
SAI,20040616,1.75,1.75,1.74,1.74,40625
SAQ,20040616,4.7,4.74,4.65,4.65,1031733
SBC,20040616,11.38,11.44,11.38,11.39,221125
SBL,20040616,0.305,0.32,0.305,0.32,30000
SBM,20040616,0.048,0.049,0.045,0.047,512000
SBP,20040616,0.155,0.155,0.155,0.155,101145
SBR,20040616,0.076,0.076,0.076,0.076,136
SBS,20040616,0.065,0.065,0.065,0.065,381750
SCD,20040616,0.019,0.019,0.018,0.018,244400
SCE,20040616,0.024,0.024,0.024,0.024,63490
SCF,20040616,114,114.2,113.9,114.2,2707
SDG,20040616,1.08,1.08,1.07,1.08,115622
SDI,20040616,8.62,9.03,8.45,9.02,68975
SDL,20040616,0.013,0.013,0.012,0.012,187000
SDR,20040616,0.165,0.165,0.165,0.165,100000
SDS,20040616,0.66,0.67,0.66,0.67,12550
SED,20040616,0.195,0.2,0.195,0.2,210121
SEE,20040616,0.04,0.04,0.04,0.04,155933
SEL,20040616,1.04,1.04,1.01,1.02,182691
SEN,20040616,0.057,0.057,0.057,0.057,120000
SES,20040616,0.16,0.165,0.16,0.165,149762
SEV,20040616,5.15,5.19,5.13,5.19,477588
SFC,20040616,13.7,13.7,13.7,13.7,818
SFE,20040616,6.18,6.24,6.15,6.2,339713
SFR,20040616,0.18,0.18,0.18,0.18,57000
SGB,20040616,21.95,21.95,21.65,21.65,974787
SGL,20040616,0.85,0.87,0.85,0.87,486442
SGN,20040616,3.2,3.23,3.19,3.2,215559
SGP,20040616,5.33,5.35,5.32,5.34,6391525
SGS,20040616,1.04,1.05,1.03,1.05,12800
SGT,20040616,1.85,1.87,1.84,1.84,2470328
SGV,20040616,0.23,0.23,0.22,0.22,165136
SGW,20040616,2.4,2.43,2.38,2.39,1003177
SGX,20040616,2.21,2.21,2.18,2.18,50914
SHG,20040616,0.225,0.225,0.22,0.22,918445
SHL,20040616,8.93,9.02,8.93,8.93,404139
SHN,20040616,0.073,0.08,0.073,0.08,2390000
SHV,20040616,6.6,6.66,6.6,6.6,4961
SIB,20040616,0.3,0.3,0.29,0.29,70000
SIE,20040616,0.065,0.065,0.063,0.063,959799
SIG,20040616,8.09,8.12,8.06,8.1,211664
SKC,20040616,4.32,4.35,4.32,4.32,10656
SKE,20040616,2.88,2.89,2.86,2.87,86346
SKG,20040616,0.048,0.049,0.048,0.048,450500
SKR,20040616,0.054,0.055,0.052,0.052,1821155
SLA,20040616,0.08,0.08,0.08,0.08,10000
SLF,20040616,16.36,16.37,16.36,16.36,7325
SLM,20040616,3.52,3.58,3.52,3.57,67825
SLT,20040616,0.24,0.24,0.23,0.23,50400
SLV,20040616,0.28,0.28,0.28,0.28,54120
SLX,20040616,0.77,0.78,0.77,0.78,93061
SMA,20040616,0.013,0.016,0.013,0.016,841785
SMC,20040616,0.21,0.21,0.2,0.21,170000
SML,20040616,0.093,0.093,0.09,0.091,274211
SMO,20040616,0.094,0.094,0.093,0.093,241165
SMS,20040616,10.46,10.7,10.45,10.7,445998
SMX,20040616,0.32,0.32,0.31,0.315,916147
SMY,20040616,0.62,0.62,0.61,0.62,494790
SNF,20040616,0.54,0.54,0.53,0.53,10600
SNN,20040616,0.26,0.265,0.25,0.26,1086400
SOH,20040616,0.91,0.91,0.89,0.9,1261178
SOL,20040616,6.59,6.65,6.54,6.54,66105
SOT,20040616,1.31,1.36,1.29,1.36,122489
SPC,20040616,1.33,1.34,1.32,1.34,219783
SPH,20040616,0.22,0.22,0.22,0.22,2134
SPL,20040616,0.73,0.74,0.73,0.73,88739
SPT,20040616,4.69,4.79,4.64,4.74,1208301
SRA,20040616,0.14,0.14,0.14,0.14,1047300
SRI,20040616,0.105,0.105,0.1,0.1,325437
SRL,20040616,1.06,1.11,1.06,1.11,184359
SRP,20040616,3.26,3.3,3.26,3.29,1113202
SRV,20040616,1.98,1.98,1.97,1.97,3793
SRX,20040616,2.83,2.83,2.71,2.71,134287
SSH,20040616,0.05,0.05,0.05,0.05,110852
SSI,20040616,0.2,0.23,0.2,0.23,2400
SSS,20040616,1.82,1.82,1.8,1.8,13292
SST,20040616,2.6,2.75,2.6,2.75,7948
SSX,20040616,1.09,1.1,1.08,1.08,2489745
STE,20040616,0.089,0.089,0.089,0.089,38000
STI,20040616,0.18,0.19,0.18,0.19,172329
STN,20040616,0.105,0.105,0.105,0.105,15000
STO,20040616,7.04,7.09,7,7.09,3324942
STP,20040616,0.065,0.069,0.064,0.064,126000
STR,20040616,0.058,0.058,0.055,0.055,839000
STS,20040616,0.45,0.45,0.45,0.45,3000
STT,20040616,0.013,0.013,0.013,0.013,135320
STU,20040616,0.77,0.77,0.76,0.77,27300
STV,20040616,14.7,14.7,14.7,14.7,200
STW,20040616,35.82,35.82,35.78,35.78,11000
SUN,20040616,13.97,14,13.83,14,790250
SUR,20040616,0.11,0.115,0.11,0.115,110000
SWG,20040616,0.02,0.02,0.02,0.02,127500
SYG,20040616,0.008,0.008,0.007,0.007,804286
SYM,20040616,1.24,1.27,1.24,1.24,46394
TAA,20040616,0.06,0.061,0.06,0.061,154200
TAB,20040616,4.81,4.86,4.78,4.82,953451
TAH,20040616,13.7,13.98,13.7,13.86,1179891
TAM,20040616,0.195,0.195,0.195,0.195,50000
TAP,20040616,1.53,1.53,1.5,1.5,176664
TAS,20040616,0.079,0.083,0.079,0.083,231350
TAW,20040616,1.56,1.57,1.5,1.5,36500
TBC,20040616,0.195,0.195,0.19,0.19,83000
TBR,20040616,0.7,0.7,0.7,0.7,10000
TCL,20040616,4.64,4.7,4.63,4.65,3058332
TEA,20040616,0.08,0.082,0.08,0.082,375000
TEL,20040616,5.16,5.17,5.14,5.16,960279
TEM,20040616,0.91,0.91,0.85,0.91,750391
TEN,20040616,2.98,2.99,2.97,2.98,566042
TER,20040616,0.145,0.155,0.14,0.155,78823
TGD,20040616,0.125,0.125,0.125,0.125,294
TGF,20040616,0.24,0.25,0.24,0.25,46800
TGG,20040616,1.16,1.18,1.15,1.17,262364
TGR,20040616,0.77,0.77,0.75,0.77,59500
THG,20040616,0.64,0.64,0.63,0.64,62227
THX,20040616,0.4,0.4,0.4,0.4,13500
TIF,20040616,0.455,0.455,0.45,0.45,65000
TIL,20040616,0.13,0.13,0.13,0.13,25000
TIM,20040616,1.49,1.56,1.48,1.54,930245
TIR,20040616,0.295,0.295,0.29,0.29,350750
TIS,20040616,0.83,0.87,0.83,0.87,21600
TKG,20040616,0.006,0.006,0.006,0.006,1867700
TKL,20040616,0.16,0.16,0.16,0.16,30000
TLS,20040616,4.74,4.8,4.72,4.79,57354416
TMO,20040616,0.39,0.39,0.385,0.385,112230
TMS,20040616,0.03,0.03,0.03,0.03,739055
TNC,20040616,0.26,0.26,0.255,0.26,117600
TNE,20040616,0.53,0.54,0.52,0.52,142000
TNN,20040616,1.7,1.74,1.7,1.74,5059
TNS,20040616,2.19,2.2,2.19,2.2,70800
TOL,20040616,10.9,10.9,10.67,10.68,1217975
TOR,20040616,1.26,1.26,1.26,1.26,24634
TOX,20040616,0.014,0.014,0.012,0.012,507000
TPG,20040616,0.22,0.22,0.22,0.22,50000
TPX,20040616,13.79,13.79,13.79,13.79,2500
TRS,20040616,2.06,2.06,2.05,2.06,55200
TRU,20040616,8.1,8.11,8.1,8.1,2630
TRY,20040616,2.69,2.7,2.62,2.62,20298
TSE,20040616,4.84,4.95,4.82,4.89,361135
TSR,20040616,0.15,0.15,0.15,0.15,6500
TST,20040616,0.1,0.11,0.1,0.11,60000
TTR,20040616,0.27,0.27,0.26,0.265,211185
TTT,20040616,0.73,0.75,0.73,0.75,52000
TVL,20040616,0.125,0.125,0.125,0.125,7950
TVN,20040616,0.34,0.34,0.335,0.335,15600
TWD,20040616,1.92,2,1.92,2,44050
TWO,20040616,0.23,0.235,0.23,0.23,273495
TWR,20040616,1.48,1.49,1.46,1.47,524270
TYC,20040616,0.43,0.435,0.415,0.415,198473
TZL,20040616,0.42,0.425,0.42,0.425,32040
TZN,20040616,0.17,0.17,0.165,0.17,216575
UCL,20040616,0.032,0.032,0.032,0.032,21700
UCM,20040616,3.2,3.2,3.2,3.2,4000
UEC,20040616,0.395,0.395,0.39,0.39,161600
UGL,20040616,4.9,4.96,4.9,4.95,181024
UNI,20040616,1.55,1.58,1.53,1.58,127205
UNW,20040616,0.68,0.69,0.66,0.66,607863
URL,20040616,0.135,0.14,0.13,0.14,252292
UTB,20040616,8.09,8.21,8.06,8.14,271605
UXC,20040616,0.7,0.7,0.65,0.68,257567
VBA,20040616,2.01,2.02,1.99,1.99,20221915
VCM,20040616,1.29,1.29,1.29,1.29,500
VCN,20040616,0.08,0.08,0.08,0.08,200000
VCR,20040616,1.43,1.52,1.43,1.5,1178514
VGL,20040616,1.19,1.19,1.17,1.18,68028
VHL,20040616,0.465,0.47,0.46,0.46,146800
VKI,20040616,0.38,0.38,0.38,0.38,1900
VLL,20040616,1.71,1.74,1.7,1.71,305201
VOY,20040616,0.24,0.24,0.235,0.24,101000
VPE,20040616,0.021,0.022,0.021,0.021,1092544
VPG,20040616,0.96,0.97,0.96,0.97,1783804
VRE,20040616,0.067,0.07,0.066,0.067,2835730
VRI,20040616,0.12,0.125,0.12,0.12,233434
VRL,20040616,1.83,1.83,1.79,1.83,522533
VSG,20040616,0.044,0.044,0.04,0.04,1616897
VSL,20040616,0.93,0.94,0.92,0.93,508801
VTI,20040616,0.81,0.84,0.8,0.84,3594380
VTP,20040616,0.92,0.94,0.92,0.94,7000
VWD,20040616,1.29,1.31,1.29,1.29,42636
VXS,20040616,0.11,0.11,0.1,0.1,51500
WAB,20040616,0.98,0.98,0.98,0.98,72284
WAL,20040616,0.2,0.2,0.2,0.2,10000
WAN,20040616,6.83,6.89,6.82,6.87,191235
WAS,20040616,0.014,0.014,0.014,0.014,50650
WBA,20040616,0.75,0.75,0.75,0.75,15000
WBC,20040616,17.05,17.05,16.94,16.95,2696845
WCB,20040616,2.95,2.95,2.95,2.95,8179
WDP,20040616,1.78,1.78,1.76,1.76,24200
WEB,20040616,0.038,0.038,0.038,0.038,25000
WES,20040616,27.99,28.18,27.91,28.17,580355
WEZ,20040616,0.23,0.24,0.23,0.23,20000
WFA,20040616,2.31,2.36,2.31,2.36,5284299
WFL,20040616,2.27,2.28,2.26,2.27,49089
WFT,20040616,4.29,4.36,4.29,4.36,21074658
WGR,20040616,0.086,0.086,0.08,0.08,180000
WHF,20040616,3.1,3.14,3.1,3.14,3400
WHS,20040616,3.88,3.9,3.88,3.88,18727
WIL,20040616,0.96,0.97,0.96,0.97,598852
WIT,20040616,1.05,1.05,1.05,1.05,20707
WLS,20040616,0.91,0.91,0.91,0.91,154362
WME,20040616,0.025,0.026,0.025,0.025,297000
WMG,20040616,0.15,0.15,0.15,0.15,20000
WML,20040616,0.078,0.078,0.077,0.077,222500
WMR,20040616,4.64,4.69,4.62,4.69,13812441
WOR,20040616,2.77,2.85,2.77,2.8,314736
WOW,20040616,11.71,11.82,11.71,11.8,2694778
WPL,20040616,16.5,16.66,16.5,16.6,2250935
WPO,20040616,0.27,0.27,0.27,0.27,600
WSA,20040616,1,1,0.98,0.99,162363
WSF,20040616,15.08,15.18,15.05,15.17,2093926
WSG,20040616,0.01,0.01,0.009,0.009,881174
WSS,20040616,0.065,0.065,0.06,0.06,2871
WSY,20040616,0.023,0.023,0.023,0.023,45500
WTE,20040616,0.029,0.03,0.029,0.029,1419500
WTP,20040616,0.79,0.79,0.78,0.78,32208
WWA,20040616,0.82,0.82,0.81,0.81,12800
WWM,20040616,0.027,0.029,0.026,0.029,569000
WYL,20040616,3.69,3.69,3.61,3.65,79747
XAN,20040616,0.086,0.086,0.08,0.082,3367551
XAO,20040616,3467.5,3488.5,3467.5,3484.6,0
XBL,20040616,0.285,0.3,0.285,0.3,25300
XDJ,20040616,2209.1,2224.2,2203.5,2219.2,0
XEJ,20040616,5631.5,5689.4,5625.6,5684.4,0
XFJ,20040616,4294.3,4318.7,4294.3,4313,0
XFL,20040616,3459.8,3482.4,3459.8,3478.1,0
XHJ,20040616,3851.1,3855.3,3816.4,3816.8,0
XIJ,20040616,272,274.7,271.3,273.7,0
XJO,20040616,3468.3,3490.8,3468.3,3486.8,0
XKO,20040616,3468.8,3491.1,3468.8,3487.4,0
XMD,20040616,3172.3,3190,3172.3,3187,0
XMJ,20040616,5280.9,5330.4,5280.9,5322.5,0
XNJ,20040616,3831.7,3841.6,3823.1,3837.2,0
XPJ,20040616,1626.9,1648.8,1626.9,1648.8,0
XSJ,20040616,4540.2,4578.7,4538.9,4574,0
XSO,20040616,1903.7,1918.1,1903.7,1917.4,0
XTJ,20040616,1668.9,1697.6,1668.9,1695,0
XTL,20040616,1945.1,1957.4,1945.1,1953.6,0
XTO,20040616,2826.7,2844.6,2826.7,2841.3,0
XUJ,20040616,3787.5,3792.8,3767.5,3789.5,0
XXJ,20040616,4301.6,4324.7,4301.6,4310.9,0
YAM,20040616,0.009,0.009,0.008,0.009,911100
YGL,20040616,0.03,0.03,0.03,0.03,201416
ZEL,20040616,0.185,0.19,0.185,0.19,28000
ZFX,20040616,1.83,1.88,1.83,1.86,3774019
ZIM,20040616,3.71,3.71,3.71,3.71,1400
ZYL,20040616,0.007,0.007,0.006,0.006,170000
