AAC,20041213,1.5,1.52,1.47,1.5,286702
AAE,20041213,0.4,0.4,0.36,0.38,110630
AAM,20041213,0.29,0.3,0.29,0.3,11500
AAQ,20041213,0.415,0.415,0.395,0.395,29305
AAT,20041213,0.185,0.2,0.185,0.19,34462
AAU,20041213,1.07,1.07,1.07,1.07,12500
ABB,20041213,6.95,6.97,6.95,6.95,37214
ABC,20041213,1.71,1.72,1.69,1.72,651684
ABI,20041213,0.135,0.155,0.135,0.14,1673566
ABP,20041213,1.3,1.3,1.29,1.3,62170
ABQ,20041213,0.47,0.47,0.45,0.45,215208
ABS,20041213,5.05,5.22,5.05,5.2,1919634
ACF,20041213,1.08,1.08,1.08,1.08,14000
ACL,20041213,0.84,0.84,0.8,0.83,117672
ACR,20041213,0.87,0.87,0.86,0.86,22000
ACU,20041213,0.34,0.345,0.33,0.33,236694
ADA,20041213,0.32,0.32,0.295,0.295,37847
ADB,20041213,10.39,10.39,10.05,10.05,136390
ADG,20041213,3.56,3.56,3.55,3.55,32300
ADN,20041213,0.33,0.37,0.33,0.37,182573
ADT,20041213,1.02,1.02,1.02,1.02,2650
ADX,20041213,0.12,0.12,0.115,0.115,38986
ADY,20041213,0.036,0.042,0.036,0.041,38073303
ADZ,20041213,1.62,1.63,1.59,1.61,204908
AEC,20041213,1.48,1.52,1.48,1.49,22323
AEI,20041213,0.75,0.75,0.72,0.75,54500
AEM,20041213,0.23,0.23,0.205,0.22,413000
AEO,20041213,1.63,1.63,1.59,1.59,281216
AEX,20041213,0.036,0.036,0.036,0.036,303835
AFC,20041213,0.58,0.58,0.54,0.54,60234
AFI,20041213,3.51,3.54,3.5,3.51,179725
AFL,20041213,1.24,1.24,1.2,1.2,28200
AFS,20041213,0.071,0.071,0.07,0.07,152246
AFT,20041213,0.017,0.017,0.016,0.017,1628813
AGC,20041213,1.8,1.82,1.8,1.82,82900
AGG,20041213,9.99,9.99,9.8,9.8,15656
AGI,20041213,1.08,1.13,1.08,1.08,226660
AGL,20041213,12.9,12.9,12.75,12.85,1085493
AGM,20041213,0.135,0.135,0.135,0.135,164800
AGS,20041213,0.04,0.04,0.04,0.04,517533
AGX,20041213,0.53,0.53,0.5,0.5,197600
AGY,20041213,0.071,0.071,0.071,0.071,25000
AGZ,20041213,0.22,0.22,0.22,0.22,3750
AHD,20041213,4.01,4.03,3.95,4,23130
AHO,20041213,0.52,0.52,0.52,0.52,7000
AHS,20041213,1.16,1.16,1.13,1.14,211560
AIA,20041213,7.47,7.47,7.47,7.47,70750
AIE,20041213,0.21,0.21,0.205,0.205,154024
AIM,20041213,0.051,0.051,0.05,0.05,1620000
AIX,20041213,2.42,2.5,2.38,2.39,527989
AIZ,20041213,1.57,1.58,1.57,1.57,28562
AJL,20041213,1.69,1.69,1.66,1.68,22725
AKD,20041213,0.013,0.013,0.013,0.013,100000
ALE,20041213,0.061,0.061,0.061,0.061,8000
ALH,20041213,3.75,3.75,3.75,3.75,62770
ALK,20041213,0.205,0.22,0.205,0.215,162542
ALL,20041213,8.72,8.81,8.67,8.69,749890
ALN,20041213,7.66,7.66,7.46,7.48,2288154
ALO,20041213,0.69,0.69,0.69,0.69,10500
ALR,20041213,1.15,1.15,1.14,1.14,20679
ALS,20041213,8.35,8.39,8.35,8.38,143242
ALT,20041213,0.08,0.08,0.074,0.074,109800
ALU,20041213,0.32,0.35,0.32,0.335,35000
ALW,20041213,0.45,0.45,0.45,0.45,6000
ALZ,20041213,1.89,1.91,1.88,1.88,1491472
AMC,20041213,6.9,6.93,6.84,6.9,3279352
AME,20041213,0.16,0.16,0.16,0.16,71000
AMH,20041213,0.48,0.48,0.48,0.48,1268
AML,20041213,0.5,0.51,0.495,0.495,53084
AMM,20041213,0.195,0.195,0.195,0.195,31740
AMO,20041213,0.93,0.93,0.91,0.91,40000
AMP,20041213,6.85,6.86,6.8,6.84,3600712
AMU,20041213,0.64,0.64,0.61,0.62,237431
AND,20041213,0.088,0.093,0.086,0.093,349000
ANE,20041213,3.84,3.84,3.77,3.77,48042
ANG,20041213,0.44,0.44,0.44,0.44,1500
ANM,20041213,0.019,0.019,0.018,0.019,1503032
ANN,20041213,9.15,9.49,9.15,9.3,992162
ANP,20041213,0.135,0.135,0.13,0.13,108100
ANX,20041213,0.52,0.52,0.52,0.52,25000
ANZ,20041213,19.95,19.99,19.7,19.91,2200406
AOE,20041213,0.355,0.37,0.35,0.36,1038732
APA,20041213,3.16,3.17,3.1,3.1,139355
APE,20041213,7,7,7,7,1998
APG,20041213,0.037,0.038,0.036,0.038,500000
API,20041213,3.48,3.54,3.47,3.48,133268
APL,20041213,0.23,0.23,0.23,0.23,2800
APM,20041213,0.015,0.016,0.015,0.016,55000
APN,20041213,5.08,5.15,5.08,5.15,304165
APV,20041213,0.38,0.38,0.38,0.38,850
APZ,20041213,0.215,0.215,0.21,0.21,213355
AQA,20041213,1.5,1.5,1.5,1.5,25000
AQD,20041213,0.155,0.155,0.155,0.155,80000
AQP,20041213,5.54,5.54,5.41,5.41,146595
ARA,20041213,0.38,0.38,0.38,0.38,46224
ARG,20041213,5.27,5.3,5.24,5.24,138109
ARM,20041213,0.25,0.25,0.25,0.25,12000
ARP,20041213,3.84,3.85,3.65,3.74,116190
ARQ,20041213,1.33,1.33,1.26,1.26,297144
ARU,20041213,0.14,0.145,0.13,0.145,78500
ARX,20041213,0.061,0.061,0.061,0.061,5000
ASB,20041213,1.85,1.85,1.81,1.82,185890
ASC,20041213,0.059,0.059,0.059,0.059,619993
ASL,20041213,0.52,0.52,0.51,0.51,89255
ASP,20041213,0.095,0.095,0.095,0.095,10000
ASV,20041213,0.155,0.155,0.155,0.155,204920
ASX,20041213,19.23,19.24,19.06,19.09,488759
ASZ,20041213,0.45,0.45,0.45,0.45,42500
ATG,20041213,0.81,0.81,0.8,0.8,82704
ATN,20041213,0.205,0.205,0.205,0.205,23000
ATP,20041213,0.165,0.165,0.165,0.165,12000
ATR,20041213,3.28,3.29,3.22,3.25,13700
ATX,20041213,0.084,0.084,0.084,0.084,17280
ATZ,20041213,0.315,0.315,0.315,0.315,10840
AUH,20041213,0.066,0.066,0.066,0.066,6254
AUI,20041213,5,5,5,5,1580
AUL,20041213,0.018,0.018,0.017,0.017,945000
AUM,20041213,0.05,0.05,0.048,0.048,205000
AUN,20041213,0.93,0.93,0.92,0.92,223216
AUO,20041213,0.67,0.68,0.57,0.58,8727103
AUS,20041213,0.97,0.98,0.97,0.97,45500
AUX,20041213,0.049,0.049,0.048,0.048,68745
AUZ,20041213,0.12,0.125,0.12,0.12,641399
AVA,20041213,0.046,0.046,0.046,0.046,70000
AVE,20041213,1.53,1.54,1.53,1.54,411045
AVJ,20041213,1.6,1.6,1.57,1.59,261602
AVM,20041213,0.62,0.62,0.62,0.62,154332
AVO,20041213,0.205,0.21,0.205,0.21,145000
AVP,20041213,0.17,0.17,0.155,0.165,199047
AVR,20041213,0.68,0.68,0.68,0.68,5414
AVS,20041213,0.64,0.64,0.64,0.64,19000
AVU,20041213,0.44,0.44,0.38,0.39,490239
AVV,20041213,1.52,1.52,1.5,1.51,54108
AVX,20041213,0.25,0.25,0.25,0.25,40866
AWB,20041213,4.65,4.65,4.56,4.58,1118419
AWC,20041213,5.63,5.68,5.61,5.64,1300731
AWE,20041213,1.76,1.76,1.71,1.72,960550
AWP,20041213,13.1,13.1,13.06,13.09,7351
AXA,20041213,4.05,4.07,4.04,4.06,1232094
AXO,20041213,0.16,0.16,0.155,0.155,50000
AZC,20041213,0.19,0.19,0.19,0.19,35000
AZR,20041213,0.155,0.155,0.15,0.155,1315300
AZZ,20041213,0.73,0.73,0.71,0.73,1085473
BAS,20041213,0.47,0.49,0.47,0.47,656327
BAX,20041213,5.29,5.31,5.29,5.31,2621
BBB,20041213,0.455,0.455,0.455,0.455,41650
BBG,20041213,11,11.11,10.96,10.98,649447
BCA,20041213,3.15,3.15,3.07,3.11,187221
BCD,20041213,0.43,0.43,0.42,0.43,70930
BCL,20041213,0.23,0.235,0.23,0.23,258101
BDG,20041213,1.04,1.05,1.02,1.02,154802
BDI,20041213,0.29,0.29,0.26,0.26,356463
BDM,20041213,0.61,0.61,0.61,0.61,10000
BEN,20041213,9.9,9.93,9.77,9.77,121921
BGD,20041213,0.18,0.18,0.17,0.175,45000
BGF,20041213,0.15,0.155,0.15,0.155,1326255
BHP,20041213,14.73,14.88,14.73,14.86,7141479
BIC,20041213,0.35,0.35,0.35,0.35,4250
BIL,20041213,6.8,6.84,6.74,6.78,6482804
BIT,20041213,0.245,0.255,0.23,0.24,628588
BKA,20041213,0.365,0.365,0.365,0.365,8288
BKI,20041213,1.08,1.09,1.07,1.07,52667
BKL,20041213,12.31,12.31,12,12.01,44867
BKM,20041213,0.013,0.013,0.013,0.013,600
BKN,20041213,3,3.05,2.94,2.95,656573
BKS,20041213,0.016,0.016,0.014,0.016,2264500
BKV,20041213,0.17,0.19,0.17,0.18,265267
BKW,20041213,11.55,11.55,11.02,11.2,112238
BLD,20041213,6.76,6.83,6.64,6.78,1024835
BLN,20041213,0.17,0.17,0.165,0.17,125000
BLR,20041213,0.028,0.028,0.022,0.024,152088
BLT,20041213,0.55,0.55,0.48,0.485,158570
BLZ,20041213,0.079,0.083,0.079,0.079,1410608
BMO,20041213,0.265,0.265,0.26,0.26,258484
BMX,20041213,0.15,0.15,0.145,0.145,571776
BNB,20041213,10.3,10.59,10.28,10.56,787815
BNE,20041213,0.75,0.75,0.7,0.71,26300
BNO,20041213,0.265,0.265,0.26,0.26,50000
BOC,20041213,0.255,0.255,0.255,0.255,10065
BOD,20041213,0.15,0.16,0.15,0.16,80000
BOL,20041213,2,2.02,2,2,199002
BON,20041213,0.34,0.35,0.34,0.34,34763
BOQ,20041213,10.76,10.85,10.76,10.85,146388
BOS,20041213,0.31,0.31,0.3,0.305,296166
BPC,20041213,0.86,0.86,0.85,0.85,2735547
BPG,20041213,0.087,0.09,0.085,0.09,1058731
BPO,20041213,0.079,0.081,0.078,0.078,380602
BPT,20041213,0.43,0.43,0.415,0.42,603458
BQT,20041213,0.235,0.24,0.23,0.235,410446
BRC,20041213,0.43,0.43,0.43,0.43,300
BRK,20041213,3.76,3.93,3.76,3.84,49092
BRO,20041213,0.01,0.01,0.01,0.01,25000
BRW,20041213,0.038,0.038,0.037,0.037,985000
BRZ,20041213,1.98,1.98,1.95,1.96,14994
BSA,20041213,0.375,0.375,0.365,0.365,529845
BSG,20041213,0.43,0.45,0.43,0.445,628215
BSL,20041213,8.19,8.29,8.07,8.13,3401615
BSO,20041213,2.8,2.84,2.79,2.79,112714
BTA,20041213,0.54,0.55,0.54,0.55,133530
BTC,20041213,0.385,0.4,0.385,0.395,103990
BTV,20041213,0.047,0.047,0.047,0.047,43894
BTX,20041213,0.84,0.84,0.82,0.84,774188
BUG,20041213,0.63,0.63,0.63,0.63,5000
BUY,20041213,0.11,0.115,0.11,0.11,275536
BWP,20041213,1.82,1.84,1.8,1.8,730844
BWT,20041213,0.029,0.029,0.027,0.027,354500
BXP,20041213,0.25,0.25,0.245,0.25,344000
BYI,20041213,0.34,0.34,0.34,0.34,37781
CAA,20041213,2.47,2.53,2.47,2.5,45097
CAB,20041213,4.06,4.13,4.06,4.12,42651
CAG,20041213,0.034,0.052,0.034,0.047,15320167
CAL,20041213,0.48,0.48,0.48,0.48,5000
CAS,20041213,0.24,0.24,0.24,0.24,10000
CAT,20041213,5.5,5.5,5.5,5.5,66
CAU,20041213,0.175,0.175,0.17,0.17,282753
CAZ,20041213,0.435,0.44,0.415,0.415,241416
CBA,20041213,31.2,31.25,31.07,31.12,1192853
CBD,20041213,0.34,0.36,0.34,0.345,95148
CBH,20041213,0.18,0.18,0.175,0.175,644500
CBT,20041213,0.013,0.013,0.012,0.012,124000
CCE,20041213,0.35,0.355,0.34,0.355,429230
CCL,20041213,7.89,7.92,7.81,7.81,1671212
CCP,20041213,3.1,3.2,3.1,3.2,30424
CCV,20041213,0.32,0.325,0.32,0.32,67562
CDA,20041213,1.85,1.85,1.85,1.85,25450
CDD,20041213,2.56,2.56,2.56,2.56,1406
CDO,20041213,6.24,6.27,6.17,6.17,257209
CDP,20041213,2.95,2.95,2.95,2.95,4050
CDR,20041213,2.35,2.35,2.33,2.34,1489514
CDX,20041213,2.59,2.65,2.57,2.65,11120
CEG,20041213,1.7,1.7,1.68,1.7,34319
CEQ,20041213,1.92,1.92,1.92,1.92,33200
CEY,20041213,3.83,3.96,3.83,3.96,727699
CFI,20041213,0.66,0.67,0.66,0.67,36415
CFR,20041213,0.023,0.023,0.023,0.023,270000
CFS,20041213,0.097,0.097,0.097,0.097,10000
CFU,20041213,1.03,1.03,1.02,1.02,24592
CGF,20041213,2.83,2.87,2.77,2.85,1481371
CGX,20041213,0.63,0.63,0.62,0.63,160333
CHB,20041213,32,32,31.5,31.5,1020
CHL,20041213,0.155,0.155,0.145,0.145,156108
CHQ,20041213,0.75,0.78,0.75,0.78,43041
CHX,20041213,1.06,1.07,1.04,1.06,213955
CHY,20041213,1.92,1.95,1.92,1.95,56075
CID,20041213,0.15,0.15,0.15,0.15,99600
CIG,20041213,0.051,0.054,0.051,0.054,40000
CIN,20041213,14.05,14.1,14.05,14.1,9080
CIR,20041213,2.53,2.6,2.35,2.43,712190
CIY,20041213,4.41,4.44,4.4,4.41,189790
CKL,20041213,0.69,0.69,0.69,0.69,21740
CKR,20041213,0.49,0.49,0.48,0.48,164158
CLB,20041213,0.175,0.175,0.17,0.17,185000
CLF,20041213,0.84,0.84,0.82,0.82,42000
CLH,20041213,1.64,1.65,1.63,1.65,251101
CLO,20041213,0.47,0.475,0.47,0.47,148207
CLT,20041213,1.61,1.61,1.59,1.59,53450
CLV,20041213,0.33,0.35,0.32,0.35,315500
CMI,20041213,1.91,1.91,1.86,1.9,68675
CML,20041213,9.55,9.6,9.43,9.47,2559678
CMO,20041213,0.032,0.032,0.032,0.032,370000
CMP,20041213,0.4,0.4,0.39,0.39,32100
CMQ,20041213,1.9,1.9,1.87,1.88,82114
CMR,20041213,0.325,0.325,0.32,0.32,144333
CMS,20041213,0.052,0.052,0.052,0.052,13000
CMX,20041213,0.11,0.11,0.11,0.11,428669
CNA,20041213,33,33,33,33,3600
CNB,20041213,0.83,0.85,0.82,0.85,54000
CND,20041213,2.05,2.05,2.02,2.02,40470
CNM,20041213,0.028,0.028,0.028,0.028,100000
CNN,20041213,0.055,0.055,0.055,0.055,7600
CNP,20041213,5.13,5.13,5.04,5.1,3701126
CNT,20041213,0.25,0.25,0.25,0.25,100000
COA,20041213,4.22,4.25,4.13,4.2,410630
COE,20041213,0.215,0.22,0.215,0.22,153500
COF,20041213,1.95,1.98,1.95,1.95,39095
COH,20041213,24.15,24.28,23.92,24.2,182564
COI,20041213,0.125,0.13,0.125,0.13,16482
COO,20041213,0.032,0.033,0.031,0.032,4110433
COS,20041213,0.67,0.67,0.64,0.66,68500
COU,20041213,1.32,1.32,1.3,1.3,62450
COZ,20041213,0.4,0.4,0.38,0.38,48157
CPA,20041213,1.31,1.32,1.31,1.32,6145197
CPB,20041213,9.47,9.56,9.47,9.54,12135
CPC,20041213,0.235,0.235,0.23,0.23,468442
CPI,20041213,0.82,0.82,0.8,0.81,43500
CPK,20041213,4.79,4.79,4.79,4.79,7300
CPU,20041213,5.17,5.18,5.12,5.15,405945
CQT,20041213,0.215,0.215,0.205,0.205,51701
CRD,20041213,0.195,0.2,0.19,0.195,284000
CRE,20041213,0.14,0.145,0.14,0.145,246480
CRG,20041213,9.8,9.8,9.7,9.71,133665
CRL,20041213,0.077,0.077,0.075,0.075,155000
CRS,20041213,0.55,0.57,0.54,0.55,961645
CRT,20041213,0.455,0.455,0.455,0.455,53000
CRU,20041213,0.95,0.95,0.95,0.95,17000
CSE,20041213,0.17,0.17,0.165,0.165,52269
CSL,20041213,28.44,28.54,27.96,28.25,439276
CSM,20041213,2.1,2.12,2.07,2.12,198919
CSR,20041213,2.6,2.62,2.57,2.58,1406470
CST,20041213,3.4,3.49,3.36,3.48,114319
CTF,20041213,0.355,0.36,0.35,0.35,220398
CTI,20041213,0.89,0.89,0.89,0.89,3000
CTL,20041213,0.84,0.85,0.83,0.85,83904
CTN,20041213,1.09,1.09,1.07,1.07,15000
CTO,20041213,0.14,0.145,0.14,0.145,106375
CTX,20041213,9.99,10.18,9.99,10.16,827390
CUE,20041213,0.295,0.305,0.29,0.295,4660441
CUL,20041213,0.047,0.047,0.046,0.046,346761
CUO,20041213,0.022,0.022,0.022,0.022,5495000
CUS,20041213,0.095,0.098,0.095,0.096,631000
CVC,20041213,1.38,1.38,1.38,1.38,283025
CVL,20041213,0.052,0.052,0.05,0.05,343080
CVN,20041213,0.021,0.022,0.021,0.022,500000
CWG,20041213,0.135,0.135,0.135,0.135,8167
CWT,20041213,1.02,1.02,0.99,1,467500
CXL,20041213,0.61,0.61,0.61,0.61,24333
CXP,20041213,5.75,5.8,5.65,5.79,65580
CXS,20041213,0.66,0.67,0.66,0.67,35000
CYA,20041213,1,1,0.99,1,338388
CYG,20041213,7.65,7.65,7.62,7.65,6400
CYN,20041213,0.75,0.75,0.75,0.75,15000
CYT,20041213,0.63,0.63,0.61,0.61,42051
DDV,20041213,0.14,0.14,0.11,0.11,55980
DEG,20041213,0.46,0.475,0.45,0.46,475339
DFT,20041213,0.016,0.016,0.016,0.016,130000
DGR,20041213,0.082,0.082,0.082,0.082,20000
DID,20041213,0.046,0.046,0.046,0.046,1400
DIO,20041213,0.094,0.094,0.092,0.092,458880
DJS,20041213,2.26,2.29,2.21,2.21,605221
DJW,20041213,3.56,3.58,3.55,3.55,114945
DKS,20041213,12.5,12.9,12.5,12.9,1400
DLS,20041213,0.069,0.069,0.067,0.068,835200
DMX,20041213,0.031,0.031,0.031,0.031,44000
DNL,20041213,0.245,0.25,0.245,0.25,207000
DNS,20041213,0.085,0.085,0.085,0.085,20000
DNX,20041213,0.115,0.115,0.115,0.115,14000
DOM,20041213,0.39,0.395,0.38,0.38,158857
DON,20041213,0.31,0.33,0.31,0.33,189500
DOW,20041213,4.9,4.92,4.87,4.87,696695
DRA,20041213,0.26,0.26,0.255,0.255,191700
DRD,20041213,2.18,2.22,2.15,2.22,34385
DRT,20041213,1.33,1.33,1.31,1.32,13422810
DTL,20041213,3.01,3.03,3.01,3.03,7022
DUE,20041213,2.56,2.57,2.55,2.57,2191656
DVC,20041213,3.5,3.58,3.5,3.58,1344120
DVN,20041213,0.67,0.68,0.67,0.68,22007
DYL,20041213,0.023,0.023,0.017,0.017,8789468
EAC,20041213,6.2,6.2,6.2,6.2,1400
EBR,20041213,0.089,0.095,0.089,0.095,573550
EBT,20041213,0.16,0.165,0.155,0.165,193867
ECU,20041213,0.069,0.07,0.066,0.066,830000
EGL,20041213,0.255,0.255,0.255,0.255,40500
EGO,20041213,0.011,0.011,0.01,0.011,3962637
EIF,20041213,0.075,0.076,0.075,0.076,235805
ELL,20041213,0.08,0.08,0.08,0.08,9000
ELX,20041213,0.27,0.27,0.27,0.27,72260
EMI,20041213,0.35,0.355,0.3,0.3,852338
EMP,20041213,0.62,0.62,0.61,0.61,15701
EMS,20041213,0.29,0.3,0.275,0.28,283000
ENE,20041213,3.24,3.24,3.2,3.2,234519
ENV,20041213,1.07,1.08,1.07,1.07,1069333
EOS,20041213,3,3.04,3,3.04,4350
EPE,20041213,0.225,0.225,0.22,0.22,208149
EPR,20041213,0.105,0.105,0.095,0.1,293000
EPT,20041213,0.93,0.93,0.91,0.92,317279
EQI,20041213,1.36,1.41,1.36,1.41,307433
EQN,20041213,0.6,0.6,0.6,0.6,7599
EQT,20041213,10.49,10.49,10.49,10.49,3000
EQX,20041213,0.29,0.3,0.29,0.3,51000
ERA,20041213,5.8,5.8,5.79,5.8,9112
ERG,20041213,0.305,0.31,0.3,0.305,2381474
ESG,20041213,0.22,0.23,0.22,0.23,191110
ESS,20041213,0.31,0.31,0.31,0.31,28065
ESV,20041213,0.6,0.6,0.53,0.57,248000
ETC,20041213,0.016,0.017,0.015,0.015,11410002
ETE,20041213,0.29,0.33,0.29,0.33,58070
ETR,20041213,1.75,1.8,1.75,1.79,86073
ETW,20041213,1.02,1.02,1,1,201321
EVM,20041213,0.23,0.23,0.22,0.22,204000
EXL,20041213,4.7,4.83,4.7,4.73,649709
EXR,20041213,0.54,0.54,0.54,0.54,20915
EXS,20041213,0.225,0.23,0.225,0.23,70000
EXT,20041213,0.018,0.018,0.017,0.017,950000
EZL,20041213,1.56,1.56,1.47,1.5,16160
FAN,20041213,4.85,4.85,4.68,4.7,53258
FAR,20041213,0.067,0.077,0.061,0.064,6260165
FBU,20041213,5.92,6.1,5.92,6.08,150361
FCL,20041213,2.07,2.14,2.06,2.12,7794453
FCN,20041213,0.76,0.8,0.73,0.76,6265142
FCO,20041213,0.23,0.23,0.23,0.23,200000
FDL,20041213,0.031,0.032,0.03,0.032,2268265
FEA,20041213,0.59,0.59,0.55,0.58,355275
FGL,20041213,5.47,5.54,5.47,5.51,3506073
FKP,20041213,3.79,3.81,3.77,3.77,241055
FLK,20041213,0.85,0.88,0.85,0.88,27242
FLT,20041213,18.71,18.8,18.65,18.7,47432
FLX,20041213,1.76,1.78,1.75,1.75,138485
FMG,20041213,2.34,2.94,2.34,2.74,2124632
FOA,20041213,23.97,24,23.63,23.7,496281
FPA,20041213,4.1,4.1,4.05,4.1,814859
FPF,20041213,0.57,0.57,0.55,0.55,366085
FPH,20041213,2.84,2.9,2.84,2.9,156688
FPS,20041213,0.64,0.64,0.64,0.64,41000
FRI,20041213,0.5,0.5,0.48,0.495,41646
FRL,20041213,0.195,0.195,0.195,0.195,10000
FRM,20041213,0.61,0.61,0.55,0.55,24000
FUN,20041213,1.96,2,1.95,2,906176
FUS,20041213,0.017,0.018,0.017,0.017,1395000
FWD,20041213,8.32,8.34,8.25,8.29,186093
FXJ,20041213,4.31,4.36,4.31,4.34,4244007
FXR,20041213,0.55,0.55,0.54,0.55,173740
GAA,20041213,1.15,1.17,1.14,1.15,23720
GAM,20041213,0.18,0.18,0.18,0.18,5625
GAN,20041213,1.68,1.69,1.64,1.68,2547093
GAP,20041213,3.03,3.04,2.9,3.01,18561
GAS,20041213,2.64,2.64,2.56,2.56,521330
GBA,20041213,0.1,0.1,0.1,0.1,2000
GBG,20041213,0.085,0.085,0.081,0.082,1106437
GBN,20041213,0.04,0.04,0.04,0.04,800000
GBP,20041213,0.37,0.37,0.35,0.35,316932
GBR,20041213,0.25,0.26,0.25,0.26,45865
GCA,20041213,0.96,0.96,0.96,0.96,15000
GCL,20041213,1.98,2.02,1.96,1.99,2053004
GCN,20041213,0.055,0.055,0.055,0.055,200000
GDA,20041213,0.008,0.008,0.008,0.008,1480000
GDM,20041213,0.39,0.39,0.355,0.38,35220
GDP,20041213,0.65,0.69,0.64,0.64,38478
GDR,20041213,0.18,0.18,0.18,0.18,17021
GDY,20041213,1.3,1.42,1.29,1.38,234433
GED,20041213,0.09,0.09,0.09,0.09,35000
GFD,20041213,0.86,0.9,0.85,0.87,99940
GGL,20041213,0.62,0.62,0.62,0.62,136000
GGN,20041213,0.375,0.39,0.375,0.39,1393107
GGP,20041213,0.35,0.355,0.345,0.355,248509
GGY,20041213,0.036,0.036,0.036,0.036,32334
GHG,20041213,0.75,0.76,0.74,0.76,163908
GIP,20041213,0.095,0.095,0.095,0.095,89587
GIR,20041213,0.19,0.2,0.19,0.2,97833
GLB,20041213,0.46,0.46,0.445,0.445,76008
GLI,20041213,1.17,1.17,1.12,1.12,308666
GLN,20041213,0.3,0.3,0.3,0.3,6999
GME,20041213,0.165,0.165,0.165,0.165,174001
GMI,20041213,0.99,0.99,0.98,0.99,178567
GML,20041213,0.093,0.093,0.086,0.086,35899
GNC,20041213,13.1,13.1,13,13,5700
GNL,20041213,0.13,0.13,0.12,0.12,429693
GNS,20041213,4.4,4.45,4.38,4.38,640815
GOA,20041213,0.125,0.125,0.12,0.12,100000
GOG,20041213,0.22,0.22,0.21,0.21,274400
GOW,20041213,2.62,2.62,2.62,2.62,8043
GPE,20041213,0.2,0.205,0.2,0.205,173277
GPG,20041213,1.96,1.97,1.96,1.96,188660
GPT,20041213,3.72,3.72,3.68,3.7,5311811
GRD,20041213,2.51,2.6,2.49,2.6,79163
GRO,20041213,0.91,0.91,0.91,0.91,950
GRR,20041213,0.64,0.64,0.64,0.64,20299
GRY,20041213,0.245,0.245,0.245,0.245,168074
GSA,20041213,1.11,1.11,1.1,1.1,2647340
GSE,20041213,0.038,0.038,0.037,0.037,177000
GTG,20041213,0.485,0.485,0.475,0.475,94609
GTM,20041213,0.07,0.071,0.069,0.069,1070095
GTN,20041213,0.44,0.44,0.44,0.44,13132
GTP,20041213,3.84,3.93,3.83,3.9,556102
GTX,20041213,0.26,0.26,0.26,0.26,252340
GUD,20041213,10.75,10.77,10.65,10.7,187065
GUN,20041213,0.28,0.3,0.27,0.28,881302
GVM,20041213,0.024,0.024,0.022,0.022,570000
GWE,20041213,0.28,0.3,0.28,0.295,32000
GWT,20041213,3.25,3.27,3.23,3.23,155282
HAN,20041213,10.55,10.55,10.51,10.51,6734
HAV,20041213,0.98,0.98,0.95,0.95,44800
HBL,20041213,0.34,0.34,0.33,0.33,22857
HCC,20041213,1.65,1.65,1.6,1.6,30200
HCN,20041213,1.77,1.8,1.75,1.76,193778
HCY,20041213,0.019,0.019,0.018,0.019,925000
HDF,20041213,2.58,2.58,2.52,2.53,5661122
HDN,20041213,0.17,0.17,0.17,0.17,40000
HDR,20041213,1.47,1.47,1.42,1.44,5136218
HEG,20041213,0.135,0.135,0.135,0.135,57728
HER,20041213,0.83,0.83,0.83,0.83,26405
HGL,20041213,0.029,0.029,0.029,0.029,55000
HGO,20041213,0.22,0.24,0.21,0.215,1306621
HHG,20041213,1.38,1.39,1.37,1.37,54852647
HHL,20041213,7.46,7.47,7.45,7.47,6430
HHV,20041213,0.95,0.96,0.95,0.96,283903
HIB,20041213,0.98,1.11,0.98,1.11,93558
HIC,20041213,0.73,0.73,0.73,0.73,32098
HIG,20041213,0.435,0.435,0.425,0.43,1110821
HIL,20041213,4.31,4.35,4.3,4.3,56149
HIT,20041213,0.077,0.077,0.077,0.077,10125
HJB,20041213,0.45,0.45,0.45,0.45,1751000
HLD,20041213,0.37,0.375,0.365,0.375,147953
HLT,20041213,0.44,0.45,0.44,0.45,36637
HLX,20041213,0.165,0.165,0.165,0.165,50000
HLY,20041213,8.33,8.39,8.15,8.15,77397
HMC,20041213,0.051,0.055,0.051,0.055,20000
HME,20041213,6.05,6.05,6.05,6.05,3000
HNG,20041213,2.05,2.05,2.03,2.03,32279
HNR,20041213,0.18,0.18,0.18,0.18,94000
HPX,20041213,1.64,1.64,1.62,1.62,69094
HRD,20041213,0.365,0.365,0.355,0.355,42000
HRR,20041213,0.25,0.25,0.245,0.245,45000
HSC,20041213,0.32,0.38,0.32,0.38,10000
HSK,20041213,0.43,0.43,0.42,0.425,115000
HSN,20041213,0.44,0.44,0.44,0.44,37675
HTA,20041213,0.36,0.36,0.35,0.355,541550
HUG,20041213,0.07,0.07,0.067,0.067,83648
HVN,20041213,3.05,3.07,3.02,3.02,1011532
HWE,20041213,0.45,0.455,0.43,0.43,2414194
HWG,20041213,0.14,0.14,0.14,0.14,31876
HWI,20041213,2.6,2.6,2.52,2.52,48060
HWT,20041213,1.45,1.45,1.37,1.38,156694
HWW,20041213,0.13,0.13,0.13,0.13,500
HZN,20041213,0.12,0.12,0.12,0.12,313334
IAG,20041213,5.98,6,5.88,5.95,1200025
IAS,20041213,0.34,0.34,0.325,0.33,41500
IAT,20041213,0.115,0.115,0.115,0.115,90000
IBA,20041213,0.63,0.63,0.57,0.59,623283
IBC,20041213,0.56,0.56,0.55,0.55,32257
IBR,20041213,0.34,0.34,0.34,0.34,13065
ICC,20041213,0.008,0.008,0.008,0.008,10000
ICE,20041213,0.02,0.02,0.019,0.019,394000
ICN,20041213,0.044,0.044,0.038,0.041,980477
ICS,20041213,0.4,0.41,0.4,0.4,124855
IDT,20041213,2.22,2.23,2.17,2.17,29900
IEF,20041213,1.13,1.13,1.13,1.13,86000
IFC,20041213,0.285,0.285,0.285,0.285,9770
IFL,20041213,8,8,7.61,7.62,110102
IFM,20041213,0.77,0.78,0.76,0.76,750004
IGL,20041213,0.33,0.34,0.325,0.34,146000
IGO,20041213,1.15,1.19,1.15,1.18,577215
IGP,20041213,3.79,3.79,3.72,3.76,8985
IGR,20041213,0.083,0.083,0.083,0.083,100000
IHG,20041213,0.028,0.03,0.028,0.028,716431
IIF,20041213,2.18,2.2,2.17,2.17,1222643
IIN,20041213,3.05,3.05,3.04,3.05,126735
ILU,20041213,5.61,5.72,5.58,5.69,483171
IMA,20041213,0.36,0.36,0.36,0.36,10000
IMD,20041213,0.18,0.18,0.18,0.18,131000
IMF,20041213,0.9,0.9,0.87,0.87,40300
IMH,20041213,0.22,0.22,0.21,0.215,165000
IMI,20041213,0.022,0.022,0.022,0.022,630000
IMU,20041213,0.285,0.285,0.28,0.285,236782
INL,20041213,0.067,0.067,0.067,0.067,200000
INP,20041213,0.68,0.72,0.68,0.7,18870
INT,20041213,0.078,0.081,0.078,0.08,4726500
INV,20041213,0.069,0.072,0.065,0.065,852600
IOC,20041213,4.49,4.49,4.49,4.49,600
IOF,20041213,1.36,1.37,1.35,1.35,5095810
IPA,20041213,1.56,1.58,1.53,1.58,40131
IPG,20041213,2.16,2.16,2.08,2.09,4931570
IPL,20041213,21.54,21.54,21.54,21.54,2512
IPN,20041213,0.035,0.035,0.035,0.035,123163
IRE,20041213,3.73,3.75,3.71,3.75,54419
IRI,20041213,0.54,0.55,0.54,0.55,110909
IRN,20041213,0.48,0.48,0.465,0.47,288267
ISS,20041213,0.235,0.24,0.235,0.24,45000
ITC,20041213,0.063,0.067,0.063,0.065,916028
ITD,20041213,0.155,0.155,0.155,0.155,4000
ITE,20041213,0.3,0.305,0.3,0.305,23834
ITF,20041213,1.33,1.35,1.33,1.33,44168
IVC,20041213,3.1,3.2,3.1,3.2,184054
IVK,20041213,0.017,0.017,0.016,0.016,2550000
IVN,20041213,9.05,9.05,9,9,29000
IWF,20041213,2.68,2.69,2.67,2.68,38969
IWI,20041213,2.01,2.01,1.98,2,71075
IWL,20041213,2.23,2.23,2.19,2.22,143824
JAG,20041213,0.16,0.16,0.14,0.14,20000
JAK,20041213,0.23,0.23,0.22,0.22,110000
JAM,20041213,0.305,0.34,0.305,0.34,95000
JBH,20041213,3.7,3.74,3.69,3.7,300089
JBM,20041213,4.15,4.28,4.11,4.22,530483
JDV,20041213,0.8,0.8,0.8,0.8,50000
JET,20041213,0.57,0.57,0.56,0.56,80000
JFG,20041213,3.5,3.52,3.42,3.46,295327
JFM,20041213,1.27,1.27,1.25,1.25,80717
JHX,20041213,6.05,6.06,5.92,6,1431192
JML,20041213,0.18,0.18,0.175,0.175,90500
JRV,20041213,0.016,0.024,0.016,0.024,290889260
JST,20041213,2.83,2.89,2.79,2.81,1076587
JUM,20041213,0.02,0.02,0.02,0.02,300000
JYC,20041213,1.02,1.04,1.02,1.03,112660
KAR,20041213,0.47,0.47,0.41,0.45,165000
KBO,20041213,0.08,0.085,0.08,0.085,220750
KCN,20041213,2.32,2.33,2.25,2.32,196913
KDS,20041213,0.56,0.59,0.55,0.55,35334
KIA,20041213,0.7,0.7,0.69,0.69,35839
KIM,20041213,0.91,0.91,0.88,0.88,586266
KKT,20041213,1.25,1.25,1.25,1.25,17000
KLM,20041213,0.195,0.195,0.195,0.195,4770
KMN,20041213,0.175,0.18,0.175,0.175,539260
KNH,20041213,0.2,0.2,0.2,0.2,26000
KOV,20041213,4.29,4.29,4.29,4.29,149
KRS,20041213,0.59,0.59,0.59,0.59,216831
KSC,20041213,2.97,3,2.95,3,43368
KYC,20041213,1.84,1.85,1.84,1.85,38572
KZL,20041213,0.95,0.95,0.93,0.93,114550
LAF,20041213,0.15,0.15,0.145,0.145,1821410
LAL,20041213,0.057,0.057,0.057,0.057,100000
LBY,20041213,0.175,0.175,0.175,0.175,30000
LCE,20041213,0.23,0.23,0.23,0.23,20000
LCL,20041213,0.78,0.78,0.77,0.77,81694
LCO,20041213,0.64,0.64,0.64,0.64,53000
LCP,20041213,0.72,0.72,0.72,0.72,35000
LCT,20041213,0.5,0.52,0.5,0.52,58600
LDW,20041213,4.6,4.6,4.55,4.55,1207
LEG,20041213,0.068,0.069,0.065,0.065,160000
LEI,20041213,11.36,11.41,11.36,11.4,249827
LEP,20041213,1.62,1.62,1.62,1.62,49400
LGO,20041213,0.023,0.023,0.023,0.023,325000
LHG,20041213,1.14,1.17,1.13,1.16,7011872
LIM,20041213,6.81,6.81,6.81,6.81,1713
LIO,20041213,0.012,0.013,0.011,0.012,10053500
LIP,20041213,2.5,2.51,2.5,2.51,47333
LKE,20041213,0.14,0.14,0.14,0.14,72500
LKO,20041213,0.048,0.048,0.046,0.046,2314500
LKP,20041213,0.065,0.065,0.065,0.065,5000
LLC,20041213,12.89,12.89,12.8,12.8,725980
LMC,20041213,2.6,2.6,2.6,2.6,14500
LMG,20041213,0.015,0.015,0.015,0.015,404672
LMW,20041213,0.9,0.9,0.9,0.9,16000
LNG,20041213,0.385,0.39,0.38,0.385,105175
LNN,20041213,8.19,8.22,8.15,8.18,592152
LOK,20041213,2.73,2.76,2.73,2.75,74570
LRL,20041213,0.43,0.43,0.425,0.425,33600
LRX,20041213,0.23,0.23,0.225,0.225,200000
LSG,20041213,2.07,2.07,2,2.01,149019
LSL,20041213,0.017,0.017,0.016,0.016,300000
LUM,20041213,0.1,0.115,0.1,0.11,418090
LYC,20041213,0.29,0.3,0.28,0.28,127100
MAA,20041213,0.14,0.14,0.14,0.14,15000
MAH,20041213,0.45,0.46,0.45,0.46,285941
MAL,20041213,0.44,0.52,0.44,0.52,449087
MAP,20041213,3.03,3.04,2.99,2.99,4278719
MAQ,20041213,0.18,0.18,0.18,0.18,190219
MAY,20041213,4.32,4.34,4.24,4.25,427736
MBL,20041213,44.7,45.3,44.65,44.8,324825
MBN,20041213,0.5,0.58,0.5,0.58,576100
MBP,20041213,2.5,2.5,2.04,2.04,15416973
MCC,20041213,3.91,4,3.9,4,195662
MCG,20041213,5.45,5.63,5.45,5.55,2022912
MCP,20041213,5.49,5.5,5.48,5.48,20200
MCR,20041213,0.58,0.59,0.56,0.58,1284532
MCW,20041213,2.12,2.13,2.05,2.13,1424015
MDE,20041213,0.64,0.64,0.62,0.63,6000
MDL,20041213,0.395,0.395,0.39,0.39,25458
MDM,20041213,0.045,0.045,0.045,0.045,415000
MDT,20041213,1.13,1.13,1.11,1.12,4940990
MDX,20041213,0.175,0.185,0.175,0.18,145000
MEE,20041213,0.06,0.06,0.059,0.06,243994
MEI,20041213,0.27,0.285,0.27,0.285,95000
MEO,20041213,0.14,0.14,0.14,0.14,4750
MFI,20041213,1.15,1.16,1.15,1.16,17000
MFS,20041213,1.65,1.7,1.65,1.66,203564
MFT,20041213,0.94,0.94,0.94,0.94,50000
MGI,20041213,2.14,2.15,2.1,2.14,1819173
MGM,20041213,3.66,3.67,3.63,3.65,221270
MGR,20041213,4.78,4.78,4.72,4.73,3850027
MGW,20041213,5.25,5.25,5.19,5.2,602214
MGX,20041213,0.245,0.25,0.245,0.245,3386783
MGZ,20041213,0.15,0.15,0.15,0.15,20000
MHI,20041213,0.15,0.15,0.15,0.15,27000
MIC,20041213,0.095,0.095,0.092,0.092,1305300
MIG,20041213,3.9,3.93,3.88,3.91,2433807
MIK,20041213,0.041,0.041,0.04,0.04,203746
MIL,20041213,0.069,0.072,0.069,0.071,1519742
MIR,20041213,1.46,1.47,1.46,1.46,39934
MIS,20041213,0.27,0.27,0.27,0.27,50000
MLB,20041213,1.16,1.16,1.1,1.1,101196
MLE,20041213,1.67,1.67,1.6,1.61,187623
MLM,20041213,0.22,0.225,0.21,0.215,653090
MLT,20041213,15.7,15.86,15.58,15.58,5133
MMA,20041213,1.07,1.07,1.06,1.06,145157
MME,20041213,0.12,0.12,0.12,0.12,13443
MMN,20041213,0.14,0.14,0.135,0.14,188061
MMS,20041213,1.52,1.52,1.5,1.5,1000
MND,20041213,7.69,7.7,7.54,7.7,14904
MNR,20041213,1.97,2.03,1.97,2.01,237425
MOB,20041213,0.175,0.175,0.155,0.165,281353
MOC,20041213,1.06,1.06,1.05,1.05,50000
MOD,20041213,0.038,0.038,0.038,0.038,125000
MOF,20041213,1.28,1.28,1.27,1.28,3840203
MOK,20041213,0.19,0.19,0.19,0.19,7000
MOO,20041213,0.045,0.045,0.044,0.044,311000
MOS,20041213,0.23,0.23,0.225,0.225,758163
MPA,20041213,0.15,0.15,0.15,0.15,150000
MPC,20041213,0.028,0.028,0.025,0.025,100000
MPD,20041213,0.17,0.18,0.17,0.18,383252
MPH,20041213,0.82,0.83,0.81,0.81,106088
MPI,20041213,0.072,0.072,0.072,0.072,20000
MPM,20041213,2.14,2.14,2.12,2.12,2326953
MPO,20041213,0.046,0.047,0.046,0.047,219773
MPR,20041213,1.14,1.14,1.12,1.14,6520853
MRE,20041213,1.92,1.92,1.76,1.78,6412051
MRL,20041213,1.03,1.04,1.01,1.04,1092562
MRM,20041213,0.38,0.38,0.37,0.37,20000
MRS,20041213,0.15,0.15,0.15,0.15,22500
MRT,20041213,0.55,0.55,0.55,0.55,20000
MRX,20041213,0.11,0.115,0.105,0.11,2149714
MRY,20041213,0.011,0.011,0.01,0.01,750000
MSC,20041213,0.078,0.079,0.078,0.078,434262
MSO,20041213,0.093,0.093,0.093,0.093,15500
MST,20041213,0.265,0.27,0.26,0.265,304686
MTB,20041213,0.13,0.13,0.125,0.125,130000
MTH,20041213,0.38,0.38,0.37,0.37,66911
MTI,20041213,0.55,0.55,0.55,0.55,25000
MTO,20041213,0.39,0.39,0.39,0.39,33000
MTR,20041213,0.19,0.195,0.19,0.195,80548
MTT,20041213,3.4,3.4,3.33,3.33,970319
MTU,20041213,0.28,0.28,0.28,0.28,59213
MTX,20041213,0.95,0.95,0.95,0.95,25000
MUL,20041213,0.029,0.03,0.028,0.029,13552669
MVP,20041213,1.42,1.42,1.37,1.4,42328
MVU,20041213,1.55,1.55,1.47,1.47,88662
MWE,20041213,0.175,0.175,0.17,0.175,214571
MWR,20041213,0.026,0.026,0.026,0.026,200000
MXG,20041213,5.66,5.67,5.63,5.67,306950
MXI,20041213,0.98,0.99,0.98,0.99,306220
MXL,20041213,0.086,0.087,0.084,0.087,309800
MYO,20041213,1.36,1.38,1.36,1.38,256136
NAB,20041213,27.99,28,27.85,28,2320814
NAL,20041213,0.67,0.67,0.64,0.67,363500
NAM,20041213,0.55,0.56,0.55,0.55,373410
NAV,20041213,0.135,0.14,0.135,0.14,106630
NBL,20041213,2.72,2.72,2.7,2.7,3020
NCA,20041213,0.008,0.008,0.008,0.008,1000000
NCK,20041213,1.9,1.93,1.9,1.91,162461
NCM,20041213,15.97,16.57,15.78,16.4,1696923
NDC,20041213,0.26,0.26,0.25,0.25,283200
NDO,20041213,0.048,0.048,0.043,0.048,5310722
NEM,20041213,5.92,6,5.92,5.92,28452
NEO,20041213,0.038,0.039,0.035,0.037,12830389
NFD,20041213,5.87,5.89,5.84,5.86,594036
NHC,20041213,1.36,1.37,1.35,1.35,89040
NHL,20041213,0.22,0.22,0.22,0.22,10000
NHM,20041213,0.006,0.006,0.006,0.006,600000
NHR,20041213,0.415,0.42,0.41,0.415,4904571
NIA,20041213,0.14,0.14,0.135,0.14,716284
NKL,20041213,0.21,0.21,0.2,0.2,119000
NKP,20041213,0.85,0.85,0.8,0.84,20109
NLX,20041213,0.395,0.395,0.385,0.385,936394
NMC,20041213,0.06,0.06,0.059,0.059,2675940
NMS,20041213,0.49,0.49,0.47,0.47,72990
NNG,20041213,0.27,0.27,0.27,0.27,139002
NPX,20041213,5.14,5.15,5.14,5.15,27389
NRT,20041213,5.96,5.97,5.88,5.97,142832
NTC,20041213,0.205,0.205,0.2,0.2,27440
NTG,20041213,0.06,0.065,0.06,0.065,60109
NUF,20041213,8.91,8.91,8.52,8.55,448766
NVE,20041213,0.33,0.34,0.33,0.34,73295
NWA,20041213,0.047,0.049,0.047,0.049,231100
NWE,20041213,0.11,0.11,0.105,0.105,214805
NWR,20041213,0.25,0.25,0.235,0.235,351500
NWS,20041213,23.91,23.95,23.75,23.89,5437235
NXS,20041213,0.53,0.57,0.47,0.53,7460092
NZO,20041213,0.91,0.95,0.91,0.95,5400
OBJ,20041213,0.027,0.027,0.025,0.027,2503304
OCL,20041213,0.85,0.85,0.85,0.85,9350
OCO,20041213,0.018,0.018,0.018,0.018,5000
OEC,20041213,0.115,0.12,0.115,0.115,92553
OEX,20041213,0.75,0.75,0.7,0.7,442456
OFM,20041213,2.32,2.35,2.32,2.32,26983
OGD,20041213,0.82,0.85,0.82,0.85,127812
OHL,20041213,0.15,0.15,0.15,0.15,1000
OKN,20041213,1.42,1.42,1.4,1.4,518782
OLH,20041213,1.09,1.09,1.09,1.09,3895
OMC,20041213,0.24,0.24,0.24,0.24,2428
OMH,20041213,1.32,1.33,1.3,1.33,129592
OMI,20041213,1.05,1.17,1.05,1.17,100529
OMP,20041213,3.68,3.71,3.68,3.68,218064
OPC,20041213,0.21,0.21,0.21,0.21,28459
OPI,20041213,0.135,0.135,0.135,0.135,10000
OPL,20041213,0.45,0.475,0.45,0.45,2235967
OPM,20041213,0.005,0.006,0.005,0.005,1379060
OPS,20041213,4.3,4.31,4.3,4.31,17852
ORC,20041213,0.08,0.083,0.08,0.083,1198501
ORG,20041213,6.69,6.69,6.56,6.58,1137794
ORI,20041213,19.22,19.55,19.2,19.38,672909
ORL,20041213,2.55,2.6,2.5,2.6,41336
ORO,20041213,0.049,0.049,0.048,0.048,31900
ORP,20041213,0.027,0.028,0.027,0.028,765000
ORT,20041213,0.1,0.1,0.1,0.1,260476
OSH,20041213,1.73,1.73,1.69,1.72,4360490
OST,20041213,2.48,2.52,2.46,2.52,2080872
OTL,20041213,0.46,0.46,0.41,0.41,835000
OTT,20041213,0.305,0.305,0.3,0.3,31506
OXR,20041213,0.94,0.97,0.93,0.96,6680233
PAA,20041213,0.26,0.28,0.26,0.275,726865
PAC,20041213,0.85,0.85,0.85,0.85,400
PAY,20041213,3,3,3,3,3800
PBB,20041213,3.68,3.68,3.57,3.57,125342
PBD,20041213,1.3,1.3,1.27,1.27,34375
PBG,20041213,3.1,3.11,3.05,3.05,921135
PBI,20041213,0.375,0.375,0.37,0.37,17814
PBL,20041213,16.23,16.3,15.97,16.06,1168061
PBO,20041213,0.395,0.4,0.38,0.38,136841
PBT,20041213,0.53,0.53,0.53,0.53,5910
PCG,20041213,0.44,0.46,0.44,0.455,1538236
PCL,20041213,0.08,0.082,0.08,0.08,512000
PCO,20041213,0.015,0.015,0.015,0.015,235000
PDG,20041213,25.5,25.5,24.92,25,3280
PDN,20041213,0.465,0.52,0.43,0.5,2462799
PEL,20041213,0.051,0.051,0.051,0.051,71958
PEM,20041213,0.76,0.76,0.75,0.76,282472
PEN,20041213,0.015,0.015,0.015,0.015,430000
PEO,20041213,0.17,0.17,0.17,0.17,1010000
PEP,20041213,0.48,0.48,0.48,0.48,19800
PET,20041213,0.99,1,0.99,1,26970
PGL,20041213,4.6,4.65,4.58,4.59,90153
PGN,20041213,0.96,0.96,0.96,0.96,5000
PGS,20041213,0.23,0.23,0.225,0.225,127704
PHL,20041213,0.05,0.051,0.05,0.051,288200
PHY,20041213,3.95,3.98,3.92,3.92,379696
PIE,20041213,0.026,0.026,0.026,0.026,100000
PIF,20041213,1.21,1.22,1.2,1.2,6358996
PIO,20041213,0.21,0.21,0.205,0.205,470371
PIV,20041213,1.25,1.25,1.24,1.25,577069
PKT,20041213,0.009,0.009,0.009,0.009,250000
PLF,20041213,1.43,1.52,1.43,1.46,130270
PLT,20041213,0.4,0.41,0.39,0.39,177924
PMC,20041213,2.21,2.22,2.2,2.22,121397
PME,20041213,1.17,1.17,1.17,1.17,11500
PMM,20041213,2.75,2.81,2.75,2.77,676231
PMN,20041213,4.99,5.06,4.95,5.04,2722605
PMP,20041213,2.14,2.15,2.07,2.08,950905
PMV,20041213,4.66,4.66,4.66,4.66,3615
PNA,20041213,0.15,0.155,0.15,0.155,803810
PNO,20041213,0.056,0.063,0.056,0.06,1545500
PNW,20041213,0.06,0.06,0.06,0.06,1110000
POH,20041213,0.295,0.315,0.295,0.31,199165
PPC,20041213,1.72,1.73,1.7,1.7,71669
PPK,20041213,0.94,0.94,0.93,0.94,26250
PPN,20041213,0.415,0.415,0.415,0.415,4000
PPP,20041213,0.13,0.135,0.13,0.135,839776
PPR,20041213,1.95,2.13,1.95,2.1,128872
PPT,20041213,58.29,58.29,57.65,57.75,21245
PPX,20041213,4.6,4.62,4.58,4.59,648411
PRE,20041213,0.015,0.015,0.014,0.014,741000
PRG,20041213,3.38,3.38,3.35,3.35,45658
PRK,20041213,6.33,6.33,6.23,6.24,1235285
PRM,20041213,0.09,0.09,0.088,0.088,35000
PRR,20041213,0.165,0.165,0.16,0.16,365000
PRT,20041213,3.15,3.16,3.15,3.16,4400
PRU,20041213,0.16,0.16,0.16,0.16,20000
PRV,20041213,1,1.01,1,1.01,208000
PRY,20041213,8,8,7.8,7.8,269955
PSA,20041213,1.18,1.21,1.16,1.21,188723
PSD,20041213,1.29,1.3,1.27,1.29,150475
PSG,20041213,0.165,0.165,0.165,0.165,172642
PSP,20041213,0.105,0.105,0.1,0.1,100000
PSR,20041213,0.02,0.02,0.019,0.019,997500
PSV,20041213,0.36,0.36,0.345,0.36,505300
PSX,20041213,0.205,0.215,0.2,0.2,97309
PTD,20041213,1.81,1.9,1.81,1.89,849387
PTS,20041213,0.086,0.086,0.085,0.085,25000
PWR,20041213,0.51,0.52,0.51,0.51,42461
PWT,20041213,1.45,1.46,1.43,1.45,60438
PXL,20041213,0.65,0.65,0.65,0.65,2000
PXS,20041213,0.8,0.8,0.77,0.79,45130
QAD,20041213,0.05,0.05,0.049,0.049,479313
QAN,20041213,3.6,3.64,3.59,3.63,4662489
QBE,20041213,14.04,14.1,13.96,14.1,747999
QCH,20041213,4.35,4.35,4.21,4.25,40552
QGC,20041213,0.285,0.285,0.28,0.285,81508
QMG,20041213,0.55,0.55,0.55,0.55,3000
QML,20041213,0.145,0.145,0.14,0.14,10000
QPX,20041213,0.115,0.115,0.115,0.115,3000
QRS,20041213,0.225,0.225,0.195,0.2,1052632
QTI,20041213,0.65,0.65,0.63,0.63,10000
QTM,20041213,0.19,0.19,0.17,0.17,120000
QUR,20041213,0.043,0.043,0.043,0.043,500000
RAC,20041213,0.59,0.59,0.58,0.58,472764
RAT,20041213,1.11,1.12,1.1,1.1,376236
RAU,20041213,0.13,0.13,0.12,0.12,23332
RBS,20041213,7.95,7.95,7.85,7.85,4500
RCD,20041213,5.65,5.74,5.65,5.7,389108
RCG,20041213,0.38,0.38,0.35,0.375,211069
RCL,20041213,3.19,3.2,3.16,3.16,133009
RCR,20041213,0.61,0.61,0.58,0.58,351294
RCT,20041213,3.37,3.37,3.37,3.37,700
RDF,20041213,3.71,3.76,3.6,3.66,105170
RDM,20041213,0.225,0.225,0.22,0.22,160000
RDR,20041213,0.26,0.26,0.26,0.26,7500
REA,20041213,1.19,1.19,1.17,1.17,8840
REB,20041213,3.09,3.09,3.06,3.09,15360
RED,20041213,0.155,0.155,0.15,0.15,161000
REH,20041213,12.3,12.4,12.26,12.4,6889
REL,20041213,0.14,0.14,0.14,0.14,52258
REM,20041213,0.38,0.38,0.37,0.37,30477
RFS,20041213,0.245,0.245,0.245,0.245,8000
RGA,20041213,0.485,0.485,0.485,0.485,4000
RHC,20041213,6.95,7.17,6.95,7.1,148022
RHD,20041213,1.03,1.04,1.02,1.02,98960
RHT,20041213,0.16,0.165,0.155,0.16,933150
RIC,20041213,1.37,1.38,1.36,1.38,721442
RIN,20041213,10.24,10.33,10.15,10.27,2278953
RIO,20041213,38.69,38.69,38.44,38.6,632182
RIV,20041213,0.52,0.52,0.5,0.5,145581
RKN,20041213,0.84,0.85,0.84,0.84,108750
RMD,20041213,6.61,6.65,6.61,6.63,310582
RMG,20041213,0.028,0.028,0.025,0.025,357238
RML,20041213,0.175,0.185,0.175,0.185,126000
RMS,20041213,0.081,0.081,0.081,0.081,100000
RNG,20041213,0.185,0.185,0.185,0.185,32200
ROC,20041213,1.7,1.71,1.68,1.69,323264
ROK,20041213,3.8,3.85,3.8,3.85,12100
RPC,20041213,0.395,0.4,0.395,0.395,74948
RPG,20041213,0.9,1,0.9,1,41218
RPM,20041213,0.11,0.12,0.11,0.12,1114231
RPT,20041213,0.02,0.02,0.02,0.02,87600
RRL,20041213,0.115,0.13,0.115,0.13,525850
RRT,20041213,0.94,0.94,0.9,0.94,184175
RSG,20041213,1.4,1.41,1.38,1.4,433442
RSN,20041213,0.115,0.12,0.115,0.115,246640
RSP,20041213,0.92,0.93,0.92,0.92,98219
RTL,20041213,0.35,0.37,0.35,0.37,186236
RTM,20041213,0.048,0.048,0.048,0.048,480000
RUP,20041213,9.66,9.7,9.52,9.53,112440
RWD,20041213,0.12,0.12,0.12,0.12,25000
RXL,20041213,0.12,0.12,0.115,0.12,208300
SAI,20041213,2.32,2.32,2.32,2.32,1
SAR,20041213,0.09,0.09,0.09,0.09,62500
SBC,20041213,15,15,14.88,14.88,160808
SBL,20041213,0.14,0.145,0.14,0.145,68428
SBM,20041213,0.077,0.079,0.075,0.076,1151252
SBP,20041213,0.16,0.16,0.16,0.16,59010
SBR,20041213,0.12,0.12,0.115,0.115,2000
SCE,20041213,0.029,0.029,0.029,0.029,100000
SCF,20041213,112.6,113,112.5,113,2821
SCV,20041213,1.12,1.12,1.1,1.1,14500
SDG,20041213,1.68,1.69,1.65,1.69,236427
SDI,20041213,1.69,1.73,1.67,1.67,89688
SDL,20041213,0.013,0.013,0.013,0.013,51500
SDR,20041213,0.155,0.155,0.155,0.155,46000
SDS,20041213,0.87,0.87,0.87,0.87,48700
SED,20041213,0.255,0.255,0.25,0.25,113949
SEE,20041213,0.088,0.089,0.088,0.089,354243
SEL,20041213,1.48,1.49,1.48,1.49,17930
SEN,20041213,0.28,0.28,0.265,0.265,689497
SES,20041213,0.335,0.35,0.33,0.34,684678
SEV,20041213,6.27,6.34,6.26,6.27,223718
SFC,20041213,12.39,12.39,11.95,11.95,56366
SFE,20041213,8.17,8.24,8.15,8.17,184018
SFR,20041213,0.215,0.215,0.2,0.2,108100
SGB,20041213,24.13,24.31,24.11,24.26,418624
SGL,20041213,0.93,0.95,0.93,0.94,351674
SGN,20041213,3.18,3.19,3.16,3.16,171202
SGP,20041213,6,6,5.86,5.91,4123143
SGS,20041213,1.45,1.45,1.4,1.4,141109
SGT,20041213,1.91,1.91,1.89,1.91,3394330
SGX,20041213,2.03,2.03,2,2,17885
SHG,20041213,0.43,0.48,0.43,0.48,140698
SHL,20041213,11.13,11.2,11.13,11.19,387821
SHN,20041213,0.165,0.165,0.155,0.155,628305
SHV,20041213,8.2,8.21,8.15,8.18,11120
SIB,20041213,0.18,0.19,0.175,0.185,221864
SIE,20041213,0.058,0.063,0.057,0.06,1878728
SIG,20041213,9.2,9.35,9.2,9.27,138160
SKC,20041213,4.66,4.66,4.62,4.64,87922
SKE,20041213,2.6,2.61,2.58,2.58,331243
SKR,20041213,0.047,0.047,0.046,0.047,1865000
SKW,20041213,0.165,0.165,0.165,0.165,181611
SLA,20041213,0.235,0.235,0.23,0.23,141000
SLF,20041213,17.85,17.85,17.68,17.68,13263
SLM,20041213,5,5,4.92,4.92,46582
SLT,20041213,0.58,0.58,0.54,0.57,117500
SLV,20041213,0.46,0.46,0.46,0.46,3000
SLX,20041213,1.23,1.24,1.21,1.21,197291
SML,20041213,0.155,0.155,0.145,0.145,767145
SMM,20041213,0.16,0.16,0.155,0.155,114000
SMN,20041213,0.205,0.205,0.195,0.195,402500
SMO,20041213,0.095,0.095,0.09,0.09,575300
SMS,20041213,16.11,16.13,15.81,16.01,527027
SMY,20041213,0.82,0.84,0.82,0.84,354661
SNF,20041213,0.62,0.62,0.62,0.62,8334
SNN,20041213,0.315,0.315,0.31,0.31,275293
SNO,20041213,0.365,0.365,0.365,0.365,16000
SOL,20041213,9.7,9.75,9.6,9.64,35318
SOM,20041213,0.38,0.38,0.37,0.37,646479
SOT,20041213,1.97,2.13,1.97,2.13,155024
SPC,20041213,2.18,2.18,2.16,2.16,487364
SPD,20041213,0.26,0.26,0.26,0.26,50000
SPL,20041213,0.82,0.82,0.8,0.82,106800
SPT,20041213,5.06,5.08,5.01,5.01,132463
SRA,20041213,0.235,0.235,0.23,0.23,584892
SRI,20041213,0.12,0.12,0.12,0.12,500000
SRL,20041213,1.6,1.62,1.58,1.58,32350
SRP,20041213,3.63,3.69,3.62,3.65,866644
SRV,20041213,2.7,2.7,2.7,2.7,56583
SRX,20041213,2.54,2.64,2.54,2.6,47020
SSH,20041213,0.027,0.027,0.022,0.022,50000
SSI,20041213,0.16,0.16,0.16,0.16,2000
SST,20041213,2.9,2.9,2.9,2.9,1283
SSX,20041213,1.2,1.21,1.19,1.2,1398257
STB,20041213,0.185,0.2,0.18,0.2,120000
STE,20041213,0.15,0.15,0.15,0.15,50000
STI,20041213,0.47,0.47,0.45,0.45,246547
STO,20041213,8.13,8.26,8.01,8.14,2200887
STP,20041213,0.043,0.043,0.037,0.037,370000
STR,20041213,0.2,0.2,0.2,0.2,97000
STS,20041213,0.58,0.58,0.49,0.49,47397
STU,20041213,0.79,0.79,0.76,0.76,112378
STW,20041213,40.14,40.17,40.14,40.14,25530
STX,20041213,0.23,0.23,0.205,0.215,1658810
SUL,20041213,3.08,3.18,3.07,3.18,79580
SUN,20041213,17.16,17.23,17,17,614252
SUR,20041213,0.185,0.185,0.18,0.18,221946
SWG,20041213,0.028,0.028,0.028,0.028,100000
SYM,20041213,1.4,1.42,1.4,1.41,58700
TAA,20041213,0.059,0.059,0.059,0.059,63500
TAH,20041213,17.4,17.46,17.17,17.29,494148
TAM,20041213,0.155,0.155,0.155,0.155,20000
TAP,20041213,1.7,1.74,1.69,1.7,384601
TAS,20041213,0.195,0.195,0.19,0.195,440332
TAT,20041213,0.3,0.3,0.3,0.3,18000
TAW,20041213,1.53,1.53,1.53,1.53,21200
TBC,20041213,0.32,0.33,0.32,0.32,336440
TBR,20041213,0.6,0.6,0.6,0.6,29000
TCI,20041213,1.11,1.12,1.09,1.09,149663
TCL,20041213,6.25,6.25,6.17,6.17,483960
TEA,20041213,0.079,0.08,0.079,0.08,381500
TEE,20041213,0.034,0.034,0.034,0.034,70000
TEL,20041213,5.64,5.67,5.64,5.64,459539
TEM,20041213,1.17,1.2,1.17,1.2,104990
TEN,20041213,4.4,4.42,4.36,4.36,1062517
TER,20041213,0.205,0.215,0.205,0.215,170500
TGF,20041213,0.215,0.22,0.215,0.22,31000
TGG,20041213,1.18,1.19,1.18,1.19,113961
TGS,20041213,0.13,0.13,0.13,0.13,20000
THG,20041213,0.75,0.75,0.72,0.72,531106
THK,20041213,1.12,1.18,1.12,1.18,29800
THX,20041213,0.295,0.3,0.295,0.295,54749
TIF,20041213,0.44,0.44,0.44,0.44,43000
TIM,20041213,1.99,2.08,1.99,2.07,1716370
TIS,20041213,0.89,0.89,0.88,0.88,3250
TKL,20041213,0.18,0.18,0.18,0.18,90000
TKR,20041213,1.57,1.57,1.57,1.57,4000
TLS,20041213,4.86,4.88,4.86,4.88,7562789
TMO,20041213,0.68,0.68,0.66,0.66,93750
TMS,20041213,0.04,0.04,0.04,0.04,164721
TNE,20041213,0.66,0.66,0.64,0.64,48140
TNG,20041213,0.105,0.105,0.105,0.105,65000
TNS,20041213,2.67,2.67,2.65,2.67,35186
TOL,20041213,12.22,12.34,12.21,12.28,472239
TOR,20041213,1.47,1.47,1.46,1.46,6674
TOX,20041213,0.022,0.023,0.021,0.021,2830000
TPX,20041213,4.5,4.5,4.45,4.45,49400
TRG,20041213,12.35,12.6,12.35,12.6,36741
TRS,20041213,2.63,2.63,2.61,2.61,57921
TRU,20041213,9,9.15,9,9.15,4000
TRY,20041213,3.14,3.14,3.1,3.1,24789
TSE,20041213,6.1,6.13,6.08,6.1,216395
TSH,20041213,0.32,0.32,0.31,0.31,67500
TSO,20041213,1.99,1.99,1.97,1.98,707645
TTH,20041213,0.11,0.11,0.11,0.11,9487
TTR,20041213,0.32,0.33,0.315,0.32,154025
TTT,20041213,0.79,0.79,0.76,0.77,75012
TVL,20041213,0.15,0.15,0.145,0.145,15000
TWD,20041213,1.72,1.72,1.72,1.72,6001
TWO,20041213,1.4,1.4,1.38,1.38,8239
TWR,20041213,1.93,1.95,1.92,1.93,854254
TYC,20041213,0.495,0.5,0.485,0.495,56162
TZL,20041213,0.74,0.74,0.71,0.72,297231
TZN,20041213,0.165,0.175,0.165,0.175,116715
UCL,20041213,0.036,0.036,0.036,0.036,141337
UCM,20041213,2.55,2.55,2.5,2.5,33746
UCW,20041213,0.86,0.87,0.86,0.87,32637
UGL,20041213,5.81,5.89,5.81,5.85,351144
UKD,20041213,0.18,0.18,0.155,0.16,895827
UNI,20041213,0.93,0.93,0.9,0.91,200960
UNW,20041213,0.63,0.65,0.62,0.64,131000
UOS,20041213,1.1,1.15,1.1,1.15,38750
URL,20041213,0.12,0.12,0.12,0.12,309852
UTB,20041213,11.04,11.19,10.83,10.83,138652
UXC,20041213,0.82,0.82,0.81,0.82,74395
VBA,20041213,2.02,2.05,1.99,2,1419827
VCM,20041213,1.52,1.56,1.52,1.56,35293
VCN,20041213,0.245,0.245,0.24,0.24,76454
VCR,20041213,1.44,1.44,1.39,1.39,459561
VGL,20041213,1.5,1.5,1.47,1.5,209540
VHL,20041213,0.43,0.43,0.42,0.43,60472
VIL,20041213,0.2,0.2,0.2,0.2,16000
VLL,20041213,2.57,2.6,2.55,2.55,191603
VOF,20041213,1.03,1.03,1.03,1.03,14700
VOY,20041213,0.335,0.335,0.32,0.32,349900
VPE,20041213,0.04,0.044,0.04,0.042,23431665
VPG,20041213,1.29,1.3,1.28,1.28,993542
VRE,20041213,0.53,0.53,0.52,0.52,18800
VRI,20041213,0.18,0.18,0.17,0.18,233420
VRL,20041213,1.94,1.96,1.92,1.95,547291
VSG,20041213,0.027,0.027,0.027,0.027,84740
VSL,20041213,1.18,1.22,1.18,1.2,895449
VTI,20041213,0.52,0.54,0.52,0.52,185538
VTP,20041213,0.99,1,0.99,1,158139
VTR,20041213,1.11,1.11,1.11,1.11,5000
VWD,20041213,1.5,1.5,1.49,1.5,41522
VXS,20041213,0.082,0.082,0.08,0.08,59000
WAB,20041213,1.02,1.02,1.02,1.02,4880
WAG,20041213,0.2,0.2,0.2,0.2,54500
WAM,20041213,1.54,1.55,1.54,1.55,45142
WAN,20041213,8.88,8.88,8.67,8.72,171071
WAS,20041213,0.021,0.021,0.021,0.021,300000
WAT,20041213,3.97,3.97,3.97,3.97,500
WBA,20041213,0.89,0.89,0.89,0.89,5000
WBB,20041213,6.75,6.75,6.75,6.75,580
WBC,20041213,18.7,18.75,18.55,18.62,3242320
WCG,20041213,1.04,1.1,1.04,1.1,33300
WDC,20041213,15.85,15.88,15.57,15.61,5631601
WDP,20041213,2.66,2.67,2.66,2.67,17077
WEB,20041213,0.085,0.09,0.085,0.085,225405
WES,20041213,36.5,37.1,36.5,36.98,549696
WEZ,20041213,0.24,0.24,0.24,0.24,18000
WFL,20041213,2.66,2.66,2.66,2.66,7322
WGR,20041213,0.115,0.115,0.115,0.115,194500
WHF,20041213,3.18,3.18,3.16,3.16,22122
WHS,20041213,3.32,3.32,3.3,3.3,4720
WIL,20041213,0.96,0.97,0.96,0.97,161436
WLS,20041213,0.97,0.98,0.97,0.97,21000
WME,20041213,0.035,0.036,0.035,0.036,140100
WMR,20041213,7.03,7.06,7.01,7.04,2274372
WOR,20041213,5.25,5.27,5.2,5.2,781885
WOW,20041213,14.6,14.69,14.27,14.45,1300393
WPL,20041213,19.31,19.46,19.21,19.46,975818
WRF,20041213,0.38,0.38,0.38,0.38,13500
WSA,20041213,1.48,1.5,1.4,1.4,311652
WSS,20041213,0.115,0.115,0.11,0.11,237000
WST,20041213,0.7,0.7,0.7,0.7,1500
WTE,20041213,0.05,0.05,0.048,0.048,4915178
WTP,20041213,1.14,1.16,1.14,1.16,70083
WWA,20041213,0.84,0.84,0.83,0.83,36380
WWM,20041213,0.029,0.029,0.027,0.027,819300
WYL,20041213,3.76,3.79,3.71,3.72,77179
XAN,20041213,0.079,0.079,0.078,0.078,92144
XAO,20041213,3911.4,3929.8,3911.2,3919.5,0
XBL,20041213,0.27,0.27,0.27,0.27,13026
XBW,20041213,30740.1,30740.1,30738.7,30738.7,0
XDJ,20041213,2359.5,2388.1,2358.9,2376.1,0
XEJ,20041213,6722.1,6731.5,6655.8,6699.7,0
XEN,20041213,0.072,0.072,0.072,0.072,20000
XFJ,20041213,4655.1,4672.5,4640.7,4654,0
XFL,20041213,3825.3,3843.9,3825,3837.4,0
XHJ,20041213,4482.2,4524.7,4482.2,4505.2,0
XIJ,20041213,361.1,363.8,361.1,362.4,0
XJO,20041213,3898.5,3917,3898.2,3907.3,0
XKO,20041213,3905.2,3923.7,3904.9,3914,0
XMD,20041213,3884.3,3902.1,3882.6,3885.5,0
XMJ,20041213,6352.7,6404.5,6349.7,6398.3,0
XNJ,20041213,4642.5,4672.7,4642.5,4662.4,0
XPJ,20041213,1791.7,1797.4,1772.2,1777.4,0
XSJ,20041213,5403.4,5425.5,5359.3,5382.3,0
XSO,20041213,2256.9,2266.8,2250.1,2250.1,0
XTJ,20041213,1738.9,1746.4,1738.9,1744.9,0
XTL,20041213,2072,2084,2071.7,2080.9,0
XTO,20041213,3166.6,3181.8,3166.4,3175.4,0
XUJ,20041213,4282,4289.6,4244,4256.7,0
XXJ,20041213,4640.7,4658.9,4636.7,4650.2,0
YAM,20041213,0.011,0.011,0.011,0.011,1022848
YGL,20041213,0.034,0.034,0.033,0.033,180000
YML,20041213,0.155,0.155,0.155,0.155,50000
YSL,20041213,0.42,0.42,0.42,0.42,1940369
ZFX,20041213,2.15,2.15,2.07,2.1,2870131
ZIM,20041213,3.68,3.68,3.66,3.66,4675
ZYL,20041213,0.004,0.004,0.004,0.004,847500
