AAB,20040422,1,1,1,1,3501
AAC,20040422,1.14,1.19,1.13,1.18,766955
AAM,20040422,0.52,0.52,0.51,0.52,54927
AAR,20040422,0.028,0.028,0.027,0.027,922500
AAT,20040422,0.29,0.29,0.29,0.29,32684
AAU,20040422,1.15,1.15,1.14,1.14,17921
ABB,20040422,6.08,6.12,6.08,6.12,7485
ABC,20040422,1.5,1.51,1.48,1.51,3014640
ABI,20040422,0.345,0.37,0.34,0.345,3675449
ABK,20040422,0.15,0.15,0.15,0.15,17500
ABP,20040422,1.16,1.16,1.15,1.16,184130
ABS,20040422,3.65,3.79,3.65,3.75,212958
ABX,20040422,1.98,1.99,1.98,1.99,16326
ACF,20040422,1.03,1.03,1.03,1.03,49002
ACL,20040422,0.57,0.57,0.56,0.56,15000
ACU,20040422,0.36,0.37,0.36,0.37,749000
ADA,20040422,0.66,0.69,0.66,0.67,68334
ADB,20040422,8.22,8.25,8.15,8.15,247771
ADG,20040422,3.78,3.79,3.77,3.79,14733
ADK,20040422,0.028,0.028,0.028,0.028,542000
ADL,20040422,0.091,0.091,0.09,0.09,108000
ADN,20040422,0.26,0.26,0.24,0.255,154189
ADU,20040422,1.14,1.14,1.13,1.14,47800
ADY,20040422,0.034,0.035,0.033,0.034,1350000
ADZ,20040422,1.55,1.55,1.54,1.54,493163
AEC,20040422,1.7,1.7,1.68,1.68,15434
AEI,20040422,1.59,1.6,1.54,1.55,90022
AEN,20040422,1.31,1.31,1.31,1.31,103777
AEO,20040422,1.35,1.36,1.35,1.35,306152
AES,20040422,0.07,0.07,0.064,0.064,58000
AET,20040422,0.63,0.63,0.63,0.63,5340
AEX,20040422,0.057,0.057,0.048,0.051,3762100
AFC,20040422,0.44,0.44,0.44,0.44,11300
AFI,20040422,3.25,3.27,3.25,3.27,260781
AFL,20040422,1,1,0.95,0.95,56000
AFM,20040422,0.024,0.024,0.024,0.024,184700
AFT,20040422,0.039,0.041,0.039,0.04,4078551
AGC,20040422,1.4,1.4,1.3,1.35,88039
AGG,20040422,9.46,9.46,9.3,9.39,88432
AGI,20040422,0.5,0.5,0.495,0.495,15058
AGL,20040422,11.85,11.95,11.85,11.86,1456967
AGM,20040422,0.125,0.13,0.12,0.125,819843
AGT,20040422,0.52,0.52,0.49,0.49,190000
AGX,20040422,0.87,0.89,0.87,0.89,621288
AGZ,20040422,0.15,0.15,0.15,0.15,781
AHD,20040422,3.44,3.45,3.42,3.43,84402
AHG,20040422,0.11,0.12,0.1,0.11,298000
AHO,20040422,0.39,0.4,0.39,0.4,60100
AHS,20040422,0.91,0.92,0.91,0.91,85708
AIA,20040422,5.75,5.9,5.75,5.9,50083
AIE,20040422,0.14,0.14,0.14,0.14,76222
AIM,20040422,0.065,0.068,0.064,0.064,2553842
AIX,20040422,1.62,1.63,1.61,1.63,293942
AIY,20040422,0.19,0.2,0.19,0.2,130000
AIZ,20040422,0.38,0.38,0.37,0.37,237500
AJL,20040422,1.95,1.96,1.9,1.9,14570
AKD,20040422,0.021,0.021,0.021,0.021,20000
ALB,20040422,0.5,0.5,0.5,0.5,2000
ALH,20040422,2.39,2.39,2.31,2.31,830247
ALK,20040422,0.34,0.345,0.335,0.34,507778
ALL,20040422,3.82,3.98,3.81,3.95,4804447
ALN,20040422,5.93,5.95,5.78,5.8,3041831
ALR,20040422,1.01,1.01,1.01,1.01,1500
ALS,20040422,6.49,6.54,6.45,6.54,114615
ALT,20040422,0.088,0.088,0.086,0.086,138245
ALU,20040422,0.405,0.41,0.405,0.41,195117
ALW,20040422,0.5,0.51,0.5,0.5,288000
ALZ,20040422,1.67,1.71,1.67,1.71,1638335
AMC,20040422,7,7.11,6.98,6.98,24569491
AMG,20040422,0.042,0.046,0.041,0.045,834874
AML,20040422,0.82,0.82,0.8,0.8,281118
AMM,20040422,0.17,0.175,0.17,0.17,848618
AMP,20040422,5.64,5.74,5.63,5.74,8606564
AMU,20040422,0.455,0.46,0.445,0.45,190180
ANC,20040422,7.95,7.95,7.95,7.95,1115
ANE,20040422,3.64,3.64,3.51,3.51,7300
ANG,20040422,0.335,0.35,0.335,0.35,337055
ANM,20040422,0.028,0.028,0.026,0.026,490006
ANN,20040422,7.4,7.51,7.4,7.45,496562
ANP,20040422,0.16,0.16,0.16,0.16,206971
ANX,20040422,0.305,0.305,0.3,0.3,125800
ANZ,20040422,18.9,19.08,18.83,18.93,4223078
AOE,20040422,0.27,0.27,0.26,0.26,144891
AOO,20040422,0.155,0.155,0.15,0.15,502220
APA,20040422,2.58,2.58,2.57,2.58,187125
APE,20040422,7.3,7.3,7.3,7.3,1000
APG,20040422,0.037,0.037,0.033,0.033,470000
API,20040422,2.55,2.55,2.52,2.55,1386260
APL,20040422,0.23,0.235,0.23,0.235,40344
APN,20040422,3.84,3.85,3.82,3.84,831657
APZ,20040422,0.15,0.15,0.15,0.15,2549150
AQA,20040422,0.73,0.73,0.73,0.73,20000
AQD,20040422,0.2,0.205,0.195,0.195,34734
AQP,20040422,6.41,6.55,6.41,6.41,149143
ARA,20040422,0.325,0.33,0.325,0.33,30210
ARE,20040422,0.14,0.14,0.13,0.13,117578
ARG,20040422,4.82,4.87,4.8,4.87,105407
ARP,20040422,3.32,3.36,3.32,3.36,86331
ARQ,20040422,0.87,0.87,0.85,0.85,510144
ARU,20040422,0.165,0.165,0.16,0.16,289380
ARX,20040422,0.056,0.056,0.05,0.05,182750
ASB,20040422,0.93,0.93,0.92,0.92,167743
ASC,20040422,0.105,0.105,0.105,0.105,603375
ASL,20040422,0.7,0.71,0.68,0.68,208965
ASP,20040422,0.066,0.066,0.065,0.065,50000
ASX,20040422,16.38,16.45,16.3,16.35,239391
ASZ,20040422,0.38,0.38,0.38,0.38,60000
ATG,20040422,0.69,0.7,0.69,0.7,100322
ATN,20040422,0.19,0.205,0.185,0.205,51310
ATP,20040422,0.2,0.2,0.195,0.195,68933
ATR,20040422,4.4,4.4,4.25,4.25,12728
ATX,20040422,0.13,0.13,0.125,0.13,523550
AUH,20040422,0.035,0.035,0.034,0.034,200000
AUL,20040422,0.012,0.012,0.011,0.011,402081
AUM,20040422,0.039,0.039,0.039,0.039,430000
AUN,20040422,0.75,0.76,0.7,0.73,1763292
AUO,20040422,0.58,0.6,0.58,0.59,583642
AUX,20040422,0.046,0.046,0.045,0.045,472681
AUZ,20040422,0.185,0.185,0.175,0.18,196063
AVA,20040422,0.048,0.048,0.044,0.044,880000
AVJ,20040422,2.15,2.15,2.13,2.14,91995
AVL,20040422,0.5,0.5,0.47,0.475,810908
AVN,20040422,0.026,0.026,0.026,0.026,953503
AVO,20040422,0.15,0.15,0.14,0.15,275714
AVR,20040422,0.59,0.59,0.59,0.59,580
AVT,20040422,0.1,0.1,0.1,0.1,4444
AVV,20040422,2.06,2.08,2.06,2.07,179999
AWB,20040422,4.95,4.95,4.92,4.94,301286
AWC,20040422,5.16,5.16,5.06,5.08,5214296
AWE,20040422,1.44,1.45,1.38,1.39,890551
AWL,20040422,0.029,0.029,0.028,0.028,37000
AWP,20040422,7.79,7.79,7.7,7.79,21428
AXA,20040422,3.2,3.24,3.19,3.21,3627983
AXL,20040422,0.097,0.1,0.095,0.099,320487
AXM,20040422,0.18,0.18,0.18,0.18,5300
AXN,20040422,0.35,0.355,0.35,0.355,1907439
AYO,20040422,0.69,0.7,0.69,0.69,319055
AZL,20040422,0.021,0.021,0.021,0.021,300000
AZR,20040422,0.14,0.14,0.135,0.135,809241
BAR,20040422,0.096,0.096,0.096,0.096,2500
BAX,20040422,4.4,4.4,4.3,4.35,9006
BBB,20040422,0.26,0.26,0.26,0.26,90835
BBG,20040422,7.67,7.68,7.51,7.6,461777
BCA,20040422,2.72,2.72,2.65,2.67,134499
BCD,20040422,0.41,0.41,0.385,0.385,163364
BCL,20040422,0.455,0.455,0.445,0.445,722409
BDG,20040422,0.14,0.14,0.135,0.135,1278947
BDM,20040422,0.88,0.88,0.87,0.88,30000
BDS,20040422,2.67,2.7,2.67,2.7,3700
BEL,20040422,0.345,0.345,0.345,0.345,4500
BEN,20040422,10.42,10.5,10.3,10.31,98359
BER,20040422,0.73,0.73,0.72,0.72,4000
BGD,20040422,0.255,0.26,0.25,0.26,665424
BGF,20040422,0.1,0.1,0.092,0.095,1284611
BHL,20040422,6,6,6,6,65500
BHP,20040422,11.82,11.99,11.82,11.95,17039370
BIL,20040422,5.7,5.71,5.56,5.61,6740159
BIR,20040422,1.24,1.26,1.24,1.25,2758583
BIT,20040422,0.25,0.25,0.235,0.24,38950
BIX,20040422,0.11,0.11,0.11,0.11,1000
BKA,20040422,0.36,0.36,0.355,0.355,50000
BKI,20040422,0.94,0.95,0.94,0.95,25000
BKL,20040422,9.05,9.5,8.99,9.5,2575
BKM,20040422,0.031,0.031,0.03,0.03,527571
BKR,20040422,0.4,0.4,0.4,0.4,29500
BKS,20040422,0.028,0.028,0.027,0.028,188778
BKV,20040422,0.05,0.051,0.048,0.051,478100
BKW,20040422,8.5,8.53,8.5,8.5,48464
BKY,20040422,0.215,0.215,0.21,0.215,127000
BLD,20040422,6.19,6.25,6.19,6.22,1398746
BLN,20040422,0.215,0.215,0.205,0.205,100000
BLT,20040422,1.08,1.09,1.02,1.02,51400
BLZ,20040422,0.036,0.036,0.035,0.035,100000
BMO,20040422,0.25,0.25,0.22,0.225,1129500
BMX,20040422,0.17,0.17,0.17,0.17,10927
BNO,20040422,0.27,0.27,0.27,0.27,69984
BOC,20040422,0.24,0.25,0.24,0.24,64678
BOD,20040422,0.185,0.19,0.185,0.19,38450
BOL,20040422,1.57,1.59,1.57,1.59,6500
BOQ,20040422,10.28,10.3,10.1,10.25,385832
BOS,20040422,0.46,0.465,0.45,0.46,114117
BPC,20040422,0.62,0.63,0.61,0.62,3822235
BPG,20040422,0.06,0.06,0.06,0.06,78566
BPO,20040422,0.06,0.06,0.06,0.06,10000
BPT,20040422,0.32,0.325,0.315,0.32,1080235
BQT,20040422,0.34,0.345,0.315,0.34,863908
BRC,20040422,0.36,0.36,0.36,0.36,20000
BRK,20040422,2.01,2.01,2,2,278000
BRO,20040422,0.011,0.011,0.01,0.01,900000
BRW,20040422,0.045,0.046,0.045,0.045,804000
BRZ,20040422,1.45,1.45,1.39,1.43,62742
BSA,20040422,0.24,0.24,0.225,0.225,198543
BSG,20040422,0.32,0.32,0.315,0.315,100386
BSL,20040422,6.36,6.49,6.36,6.46,2935091
BSN,20040422,0.2,0.2,0.195,0.195,32515
BSO,20040422,3.04,3.05,3.04,3.05,7160
BTA,20040422,0.74,0.79,0.71,0.71,7414689
BTC,20040422,0.475,0.48,0.47,0.47,121000
BTV,20040422,0.097,0.097,0.092,0.097,1277388
BUG,20040422,0.7,0.71,0.7,0.71,12921
BUY,20040422,0.16,0.16,0.155,0.155,70000
BWI,20040422,0.94,0.95,0.94,0.95,102891
BWP,20040422,1.6,1.6,1.58,1.58,100712
BWT,20040422,0.015,0.015,0.015,0.015,770000
BYI,20040422,0.32,0.32,0.32,0.32,5000
CAA,20040422,2.78,2.79,2.77,2.78,44580
CAB,20040422,3.3,3.32,3.28,3.29,187402
CAG,20040422,0.055,0.058,0.053,0.053,364400
CAI,20040422,0.81,0.81,0.8,0.8,71500
CAL,20040422,0.51,0.51,0.5,0.5,6888
CAS,20040422,0.2,0.205,0.2,0.2,372760
CAT,20040422,0.84,0.89,0.84,0.89,9500
CAU,20040422,0.155,0.155,0.155,0.155,317800
CAZ,20040422,0.21,0.21,0.2,0.2,106000
CBA,20040422,32.2,32.24,31.7,31.77,2176209
CBD,20040422,0.01,0.011,0.01,0.011,2265562
CBH,20040422,0.2,0.205,0.195,0.205,3548455
CBT,20040422,0.027,0.028,0.027,0.028,627000
CCE,20040422,0.55,0.56,0.54,0.55,1084923
CCL,20040422,6.91,7,6.85,6.85,1957531
CCO,20040422,0.009,0.011,0.009,0.011,22257570
CCP,20040422,2.07,2.1,2.07,2.1,33937
CCV,20040422,0.22,0.22,0.215,0.215,134727
CDA,20040422,1.6,1.6,1.6,1.6,12399
CDC,20040422,1.6,1.6,1.55,1.55,23100
CDF,20040422,1.222,1.222,1.222,1.222,8130
CDO,20040422,4.7,4.75,4.69,4.72,154134
CDR,20040422,1.22,1.23,1.22,1.22,100730
CDX,20040422,2.04,2.14,1.99,2,357570
CEP,20040422,4.2,4.21,4.13,4.13,2078582
CEQ,20040422,2.01,2.02,2.01,2.02,7625
CEY,20040422,3.11,3.12,3.02,3.04,494424
CFI,20040422,0.61,0.61,0.6,0.61,30122
CFR,20040422,0.032,0.034,0.031,0.034,2231160
CFS,20040422,0.34,0.34,0.34,0.34,5695
CGF,20040422,0.52,0.53,0.51,0.52,9290058
CGM,20040422,0.15,0.15,0.14,0.145,21100
CGS,20040422,0.455,0.455,0.45,0.45,37470
CGX,20040422,0.55,0.56,0.55,0.55,56111
CHB,20040422,35.06,35.9,35.06,35.9,1855
CHF,20040422,0.52,0.53,0.51,0.51,549710
CHL,20040422,0.17,0.17,0.17,0.17,59705
CHM,20040422,0.078,0.078,0.078,0.078,17040
CHP,20040422,0.026,0.026,0.026,0.026,4346
CHQ,20040422,0.6,0.6,0.6,0.6,51733
CHT,20040422,0.012,0.012,0.01,0.01,230000
CHX,20040422,0.99,1.05,0.98,1.05,916222
CHY,20040422,1.87,1.87,1.83,1.83,49302
CID,20040422,0.14,0.14,0.14,0.14,6023
CIR,20040422,2.36,2.36,2.31,2.32,30100
CIY,20040422,4.64,4.65,4.61,4.65,73216
CKL,20040422,0.48,0.48,0.475,0.475,426231
CLH,20040422,1.6,1.62,1.54,1.58,111007
CLL,20040422,0.56,0.56,0.55,0.55,34160
CLO,20040422,0.54,0.54,0.53,0.53,244137
CLT,20040422,1.39,1.39,1.37,1.38,88990
CLV,20040422,0.305,0.335,0.305,0.32,630088
CMI,20040422,2.23,2.24,2.22,2.23,11958
CML,20040422,8.51,8.52,8.45,8.51,3978598
CMP,20040422,0.31,0.31,0.3,0.3,12058
CMQ,20040422,5.04,5.05,4.96,4.96,55926
CMR,20040422,0.28,0.28,0.27,0.27,85000
CMS,20040422,0.054,0.054,0.045,0.045,421500
CMX,20040422,0.13,0.13,0.13,0.13,87642
CNA,20040422,22.7,23.45,22.7,23.45,3508
CND,20040422,1.74,1.74,1.7,1.73,54887
CNF,20040422,0.055,0.055,0.055,0.055,51500
CNM,20040422,0.027,0.027,0.026,0.026,660200
CNN,20040422,0.06,0.06,0.06,0.06,10000
CNT,20040422,0.235,0.235,0.235,0.235,60000
COA,20040422,3.38,3.39,3.36,3.38,465712
COE,20040422,0.235,0.235,0.23,0.23,155491
COF,20040422,4.95,4.95,4.95,4.95,8989
COH,20040422,19.4,19.48,19.3,19.33,291315
COI,20040422,0.18,0.18,0.175,0.18,146600
COM,20040422,0.08,0.094,0.08,0.085,108545
COO,20040422,0.035,0.035,0.034,0.035,578988
COS,20040422,0.49,0.53,0.49,0.49,30150
COU,20040422,0.78,0.79,0.77,0.77,79000
CPA,20040422,1.17,1.18,1.16,1.17,5722406
CPB,20040422,6.28,6.29,6.21,6.25,7590
CPC,20040422,0.41,0.415,0.405,0.415,159150
CPI,20040422,0.78,0.78,0.75,0.75,1600
CPK,20040422,3.85,3.85,3.8,3.8,21420
CPN,20040422,0.11,0.11,0.105,0.105,800820
CPU,20040422,3.09,3.1,3.04,3.08,2783703
CQT,20040422,0.295,0.295,0.28,0.28,320180
CRD,20040422,0.165,0.165,0.16,0.16,1438714
CRG,20040422,8.75,8.75,8.6,8.6,85220
CRL,20040422,0.085,0.085,0.085,0.085,18287
CRP,20040422,0.2,0.2,0.2,0.2,11000
CRS,20040422,0.49,0.495,0.485,0.49,765555
CRT,20040422,0.45,0.45,0.42,0.42,82268
CRU,20040422,0.68,0.74,0.68,0.73,121193
CSH,20040422,1.33,1.33,1.33,1.33,22900
CSI,20040422,0.22,0.22,0.21,0.22,1489352
CSL,20040422,23.2,23.24,22.8,22.8,696991
CSM,20040422,1.12,1.12,1.08,1.09,477010
CSR,20040422,1.98,1.99,1.97,1.98,2792048
CST,20040422,1.77,1.78,1.76,1.78,43426
CSY,20040422,0.023,0.024,0.021,0.021,998700
CTI,20040422,0.54,0.54,0.52,0.52,11000
CTL,20040422,1.34,1.34,1.31,1.31,14000
CTN,20040422,0.91,0.91,0.91,0.91,3000
CTO,20040422,0.15,0.15,0.15,0.15,509783
CTX,20040422,7.49,7.57,7.48,7.56,508032
CUE,20040422,0.074,0.074,0.073,0.073,535766
CUL,20040422,0.033,0.034,0.033,0.033,290000
CUS,20040422,0.105,0.105,0.1,0.1,340006
CVC,20040422,1.13,1.13,1.13,1.13,10000
CVN,20040422,0.023,0.023,0.021,0.021,2208000
CWP,20040422,1.56,1.57,1.56,1.57,41035
CXP,20040422,4.88,4.88,4.81,4.85,522687
CYA,20040422,0.98,0.98,0.97,0.98,282197
CYG,20040422,5.98,5.98,5.94,5.95,11738
DBS,20040422,0.25,0.25,0.25,0.25,48150
DDF,20040422,1.16,1.16,1.14,1.15,1612782
DDV,20040422,0.125,0.13,0.125,0.13,103000
DEG,20040422,0.54,0.54,0.5,0.51,824418
DES,20040422,0.16,0.16,0.16,0.16,10334
DFT,20040422,0.019,0.019,0.017,0.019,742677
DGH,20040422,1.02,1.02,1,1,32000
DGM,20040422,0.046,0.047,0.046,0.047,93333
DGR,20040422,0.11,0.11,0.11,0.11,10000
DID,20040422,0.11,0.11,0.09,0.1,95220
DIO,20040422,0.087,0.091,0.087,0.09,1100100
DIT,20040422,1.93,1.93,1.89,1.89,1716270
DJS,20040422,1.6,1.6,1.59,1.6,704409
DJW,20040422,3.46,3.46,3.4,3.41,40568
DKN,20040422,0.15,0.15,0.15,0.15,195000
DLS,20040422,0.043,0.047,0.043,0.045,674649
DNL,20040422,0.205,0.205,0.2,0.2,79650
DNS,20040422,0.15,0.15,0.14,0.14,46000
DOM,20040422,0.48,0.5,0.48,0.5,25160
DON,20040422,0.34,0.34,0.33,0.34,407450
DOT,20040422,1.14,1.15,1.13,1.14,2057366
DOW,20040422,3.44,3.44,3.41,3.43,408678
DPL,20040422,0.65,0.69,0.65,0.69,24448
DRA,20040422,0.28,0.28,0.265,0.28,311260
DRD,20040422,3.81,3.81,3.81,3.81,300
DTL,20040422,2.08,2.08,2.08,2.08,16500
DUI,20040422,1.9,1.9,1.9,1.9,8000
DVC,20040422,2.71,2.71,2.61,2.61,103333
DVN,20040422,0.67,0.67,0.66,0.66,188923
DYL,20040422,0.026,0.026,0.023,0.023,1454000
EBG,20040422,0.18,0.18,0.17,0.17,12000
EBR,20040422,0.05,0.051,0.05,0.05,272000
EBT,20040422,0.11,0.11,0.1,0.11,393108
ECU,20040422,0.038,0.038,0.037,0.037,307800
EDN,20040422,0.105,0.12,0.085,0.085,692713
EGI,20040422,0.045,0.048,0.045,0.048,804800
EGO,20040422,0.012,0.012,0.01,0.01,793690
EHO,20040422,0.039,0.04,0.038,0.04,497000
EIF,20040422,0.12,0.12,0.115,0.115,30356
EIL,20040422,0.091,0.091,0.091,0.091,10000
ELL,20040422,0.185,0.195,0.18,0.195,435000
ELX,20040422,0.32,0.33,0.315,0.33,149125
EMI,20040422,0.145,0.145,0.13,0.135,213000
EMP,20040422,0.74,0.74,0.73,0.73,188298
EMS,20040422,0.34,0.34,0.32,0.32,92000
ENE,20040422,2.34,2.35,2.31,2.32,82763
ENV,20040422,1.04,1.05,1.03,1.03,233191
EOS,20040422,2.63,2.63,2.6,2.6,94500
EPR,20040422,0.13,0.13,0.13,0.13,35154
EPT,20040422,0.93,1.02,0.93,1.02,2138177
EQI,20040422,1.47,1.5,1.47,1.5,48256
EQR,20040422,0.335,0.34,0.335,0.34,80942
EQX,20040422,0.29,0.3,0.29,0.3,18000
ERA,20040422,3.15,3.6,3.15,3.6,645
ERG,20040422,0.85,0.85,0.81,0.81,811474
ESG,20040422,0.14,0.14,0.135,0.135,400000
ESI,20040422,0.155,0.16,0.155,0.155,25000
ESV,20040422,0.225,0.225,0.225,0.225,9300
ETC,20040422,0.023,0.024,0.023,0.023,433400
ETR,20040422,1.18,1.2,1.17,1.19,83130
ETT,20040422,0.55,0.56,0.55,0.56,28250
ETW,20040422,1.1,1.13,1.1,1.13,85238
EUG,20040422,0.145,0.145,0.145,0.145,300000
EUR,20040422,0.11,0.115,0.11,0.115,1750
EVM,20040422,0.23,0.24,0.23,0.24,12000
EWC,20040422,0.021,0.021,0.02,0.02,105000
EXS,20040422,0.215,0.215,0.205,0.21,47690
EXT,20040422,0.019,0.019,0.019,0.019,4698607
EZE,20040422,0.27,0.27,0.27,0.27,50000
EZL,20040422,0.99,1,0.99,1,3000
EZY,20040422,0.085,0.085,0.085,0.085,25000
FAN,20040422,4.19,4.2,4.19,4.2,43601
FAR,20040422,0.083,0.085,0.078,0.083,2222352
FBU,20040422,3.93,3.94,3.86,3.94,1603494
FCL,20040422,1.63,1.65,1.62,1.63,1548964
FCN,20040422,0.11,0.11,0.11,0.11,194220
FDL,20040422,0.04,0.041,0.039,0.039,346501
FEA,20040422,0.36,0.36,0.33,0.345,1194103
FGL,20040422,4.79,4.8,4.75,4.79,6820758
FKP,20040422,2.92,2.95,2.9,2.95,288994
FLK,20040422,0.8,0.8,0.8,0.8,32600
FLT,20040422,17.95,17.95,17.87,17.9,30660
FLX,20040422,0.075,0.08,0.075,0.078,830000
FMG,20040422,0.55,0.55,0.54,0.54,115454
FOA,20040422,19.32,19.55,19.32,19.55,220752
FPA,20040422,3.72,3.72,3.68,3.71,428794
FPF,20040422,1.11,1.11,1.11,1.11,3660
FPH,20040422,10.62,10.65,10.62,10.65,27802
FPS,20040422,0.495,0.495,0.495,0.495,5000
FSL,20040422,0.024,0.024,0.024,0.024,75000
FTR,20040422,0.66,0.66,0.66,0.66,41100
FUN,20040422,2.16,2.17,2.16,2.17,1042937
FWD,20040422,7.46,7.51,7.45,7.51,42932
FXJ,20040422,3.44,3.46,3.43,3.46,3729715
FXR,20040422,0.54,0.54,0.5,0.51,298753
GAM,20040422,0.155,0.155,0.155,0.155,36000
GAN,20040422,1.42,1.42,1.4,1.4,7976914
GAP,20040422,2.8,2.8,2.72,2.72,27100
GAS,20040422,2.26,2.27,2.25,2.27,100765
GBA,20040422,0.22,0.25,0.22,0.23,38700
GBG,20040422,0.14,0.145,0.13,0.13,2398430
GBL,20040422,0.036,0.036,0.034,0.034,44000
GBN,20040422,0.077,0.077,0.077,0.077,65000
GBP,20040422,0.22,0.22,0.2,0.2,243670
GBR,20040422,0.42,0.42,0.42,0.42,4
GCA,20040422,1.02,1.03,1.02,1.03,15442
GCL,20040422,0.82,0.83,0.79,0.79,50770
GCR,20040422,0.07,0.07,0.065,0.067,223400
GDA,20040422,0.01,0.01,0.008,0.008,8656595
GDM,20040422,0.48,0.48,0.48,0.48,68300
GDP,20040422,0.78,0.87,0.78,0.83,180935
GDY,20040422,0.96,0.98,0.96,0.98,85198
GGL,20040422,0.37,0.37,0.36,0.36,627879
GGN,20040422,0.265,0.265,0.25,0.25,1411058
GGP,20040422,0.31,0.31,0.3,0.305,120283
GGY,20040422,0.048,0.048,0.047,0.047,75000
GHG,20040422,0.71,0.71,0.7,0.7,508350
GIL,20040422,0.24,0.24,0.24,0.24,4000
GIP,20040422,0.079,0.079,0.079,0.079,110000
GIR,20040422,0.19,0.19,0.18,0.185,632500
GKR,20040422,0.16,0.17,0.15,0.17,267041
GLB,20040422,0.45,0.465,0.45,0.455,1047609
GLN,20040422,0.38,0.4,0.375,0.4,286850
GLO,20040422,0.12,0.12,0.12,0.12,24000
GME,20040422,0.13,0.13,0.13,0.13,143500
GMI,20040422,0.87,0.87,0.87,0.87,190500
GNC,20040422,11,11.2,11,11.01,5072
GNS,20040422,12.26,12.32,12.25,12.32,248776
GOA,20040422,0.15,0.15,0.15,0.15,10000
GOG,20040422,0.33,0.33,0.325,0.33,165000
GOW,20040422,2.4,2.4,2.4,2.4,8958
GPE,20040422,0.38,0.385,0.375,0.38,342195
GPG,20040422,1.95,1.95,1.91,1.93,129305
GPN,20040422,0.02,0.02,0.02,0.02,35000
GPO,20040422,0.078,0.078,0.075,0.075,227799
GPT,20040422,2.96,3.01,2.96,2.98,9460924
GRD,20040422,1.85,1.86,1.8,1.86,71234
GRN,20040422,0.345,0.355,0.345,0.355,14427
GRO,20040422,0.65,0.67,0.65,0.65,61180
GRP,20040422,1.12,1.12,1,1,103000
GRR,20040422,0.57,0.57,0.5,0.53,336517
GRY,20040422,0.3,0.3,0.27,0.3,432500
GTG,20040422,0.415,0.415,0.405,0.415,138717
GTM,20040422,0.074,0.074,0.073,0.074,2922513
GTP,20040422,2.65,2.67,2.62,2.62,459661
GUD,20040422,7.93,7.95,7.89,7.9,30272
GUL,20040422,0.024,0.024,0.024,0.024,84667
GUN,20040422,0.21,0.21,0.2,0.205,416299
GVM,20040422,0.029,0.029,0.029,0.029,300000
GWE,20040422,0.22,0.22,0.215,0.215,15000
GWT,20040422,2.86,2.89,2.82,2.82,127514
GZL,20040422,2.58,2.63,2.58,2.63,10600
HAK,20040422,7.02,7.1,6.8,6.8,6131
HAN,20040422,10.01,10.32,10.01,10.32,48807
HAO,20040422,0.26,0.26,0.26,0.26,10375
HAV,20040422,0.28,0.28,0.28,0.28,20000
HBL,20040422,0.41,0.41,0.41,0.41,4000
HBR,20040422,0.68,0.7,0.68,0.68,77606
HCC,20040422,1.65,1.98,1.6,1.61,2092553
HCN,20040422,1.29,1.36,1.29,1.34,46408
HCY,20040422,0.028,0.028,0.026,0.028,2076343
HDN,20040422,0.11,0.11,0.11,0.11,3145
HDR,20040422,1.69,1.69,1.56,1.56,4281248
HEG,20040422,0.21,0.21,0.205,0.205,92342
HER,20040422,0.9,0.91,0.9,0.9,14900
HGO,20040422,0.21,0.21,0.2,0.21,495372
HGR,20040422,0.105,0.105,0.1,0.1,311450
HHG,20040422,1.16,1.16,1.15,1.16,8451459
HHL,20040422,6.28,6.33,6.25,6.33,18067
HHM,20040422,0.225,0.225,0.225,0.225,9165
HHV,20040422,0.95,0.95,0.94,0.95,290265
HIB,20040422,0.8,0.8,0.8,0.8,7000
HIC,20040422,0.6,0.6,0.59,0.59,30634
HIG,20040422,0.41,0.41,0.385,0.39,1635807
HII,20040422,0.135,0.135,0.135,0.135,869946
HIL,20040422,3.81,3.82,3.75,3.76,69003
HIT,20040422,0.082,0.082,0.081,0.081,60000
HJB,20040422,0.345,0.345,0.345,0.345,10000
HLD,20040422,0.64,0.64,0.63,0.63,43500
HLI,20040422,0.15,0.15,0.14,0.14,134783
HLM,20040422,0.12,0.12,0.12,0.12,7002
HLT,20040422,0.52,0.53,0.52,0.53,25708
HLX,20040422,0.23,0.23,0.21,0.21,103434
HLY,20040422,6.8,6.8,6.65,6.65,354182
HMC,20040422,0.037,0.038,0.037,0.038,170000
HME,20040422,4.1,4.1,4.07,4.07,5555
HNG,20040422,1.9,1.91,1.89,1.91,33800
HNR,20040422,0.18,0.18,0.18,0.18,6666
HOM,20040422,0.35,0.35,0.35,0.35,30000
HPX,20040422,1.54,1.54,1.53,1.53,86400
HRD,20040422,0.32,0.32,0.3,0.315,115000
HRR,20040422,0.16,0.16,0.16,0.16,50000
HSP,20040422,3.5,3.5,3.44,3.44,28489
HTA,20040422,0.285,0.29,0.28,0.28,482929
HTE,20040422,0.058,0.058,0.058,0.058,33543
HTL,20040422,0.22,0.22,0.22,0.22,18000
HTM,20040422,0.08,0.08,0.08,0.08,10000
HUG,20040422,0.08,0.08,0.078,0.078,269861
HVN,20040422,2.78,2.81,2.78,2.78,2187110
HWE,20040422,1.05,1.06,1.04,1.04,211075
HWG,20040422,0.105,0.105,0.1,0.1,55000
HWI,20040422,2.33,2.33,2.3,2.32,134924
HWT,20040422,1.43,1.43,1.4,1.43,19200
HWW,20040422,0.14,0.14,0.135,0.135,48000
HYO,20040422,0.16,0.16,0.16,0.16,2100
HZG,20040422,0.051,0.051,0.051,0.051,10000
HZN,20040422,0.098,0.098,0.094,0.095,661117
IAG,20040422,4.77,4.78,4.72,4.76,3488443
IAS,20040422,0.8,0.81,0.65,0.69,419181
IBA,20040422,0.25,0.25,0.21,0.22,700613
IBC,20040422,0.55,0.55,0.55,0.55,75502
ICE,20040422,0.024,0.025,0.022,0.024,3880219
ICH,20040422,0.38,0.38,0.38,0.38,180000
ICN,20040422,0.029,0.029,0.029,0.029,100000
ICO,20040422,0.35,0.36,0.33,0.335,84134
ICS,20040422,0.3,0.32,0.3,0.32,71867
IDT,20040422,2.07,2.12,2.06,2.06,16057
IFC,20040422,0.29,0.31,0.29,0.31,23000
IFL,20040422,4.8,4.83,4.8,4.8,10548
IFM,20040422,0.87,0.88,0.87,0.88,165002
IGL,20040422,0.43,0.435,0.42,0.425,510000
IGO,20040422,1.14,1.14,1.1,1.1,707151
IGP,20040422,3.02,3.02,3,3,69738
IHG,20040422,0.165,0.165,0.16,0.16,885961
IIF,20040422,1.83,1.83,1.8,1.8,2574917
IIG,20040422,0.009,0.009,0.009,0.009,105618
IIN,20040422,2.44,2.45,2.42,2.42,10800
ILU,20040422,4.02,4.03,3.99,3.99,461942
IMA,20040422,0.55,0.55,0.49,0.52,405427
IMD,20040422,0.14,0.15,0.14,0.15,251000
IMF,20040422,0.72,0.72,0.72,0.72,48900
IMH,20040422,0.26,0.27,0.26,0.27,707385
IMP,20040422,0.006,0.006,0.006,0.006,9049435
IMU,20040422,0.215,0.22,0.21,0.21,74888
INL,20040422,0.1,0.1,0.096,0.096,78330
INP,20040422,0.77,0.77,0.75,0.75,50014
INT,20040422,0.043,0.043,0.04,0.04,3612110
IOC,20040422,3.49,3.49,3.41,3.45,47681
IOF,20040422,1.24,1.24,1.22,1.22,1022658
ION,20040422,1.5,1.5,1.39,1.43,4724000
IPG,20040422,1.96,1.96,1.92,1.93,2677619
IPL,20040422,18,18.25,18,18.25,3611
IPN,20040422,0.043,0.043,0.043,0.043,280588
IPS,20040422,1.07,1.07,1.06,1.06,8232
IRC,20040422,0.078,0.078,0.077,0.077,291444
IRE,20040422,3.06,3.09,3.05,3.07,116388
IRI,20040422,0.345,0.345,0.34,0.34,57214
IRN,20040422,0.32,0.32,0.32,0.32,30000
ITC,20040422,0.066,0.066,0.065,0.065,1021000
ITD,20040422,0.5,0.51,0.5,0.51,50000
ITE,20040422,0.265,0.3,0.265,0.285,122779
ITF,20040422,0.94,0.95,0.94,0.95,27000
IVC,20040422,2.29,2.3,2.25,2.28,157954
IVK,20040422,0.032,0.032,0.03,0.031,2453500
IWF,20040422,1.9,1.92,1.85,1.9,32600
IWI,20040422,1.88,1.89,1.88,1.88,25943
IWL,20040422,0.325,0.325,0.315,0.32,449230
JAK,20040422,0.195,0.2,0.19,0.19,315000
JAM,20040422,0.23,0.23,0.23,0.23,35000
JBH,20040422,2.31,2.32,2.3,2.31,526571
JBM,20040422,3.83,3.83,3.7,3.74,1094598
JET,20040422,0.27,0.27,0.27,0.27,75000
JFG,20040422,2.88,2.9,2.85,2.85,360218
JFM,20040422,1.09,1.1,1.09,1.09,2552021
JHX,20040422,6.45,6.45,6.33,6.38,3362450
JRL,20040422,0.23,0.23,0.23,0.23,32000
JRV,20040422,0.008,0.01,0.008,0.009,516000
JUM,20040422,0.024,0.024,0.024,0.024,100000
JWM,20040422,0.053,0.053,0.053,0.053,24071
KAZ,20040422,0.39,0.395,0.39,0.39,3481398
KBO,20040422,0.088,0.088,0.088,0.088,200000
KCG,20040422,0.08,0.08,0.08,0.08,83533
KCN,20040422,3.55,3.55,3.49,3.5,354193
KET,20040422,0.13,0.14,0.13,0.14,4200
KIA,20040422,0.73,0.74,0.73,0.74,222469
KIM,20040422,1.4,1.44,1.38,1.39,3490778
KKT,20040422,0.95,1,0.95,1,30000
KLS,20040422,0.027,0.027,0.027,0.027,825212
KME,20040422,2.54,2.55,2.54,2.54,4354
KMN,20040422,0.033,0.033,0.033,0.033,56691
KOV,20040422,3.6,3.6,3.6,3.6,3000
KRS,20040422,0.64,0.64,0.63,0.63,178662
KSC,20040422,2.53,2.53,2.52,2.53,3125
KYC,20040422,1.39,1.4,1.38,1.38,9000
KZL,20040422,0.99,0.99,0.94,0.96,651311
LAF,20040422,0.105,0.11,0.1,0.105,1211000
LAL,20040422,0.06,0.06,0.06,0.06,63000
LCL,20040422,0.79,0.8,0.79,0.79,94950
LCO,20040422,1.51,1.51,1.48,1.49,17500
LCP,20040422,0.72,0.72,0.71,0.71,4135
LDW,20040422,4,4.01,4,4.01,4404
LEG,20040422,0.155,0.155,0.145,0.15,2697443
LEI,20040422,10.55,10.64,10.52,10.64,351526
LEP,20040422,1.2,1.21,1.2,1.21,63042
LGD,20040422,0.55,0.55,0.55,0.55,25000
LHG,20040422,1.17,1.18,1.16,1.17,5792260
LIM,20040422,6.2,6.2,6.2,6.2,300
LIO,20040422,0.006,0.006,0.006,0.006,3993333
LKO,20040422,0.058,0.059,0.057,0.058,5073830
LKP,20040422,0.07,0.07,0.07,0.07,71410
LLC,20040422,10.8,10.8,10.52,10.6,1898208
LMC,20040422,2.36,2.36,2.36,2.36,4167
LMW,20040422,0.68,0.68,0.68,0.68,4000
LNN,20040422,6.17,6.23,6.11,6.12,439664
LOK,20040422,0.15,0.15,0.145,0.15,3219385
LRL,20040422,0.42,0.42,0.4,0.4,53000
LRX,20040422,0.135,0.14,0.13,0.14,103250
LSG,20040422,1.87,1.87,1.78,1.8,372681
LUM,20040422,0.25,0.25,0.24,0.25,268435
LYC,20040422,0.4,0.42,0.4,0.42,263888
MAA,20040422,0.31,0.31,0.305,0.305,57919
MAG,20040422,1.28,1.28,1.28,1.28,2203
MAH,20040422,0.29,0.29,0.27,0.275,1201421
MAP,20040422,1.81,1.82,1.78,1.8,9055610
MAQ,20040422,0.23,0.23,0.225,0.225,10000
MAR,20040422,0.25,0.26,0.245,0.245,114995
MAY,20040422,3.34,3.34,3.28,3.28,4178766
MBG,20040422,0.033,0.033,0.028,0.029,4555366
MBL,20040422,36,36,35.71,35.85,359617
MBP,20040422,0.92,0.92,0.91,0.91,69300
MBX,20040422,0.075,0.075,0.07,0.07,67290
MCA,20040422,0.66,0.69,0.64,0.64,24190
MCC,20040422,1.36,1.36,1.33,1.33,142312
MCG,20040422,3.47,3.48,3.44,3.44,267203
MCO,20040422,0.061,0.061,0.061,0.061,19590
MCP,20040422,4.49,4.53,4.49,4.51,134981
MCR,20040422,0.79,0.79,0.75,0.76,1297311
MCW,20040422,1.76,1.76,1.74,1.74,872948
MDE,20040422,1.08,1.08,1.08,1.08,10000
MDL,20040422,0.25,0.25,0.25,0.25,93000
MDM,20040422,0.071,0.073,0.071,0.072,2190669
MDS,20040422,0.175,0.175,0.175,0.175,59000
MDT,20040422,1.08,1.08,1.07,1.07,2714118
MDV,20040422,0.185,0.185,0.185,0.185,47000
MEE,20040422,0.08,0.08,0.08,0.08,172743
MEO,20040422,0.19,0.19,0.19,0.19,3600
MFI,20040422,1.32,1.32,1.3,1.3,22200
MFS,20040422,1.54,1.54,1.54,1.54,6500
MFT,20040422,0.89,0.89,0.89,0.89,32957
MGI,20040422,1.73,1.73,1.69,1.69,2765052
MGM,20040422,3.52,3.52,3.42,3.42,45603
MGR,20040422,4.43,4.44,4.35,4.39,1969527
MGW,20040422,4.82,4.83,4.8,4.81,183243
MGX,20040422,0.175,0.175,0.17,0.17,419500
MGZ,20040422,0.22,0.22,0.2,0.2,15500
MIA,20040422,0.74,0.75,0.73,0.74,894323
MIC,20040422,0.096,0.105,0.096,0.105,2907424
MIG,20040422,2.87,2.89,2.85,2.85,4171003
MIL,20040422,0.077,0.077,0.075,0.075,599240
MIR,20040422,1.25,1.25,1.25,1.25,4000
MIS,20040422,0.75,0.75,0.75,0.75,3997
MLB,20040422,0.82,0.83,0.82,0.82,27500
MLE,20040422,1.08,1.08,1.06,1.07,126650
MLT,20040422,13.35,13.4,13.35,13.4,12461
MMA,20040422,0.94,0.94,0.93,0.94,619549
MML,20040422,0.4,0.4,0.38,0.38,60000
MMN,20040422,0.16,0.16,0.155,0.155,2146833
MMS,20040422,0.78,0.78,0.77,0.77,13300
MND,20040422,5.66,5.69,5.63,5.69,15470
MNR,20040422,1,1,0.95,1,219970
MOD,20040422,0.24,0.25,0.24,0.25,36542
MOF,20040422,1.22,1.23,1.21,1.22,756993
MOS,20040422,0.245,0.245,0.24,0.24,645800
MPD,20040422,0.14,0.14,0.14,0.14,336000
MPH,20040422,0.63,0.65,0.63,0.63,161069
MPI,20040422,0.11,0.11,0.1,0.11,1268292
MPM,20040422,1.63,1.63,1.55,1.6,117722
MPO,20040422,0.049,0.05,0.049,0.05,90000
MPR,20040422,1.08,1.08,1.07,1.08,4942859
MRE,20040422,2.44,2.44,2.36,2.41,1396383
MRL,20040422,1.6,1.6,1.58,1.58,258273
MRM,20040422,0.34,0.355,0.335,0.345,66589
MRT,20040422,0.5,0.53,0.47,0.53,50889
MRX,20040422,0.125,0.125,0.12,0.125,3116547
MRY,20040422,0.015,0.015,0.013,0.014,6954842
MSC,20040422,0.135,0.135,0.125,0.125,1081274
MSI,20040422,0.06,0.06,0.06,0.06,3000
MST,20040422,0.54,0.54,0.54,0.54,1180000
MSX,20040422,1,1,1,1,2599
MTH,20040422,0.38,0.38,0.375,0.38,114500
MTI,20040422,0.52,0.52,0.52,0.52,54000
MTO,20040422,0.22,0.22,0.21,0.21,157217
MTR,20040422,0.27,0.28,0.27,0.27,46425
MTT,20040422,2.46,2.5,2.46,2.47,645686
MUL,20040422,0.067,0.068,0.065,0.065,7720576
MVL,20040422,0.031,0.031,0.031,0.031,1425
MVP,20040422,0.7,0.7,0.68,0.68,12200
MWE,20040422,0.145,0.145,0.14,0.14,267703
MXI,20040422,0.7,0.7,0.66,0.67,649678
MXL,20040422,0.13,0.13,0.125,0.125,629400
MYO,20040422,1.24,1.28,1.24,1.26,516700
NAB,20040422,29.75,29.85,29.6,29.67,3838071
NAI,20040422,0.027,0.027,0.027,0.027,1397
NAL,20040422,1.31,1.33,1.27,1.28,264435
NAM,20040422,0.5,0.5,0.495,0.495,70100
NAV,20040422,0.125,0.125,0.12,0.12,94332
NBL,20040422,1.72,1.8,1.72,1.8,10286
NCA,20040422,0.018,0.018,0.017,0.017,9774340
NCI,20040422,1.51,1.51,1.51,1.51,5000
NCM,20040422,12.05,12.08,11.92,12.02,3326271
NCP,20040422,12.89,13.06,12.85,13,12751164
NDC,20040422,0.37,0.37,0.355,0.36,381448
NDO,20040422,0.014,0.015,0.013,0.014,1052193
NEM,20040422,5.44,5.65,5.43,5.47,60106
NFD,20040422,4.28,4.29,4.27,4.27,986252
NHC,20040422,0.7,0.72,0.7,0.71,17715
NHL,20040422,0.185,0.19,0.185,0.185,77000
NHR,20040422,0.43,0.43,0.43,0.43,72780
NIA,20040422,0.063,0.074,0.063,0.074,184750
NIQ,20040422,0.2,0.2,0.2,0.2,110000
NKL,20040422,0.215,0.215,0.21,0.215,248000
NKP,20040422,0.99,1,0.99,1,42000
NLX,20040422,0.29,0.295,0.285,0.285,741269
NMC,20040422,0.042,0.042,0.037,0.038,8178170
NMS,20040422,0.15,0.15,0.15,0.15,54816
NNG,20040422,0.29,0.29,0.29,0.29,20000
NOL,20040422,0.135,0.135,0.135,0.135,10000
NRT,20040422,6.06,6.23,6.03,6.06,112025
NST,20040422,0.175,0.175,0.175,0.175,3700
NTC,20040422,0.32,0.32,0.32,0.32,40000
NUF,20040422,6.14,6.15,6.11,6.11,69438
NVS,20040422,1.87,1.9,1.87,1.88,2168955
NWA,20040422,0.065,0.065,0.063,0.063,500000
NWE,20040422,0.052,0.055,0.05,0.053,417045
NWK,20040422,0.265,0.28,0.265,0.28,25400
NXS,20040422,0.185,0.19,0.185,0.19,418329
NZO,20040422,0.59,0.6,0.59,0.6,8000
OCO,20040422,0.033,0.034,0.033,0.033,2599000
OEC,20040422,0.15,0.15,0.145,0.145,591938
OEX,20040422,0.21,0.21,0.195,0.2,433000
OFM,20040422,2.25,2.3,2.25,2.3,4302
OGD,20040422,0.78,0.8,0.74,0.74,501766
OHL,20040422,0.026,0.026,0.023,0.023,97881
OIL,20040422,0.5,0.55,0.5,0.54,578779
OKN,20040422,1.21,1.22,1.21,1.22,28600
OLE,20040422,0.11,0.115,0.11,0.115,197020
OMH,20040422,0.75,0.75,0.75,0.75,12100
OMI,20040422,2.22,2.22,2.18,2.2,29960
OMP,20040422,3.08,3.1,3.02,3.02,198975
OPC,20040422,0.235,0.235,0.16,0.17,411500
OPI,20040422,0.27,0.27,0.265,0.265,54544
OPL,20040422,0.24,0.24,0.23,0.235,130111
OPM,20040422,0.008,0.009,0.008,0.009,1000000
ORC,20040422,0.046,0.046,0.046,0.046,4000
ORG,20040422,5.7,5.75,5.69,5.73,2015735
ORI,20040422,14.7,15.1,14.7,15,2005530
ORL,20040422,2.95,2.95,2.94,2.95,78000
ORO,20040422,0.1,0.105,0.1,0.105,115819
ORP,20040422,0.029,0.03,0.028,0.028,2123810
ORT,20040422,0.17,0.17,0.16,0.16,37500
OSH,20040422,1.27,1.27,1.21,1.23,4207941
OST,20040422,2.39,2.4,2.33,2.37,1548881
OTT,20040422,0.008,0.009,0.008,0.008,881000
OXR,20040422,0.89,0.89,0.87,0.87,3944201
PAO,20040422,1.14,1.14,1.13,1.13,2170240
PAY,20040422,2.5,2.5,2.5,2.5,7982
PBB,20040422,4.63,4.67,4.63,4.64,249010
PBD,20040422,1.35,1.35,1.34,1.35,9855
PBG,20040422,2.49,2.49,2.47,2.47,2154253
PBI,20040422,0.27,0.27,0.27,0.27,40000
PBL,20040422,12,12.1,11.93,11.96,1283389
PBO,20040422,0.56,0.58,0.56,0.56,20156
PBT,20040422,1,1.09,1,1.05,1384443
PCG,20040422,0.34,0.34,0.34,0.34,159746
PCL,20040422,0.19,0.19,0.185,0.185,383020
PCO,20040422,0.024,0.024,0.023,0.023,95000
PCP,20040422,0.145,0.145,0.14,0.14,57500
PDG,20040422,20.94,20.94,20.2,20.35,11724
PDM,20040422,0.12,0.12,0.12,0.12,250000
PDN,20040422,0.12,0.12,0.115,0.115,1648280
PDR,20040422,0.105,0.105,0.105,0.105,100000
PEL,20040422,0.085,0.085,0.085,0.085,59000
PEM,20040422,0.93,0.96,0.93,0.93,1519825
PEP,20040422,0.82,0.83,0.79,0.83,13625
PET,20040422,0.95,0.95,0.93,0.93,10000
PGL,20040422,2.96,2.96,2.9,2.9,23600
PGS,20040422,0.285,0.295,0.285,0.29,364168
PHI,20040422,0.36,0.36,0.36,0.36,4045
PHL,20040422,0.076,0.076,0.075,0.075,137840
PHY,20040422,2.87,2.87,2.84,2.84,111022
PIF,20040422,1.13,1.14,1.12,1.13,442828
PIL,20040422,0.195,0.195,0.185,0.185,270400
PIO,20040422,0.16,0.16,0.155,0.155,74166
PIV,20040422,1.77,1.78,1.77,1.77,75700
PLA,20040422,0.17,0.17,0.155,0.16,205000
PLF,20040422,2.25,2.32,2.25,2.29,109156
PLR,20040422,0.05,0.05,0.05,0.05,5000
PLT,20040422,0.84,0.84,0.82,0.82,193928
PLX,20040422,0.08,0.083,0.08,0.083,272482
PMA,20040422,0.11,0.11,0.11,0.11,6600
PMC,20040422,2.29,2.29,2.28,2.28,57292
PME,20040422,0.82,0.82,0.79,0.79,17000
PMG,20040422,9.25,9.3,9.25,9.3,16577
PMH,20040422,0.023,0.024,0.023,0.024,55000
PMM,20040422,1.5,1.51,1.5,1.51,1353031
PMN,20040422,3.77,3.79,3.7,3.78,3579880
PMP,20040422,1.58,1.58,1.55,1.55,223407
PMV,20040422,3.4,3.4,3.4,3.4,1000
PNA,20040422,0.185,0.185,0.18,0.18,1534103
PNO,20040422,0.017,0.017,0.017,0.017,598000
POH,20040422,0.2,0.2,0.2,0.2,310000
POL,20040422,0.215,0.22,0.21,0.22,454899
PPD,20040422,0.62,0.64,0.62,0.62,35500
PPK,20040422,0.99,0.99,0.98,0.98,10448
PPP,20040422,0.135,0.135,0.13,0.13,524695
PPR,20040422,1.1,1.1,1.08,1.08,60000
PPT,20040422,41.99,41.99,41.6,41.6,22671
PPX,20040422,4.9,5,4.89,4.97,1293562
PRE,20040422,0.02,0.02,0.019,0.019,1349900
PRG,20040422,2.89,2.9,2.89,2.89,12106
PRK,20040422,5.26,5.28,5.19,5.2,1573439
PRM,20040422,0.155,0.165,0.15,0.165,189000
PRR,20040422,0.25,0.26,0.245,0.245,89920
PRT,20040422,2.5,2.55,2.5,2.55,76800
PRV,20040422,0.93,0.94,0.93,0.94,194156
PRX,20040422,0.81,0.82,0.81,0.82,30542
PRY,20040422,5.45,5.45,5.45,5.45,9347
PSA,20040422,1.36,1.37,1.28,1.35,956385
PSD,20040422,1.35,1.35,1.25,1.26,1046590
PSG,20040422,0.205,0.205,0.2,0.2,226958
PSP,20040422,0.19,0.19,0.19,0.19,106232
PSR,20040422,0.014,0.015,0.013,0.013,1102012
PSV,20040422,0.265,0.28,0.255,0.28,598000
PSX,20040422,0.23,0.23,0.23,0.23,56000
PTD,20040422,1.62,1.63,1.58,1.58,399458
PWR,20040422,0.048,0.05,0.048,0.049,919624
PWT,20040422,0.97,0.97,0.94,0.95,85936
PXS,20040422,0.51,0.51,0.5,0.5,68001
QAD,20040422,0.042,0.042,0.042,0.042,10000
QAN,20040422,3.52,3.54,3.52,3.53,4472081
QBE,20040422,11.37,11.56,11.35,11.56,2165464
QCH,20040422,3.62,3.65,3.61,3.62,18501
QED,20040422,0.018,0.018,0.017,0.017,42500
QGC,20040422,0.2,0.2,0.195,0.2,108075
QML,20040422,0.145,0.145,0.145,0.145,135000
QRS,20040422,0.165,0.17,0.165,0.17,1591425
QTK,20040422,0.002,0.002,0.001,0.002,4746000
QTM,20040422,0.35,0.35,0.34,0.345,239100
QUE,20040422,0.19,0.19,0.19,0.19,21103
QUR,20040422,0.041,0.041,0.038,0.038,190125
QVL,20040422,0.01,0.01,0.01,0.01,1350000
RAC,20040422,0.53,0.56,0.53,0.56,332864
RAU,20040422,0.15,0.15,0.15,0.15,119319
RBK,20040422,0.65,0.65,0.63,0.63,877413
RBS,20040422,7.27,7.27,7.24,7.24,2200
RBY,20040422,0.11,0.12,0.11,0.12,283004
RCD,20040422,3.89,3.96,3.87,3.92,676839
RCH,20040422,0.011,0.011,0.011,0.011,144000
RCL,20040422,2.6,2.6,2.51,2.52,806962
RCR,20040422,0.37,0.37,0.36,0.36,56963
RDF,20040422,1.9,1.9,1.83,1.87,568237
RDR,20040422,0.295,0.295,0.29,0.29,153000
REB,20040422,2.76,2.78,2.76,2.76,27000
RED,20040422,0.165,0.17,0.16,0.17,534386
REG,20040422,2.7,2.7,2.7,2.7,13172
REH,20040422,8.2,8.2,8.2,8.2,31430
REL,20040422,0.13,0.135,0.13,0.135,19610
REM,20040422,0.52,0.52,0.52,0.52,39500
REV,20040422,0.085,0.085,0.085,0.085,50000
RFS,20040422,0.24,0.24,0.235,0.235,167107
RGL,20040422,0.22,0.22,0.22,0.22,50000
RHC,20040422,5.25,5.25,5.2,5.24,110304
RHD,20040422,0.67,0.67,0.66,0.66,34241
RHT,20040422,0.18,0.18,0.18,0.18,34600
RIC,20040422,1.35,1.36,1.32,1.32,575693
RIM,20040422,0.031,0.031,0.03,0.03,300000
RIN,20040422,7.11,7.14,7.1,7.12,1452249
RIO,20040422,33.2,33.6,33.07,33.17,6221514
RKN,20040422,0.83,0.83,0.83,0.83,141500
RLD,20040422,0.091,0.091,0.09,0.09,665000
RMD,20040422,6.5,6.57,6.44,6.47,563995
RMG,20040422,0.031,0.035,0.03,0.03,1822357
RMI,20040422,0.006,0.007,0.006,0.006,19799220
RML,20040422,0.079,0.08,0.079,0.08,75000
RMS,20040422,0.093,0.093,0.092,0.092,71927
RNG,20040422,0.28,0.28,0.275,0.28,103966
ROC,20040422,1.55,1.55,1.52,1.53,4566228
ROK,20040422,3.48,3.48,3.47,3.47,5435
RPC,20040422,0.315,0.33,0.31,0.33,611167
RPD,20040422,0.42,0.42,0.42,0.42,29450
RPG,20040422,0.55,0.55,0.55,0.55,920
RPH,20040422,1.13,1.13,1.11,1.12,1488452
RPM,20040422,0.095,0.095,0.095,0.095,300
RRS,20040422,0.023,0.023,0.021,0.021,2297019
RRT,20040422,0.99,0.99,0.99,0.99,7405
RSG,20040422,1.51,1.53,1.5,1.52,311330
RSN,20040422,0.11,0.115,0.11,0.11,1074908
RTL,20040422,0.33,0.335,0.33,0.33,160380
RTM,20040422,0.045,0.046,0.045,0.045,301701
RUP,20040422,7.45,7.5,7.45,7.46,14466
RWD,20040422,0.2,0.2,0.18,0.2,235000
SAI,20040422,1.66,1.69,1.66,1.68,1242525
SAQ,20040422,4.8,4.85,4.8,4.85,6522
SAX,20040422,0.105,0.105,0.105,0.105,4000
SBC,20040422,10.69,10.7,10.62,10.63,227049
SBL,20040422,0.47,0.48,0.46,0.46,30000
SBM,20040422,0.052,0.052,0.052,0.052,71366
SBP,20040422,0.17,0.17,0.165,0.165,150688
SBS,20040422,0.098,0.098,0.095,0.095,424264
SCD,20040422,0.023,0.023,0.023,0.023,25000
SCE,20040422,0.023,0.023,0.023,0.023,65000
SCF,20040422,112.8,112.8,112.6,112.8,2992
SDG,20040422,1.14,1.14,1.13,1.13,339940
SDI,20040422,9.6,9.65,9.4,9.5,28920
SDL,20040422,0.016,0.016,0.016,0.016,234500
SDS,20040422,0.78,0.78,0.76,0.77,81800
SED,20040422,0.22,0.225,0.22,0.22,232100
SEE,20040422,0.043,0.043,0.043,0.043,100000
SEL,20040422,1.11,1.12,1.11,1.12,6500
SEN,20040422,0.071,0.073,0.071,0.073,97507
SES,20040422,0.165,0.17,0.165,0.17,103150
SEV,20040422,5.17,5.17,5.11,5.13,202834
SFC,20040422,13.4,13.43,13.35,13.43,10050
SFE,20040422,6.37,6.37,6.23,6.27,733023
SFY,20040422,35.17,35.17,35.17,35.17,1850
SGB,20040422,20.6,20.65,20.57,20.6,1684796
SGL,20040422,0.79,0.8,0.79,0.8,561334
SGN,20040422,3.33,3.34,3.31,3.31,291185
SGP,20040422,5.57,5.58,5.38,5.4,2916201
SGS,20040422,1.05,1.05,1.04,1.05,45609
SGT,20040422,1.87,1.92,1.87,1.91,5668911
SGW,20040422,2.59,2.59,2.51,2.53,1802274
SGX,20040422,2.31,2.31,2.2,2.26,53284
SHG,20040422,0.3,0.3,0.3,0.3,110000
SHL,20040422,8.9,8.9,8.8,8.85,587341
SHN,20040422,0.079,0.079,0.076,0.076,250000
SHV,20040422,6.5,6.58,6.5,6.58,6583
SIB,20040422,0.48,0.48,0.47,0.48,34000
SIE,20040422,0.071,0.078,0.07,0.073,9179214
SIG,20040422,7.61,7.62,7.56,7.6,269680
SIU,20040422,0.3,0.3,0.3,0.3,10000
SKE,20040422,2.92,2.94,2.92,2.92,58616
SKG,20040422,0.062,0.062,0.062,0.062,24900
SKR,20040422,0.056,0.057,0.055,0.056,1088890
SLA,20040422,0.115,0.12,0.115,0.12,20000
SLC,20040422,1.33,1.33,1.33,1.33,1623
SLM,20040422,3.57,3.59,3.55,3.59,79112
SLT,20040422,0.34,0.38,0.34,0.38,58956
SLV,20040422,0.4,0.4,0.395,0.395,30000
SLX,20040422,0.87,0.87,0.84,0.84,198395
SMA,20040422,0.016,0.016,0.016,0.016,183000
SMC,20040422,0.24,0.24,0.24,0.24,45800
SML,20040422,0.1,0.105,0.1,0.105,310900
SMM,20040422,0.055,0.058,0.055,0.058,415860
SMO,20040422,0.115,0.12,0.115,0.115,916376
SMS,20040422,11.84,12.16,11.75,11.75,693807
SMX,20040422,0.25,0.25,0.245,0.25,396485
SMY,20040422,0.67,0.67,0.65,0.66,416713
SNF,20040422,0.58,0.58,0.57,0.58,22000
SNL,20040422,0.55,0.55,0.55,0.55,3000
SNN,20040422,0.22,0.23,0.22,0.23,22064
SNT,20040422,4.7,4.7,4.7,4.7,43756
SOH,20040422,0.82,0.83,0.82,0.83,2092880
SOL,20040422,6.52,6.55,6.5,6.55,25000
SOT,20040422,1.47,1.47,1.42,1.42,22150
SOU,20040422,0.04,0.043,0.04,0.043,1600000
SPC,20040422,1.35,1.37,1.35,1.35,199071
SPD,20040422,0.21,0.215,0.21,0.215,200000
SPL,20040422,0.68,0.7,0.68,0.7,226500
SPT,20040422,4.9,4.91,4.88,4.89,562432
SRA,20040422,0.135,0.135,0.13,0.13,294314
SRI,20040422,0.115,0.12,0.115,0.115,183707
SRL,20040422,1.05,1.06,1.03,1.06,52543
SRP,20040422,3.53,3.53,3.48,3.5,2226483
SRV,20040422,1.98,1.98,1.98,1.98,188038
SRX,20040422,3.9,3.9,3.84,3.85,32309
SSH,20040422,0.066,0.066,0.066,0.066,11850
SSN,20040422,0.14,0.14,0.1,0.1,10270
SSR,20040422,0.75,0.77,0.74,0.77,85500
SSS,20040422,2.23,2.23,2.23,2.23,2496
SSX,20040422,1.07,1.08,1.06,1.07,4725421
STE,20040422,0.091,0.091,0.091,0.091,20000
STI,20040422,0.2,0.22,0.195,0.22,271000
STN,20040422,0.14,0.14,0.135,0.135,88713
STO,20040422,6.51,6.53,6.46,6.5,2644383
STP,20040422,0.068,0.068,0.059,0.059,639200
STR,20040422,0.044,0.049,0.044,0.046,1200000
STS,20040422,0.45,0.45,0.45,0.45,200000
STU,20040422,0.77,0.77,0.77,0.77,27400
STW,20040422,35.14,35.14,35,35.04,86713
SUN,20040422,13.9,13.92,13.7,13.78,537728
SUR,20040422,0.12,0.125,0.12,0.125,116500
SWG,20040422,0.036,0.036,0.033,0.033,407228
SWT,20040422,0.11,0.115,0.11,0.115,270000
SYG,20040422,0.009,0.009,0.009,0.009,225000
SYL,20040422,3.9,3.95,3.88,3.95,7710
SYM,20040422,1.24,1.25,1.23,1.24,41430
SYN,20040422,0.55,0.55,0.55,0.55,7000
SYP,20040422,0.215,0.215,0.215,0.215,53130
TAA,20040422,0.072,0.072,0.072,0.072,13541
TAB,20040422,4.69,4.72,4.68,4.7,1263955
TAH,20040422,12.25,12.26,12.15,12.19,1006698
TAM,20040422,0.19,0.19,0.19,0.19,29000
TAN,20040422,1.66,1.66,1.65,1.65,2200
TAP,20040422,1.41,1.41,1.38,1.38,483307
TAT,20040422,0.41,0.41,0.41,0.41,25000
TAW,20040422,1.4,1.4,1.3,1.33,43650
TBC,20040422,0.215,0.22,0.215,0.215,119500
TBR,20040422,0.78,0.78,0.78,0.78,20000
TCL,20040422,4.68,4.69,4.62,4.63,1183849
TCP,20040422,0.96,0.96,0.96,0.96,4000
TEE,20040422,0.038,0.038,0.038,0.038,9000
TEL,20040422,4.92,4.93,4.88,4.88,2040131
TEM,20040422,1.14,1.15,1.14,1.14,162122
TEN,20040422,2.87,2.88,2.85,2.86,1189330
TGD,20040422,0.185,0.185,0.165,0.165,46146
TGF,20040422,0.29,0.29,0.28,0.285,86533
TGG,20040422,1.12,1.14,1.12,1.13,130795
TGR,20040422,1.04,1.04,1.04,1.04,16000
TGS,20040422,0.13,0.13,0.13,0.13,220000
THG,20040422,0.66,0.66,0.6,0.64,1036768
THX,20040422,0.48,0.5,0.48,0.5,69500
TIF,20040422,0.455,0.455,0.455,0.455,25000
TIL,20040422,0.19,0.195,0.18,0.18,90000
TIM,20040422,1.29,1.3,1.28,1.3,289374
TIR,20040422,0.47,0.47,0.46,0.465,347500
TIS,20040422,0.89,0.89,0.85,0.85,36500
TKG,20040422,0.009,0.009,0.008,0.008,208000
TKR,20040422,1.69,1.69,1.65,1.66,34540
TLS,20040422,4.72,4.76,4.72,4.75,13106814
TLT,20040422,0.74,0.74,0.74,0.74,17000
TMO,20040422,0.38,0.405,0.375,0.38,323002
TMS,20040422,0.036,0.036,0.032,0.032,860247
TNE,20040422,0.56,0.56,0.54,0.54,977745
TNL,20040422,0.17,0.17,0.17,0.17,30000
TNN,20040422,1.63,1.63,1.62,1.62,2620
TOL,20040422,10.1,10.29,10.07,10.2,1303589
TOR,20040422,1.34,1.39,1.31,1.31,84377
TPX,20040422,12.6,12.6,12.6,12.6,394
TRG,20040422,7.7,7.8,7.7,7.8,9505
TRO,20040422,0.23,0.24,0.225,0.24,166550
TRU,20040422,8.08,8.08,8.08,8.08,500
TRV,20040422,0.013,0.013,0.013,0.013,16670
TRY,20040422,2.8,2.8,2.7,2.7,32288
TSE,20040422,5.06,5.12,5.04,5.05,90809
TSV,20040422,0.12,0.12,0.115,0.115,77737
TTR,20040422,0.31,0.315,0.305,0.31,410963
TTT,20040422,0.83,0.83,0.8,0.81,446224
TVN,20040422,0.415,0.415,0.41,0.41,79000
TWD,20040422,2.05,2.05,2.05,2.05,805
TWR,20040422,1.41,1.43,1.41,1.41,670971
TYC,20040422,0.54,0.54,0.5,0.52,479702
TZL,20040422,0.4,0.42,0.4,0.4,268682
TZN,20040422,0.25,0.25,0.24,0.24,213500
UCL,20040422,0.048,0.048,0.042,0.047,1091093
UCM,20040422,3,3,2.86,2.97,44773
UEC,20040422,0.32,0.32,0.315,0.32,988564
UGL,20040422,4.51,4.52,4.42,4.42,172053
UNI,20040422,1.84,1.85,1.81,1.85,105123
UNW,20040422,0.65,0.65,0.64,0.65,39500
UOS,20040422,0.7,0.7,0.7,0.7,3000
URL,20040422,0.155,0.155,0.14,0.15,138339
UTB,20040422,6.48,6.5,6.47,6.49,228257
UXC,20040422,0.78,0.8,0.78,0.79,43270
VBA,20040422,2.23,2.28,2.2,2.27,2855236
VCM,20040422,1.34,1.36,1.34,1.36,10759
VCN,20040422,0.115,0.115,0.115,0.115,14427
VCR,20040422,1.54,1.57,1.52,1.52,297275
VGL,20040422,1.31,1.32,1.31,1.32,8200
VHL,20040422,0.465,0.465,0.455,0.46,199986
VII,20040422,0.21,0.21,0.21,0.21,60000
VLL,20040422,2,2.05,1.99,1.99,115963
VOY,20040422,0.24,0.24,0.235,0.235,230167
VPE,20040422,0.023,0.023,0.022,0.022,1137567
VPG,20040422,0.97,0.97,0.96,0.96,774845
VRE,20040422,0.07,0.07,0.068,0.068,1685016
VRI,20040422,0.15,0.155,0.15,0.15,661288
VRL,20040422,1.78,1.79,1.77,1.79,167798
VSG,20040422,0.067,0.067,0.067,0.067,29555
VSL,20040422,0.92,0.92,0.9,0.91,360845
VTI,20040422,0.45,0.45,0.45,0.45,33175
VWD,20040422,1.27,1.27,1.27,1.27,81814
VXS,20040422,0.081,0.081,0.081,0.081,11000
WAG,20040422,0.23,0.23,0.22,0.22,165672
WAL,20040422,0.25,0.25,0.215,0.225,96800
WAM,20040422,1.61,1.61,1.6,1.6,42967
WAN,20040422,6.38,6.4,6.3,6.3,587207
WAT,20040422,2.49,2.5,2.49,2.5,4363
WBB,20040422,6.7,6.7,6.7,6.7,972
WBC,20040422,17.75,17.89,17.67,17.82,2338083
WDP,20040422,1.76,1.78,1.76,1.78,2000
WEB,20040422,0.048,0.05,0.048,0.048,300000
WES,20040422,29.57,29.58,29.25,29.3,248030
WEZ,20040422,0.25,0.25,0.24,0.24,117158
WFL,20040422,2.05,2.05,2.05,2.05,6000
WGR,20040422,0.11,0.11,0.11,0.11,2601
WHF,20040422,3.15,3.15,3.15,3.15,3400
WHS,20040422,3.7,3.71,3.66,3.71,21694
WIL,20040422,0.97,0.97,0.96,0.97,196960
WLS,20040422,0.92,0.92,0.92,0.92,21000
WMG,20040422,0.14,0.15,0.14,0.145,220000
WMR,20040422,4.83,4.87,4.81,4.84,6125564
WNZ,20040422,3.9,3.92,3.86,3.92,3402
WOR,20040422,3.09,3.11,3.05,3.05,142401
WOW,20040422,11.57,11.62,11.54,11.6,1982371
WPL,20040422,16.78,16.89,16.58,16.63,1870951
WPO,20040422,0.3,0.3,0.28,0.28,30000
WSA,20040422,1.14,1.17,1.11,1.11,306292
WSG,20040422,0.011,0.011,0.01,0.011,535000
WTE,20040422,0.027,0.028,0.026,0.028,625068
WTP,20040422,0.79,0.79,0.78,0.79,49478
WWA,20040422,0.84,0.84,0.84,0.84,15900
WWM,20040422,0.032,0.032,0.032,0.032,20000
WYL,20040422,3.88,3.89,3.88,3.88,21066
XAN,20040422,0.11,0.11,0.105,0.105,29000
XAO,20040422,3444.7,3455.5,3435.6,3441.9,0
XDJ,20040422,2147,2165.9,2141.3,2157.7,0
XEJ,20040422,5613.7,5635.8,5570.2,5573.2,0
XFJ,20040422,4261.9,4283.3,4253.4,4260.2,0
XFL,20040422,3429.8,3443.6,3421.7,3429.6,0
XHJ,20040422,3742.5,3757.7,3712.5,3712.5,0
XIJ,20040422,271,271.5,266.9,268.8,0
XJO,20040422,3438.8,3450.4,3430.3,3435.9,0
XKO,20040422,3443,3454,3434.1,3439.5,0
XMD,20040422,3134.9,3145.8,3127.8,3129,0
XMJ,20040422,5284.8,5284.8,5243.6,5260.3,0
XNJ,20040422,3784.5,3804.1,3768.1,3769.8,0
XPJ,20040422,1533.6,1537.7,1520.2,1520.6,0
XSJ,20040422,4557.1,4571.9,4548.2,4563.5,0
XSO,20040422,1924.4,1925,1907.6,1907.6,0
XTJ,20040422,1663.9,1674.6,1662.5,1669.7,0
XTL,20040422,1942.7,1952.1,1937.5,1943.9,0
XTO,20040422,2800.9,2811.1,2794.6,2800.1,0
XUJ,20040422,3739,3764,3726.3,3727.6,0
XXJ,20040422,4320.9,4348.7,4316.8,4327.1,0
YAM,20040422,0.01,0.01,0.009,0.01,2160000
YGL,20040422,0.044,0.045,0.043,0.045,320000
ZEL,20040422,0.23,0.23,0.215,0.215,50000
ZFX,20040422,1.73,1.73,1.7,1.72,5475467
ZIM,20040422,3.95,3.95,3.95,3.95,3521
ZYL,20040422,0.009,0.009,0.009,0.009,4547943
