AAC,20040109,1.26,1.27,1.25,1.27,665669
AAI,20040109,51,51,51,51,87300
AAM,20040109,0.305,0.305,0.3,0.3,83000
AAR,20040109,0.037,0.037,0.034,0.037,137157
AAT,20040109,0.32,0.32,0.31,0.315,321924
AAU,20040109,1.13,1.13,1.1,1.1,268896
ABB,20040109,5.15,5.19,5.12,5.15,42342
ABC,20040109,1.54,1.54,1.53,1.53,3652630
ABG,20040109,3.9,3.9,3.9,3.9,12000
ABI,20040109,0.29,0.29,0.275,0.275,850556
ABK,20040109,0.205,0.205,0.205,0.205,109927
ABP,20040109,1.16,1.17,1.16,1.17,2063589
ABS,20040109,3.35,3.44,3.35,3.44,28000
ABX,20040109,1.64,1.65,1.6,1.63,34726
ACF,20040109,1.04,1.04,1.02,1.02,43700
ACL,20040109,0.66,0.66,0.65,0.65,87186
ACU,20040109,0.2,0.21,0.2,0.21,15000
ADA,20040109,0.82,0.89,0.82,0.85,138027
ADB,20040109,8.02,8.09,8,8,352337
ADG,20040109,3.79,3.81,3.79,3.8,17412
ADN,20040109,0.205,0.205,0.2,0.2,41700
ADS,20040109,0.125,0.125,0.125,0.125,17433
ADU,20040109,1.51,1.59,1.51,1.55,115703
ADX,20040109,0.19,0.19,0.175,0.175,339880
ADZ,20040109,1.68,1.74,1.68,1.72,370606
AEC,20040109,1.71,1.75,1.71,1.75,13500
AEI,20040109,0.92,0.92,0.9,0.91,49875
AEN,20040109,0.77,0.78,0.77,0.77,35500
AEO,20040109,1.37,1.39,1.37,1.38,1345119
AES,20040109,0.165,0.165,0.165,0.165,39000
AEX,20040109,0.095,0.099,0.095,0.098,5064031
AFF,20040109,0.3,0.3,0.3,0.3,10000
AFI,20040109,3.3,3.32,3.3,3.31,129575
AFL,20040109,0.8,0.8,0.8,0.8,13038
AFM,20040109,0.024,0.024,0.024,0.024,450000
AFT,20040109,0.07,0.071,0.069,0.071,2766666
AGC,20040109,1.25,1.3,1.25,1.3,91000
AGG,20040109,12.15,12.2,12.1,12.1,40980
AGI,20040109,0.52,0.53,0.52,0.53,142564
AGL,20040109,11.23,11.27,11.23,11.24,436401
AGM,20040109,0.185,0.195,0.185,0.185,668445
AGS,20040109,0.07,0.07,0.07,0.07,20000
AGT,20040109,0.485,0.485,0.46,0.46,31401
AGX,20040109,0.72,0.72,0.71,0.72,41880
AGY,20040109,0.22,0.22,0.215,0.215,20000
AHC,20040109,1.75,1.75,1.75,1.75,10000
AHD,20040109,3.74,3.79,3.74,3.79,40532
AHG,20040109,0.17,0.195,0.17,0.195,480076
AHO,20040109,0.39,0.39,0.39,0.39,9700
AHS,20040109,0.95,0.96,0.95,0.95,47520
AIA,20040109,6.19,6.19,6.14,6.14,11300
AIE,20040109,0.16,0.16,0.16,0.16,160000
AIM,20040109,0.039,0.039,0.036,0.039,200000
AIX,20040109,1.62,1.62,1.61,1.61,163037
AIZ,20040109,0.415,0.415,0.41,0.41,83405
AJL,20040109,2.14,2.14,2.12,2.13,39180
ALD,20040109,0.265,0.265,0.26,0.265,56553
ALH,20040109,2.28,2.28,2.26,2.27,760133
ALK,20040109,0.375,0.375,0.37,0.37,317370
ALL,20040109,1.74,1.88,1.71,1.88,5177920
ALN,20040109,6.55,6.68,6.55,6.6,226062
ALR,20040109,0.95,0.95,0.95,0.95,17508
ALS,20040109,6,6.05,6,6.03,38010
ALT,20040109,0.105,0.11,0.105,0.11,15030
ALU,20040109,0.52,0.52,0.5,0.5,30690
ALZ,20040109,1.63,1.63,1.6,1.61,1080014
AMB,20040109,0.43,0.43,0.43,0.43,10000
AMC,20040109,8.06,8.1,7.95,7.97,6086928
AMG,20040109,0.044,0.044,0.041,0.041,389169
AMH,20040109,0.445,0.46,0.445,0.46,11589
AML,20040109,0.67,0.67,0.67,0.67,2000
AMM,20040109,0.145,0.145,0.14,0.14,68788
AMP,20040109,4.96,5,4.94,4.94,3597308
AMU,20040109,0.365,0.38,0.365,0.375,395048
ANC,20040109,7.19,7.19,7.16,7.16,1645
ANE,20040109,3.16,3.18,3.14,3.16,18352
ANM,20040109,0.075,0.077,0.073,0.075,291119
ANN,20040109,6.36,6.42,6.36,6.38,675477
ANP,20040109,0.12,0.12,0.115,0.12,356636
ANX,20040109,0.27,0.275,0.27,0.275,46000
ANZ,20040109,17.83,17.93,17.83,17.91,3560822
AOE,20040109,0.26,0.265,0.245,0.26,1129860
AOO,20040109,0.17,0.17,0.17,0.17,21250
APA,20040109,2.79,2.8,2.77,2.77,60722
APE,20040109,7.23,7.23,6.8,6.8,3400
APG,20040109,0.056,0.061,0.054,0.06,682167
API,20040109,2.86,3,2.85,2.95,182849
APL,20040109,0.285,0.31,0.28,0.28,1023531
APN,20040109,4,4,3.97,3.99,240515
APZ,20040109,0.14,0.14,0.14,0.14,26000
AQD,20040109,0.21,0.215,0.21,0.215,201000
AQP,20040109,8.2,8.21,8.19,8.21,29327
ARA,20040109,0.345,0.345,0.345,0.345,28134
ARE,20040109,0.15,0.15,0.15,0.15,96760
ARG,20040109,5.11,5.13,5.08,5.1,73855
ARO,20040109,0.12,0.12,0.105,0.105,89200
ARP,20040109,3.69,3.7,3.67,3.7,39359
ARQ,20040109,1.02,1.04,1.02,1.02,469216
ARU,20040109,0.185,0.185,0.18,0.185,124173
ARX,20040109,0.077,0.078,0.077,0.078,481750
ASB,20040109,0.85,0.86,0.84,0.85,226346
ASC,20040109,0.059,0.06,0.058,0.059,113000
ASL,20040109,0.78,0.8,0.78,0.8,106500
ASP,20040109,0.03,0.03,0.03,0.03,61000
ASU,20040109,0.017,0.017,0.014,0.014,90000
ASX,20040109,17,17,16.8,16.81,130561
ASZ,20040109,0.36,0.36,0.36,0.36,37
ATG,20040109,0.68,0.68,0.67,0.68,59200
ATN,20040109,0.34,0.355,0.32,0.355,1972518
ATP,20040109,0.225,0.225,0.22,0.22,95977
ATR,20040109,3.25,3.25,3.25,3.25,6750
ATX,20040109,0.195,0.205,0.195,0.205,1965988
AUI,20040109,4.27,4.27,4.27,4.27,89
AUL,20040109,0.014,0.016,0.013,0.016,6572421
AUM,20040109,0.035,0.035,0.035,0.035,56171
AUN,20040109,0.44,0.44,0.43,0.435,220276
AUO,20040109,0.77,0.78,0.75,0.75,890850
AUX,20040109,0.053,0.054,0.053,0.054,110000
AUZ,20040109,0.235,0.235,0.23,0.23,225532
AVA,20040109,0.05,0.05,0.05,0.05,620000
AVJ,20040109,1.86,1.9,1.85,1.9,257226
AVL,20040109,0.45,0.455,0.445,0.445,181400
AVN,20040109,0.024,0.024,0.023,0.023,4424800
AVR,20040109,0.39,0.39,0.39,0.39,600
AVT,20040109,0.195,0.195,0.185,0.19,59000
AVV,20040109,1.6,1.61,1.56,1.6,164387
AWB,20040109,4.5,4.5,4.37,4.4,354512
AWC,20040109,6.3,6.35,6.26,6.29,3892485
AWE,20040109,1.23,1.24,1.23,1.24,488002
AWP,20040109,7.27,7.27,7.27,7.27,2500
AXA,20040109,2.76,2.78,2.68,2.69,2331840
AXL,20040109,0.099,0.11,0.097,0.105,3736336
AXM,20040109,0.19,0.2,0.19,0.195,193300
AXN,20040109,0.245,0.245,0.24,0.24,121856
AYO,20040109,0.76,0.76,0.71,0.75,945997
AZL,20040109,0.02,0.02,0.02,0.02,533500
AZR,20040109,0.125,0.125,0.12,0.125,969906
BAR,20040109,0.071,0.071,0.07,0.07,180000
BAX,20040109,3.41,3.44,3.4,3.44,2500
BBB,20040109,0.26,0.27,0.26,0.26,132000
BBG,20040109,6.94,6.98,6.88,6.92,289153
BCA,20040109,2.75,2.77,2.74,2.74,410349
BCL,20040109,0.73,0.73,0.71,0.72,449168
BDG,20040109,0.205,0.205,0.195,0.195,691784
BDL,20040109,0.024,0.025,0.024,0.025,2879169
BDS,20040109,2.71,2.73,2.71,2.73,14850
BEN,20040109,8.91,8.95,8.9,8.91,65695
BER,20040109,0.79,0.79,0.79,0.79,20000
BGD,20040109,0.15,0.15,0.145,0.145,50000
BGF,20040109,0.18,0.18,0.175,0.18,4212094
BGN,20040109,0.235,0.235,0.235,0.235,177450
BHP,20040109,11.95,11.99,11.77,11.79,11898921
BIC,20040109,0.315,0.315,0.315,0.315,2250
BIL,20040109,5.2,5.22,5.16,5.19,8510750
BIR,20040109,1.16,1.17,1.15,1.15,518343
BIT,20040109,0.3,0.3,0.3,0.3,25000
BIX,20040109,0.175,0.175,0.17,0.175,27860
BKA,20040109,0.47,0.5,0.47,0.5,279659
BKI,20040109,0.97,0.98,0.97,0.97,78000
BKL,20040109,7.85,7.85,7.85,7.85,12980
BKM,20040109,0.027,0.029,0.027,0.029,167242
BKS,20040109,0.029,0.031,0.029,0.031,2110661
BKW,20040109,7.76,7.76,7.76,7.76,37
BKY,20040109,0.215,0.215,0.21,0.21,33800
BLD,20040109,5.1,5.1,5.01,5.04,1767746
BLT,20040109,1.03,1.05,0.99,1.05,109400
BMX,20040109,0.17,0.17,0.17,0.17,15000
BNO,20040109,0.385,0.385,0.375,0.38,604049
BOC,20040109,0.295,0.3,0.295,0.295,220000
BOL,20040109,1.45,1.45,1.43,1.45,295820
BOQ,20040109,9.94,10,9.92,9.93,72622
BPC,20040109,0.57,0.58,0.57,0.58,6465472
BPO,20040109,0.094,0.094,0.09,0.09,324252
BPT,20040109,0.345,0.345,0.34,0.345,433948
BQT,20040109,0.34,0.345,0.32,0.325,2545558
BRK,20040109,1.47,1.49,1.45,1.45,31025
BRO,20040109,0.029,0.03,0.028,0.03,472500
BRW,20040109,0.07,0.07,0.067,0.067,1330017
BRZ,20040109,1.42,1.44,1.42,1.43,29603
BSG,20040109,0.34,0.345,0.34,0.34,160180
BSL,20040109,5.45,5.53,5.38,5.38,2333421
BSO,20040109,3.23,3.25,3.22,3.25,19770
BTA,20040109,0.49,0.49,0.485,0.485,206132
BTC,20040109,0.45,0.47,0.45,0.47,239010
BTV,20040109,0.145,0.15,0.14,0.14,952276
BUG,20040109,0.67,0.67,0.67,0.67,7600
BUU,20040109,0.065,0.068,0.065,0.065,192630
BUY,20040109,0.195,0.2,0.19,0.19,373400
BWI,20040109,0.95,0.95,0.94,0.94,136000
BWP,20040109,1.54,1.55,1.53,1.55,157054
BWT,20040109,0.017,0.017,0.015,0.015,383056
CAA,20040109,2.82,2.89,2.79,2.79,82746
CAB,20040109,3.34,3.34,3.27,3.3,73333
CAG,20040109,0.044,0.044,0.044,0.044,78500
CAL,20040109,0.39,0.39,0.39,0.39,25000
CAT,20040109,2.3,2.36,2.25,2.36,17577
CAZ,20040109,0.235,0.235,0.235,0.235,8500
CBA,20040109,30.35,30.65,30.35,30.5,4813893
CBD,20040109,0.011,0.011,0.01,0.01,2321691
CBH,20040109,0.2,0.2,0.195,0.195,926050
CBR,20040109,4.46,4.46,4.2,4.2,14419
CBT,20040109,0.037,0.037,0.037,0.037,298850
CCE,20040109,0.39,0.435,0.385,0.435,8124949
CCH,20040109,0.19,0.19,0.19,0.19,3000
CCK,20040109,0.11,0.11,0.11,0.11,5900
CCL,20040109,6.44,6.47,6.42,6.47,5363547
CCO,20040109,0.01,0.01,0.01,0.01,950000
CCP,20040109,1.93,1.94,1.93,1.94,12960
CCV,20040109,0.24,0.24,0.235,0.24,493323
CDA,20040109,1.33,1.33,1.32,1.33,28032
CDC,20040109,1.8,1.85,1.78,1.85,56122
CDF,20040109,1.156,1.156,1.156,1.156,2735
CDO,20040109,3.46,3.48,3.44,3.46,28085
CDP,20040109,2.48,2.48,2.48,2.48,5000
CDR,20040109,1.19,1.2,1.17,1.19,275971
CDX,20040109,2.2,2.2,2.1,2.1,5820
CEP,20040109,4.05,4.09,4.05,4.08,1254109
CEQ,20040109,1.93,1.93,1.93,1.93,17000
CEY,20040109,2.74,2.78,2.74,2.74,253339
CFI,20040109,0.61,0.61,0.61,0.61,11111
CFR,20040109,0.037,0.037,0.035,0.035,2409349
CGF,20040109,0.485,0.485,0.48,0.485,1577234
CGM,20040109,0.245,0.245,0.235,0.235,34550
CGO,20040109,0.76,0.76,0.7,0.7,100000
CGX,20040109,0.92,0.95,0.92,0.95,381609
CHB,20040109,29.01,29.01,29.01,29.01,405
CHF,20040109,0.37,0.37,0.365,0.365,65000
CHL,20040109,0.15,0.155,0.15,0.155,53787
CHM,20040109,0.14,0.14,0.135,0.135,24286
CHP,20040109,0.031,0.031,0.031,0.031,150000
CHQ,20040109,0.82,0.82,0.78,0.79,435025
CHT,20040109,0.014,0.014,0.014,0.014,200000
CHY,20040109,1.67,1.69,1.67,1.68,26382
CIN,20040109,13,13,13,13,677
CIR,20040109,2.04,2.06,2.04,2.06,6000
CIY,20040109,3.8,3.8,3.72,3.73,103845
CKR,20040109,0.67,0.69,0.67,0.67,149785
CLH,20040109,2.05,2.09,2.05,2.07,72330
CLO,20040109,0.73,0.74,0.73,0.74,92373
CLT,20040109,1.16,1.17,1.15,1.15,51776
CLV,20040109,0.5,0.5,0.49,0.5,143100
CML,20040109,7.67,7.69,7.62,7.66,721009
CMP,20040109,0.34,0.34,0.34,0.34,30000
CMQ,20040109,5.67,5.69,5.6,5.6,25471
CMW,20040109,0.115,0.115,0.115,0.115,100000
CMX,20040109,0.185,0.19,0.18,0.18,133160
CNA,20040109,23.5,23.5,23.5,23.5,1000
CNB,20040109,1.84,1.85,1.84,1.85,6000
CND,20040109,1.35,1.35,1.33,1.34,17938
CNF,20040109,0.083,0.083,0.083,0.083,16000
CNN,20040109,0.085,0.085,0.082,0.082,95000
CNT,20040109,0.35,0.375,0.35,0.375,208849
COA,20040109,2.87,2.9,2.86,2.86,264083
COE,20040109,0.265,0.265,0.26,0.26,305892
COF,20040109,5.5,5.5,5.48,5.48,5000
COH,20040109,20.9,20.93,20.8,20.8,155050
COO,20040109,0.048,0.048,0.046,0.046,884638
COS,20040109,0.25,0.25,0.25,0.25,20000
COU,20040109,0.69,0.69,0.69,0.69,13250
CPA,20040109,1.17,1.17,1.16,1.17,1150373
CPB,20040109,6.15,6.18,6.15,6.18,7865
CPI,20040109,0.82,0.83,0.82,0.83,44885
CPK,20040109,3.25,3.25,3.25,3.25,2000
CPN,20040109,0.11,0.11,0.105,0.11,875000
CPS,20040109,0.2,0.2,0.195,0.195,50000
CPU,20040109,3.36,3.37,3.33,3.35,484217
CQT,20040109,0.34,0.34,0.335,0.335,62300
CRD,20040109,0.13,0.13,0.115,0.115,457949
CRG,20040109,9.09,9.25,9.09,9.17,126704
CRL,20040109,0.074,0.074,0.074,0.074,25000
CRP,20040109,0.225,0.23,0.225,0.23,159593
CRS,20040109,0.62,0.62,0.6,0.6,802554
CRT,20040109,0.65,0.65,0.65,0.65,40000
CRU,20040109,0.56,0.58,0.56,0.57,176086
CSI,20040109,0.3,0.305,0.3,0.305,154869
CSL,20040109,17,17.02,16.75,16.79,816430
CSM,20040109,0.93,0.93,0.91,0.92,321653
CSR,20040109,1.85,1.86,1.8,1.8,2829229
CST,20040109,1.66,1.67,1.65,1.67,46845
CSY,20040109,0.042,0.042,0.04,0.04,64905
CTE,20040109,0.32,0.32,0.32,0.32,63
CTL,20040109,1.33,1.34,1.32,1.32,147367
CTO,20040109,0.19,0.19,0.18,0.18,1685640
CTX,20040109,4.91,4.94,4.91,4.92,319344
CUE,20040109,0.064,0.064,0.06,0.062,1941084
CUL,20040109,0.058,0.06,0.058,0.059,602100
CUS,20040109,0.1,0.11,0.1,0.11,789000
CVC,20040109,1.29,1.29,1.12,1.12,6940
CVL,20040109,0.044,0.045,0.044,0.045,699080
CVN,20040109,0.029,0.029,0.028,0.029,568484
CVS,20040109,0.072,0.072,0.072,0.072,300
CWH,20040109,0.17,0.17,0.17,0.17,17916
CWP,20040109,1.38,1.38,1.38,1.38,2800
CXP,20040109,4.15,4.15,4.07,4.07,448090
CYG,20040109,5.6,5.6,5.56,5.6,10400
DBS,20040109,0.125,0.125,0.125,0.125,83166
DDF,20040109,1.19,1.2,1.18,1.2,1003183
DEG,20040109,0.63,0.64,0.62,0.63,667983
DES,20040109,0.175,0.185,0.17,0.17,130752
DFT,20040109,0.03,0.031,0.025,0.026,20766625
DGM,20040109,0.041,0.041,0.039,0.039,340500
DGR,20040109,0.15,0.15,0.145,0.15,73000
DID,20040109,0.11,0.11,0.1,0.1,98660
DIO,20040109,0.13,0.13,0.125,0.125,547365
DIT,20040109,1.81,1.81,1.8,1.8,72487
DJS,20040109,1.34,1.35,1.33,1.34,840301
DJW,20040109,3.52,3.55,3.52,3.55,55735
DKN,20040109,0.125,0.125,0.125,0.125,21515
DKS,20040109,12.4,12.4,12.4,12.4,500
DLS,20040109,0.048,0.049,0.048,0.049,87000
DMY,20040109,0.3,0.3,0.3,0.3,5000
DNL,20040109,0.205,0.205,0.205,0.205,270000
DOM,20040109,0.78,0.78,0.72,0.74,287570
DOT,20040109,1.1,1.11,1.1,1.1,3007246
DOW,20040109,3.92,3.94,3.9,3.9,1118072
DPL,20040109,0.86,0.88,0.85,0.85,11085
DRA,20040109,0.37,0.38,0.36,0.37,738215
DRD,20040109,4.8,4.9,4.8,4.85,16898
DTL,20040109,2.15,2.19,2.15,2.18,6700
DUI,20040109,1.85,1.85,1.85,1.85,14500
DUL,20040109,0.05,0.05,0.05,0.05,64000
DVC,20040109,2.27,2.27,2.26,2.27,128103
DVN,20040109,0.68,0.68,0.65,0.67,299925
DWY,20040109,0.63,0.63,0.63,0.63,100000
DYL,20040109,0.03,0.03,0.029,0.029,868398
EBG,20040109,0.185,0.185,0.185,0.185,2000
EBR,20040109,0.084,0.084,0.08,0.081,1009750
EBT,20040109,0.105,0.105,0.105,0.105,101370
ECM,20040109,0.095,0.095,0.095,0.095,10000
ECU,20040109,0.032,0.033,0.031,0.033,507000
EDN,20040109,0.1,0.1,0.1,0.1,12000
EGI,20040109,0.067,0.067,0.062,0.062,20200
EGL,20040109,0.29,0.29,0.285,0.285,121000
EGO,20040109,0.012,0.013,0.012,0.012,9386805
EIF,20040109,0.14,0.14,0.14,0.14,70000
EIR,20040109,0.026,0.027,0.026,0.026,623352
ELL,20040109,0.18,0.185,0.18,0.185,7635
ELX,20040109,0.39,0.395,0.38,0.38,834731
EMI,20040109,0.095,0.095,0.095,0.095,204
EMP,20040109,0.7,0.72,0.7,0.72,227215
EMS,20040109,0.44,0.44,0.435,0.44,197821
ENE,20040109,2.52,2.53,2.48,2.48,268849
ENV,20040109,1,1,0.99,0.99,790292
EOS,20040109,2.3,2.3,2.25,2.28,6500
EPR,20040109,0.16,0.165,0.16,0.16,296940
EPT,20040109,0.69,0.71,0.69,0.71,187800
EQI,20040109,1.53,1.53,1.52,1.53,19600
EQR,20040109,0.41,0.42,0.405,0.405,129950
EQS,20040109,0.26,0.26,0.255,0.255,226500
EQX,20040109,0.4,0.4,0.39,0.39,62500
ERA,20040109,3.45,3.45,3.4,3.4,6620
ERG,20040109,1.34,1.34,1.31,1.32,389403
ESG,20040109,0.125,0.145,0.125,0.14,885374
ESI,20040109,0.25,0.25,0.245,0.245,225000
ESL,20040109,0.175,0.175,0.175,0.175,2000
ESV,20040109,0.21,0.21,0.21,0.21,84179
ETC,20040109,0.009,0.01,0.009,0.01,550000
ETR,20040109,1.06,1.06,1.03,1.05,88579
ETT,20040109,0.078,0.08,0.073,0.079,1669907
ETW,20040109,1.12,1.12,1.12,1.12,20288
EUG,20040109,0.12,0.13,0.12,0.125,104000
EVM,20040109,0.155,0.16,0.155,0.16,18829
EWC,20040109,0.024,0.024,0.024,0.024,148750
EXS,20040109,0.195,0.205,0.195,0.205,152500
EXT,20040109,0.025,0.026,0.025,0.026,3207911
EZE,20040109,0.315,0.325,0.31,0.325,115048
EZL,20040109,0.8,0.8,0.8,0.8,50000
FAN,20040109,3.41,3.43,3.4,3.4,58191
FAR,20040109,0.062,0.062,0.058,0.06,595071
FBU,20040109,3.62,3.62,3.5,3.55,16411
FCL,20040109,1.6,1.61,1.58,1.6,4285944
FCN,20040109,0.165,0.17,0.16,0.16,1139388
FDL,20040109,0.043,0.045,0.042,0.045,400740
FEA,20040109,0.23,0.24,0.23,0.24,80400
FGL,20040109,4.59,4.61,4.53,4.53,10611937
FKP,20040109,2.51,2.6,2.5,2.56,80855
FLO,20040109,0.015,0.015,0.014,0.015,447335
FLT,20040109,21.76,22.15,21.75,22.15,15786
FLX,20040109,0.055,0.06,0.055,0.059,307172
FMG,20040109,0.68,0.72,0.68,0.72,60700
FOA,20040109,19.3,19.35,19.15,19.35,103654
FPA,20040109,3.33,3.33,3.25,3.29,145724
FPF,20040109,1.11,1.12,1.11,1.12,9731
FPG,20040109,0.49,0.49,0.49,0.49,6300
FPH,20040109,11.01,11.01,11.01,11.01,12902
FPS,20040109,0.48,0.48,0.48,0.48,5000
FRI,20040109,0.32,0.32,0.29,0.29,28400
FRL,20040109,0.155,0.155,0.155,0.155,10000
FTR,20040109,0.62,0.62,0.61,0.61,7066
FUN,20040109,2.07,2.12,2.07,2.11,116324
FUT,20040109,0.07,0.07,0.066,0.066,84035
FWD,20040109,6.24,6.25,6.24,6.24,48943
FXJ,20040109,3.47,3.47,3.43,3.44,1472260
FXR,20040109,0.56,0.56,0.56,0.56,54600
GAM,20040109,0.2,0.2,0.2,0.2,10000
GAN,20040109,1.36,1.37,1.36,1.37,827880
GAP,20040109,2.78,2.83,2.78,2.83,8589
GAS,20040109,2.18,2.19,2.17,2.17,179992
GBG,20040109,0.22,0.22,0.195,0.2,1330500
GBL,20040109,0.056,0.056,0.054,0.054,137369
GBN,20040109,0.052,0.052,0.052,0.052,100000
GBP,20040109,0.17,0.175,0.17,0.17,336180
GBR,20040109,0.44,0.44,0.44,0.44,20172
GCA,20040109,0.92,0.93,0.92,0.93,75000
GCN,20040109,0.055,0.06,0.055,0.06,4998068
GCR,20040109,0.087,0.088,0.087,0.088,333751
GDA,20040109,0.015,0.015,0.014,0.014,1309000
GDM,20040109,0.52,0.56,0.52,0.56,245128
GDN,20040109,0.056,0.056,0.056,0.056,489000
GDP,20040109,0.71,0.71,0.71,0.71,30500
GDR,20040109,0.33,0.355,0.33,0.355,278000
GDY,20040109,1.09,1.09,1.06,1.09,47000
GED,20040109,0.13,0.13,0.13,0.13,24991
GEN,20040109,0.8,0.8,0.8,0.8,410
GFD,20040109,1.05,1.06,1.03,1.03,93334
GGL,20040109,0.49,0.49,0.48,0.485,366960
GGN,20040109,0.3,0.305,0.3,0.3,753144
GGP,20040109,0.265,0.27,0.265,0.265,677697
GGY,20040109,0.048,0.048,0.046,0.046,320000
GHG,20040109,0.68,0.68,0.66,0.66,65340
GIP,20040109,0.08,0.085,0.075,0.075,863632
GIR,20040109,0.155,0.155,0.155,0.155,388000
GKR,20040109,0.25,0.255,0.24,0.255,209200
GLB,20040109,0.51,0.51,0.495,0.51,401550
GLN,20040109,0.34,0.345,0.33,0.34,207370
GME,20040109,0.069,0.072,0.069,0.072,387465
GML,20040109,0.175,0.18,0.175,0.18,135000
GNC,20040109,13.5,13.55,13.5,13.5,33475
GNS,20040109,12.1,12.23,12.1,12.15,348312
GOA,20040109,0.17,0.2,0.17,0.2,138865
GOG,20040109,0.205,0.205,0.2,0.2,298254
GOW,20040109,2.37,2.37,2.37,2.37,108
GPG,20040109,1.65,1.66,1.65,1.65,166169
GPN,20040109,0.026,0.026,0.024,0.024,519418
GPO,20040109,0.035,0.035,0.035,0.035,57000
GPT,20040109,2.99,3.02,2.99,3,3330887
GRD,20040109,2.03,2.03,2,2,688953
GRN,20040109,0.49,0.495,0.485,0.495,71234
GRO,20040109,0.72,0.72,0.72,0.72,2000
GRP,20040109,1.46,1.47,1.45,1.47,9000
GRR,20040109,0.475,0.475,0.455,0.47,131666
GSE,20040109,0.059,0.059,0.057,0.057,140000
GTG,20040109,0.45,0.45,0.425,0.44,522607
GTM,20040109,0.088,0.088,0.085,0.086,3193833
GTP,20040109,1.69,1.7,1.68,1.69,640335
GUD,20040109,6.92,6.92,6.88,6.9,70794
GUL,20040109,0.034,0.034,0.03,0.03,57705
GUN,20040109,0.31,0.32,0.305,0.32,45000
GVM,20040109,0.029,0.029,0.029,0.029,753667
GWT,20040109,2.86,2.86,2.84,2.84,80288
GZL,20040109,2.65,2.65,2.65,2.65,200
HAN,20040109,9.45,9.6,9.45,9.6,600
HAO,20040109,0.185,0.185,0.165,0.18,116319
HAV,20040109,0.35,0.35,0.33,0.35,63409
HBL,20040109,0.48,0.48,0.48,0.48,10544
HBR,20040109,0.6,0.6,0.6,0.6,10000
HCN,20040109,1.07,1.07,1.07,1.07,2200
HCY,20040109,0.033,0.039,0.033,0.037,10535391
HDN,20040109,0.16,0.16,0.135,0.15,345822
HDR,20040109,0.98,1.01,0.98,1,5401739
HEG,20040109,0.245,0.245,0.245,0.245,8000
HER,20040109,0.78,0.8,0.78,0.79,111905
HGL,20040109,0.08,0.08,0.08,0.08,40000
HGO,20040109,0.17,0.17,0.17,0.17,130500
HHG,20040109,1.02,1.05,1,1.05,54261306
HHL,20040109,5.9,5.9,5.9,5.9,150
HHM,20040109,0.33,0.33,0.32,0.33,137100
HIC,20040109,0.61,0.62,0.61,0.62,79000
HIG,20040109,0.475,0.475,0.46,0.465,1663007
HII,20040109,0.12,0.125,0.12,0.125,853266
HIL,20040109,3.69,3.7,3.68,3.69,74448
HJB,20040109,0.38,0.38,0.38,0.38,25000
HLD,20040109,0.54,0.55,0.54,0.55,107236
HLT,20040109,0.43,0.43,0.43,0.43,1957
HLX,20040109,0.245,0.25,0.24,0.25,21000
HLY,20040109,6.55,6.55,6.41,6.41,78737
HMC,20040109,0.038,0.039,0.038,0.038,290000
HME,20040109,4.81,4.85,4.81,4.81,3063
HNG,20040109,1.72,1.73,1.71,1.72,12932
HNR,20040109,0.225,0.24,0.225,0.235,300000
HOM,20040109,0.38,0.38,0.38,0.38,10000
HPX,20040109,1.55,1.56,1.54,1.55,96346
HRD,20040109,0.46,0.46,0.45,0.45,88960
HRR,20040109,0.18,0.18,0.18,0.18,5000
HSN,20040109,0.23,0.23,0.23,0.23,43000
HSP,20040109,2.99,2.99,2.95,2.95,75846
HTA,20040109,0.29,0.29,0.285,0.285,254779
HTE,20040109,0.058,0.058,0.058,0.058,37372
HTL,20040109,0.16,0.165,0.16,0.165,115000
HVN,20040109,2.85,2.85,2.78,2.79,4653925
HWE,20040109,1.01,1.03,0.96,1.02,2560558
HWG,20040109,0.12,0.12,0.12,0.12,25000
HWI,20040109,2.57,2.57,2.54,2.56,22258
HWT,20040109,1.48,1.5,1.47,1.48,38500
HWW,20040109,0.15,0.15,0.14,0.14,39500
HYO,20040109,0.115,0.12,0.115,0.12,20940
HZG,20040109,0.05,0.05,0.05,0.05,9480
HZN,20040109,0.12,0.12,0.115,0.12,273000
IAG,20040109,4.25,4.25,4.21,4.24,4986075
IAS,20040109,0.86,0.87,0.84,0.84,270988
IBC,20040109,0.55,0.55,0.54,0.54,53474
ICE,20040109,0.02,0.021,0.02,0.021,394465
ICH,20040109,0.045,0.045,0.045,0.045,125000
ICN,20040109,0.029,0.031,0.027,0.027,535600
ICP,20040109,0.09,0.092,0.09,0.09,300000
ICS,20040109,0.455,0.455,0.455,0.455,15000
IDT,20040109,2.19,2.22,2.18,2.2,51348
IFL,20040109,4.4,4.44,4.36,4.36,82878
IFM,20040109,0.86,0.86,0.84,0.84,519465
IGL,20040109,0.34,0.34,0.335,0.335,51180
IGO,20040109,1.17,1.22,1.17,1.18,113800
IGP,20040109,2.7,2.7,2.7,2.7,26070
IHG,20040109,0.435,0.44,0.43,0.44,91394
IIF,20040109,1.76,1.77,1.75,1.77,2424443
IIN,20040109,2.99,2.99,2.96,2.98,48705
ILU,20040109,4.34,4.36,4.25,4.27,370134
IMA,20040109,0.315,0.315,0.3,0.315,347100
IMD,20040109,0.215,0.22,0.215,0.22,235900
IMF,20040109,0.8,0.8,0.79,0.79,22470
IMH,20040109,0.24,0.24,0.24,0.24,96800
IMU,20040109,0.26,0.26,0.255,0.26,292167
IMW,20040109,0.014,0.014,0.014,0.014,304057
INL,20040109,0.13,0.13,0.125,0.125,491932
INP,20040109,0.33,0.345,0.32,0.345,648666
INT,20040109,0.059,0.059,0.052,0.056,4854058
IOC,20040109,3.25,3.33,3.25,3.33,19911
IOF,20040109,1.18,1.18,1.17,1.17,408276
ION,20040109,2.4,2.45,2.4,2.44,778841
IPG,20040109,1.97,1.98,1.96,1.97,8106306
IPL,20040109,16,16.01,16,16,6336
IPN,20040109,0.048,0.048,0.048,0.048,114096
IPS,20040109,1.03,1.06,1.03,1.06,34000
IRC,20040109,0.083,0.09,0.083,0.09,215883
IRE,20040109,2.59,2.7,2.59,2.65,210332
IRI,20040109,0.21,0.22,0.21,0.22,184497
IRN,20040109,0.46,0.47,0.455,0.46,209000
ITC,20040109,0.052,0.055,0.05,0.052,413000
ITD,20040109,0.6,0.61,0.6,0.61,234000
ITE,20040109,0.29,0.29,0.285,0.285,354059
IVC,20040109,2.16,2.16,2.14,2.14,339528
IVK,20040109,0.029,0.029,0.029,0.029,383000
IWF,20040109,1.74,1.74,1.74,1.74,25400
IWI,20040109,1.82,1.83,1.82,1.82,15200
IWL,20040109,0.315,0.325,0.31,0.325,123659
JAK,20040109,0.23,0.23,0.23,0.23,56000
JBH,20040109,2.32,2.33,2.3,2.32,133586
JBM,20040109,4.36,4.42,4.33,4.33,415376
JDV,20040109,0.5,0.5,0.5,0.5,20000
JET,20040109,0.29,0.29,0.285,0.29,140344
JFG,20040109,2.94,2.95,2.92,2.92,62743
JFM,20040109,1.11,1.11,1.1,1.11,68734
JHX,20040109,6.55,6.57,6.45,6.5,2888721
JRV,20040109,0.014,0.015,0.014,0.015,500000
JUM,20040109,0.02,0.022,0.02,0.021,2473000
JWM,20040109,0.09,0.09,0.08,0.08,27229
KAZ,20040109,0.275,0.28,0.275,0.275,1379010
KBO,20040109,0.095,0.105,0.094,0.105,1570353
KCG,20040109,0.077,0.09,0.077,0.09,1242047
KCN,20040109,3.77,3.87,3.77,3.86,102740
KIA,20040109,0.74,0.76,0.74,0.76,45229
KIM,20040109,0.98,1,0.98,0.99,1014189
KLS,20040109,0.026,0.027,0.026,0.027,2100000
KME,20040109,1.49,1.49,1.46,1.46,33900
KMN,20040109,0.028,0.028,0.028,0.028,7000
KNH,20040109,0.24,0.24,0.24,0.24,20000
KRS,20040109,0.62,0.64,0.62,0.64,361999
KSC,20040109,2.75,2.77,2.75,2.76,31018
KYC,20040109,1.4,1.43,1.4,1.43,109000
KZL,20040109,1.06,1.06,1.04,1.04,254411
LAF,20040109,0.13,0.13,0.13,0.13,1290423
LAK,20040109,0.145,0.15,0.145,0.15,207000
LAL,20040109,0.082,0.088,0.082,0.085,56100
LAS,20040109,0.095,0.095,0.095,0.095,400
LAU,20040109,0.46,0.46,0.45,0.46,221500
LCL,20040109,0.85,0.87,0.85,0.85,163892
LCP,20040109,0.68,0.68,0.68,0.68,121927
LEG,20040109,0.135,0.145,0.135,0.14,1705491
LEI,20040109,11.67,11.76,11.65,11.69,366632
LEP,20040109,1.1,1.11,1.1,1.1,173369
LGO,20040109,0.023,0.023,0.023,0.023,252000
LHG,20040109,1.53,1.54,1.52,1.54,3891754
LIM,20040109,8.09,8.1,8,8.07,12801
LIO,20040109,0.005,0.005,0.005,0.005,3126800
LKO,20040109,0.066,0.067,0.062,0.065,43002699
LKP,20040109,0.049,0.049,0.049,0.049,10000
LLC,20040109,10.39,10.51,10.34,10.45,1464660
LMC,20040109,2.36,2.36,2.36,2.36,14894
LMG,20040109,0.036,0.036,0.036,0.036,155800
LMW,20040109,0.7,0.7,0.7,0.7,7700
LNN,20040109,6.05,6.1,6,6,761611
LOK,20040109,0.11,0.115,0.11,0.11,2751483
LRL,20040109,0.32,0.32,0.32,0.32,3276
LRX,20040109,0.15,0.15,0.15,0.15,35060
LSG,20040109,2.27,2.27,2.23,2.25,100816
LUM,20040109,0.51,0.53,0.51,0.51,536261
LYC,20040109,0.49,0.495,0.475,0.49,230030
MAA,20040109,0.385,0.39,0.37,0.375,37331
MAG,20040109,1.26,1.26,1.26,1.26,1152
MAH,20040109,0.33,0.345,0.325,0.345,21317375
MAP,20040109,1.75,1.76,1.74,1.75,1764406
MAQ,20040109,0.2,0.2,0.195,0.195,147500
MAR,20040109,0.21,0.21,0.21,0.21,38919
MAY,20040109,3.26,3.35,3.24,3.35,3866319
MBG,20040109,0.047,0.048,0.047,0.048,240000
MBL,20040109,34.34,34.65,34.29,34.44,472098
MBP,20040109,1.05,1.07,1.05,1.07,104061
MBX,20040109,0.09,0.091,0.085,0.085,110500
MCA,20040109,0.7,0.7,0.69,0.69,25600
MCC,20040109,1.42,1.42,1.4,1.42,446507
MCG,20040109,3.15,3.17,3.1,3.11,223276
MCL,20040109,0.011,0.011,0.01,0.01,250000
MCP,20040109,4.36,4.49,4.36,4.48,19772
MCR,20040109,0.86,0.88,0.86,0.86,560854
MCW,20040109,1.69,1.71,1.69,1.7,3109708
MDE,20040109,1.24,1.25,1.23,1.25,87499
MDL,20040109,0.28,0.28,0.28,0.28,4444
MDM,20040109,0.06,0.061,0.06,0.06,89000
MDS,20040109,0.225,0.235,0.22,0.235,475673
MDT,20040109,0.95,0.95,0.94,0.94,838668
MEE,20040109,0.105,0.11,0.1,0.11,465000
MEO,20040109,0.24,0.24,0.225,0.225,270549
MFI,20040109,1.2,1.2,1.2,1.2,17000
MFS,20040109,1.5,1.5,1.5,1.5,35100
MFT,20040109,0.86,0.87,0.86,0.87,38392
MGI,20040109,1.68,1.7,1.68,1.69,3807235
MGM,20040109,2.92,3,2.9,2.97,37540
MGR,20040109,4.38,4.45,4.38,4.43,1050568
MGW,20040109,4.95,4.95,4.87,4.89,390974
MGX,20040109,0.2,0.205,0.2,0.2,661213
MIA,20040109,0.74,0.74,0.73,0.74,318225
MIC,20040109,0.135,0.135,0.13,0.13,391230
MIG,20040109,3.22,3.23,3.18,3.18,7963244
MIK,20040109,0.059,0.059,0.059,0.059,10200
MIL,20040109,0.052,0.055,0.052,0.053,842383
MIR,20040109,1.27,1.27,1.26,1.27,37000
MIS,20040109,0.45,0.51,0.45,0.5,129587
MLB,20040109,0.57,0.58,0.57,0.58,20286
MLE,20040109,0.98,0.98,0.97,0.97,88798
MLT,20040109,13.68,13.7,13.61,13.65,8506
MMA,20040109,0.93,0.93,0.92,0.93,239503
MML,20040109,0.44,0.48,0.435,0.47,293059
MMN,20040109,0.23,0.23,0.22,0.225,615294
MND,20040109,4.63,4.68,4.63,4.68,4654
MNR,20040109,1.27,1.34,1.27,1.33,1470911
MOD,20040109,0.35,0.35,0.34,0.34,50113
MOF,20040109,1.17,1.17,1.16,1.17,461700
MOO,20040109,0.1,0.1,0.1,0.1,25000
MOS,20040109,0.215,0.215,0.21,0.215,2346274
MPD,20040109,0.22,0.22,0.2,0.2,108500
MPH,20040109,0.5,0.5,0.485,0.5,82100
MPI,20040109,0.135,0.135,0.135,0.135,202500
MPM,20040109,1.72,1.73,1.67,1.7,103413
MPO,20040109,0.063,0.063,0.063,0.063,50000
MPR,20040109,1.02,1.03,1.02,1.02,1331726
MPY,20040109,0.18,0.19,0.18,0.19,61651
MRC,20040109,0.305,0.31,0.3,0.31,80123
MRE,20040109,2.8,2.87,2.8,2.86,200757
MRL,20040109,1.73,1.74,1.71,1.71,277841
MRM,20040109,0.405,0.41,0.4,0.41,110685
MRS,20040109,0.33,0.33,0.32,0.32,20000
MRX,20040109,0.098,0.099,0.096,0.096,2312450
MRY,20040109,0.008,0.008,0.008,0.008,500000
MSC,20040109,0.135,0.14,0.135,0.135,929164
MSF,20040109,5.8,5.8,5.8,5.8,500
MST,20040109,0.445,0.445,0.44,0.44,116623
MSX,20040109,1.1,1.15,1.1,1.15,7500
MTB,20040109,0.13,0.14,0.13,0.14,120000
MTH,20040109,0.42,0.42,0.415,0.415,43000
MTI,20040109,0.59,0.6,0.57,0.6,229540
MTR,20040109,0.3,0.3,0.295,0.3,97000
MTT,20040109,2.71,2.72,2.68,2.69,3993376
MUL,20040109,0.081,0.086,0.078,0.08,86632954
MUR,20040109,0.028,0.028,0.026,0.026,75000
MVP,20040109,0.48,0.495,0.48,0.495,496500
MWE,20040109,0.255,0.27,0.235,0.235,687961
MXI,20040109,0.93,0.95,0.92,0.92,816451
MXL,20040109,0.145,0.145,0.135,0.14,2185280
MYO,20040109,1.05,1.05,1.03,1.03,27820
NAB,20040109,30.15,30.24,30.1,30.17,5324065
NAI,20040109,0.046,0.046,0.045,0.045,65000
NAL,20040109,1.4,1.4,1.36,1.39,65366
NAM,20040109,0.405,0.41,0.4,0.41,61000
NAV,20040109,0.155,0.155,0.15,0.15,124000
NCA,20040109,0.05,0.056,0.05,0.056,510000
NCM,20040109,12.96,13.07,12.6,12.71,1286992
NCP,20040109,11.83,11.86,11.74,11.75,6005855
NDC,20040109,0.225,0.235,0.225,0.235,467243
NDO,20040109,0.013,0.013,0.013,0.013,630000
NEM,20040109,6.15,6.25,6.14,6.23,61594
NFD,20040109,4.45,4.46,4.4,4.4,213882
NHC,20040109,0.65,0.66,0.65,0.66,3509937
NHE,20040109,0.15,0.15,0.15,0.15,50000
NHL,20040109,0.17,0.19,0.165,0.18,195760
NHM,20040109,0.01,0.011,0.01,0.011,565000
NHR,20040109,0.4,0.41,0.39,0.405,321120
NIA,20040109,0.082,0.082,0.078,0.08,718250
NIQ,20040109,0.305,0.305,0.3,0.305,198173
NKL,20040109,0.33,0.33,0.31,0.315,523211
NKP,20040109,0.94,0.95,0.94,0.95,32222
NLX,20040109,0.34,0.36,0.34,0.36,9799263
NNG,20040109,0.32,0.33,0.32,0.33,36360
NOL,20040109,0.2,0.2,0.2,0.2,169303
NRL,20040109,0.04,0.04,0.04,0.04,2000
NRT,20040109,7.52,7.6,7.36,7.49,64699
NST,20040109,0.22,0.22,0.21,0.21,218050
NTC,20040109,0.24,0.24,0.24,0.24,13260
NTG,20040109,0.07,0.071,0.07,0.07,52000
NUF,20040109,5.31,5.35,5.3,5.33,83066
NVE,20040109,0.37,0.37,0.34,0.34,47933
NVS,20040109,1.84,1.86,1.83,1.85,262389
NWA,20040109,0.08,0.08,0.08,0.08,65000
NWE,20040109,0.058,0.062,0.054,0.054,7675539
NXS,20040109,0.135,0.15,0.135,0.15,2551605
OCL,20040109,0.305,0.305,0.305,0.305,9000
OCO,20040109,0.027,0.028,0.027,0.027,3397861
OEC,20040109,0.19,0.19,0.18,0.18,821685
OEX,20040109,0.26,0.285,0.26,0.285,122600
OFM,20040109,2.05,2.05,2.01,2.01,26541
OIL,20040109,0.39,0.4,0.39,0.4,13450
OKN,20040109,1.25,1.25,1.25,1.25,11200
OLE,20040109,0.13,0.13,0.125,0.13,197500
OLH,20040109,0.78,0.78,0.77,0.77,7313
OMH,20040109,0.78,0.79,0.78,0.78,41617
OMI,20040109,3.26,3.27,3.25,3.26,11479
OMP,20040109,3.3,3.3,3.25,3.25,36274
OPI,20040109,0.21,0.21,0.21,0.21,10000
OPM,20040109,0.012,0.013,0.011,0.013,57498984
ORG,20040109,5.1,5.12,5.09,5.12,1146211
ORI,20040109,13.64,13.64,13.47,13.5,402918
ORL,20040109,2.8,2.8,2.64,2.64,3879
ORO,20040109,0.17,0.175,0.155,0.175,1017753
ORP,20040109,0.026,0.026,0.025,0.026,1412754
ORT,20040109,0.14,0.14,0.14,0.14,73998
OSH,20040109,1.1,1.13,1.09,1.11,4948588
OST,20040109,1.93,1.95,1.92,1.92,2670058
OXR,20040109,1.08,1.1,1.08,1.08,1673394
PAO,20040109,1.2,1.2,1.18,1.19,2913501
PBB,20040109,4.26,4.27,4.24,4.25,230480
PBD,20040109,1.24,1.26,1.24,1.26,21600
PBI,20040109,0.325,0.325,0.32,0.32,6000
PBL,20040109,12.47,12.5,12.28,12.32,377849
PBO,20040109,0.58,0.58,0.58,0.58,17500
PBT,20040109,0.6,0.6,0.58,0.6,61495
PCG,20040109,0.38,0.4,0.38,0.4,2254580
PCL,20040109,0.089,0.094,0.089,0.091,2641983
PCO,20040109,0.045,0.055,0.045,0.05,816000
PDG,20040109,23.3,23.3,23,23.2,7188
PDM,20040109,0.165,0.165,0.16,0.16,8000
PDN,20040109,0.049,0.049,0.041,0.041,544500
PDR,20040109,0.105,0.105,0.105,0.105,38500
PEL,20040109,0.092,0.11,0.092,0.11,758750
PEM,20040109,1.34,1.34,1.28,1.3,286983
PEP,20040109,0.84,0.84,0.83,0.83,2000
PGL,20040109,1.55,1.55,1.53,1.54,19821
PHI,20040109,0.37,0.37,0.37,0.37,10000
PHL,20040109,0.091,0.091,0.089,0.089,70000
PHY,20040109,3.07,3.07,3.04,3.04,26378
PIE,20040109,0.052,0.055,0.052,0.055,583000
PIF,20040109,1.1,1.1,1.09,1.1,308140
PIL,20040109,0.19,0.205,0.19,0.205,79864
PIO,20040109,0.17,0.17,0.165,0.165,83111
PIV,20040109,1.37,1.38,1.37,1.38,37500
PKT,20040109,0.022,0.022,0.022,0.022,50000
PLA,20040109,0.215,0.22,0.215,0.22,51900
PLF,20040109,2.76,2.77,2.76,2.76,18706
PLT,20040109,0.75,0.76,0.73,0.73,100820
PLW,20040109,3.7,3.7,3.7,3.7,1000
PLX,20040109,0.065,0.065,0.065,0.065,3615
PMC,20040109,2.3,2.33,2.3,2.32,79947
PME,20040109,0.84,0.84,0.83,0.83,32031
PMG,20040109,7.86,8.1,7.86,8,12173
PMM,20040109,1.36,1.38,1.36,1.37,1115075
PMN,20040109,3.25,3.28,3.23,3.28,2834666
PMP,20040109,1.4,1.4,1.35,1.36,490917
PMX,20040109,0.145,0.145,0.145,0.145,5000
PNA,20040109,0.2,0.205,0.2,0.2,958750
PPD,20040109,0.82,0.83,0.82,0.82,123210
PPK,20040109,0.98,0.98,0.97,0.98,22340
PPP,20040109,0.1,0.1,0.1,0.1,50000
PPT,20040109,41.8,42.03,41.48,41.48,41861
PPX,20040109,4.56,4.56,4.47,4.47,3426087
PQB,20040109,0.33,0.34,0.32,0.34,25000
PRE,20040109,0.019,0.019,0.019,0.019,110000
PRG,20040109,2.6,2.63,2.6,2.6,37033
PRK,20040109,15.2,15.25,15.12,15.15,448984
PRR,20040109,0.305,0.305,0.305,0.305,5000
PRT,20040109,2.58,2.58,2.53,2.53,30095
PRV,20040109,0.93,0.93,0.93,0.93,392438
PRX,20040109,0.79,0.8,0.78,0.78,460294
PRY,20040109,5.01,5.01,5.01,5.01,1700
PSA,20040109,1.23,1.35,1.22,1.28,878902
PSD,20040109,0.62,0.63,0.6,0.61,1443091
PSG,20040109,0.32,0.32,0.32,0.32,54100
PSI,20040109,0.24,0.24,0.24,0.24,134052
PSL,20040109,0.053,0.055,0.052,0.053,105575
PSP,20040109,0.2,0.21,0.2,0.21,111657
PSV,20040109,0.35,0.37,0.35,0.355,7934468
PSX,20040109,0.255,0.255,0.245,0.25,72003
PTD,20040109,1.87,1.87,1.84,1.85,487434
PWR,20040109,0.045,0.046,0.045,0.046,1976000
PWT,20040109,0.041,0.043,0.04,0.041,33094136
QAD,20040109,0.051,0.054,0.051,0.051,594711
QAN,20040109,3.36,3.39,3.35,3.39,6743099
QBE,20040109,10.3,10.31,10.08,10.1,3182163
QCH,20040109,3.3,3.3,3.27,3.29,10250
QED,20040109,0.03,0.035,0.03,0.035,85193
QGC,20040109,0.185,0.185,0.185,0.185,65756
QML,20040109,0.14,0.14,0.14,0.14,2194
QPX,20040109,0.49,0.49,0.485,0.485,22000
QRS,20040109,0.14,0.145,0.14,0.14,546581
QTI,20040109,0.415,0.415,0.415,0.415,225000
QTK,20040109,0.003,0.003,0.002,0.002,202003
QTM,20040109,0.435,0.435,0.42,0.435,52815
QUE,20040109,0.23,0.24,0.23,0.24,28000
QVL,20040109,0.01,0.011,0.01,0.011,1201000
RAC,20040109,0.435,0.445,0.435,0.44,385000
RBK,20040109,0.79,0.79,0.75,0.75,122098
RBS,20040109,6.81,6.81,6.76,6.76,7042
RBY,20040109,0.26,0.265,0.245,0.25,1682050
RCD,20040109,3.39,3.42,3.38,3.41,171391
RCL,20040109,2.56,2.61,2.56,2.61,871798
RCM,20040109,0.145,0.145,0.145,0.145,14800
RCR,20040109,0.435,0.44,0.435,0.44,113256
RCT,20040109,2.01,2.01,2,2,900
RDF,20040109,1.45,1.45,1.37,1.4,239065
RDM,20040109,0.345,0.355,0.345,0.345,264938
RDR,20040109,0.275,0.28,0.275,0.28,191500
REA,20040109,0.6,0.6,0.59,0.59,82000
REB,20040109,2.8,2.8,2.79,2.79,52237
RED,20040109,0.235,0.26,0.235,0.255,4748638
REH,20040109,7.5,7.5,7.5,7.5,1000
REL,20040109,0.13,0.13,0.13,0.13,141200
REM,20040109,0.71,0.71,0.68,0.68,98672
RFS,20040109,0.24,0.24,0.235,0.235,68000
RHC,20040109,4.76,4.76,4.7,4.75,201163
RHD,20040109,0.68,0.68,0.67,0.67,67765
RHL,20040109,3.6,3.6,3.6,3.6,8600
RHT,20040109,0.27,0.27,0.25,0.25,660428
RIC,20040109,1.23,1.24,1.22,1.22,436331
RIM,20040109,0.038,0.038,0.038,0.038,50000
RIN,20040109,6.5,6.5,6.33,6.34,3376392
RIO,20040109,37.28,37.28,36.8,36.85,1181417
RKN,20040109,0.71,0.71,0.69,0.7,282589
RLD,20040109,0.115,0.115,0.115,0.115,5000
RMD,20040109,5.4,5.4,5.3,5.3,220975
RMG,20040109,0.053,0.057,0.053,0.056,3594394
RMI,20040109,0.009,0.009,0.008,0.008,10140000
RML,20040109,0.065,0.065,0.065,0.065,11800
RMS,20040109,0.125,0.125,0.125,0.125,12000
RND,20040109,0.54,0.54,0.5,0.5,39400
RNG,20040109,0.345,0.355,0.345,0.345,352672
ROC,20040109,1.53,1.55,1.53,1.53,325621
ROK,20040109,3.4,3.45,3.4,3.45,930
RPC,20040109,0.435,0.46,0.435,0.46,479802
RPD,20040109,0.36,0.36,0.36,0.36,120801
RPG,20040109,0.345,0.345,0.345,0.345,4000
RPH,20040109,1.13,1.13,1.12,1.12,6359361
RPM,20040109,0.072,0.072,0.067,0.067,437244
RRS,20040109,0.045,0.045,0.041,0.042,1454182
RSG,20040109,1.37,1.37,1.31,1.35,63106
RSN,20040109,0.07,0.07,0.067,0.067,368754
RTL,20040109,0.435,0.44,0.425,0.44,364177
RTM,20040109,0.054,0.054,0.051,0.051,212444
RUP,20040109,7.1,7.15,7.1,7.15,11900
SAI,20040109,1.59,1.63,1.59,1.61,1896060
SAQ,20040109,4.98,4.98,4.91,4.91,11902
SBC,20040109,10.75,10.75,10.65,10.7,25697
SBM,20040109,0.069,0.069,0.068,0.068,293500
SBP,20040109,0.17,0.17,0.17,0.17,65813
SBR,20040109,0.095,0.125,0.095,0.125,9022
SBS,20040109,0.11,0.115,0.105,0.115,881785
SCD,20040109,0.027,0.027,0.027,0.027,20150
SCE,20040109,0.026,0.027,0.026,0.026,252400
SCF,20040109,110,110.8,110,110.8,860
SDG,20040109,1.16,1.16,1.14,1.15,68406
SDI,20040109,11.9,11.9,11.63,11.7,37131
SDL,20040109,0.023,0.023,0.021,0.021,3785448
SDS,20040109,0.67,0.67,0.67,0.67,50000
SED,20040109,0.27,0.27,0.26,0.26,302208
SEL,20040109,0.9,0.91,0.9,0.9,30260
SEN,20040109,0.056,0.058,0.054,0.056,177500
SES,20040109,0.2,0.205,0.2,0.205,15025
SEV,20040109,6.05,6.07,5.99,6,230431
SFC,20040109,14,14,13.96,14,8067
SFE,20040109,5.46,5.59,5.45,5.51,289692
SFY,20040109,33.48,33.48,33.48,33.48,294
SGB,20040109,20.15,20.18,20.05,20.1,568077
SGL,20040109,0.84,0.85,0.83,0.84,167150
SGN,20040109,3.28,3.33,3.28,3.29,105910
SGP,20040109,5.28,5.31,5.27,5.28,4006908
SGS,20040109,1.24,1.24,1.24,1.24,5000
SGT,20040109,1.51,1.52,1.5,1.51,4349841
SGW,20040109,3.74,3.81,3.74,3.8,829378
SGX,20040109,2.9,2.9,2.87,2.89,196100
SHG,20040109,0.31,0.31,0.3,0.3,36500
SHL,20040109,7.1,7.1,7.06,7.08,280725
SHN,20040109,0.094,0.098,0.094,0.096,9937889
SHV,20040109,6,6.15,6,6.15,95901
SIB,20040109,0.51,0.51,0.49,0.51,172900
SIE,20040109,0.076,0.077,0.076,0.076,271800
SIG,20040109,6.92,7.08,6.92,7.05,214358
SIU,20040109,0.36,0.36,0.36,0.36,6400
SKE,20040109,2.55,2.55,2.5,2.5,156102
SKG,20040109,0.067,0.067,0.066,0.067,273413
SKR,20040109,0.058,0.058,0.057,0.058,1035000
SKY,20040109,0.4,0.4,0.4,0.4,5000
SLA,20040109,0.165,0.17,0.165,0.17,32210
SLF,20040109,15,15,14.91,14.99,3985
SLM,20040109,3.26,3.26,3.2,3.21,10829
SLT,20040109,0.49,0.54,0.49,0.54,53808
SLV,20040109,0.38,0.4,0.38,0.4,100000
SLX,20040109,0.76,0.8,0.76,0.78,229071
SMA,20040109,0.017,0.019,0.016,0.016,721998
SMC,20040109,0.315,0.315,0.305,0.315,142800
SML,20040109,0.065,0.068,0.065,0.068,397158
SMO,20040109,0.056,0.064,0.056,0.064,2926732
SMS,20040109,10.78,10.78,10.72,10.74,136521
SMX,20040109,0.255,0.26,0.25,0.255,938043
SMY,20040109,0.84,0.84,0.79,0.8,1156056
SNL,20040109,0.46,0.46,0.42,0.42,34000
SNN,20040109,0.22,0.225,0.215,0.215,223000
SNO,20040109,0.25,0.25,0.25,0.25,48333
SOH,20040109,0.66,0.67,0.66,0.66,92000
SOL,20040109,6.45,6.45,6.4,6.4,44474
SOT,20040109,1.3,1.3,1.28,1.28,10275
SOU,20040109,0.032,0.032,0.032,0.032,20000
SPC,20040109,1.35,1.35,1.31,1.31,385210
SPL,20040109,0.66,0.67,0.65,0.65,129000
SPT,20040109,4.52,4.59,4.5,4.55,106875
SRA,20040109,0.11,0.115,0.11,0.115,663097
SRI,20040109,0.235,0.235,0.225,0.23,1641872
SRL,20040109,1.09,1.11,1.08,1.1,259960
SRP,20040109,2.67,2.68,2.64,2.65,2033018
SRV,20040109,2,2,2,2,2450
SRX,20040109,4.17,4.17,4.07,4.17,50730
SSH,20040109,0.081,0.081,0.08,0.08,21000
SSR,20040109,0.86,0.86,0.85,0.85,182782
SSS,20040109,3.1,3.14,3.1,3.14,6829
SSX,20040109,1.04,1.04,1.03,1.03,1446933
STB,20040109,0.225,0.23,0.22,0.22,382500
STE,20040109,0.105,0.105,0.105,0.105,35000
STO,20040109,6.5,6.59,6.5,6.52,2410851
STP,20040109,0.12,0.125,0.12,0.125,270000
STS,20040109,0.48,0.48,0.48,0.48,35500
STT,20040109,0.017,0.017,0.017,0.017,101600
STU,20040109,0.67,0.67,0.67,0.67,27125
STW,20040109,33.37,33.42,33.27,33.27,422260
SUN,20040109,12.31,12.39,12.3,12.3,1339683
SUR,20040109,0.105,0.105,0.105,0.105,180000
SWG,20040109,0.056,0.057,0.055,0.055,285000
SWT,20040109,0.13,0.135,0.13,0.13,826923
SYG,20040109,0.009,0.009,0.008,0.008,106495
SYM,20040109,1.29,1.3,1.29,1.3,23070
TAA,20040109,0.079,0.079,0.076,0.076,175000
TAB,20040109,4.55,4.61,4.55,4.6,4431389
TAG,20040109,0.11,0.125,0.11,0.125,84003
TAH,20040109,11.3,11.31,11.25,11.29,883222
TAI,20040109,0.052,0.052,0.05,0.05,536500
TAM,20040109,0.23,0.235,0.225,0.225,159100
TAN,20040109,1.44,1.44,1.44,1.44,10000
TAP,20040109,1.58,1.58,1.53,1.57,882134
TAS,20040109,0.125,0.135,0.125,0.135,387924
TAT,20040109,0.34,0.34,0.34,0.34,29150
TAW,20040109,1.59,1.63,1.58,1.63,114091
TBC,20040109,0.19,0.19,0.19,0.19,82513
TBR,20040109,0.97,0.97,0.95,0.95,26300
TCL,20040109,4.33,4.35,4.31,4.34,4566891
TEE,20040109,0.053,0.053,0.053,0.053,20000
TEL,20040109,4.71,4.73,4.69,4.71,1210480
TEM,20040109,1.48,1.48,1.47,1.47,143904
TEN,20040109,2.78,2.78,2.77,2.78,323180
TFS,20040109,0.095,0.1,0.095,0.1,107100
TGD,20040109,0.15,0.16,0.15,0.15,14894
TGF,20040109,0.285,0.29,0.285,0.29,123677
TGG,20040109,1.1,1.12,1.1,1.12,91000
TGR,20040109,0.74,0.75,0.72,0.74,71758
TGS,20040109,0.07,0.07,0.07,0.07,48000
THG,20040109,0.64,0.64,0.63,0.63,14237
THX,20040109,0.52,0.53,0.52,0.52,29500
TIF,20040109,0.405,0.405,0.38,0.405,310581
TIL,20040109,0.16,0.16,0.16,0.16,45000
TIM,20040109,1.27,1.27,1.24,1.25,310120
TIR,20040109,0.485,0.5,0.485,0.49,704228
TKG,20040109,0.011,0.013,0.01,0.012,22898922
TKL,20040109,0.265,0.265,0.265,0.265,10000
TKR,20040109,1.86,1.88,1.86,1.88,15075
TLS,20040109,4.96,5.01,4.96,4.98,24030201
TLT,20040109,0.65,0.65,0.65,0.65,7710
TMO,20040109,0.43,0.43,0.425,0.425,58700
TMS,20040109,0.05,0.055,0.048,0.052,19432184
TNC,20040109,0.235,0.235,0.235,0.235,62439
TNE,20040109,0.485,0.49,0.485,0.485,174490
TOL,20040109,8.6,8.7,8.6,8.65,935919
TOR,20040109,1.36,1.4,1.36,1.4,32248
TOX,20040109,0.017,0.017,0.017,0.017,50000
TRG,20040109,7.17,7.3,6.94,6.94,33383
TRO,20040109,0.22,0.25,0.22,0.24,2176550
TRU,20040109,8.02,8.05,8.02,8.05,5000
TRY,20040109,1.77,1.77,1.76,1.76,10259
TSE,20040109,4.47,4.47,4.41,4.45,1956652
TST,20040109,0.16,0.16,0.16,0.16,50000
TTH,20040109,0.16,0.16,0.16,0.16,146
TTR,20040109,0.27,0.27,0.265,0.265,881862
TTT,20040109,0.74,0.76,0.74,0.74,435700
TVL,20040109,0.14,0.14,0.13,0.13,7900
TWD,20040109,1.75,1.75,1.75,1.75,1711
TWR,20040109,1.16,1.17,1.15,1.17,1010635
TYC,20040109,0.43,0.445,0.43,0.44,663408
TZN,20040109,0.22,0.22,0.22,0.22,220000
UCL,20040109,0.027,0.031,0.027,0.029,2915981
UCM,20040109,2.25,2.27,2.25,2.26,33000
UEC,20040109,0.375,0.385,0.375,0.385,514101
UGL,20040109,4.35,4.45,4.35,4.45,416448
UNI,20040109,2.3,2.3,2.18,2.2,157598
UNW,20040109,0.76,0.78,0.75,0.78,110776
URL,20040109,0.14,0.145,0.14,0.14,162000
UTB,20040109,6.42,6.42,6.33,6.34,348563
UXC,20040109,0.83,0.84,0.83,0.84,95614
VBA,20040109,2.48,2.59,2.48,2.59,9454680
VCR,20040109,2.02,2.02,1.99,2.01,279474
VGL,20040109,1.36,1.42,1.36,1.42,89377
VHL,20040109,0.29,0.295,0.285,0.285,82500
VIT,20040109,0.22,0.22,0.205,0.215,511889
VKI,20040109,0.45,0.45,0.45,0.45,10000
VLL,20040109,1.46,1.52,1.46,1.52,233455
VOY,20040109,0.24,0.245,0.24,0.24,34631
VPE,20040109,0.018,0.018,0.016,0.016,4639632
VPG,20040109,1,1,1,1,125852
VRE,20040109,0.1,0.105,0.1,0.1,2539932
VRI,20040109,0.19,0.19,0.185,0.19,349180
VRL,20040109,1.88,1.9,1.88,1.9,121084
VSG,20040109,0.071,0.071,0.07,0.07,340000
VSL,20040109,0.91,0.92,0.9,0.91,220925
VTI,20040109,0.52,0.52,0.51,0.52,523920
VWD,20040109,1.28,1.28,1.25,1.25,49750
VXS,20040109,0.07,0.07,0.07,0.07,130000
WAB,20040109,0.94,0.95,0.94,0.95,101588
WAG,20040109,0.18,0.18,0.18,0.18,29000
WAM,20040109,1.55,1.55,1.55,1.55,32293
WAN,20040109,6.65,6.65,6.6,6.6,69792
WAT,20040109,2.48,2.56,2.48,2.56,11071
WBA,20040109,0.55,0.55,0.55,0.55,22413
WBB,20040109,6.9,6.9,6.9,6.9,730
WBC,20040109,16.5,16.55,16.44,16.52,3324211
WDP,20040109,1.73,1.73,1.73,1.73,2000
WEB,20040109,0.04,0.043,0.04,0.042,874700
WES,20040109,27.45,28.03,27.45,28,1144186
WEZ,20040109,0.395,0.395,0.385,0.385,184224
WFA,20040109,1.85,1.85,1.82,1.83,14196093
WFL,20040109,2.24,2.25,2.24,2.25,8418
WFT,20040109,3.57,3.61,3.57,3.6,6876353
WHF,20040109,3.11,3.11,3.1,3.1,12900
WHS,20040109,4.64,4.68,4.64,4.68,13957
WIL,20040109,0.98,0.99,0.98,0.98,90700
WME,20040109,0.045,0.045,0.045,0.045,65000
WMG,20040109,0.4,0.42,0.4,0.405,419424
WML,20040109,0.175,0.18,0.175,0.18,6000
WMR,20040109,5.6,5.6,5.45,5.46,6327948
WOR,20040109,3.14,3.14,3.1,3.12,241776
WOW,20040109,11.97,11.99,11.86,11.9,2665735
WPL,20040109,15.02,15.05,14.82,14.89,1332131
WRF,20040109,0.2,0.2,0.18,0.18,42055
WSA,20040109,1.29,1.34,1.28,1.34,425450
WSF,20040109,13.59,13.69,13.56,13.63,586757
WSG,20040109,0.012,0.012,0.011,0.012,874500
WSY,20040109,0.029,0.029,0.029,0.029,1960
WTE,20040109,0.035,0.036,0.034,0.036,2842290
WTP,20040109,0.59,0.6,0.59,0.6,39296
WWA,20040109,0.82,0.84,0.82,0.84,15600
WWM,20040109,0.023,0.024,0.023,0.024,741644
WYL,20040109,3.86,3.87,3.85,3.85,268622
XAN,20040109,0.135,0.135,0.125,0.125,90953
XAO,20040109,3304.6,3319.5,3304.6,3307.1,0
XDJ,20040109,1936.3,1937.8,1921.2,1922.1,0
XEJ,20040109,5034.5,5060.8,5033.2,5042.4,0
XFJ,20040109,4057.2,4086.3,4056.8,4078.3,0
XFL,20040109,3293.2,3308.7,3293.2,3294,0
XHJ,20040109,3296.8,3314.1,3293.9,3311.9,0
XIJ,20040109,290,292.1,290,290.8,0
XJO,20040109,3297.9,3314.9,3297.9,3301.6,0
XKO,20040109,3304.1,3321,3304.1,3308,0
XMD,20040109,2956.1,2979.5,2956.1,2973.5,0
XMJ,20040109,5356,5389,5313.4,5313.4,0
XNJ,20040109,3632.9,3682,3632.9,3678.4,0
XPJ,20040109,1498.5,1508.3,1498.5,1505.7,0
XSJ,20040109,4375.7,4391.9,4356.7,4359.4,0
XSO,20040109,1889.2,1900.6,1889.2,1895.7,0
XTJ,20040109,1721,1741,1721,1731.5,0
XTL,20040109,1877,1886.4,1877,1878.5,0
XTO,20040109,2683.1,2696.6,2683.1,2685.7,0
XUJ,20040109,3641.6,3665.9,3641.6,3649.2,0
XXJ,20040109,4089.4,4119.8,4088.9,4111,0
YAM,20040109,0.014,0.014,0.014,0.014,1648350
YSF,20040109,0.84,0.84,0.84,0.84,1000
ZYL,20040109,0.013,0.014,0.013,0.014,1474449
