AAB,20040426,1.01,1.01,1.01,1.01,431
AAC,20040426,1.18,1.18,1.17,1.17,198288
AAM,20040426,0.57,0.57,0.57,0.57,3157
AAR,20040426,0.027,0.027,0.026,0.026,732750
AAT,20040426,0.295,0.295,0.295,0.295,40000
AAU,20040426,1.15,1.15,1.15,1.15,15865
ABB,20040426,6.25,6.27,6.25,6.27,2476
ABC,20040426,1.5,1.5,1.5,1.5,5106
ABP,20040426,1.15,1.15,1.14,1.14,56905
ABS,20040426,3.79,3.8,3.75,3.75,18077
ACF,20040426,1.04,1.04,1.04,1.04,21500
ACL,20040426,0.53,0.53,0.53,0.53,10000
ACU,20040426,0.405,0.46,0.39,0.46,2179314
ADA,20040426,0.66,0.66,0.66,0.66,8100
ADB,20040426,8.18,8.19,8.15,8.17,185518
ADM,20040426,0.09,0.09,0.09,0.09,20000
ADN,20040426,0.26,0.26,0.26,0.26,12000
ADS,20040426,0.085,0.085,0.085,0.085,316
ADT,20040426,1.69,1.69,1.69,1.69,3720
ADX,20040426,0.115,0.115,0.11,0.11,15000
ADY,20040426,0.033,0.034,0.033,0.034,480000
ADZ,20040426,1.55,1.56,1.55,1.56,40763
AEC,20040426,1.59,1.59,1.59,1.59,5000
AEI,20040426,1.67,1.67,1.63,1.65,62011
AEN,20040426,1.39,1.39,1.35,1.35,36370
AEO,20040426,1.35,1.37,1.34,1.34,17058
AES,20040426,0.062,0.062,0.05,0.05,438190
AET,20040426,0.59,0.59,0.59,0.59,3750
AEX,20040426,0.052,0.052,0.05,0.051,702957
AFI,20040426,3.26,3.26,3.25,3.25,117130
AFL,20040426,1,1,1,1,26800
AFT,20040426,0.043,0.053,0.043,0.051,22873380
AGG,20040426,9.27,9.35,9.25,9.27,198720
AGI,20040426,0.49,0.5,0.49,0.495,48265
AGL,20040426,11.74,11.84,11.72,11.76,171740
AGM,20040426,0.125,0.13,0.125,0.13,173966
AGS,20040426,0.036,0.036,0.036,0.036,29000
AGT,20040426,0.51,0.51,0.5,0.51,26000
AGX,20040426,0.9,0.91,0.9,0.91,234700
AGY,20040426,0.17,0.17,0.17,0.17,22400
AHD,20040426,3.47,3.47,3.45,3.45,4000
AHG,20040426,0.115,0.115,0.115,0.115,5000
AHS,20040426,0.92,0.92,0.91,0.92,20764
AIA,20040426,5.8,5.8,5.8,5.8,400
AIE,20040426,0.14,0.14,0.14,0.14,10000
AIM,20040426,0.064,0.064,0.063,0.064,292200
AIX,20040426,1.62,1.63,1.62,1.62,188500
AIY,20040426,0.21,0.21,0.21,0.21,8000
AIZ,20040426,0.38,0.385,0.375,0.375,71355
AKD,20040426,0.021,0.021,0.02,0.02,125000
ALH,20040426,2.36,2.38,2.35,2.36,111756
ALK,20040426,0.335,0.345,0.335,0.345,20826
ALL,20040426,4,4.05,3.95,3.98,447985
ALN,20040426,5.9,5.91,5.87,5.91,560135
ALS,20040426,6.55,6.62,6.55,6.59,27094
ALT,20040426,0.087,0.087,0.086,0.086,126912
ALU,20040426,0.425,0.425,0.415,0.415,12360
ALZ,20040426,1.73,1.73,1.72,1.72,245891
AMB,20040426,0.3,0.3,0.3,0.3,4000
AMC,20040426,7.14,7.17,7.11,7.15,3346126
AMG,20040426,0.045,0.05,0.043,0.048,602963
AMH,20040426,0.44,0.44,0.44,0.44,1241
AML,20040426,0.81,0.81,0.79,0.79,66900
AMP,20040426,5.76,5.78,5.72,5.75,1232336
AMU,20040426,0.49,0.51,0.49,0.49,189836
ANC,20040426,7.95,8,7.95,8,4639
ANE,20040426,3.54,3.55,3.51,3.51,16500
ANG,20040426,0.38,0.385,0.37,0.385,355456
ANM,20040426,0.026,0.028,0.026,0.028,691926
ANN,20040426,7.49,7.55,7.46,7.53,45168
ANP,20040426,0.16,0.16,0.16,0.16,208924
ANX,20040426,0.32,0.32,0.31,0.31,30000
ANZ,20040426,19.05,19.05,18.95,18.95,1727796
AOE,20040426,0.27,0.27,0.265,0.265,48000
AOO,20040426,0.15,0.15,0.15,0.15,104112
APA,20040426,2.59,2.61,2.59,2.6,22482
APE,20040426,7.28,7.28,7.28,7.28,1000
API,20040426,2.53,2.53,2.51,2.51,13456
APL,20040426,0.24,0.24,0.235,0.24,50600
APN,20040426,3.88,3.88,3.83,3.83,32324
APZ,20040426,0.15,0.15,0.15,0.15,250000
AQP,20040426,6.42,6.5,6.42,6.49,38203
ARA,20040426,0.32,0.32,0.32,0.32,10142
ARE,20040426,0.13,0.13,0.13,0.13,2200
ARG,20040426,4.87,4.88,4.84,4.84,32061
ARP,20040426,3.43,3.47,3.43,3.47,13001
ARQ,20040426,0.86,0.89,0.86,0.89,1151673
ASB,20040426,0.94,0.94,0.93,0.93,24502
ASC,20040426,0.11,0.11,0.105,0.105,206666
ASL,20040426,0.66,0.67,0.64,0.64,152944
ASU,20040426,0.01,0.01,0.01,0.01,1000000
ASX,20040426,16.3,16.35,16.27,16.3,58190
ATG,20040426,0.67,0.67,0.67,0.67,24000
ATN,20040426,0.2,0.2,0.17,0.185,160000
ATP,20040426,0.2,0.2,0.2,0.2,46600
ATX,20040426,0.14,0.145,0.14,0.145,18000
AUH,20040426,0.035,0.035,0.035,0.035,34900
AUM,20040426,0.041,0.041,0.04,0.04,343170
AUN,20040426,0.72,0.72,0.65,0.68,411960
AUO,20040426,0.6,0.6,0.58,0.58,346598
AUX,20040426,0.044,0.044,0.044,0.044,43181
AUZ,20040426,0.17,0.17,0.165,0.17,204752
AVJ,20040426,2.13,2.13,2.1,2.11,112162
AVL,20040426,0.475,0.5,0.47,0.49,155900
AVN,20040426,0.023,0.024,0.023,0.024,181438
AVO,20040426,0.155,0.155,0.155,0.155,47671
AVT,20040426,0.1,0.1,0.1,0.1,50777
AVV,20040426,2.1,2.1,2.09,2.09,30550
AWB,20040426,4.75,4.75,4.69,4.71,358701
AWC,20040426,5.16,5.23,5.15,5.2,1471457
AWE,20040426,1.46,1.47,1.45,1.46,280394
AWP,20040426,7.9,7.9,7.9,7.9,380
AXA,20040426,3.14,3.19,3.13,3.19,652002
AXN,20040426,0.36,0.375,0.36,0.375,2746757
AYO,20040426,0.68,0.7,0.68,0.7,56204
AZL,20040426,0.021,0.022,0.021,0.022,352095
AZR,20040426,0.135,0.14,0.135,0.135,321286
BAR,20040426,0.097,0.097,0.097,0.097,10000
BAX,20040426,4.45,4.45,4.45,4.45,5000
BBB,20040426,0.27,0.27,0.27,0.27,1865
BBG,20040426,7.59,7.64,7.53,7.63,57870
BCA,20040426,2.67,2.68,2.67,2.68,97841
BCD,20040426,0.385,0.39,0.38,0.39,65000
BCL,20040426,0.45,0.45,0.44,0.45,548445
BDG,20040426,0.14,0.14,0.135,0.14,498700
BDM,20040426,0.9,0.9,0.89,0.89,7200
BDS,20040426,2.67,2.67,2.67,2.67,1750
BEL,20040426,0.35,0.35,0.35,0.35,7600
BEN,20040426,10.21,10.42,10.2,10.23,43795
BGD,20040426,0.26,0.26,0.26,0.26,72950
BGF,20040426,0.13,0.145,0.13,0.145,13177244
BHP,20040426,12.19,12.2,12.08,12.09,4859299
BIL,20040426,5.55,5.58,5.54,5.55,1219266
BIR,20040426,1.27,1.27,1.26,1.26,955471
BIT,20040426,0.26,0.26,0.26,0.26,10000
BIX,20040426,0.125,0.125,0.125,0.125,40000
BKA,20040426,0.38,0.38,0.38,0.38,87847
BKI,20040426,0.94,0.95,0.94,0.94,12521
BKL,20040426,9.4,9.5,9.4,9.5,2031
BKS,20040426,0.028,0.028,0.028,0.028,168900
BKV,20040426,0.051,0.051,0.051,0.051,20000
BKW,20040426,8.55,8.55,8.5,8.5,11164
BLD,20040426,6.32,6.34,6.29,6.29,105043
BLN,20040426,0.21,0.21,0.205,0.205,30000
BLT,20040426,1.06,1.06,1.06,1.06,2000
BMO,20040426,0.235,0.245,0.235,0.245,31046
BMX,20040426,0.17,0.17,0.17,0.17,109790
BOL,20040426,1.61,1.61,1.55,1.55,19000
BOQ,20040426,10.5,10.53,10.35,10.35,209220
BOS,20040426,0.48,0.495,0.48,0.48,233494
BPC,20040426,0.63,0.65,0.63,0.65,3680380
BPG,20040426,0.069,0.072,0.069,0.072,11000
BPT,20040426,0.325,0.325,0.315,0.315,481696
BQT,20040426,0.34,0.34,0.335,0.335,123300
BRC,20040426,0.36,0.36,0.36,0.36,10000
BRK,20040426,2.05,2.05,2.05,2.05,15000
BRO,20040426,0.01,0.01,0.01,0.01,1672199
BRW,20040426,0.045,0.045,0.044,0.045,403000
BRZ,20040426,1.44,1.44,1.41,1.44,34196
BSA,20040426,0.23,0.24,0.23,0.24,108000
BSG,20040426,0.3,0.3,0.295,0.3,139450
BSL,20040426,6.58,6.58,6.47,6.48,490139
BSO,20040426,3,3.01,2.99,2.99,34500
BTA,20040426,0.73,0.74,0.71,0.74,221748
BTC,20040426,0.47,0.47,0.465,0.465,40000
BTV,20040426,0.096,0.096,0.092,0.096,85000
BUG,20040426,0.69,0.69,0.69,0.69,15000
BUY,20040426,0.15,0.15,0.15,0.15,7400
BWI,20040426,0.95,0.95,0.94,0.94,56500
BWP,20040426,1.59,1.59,1.58,1.59,73075
CAA,20040426,2.77,2.78,2.77,2.78,9135
CAB,20040426,3.3,3.3,3.29,3.3,19406
CAG,20040426,0.055,0.057,0.055,0.055,187462
CAI,20040426,0.97,0.98,0.97,0.97,42590
CAL,20040426,0.5,0.5,0.5,0.5,2273
CAM,20040426,0.95,0.95,0.95,0.95,5000
CAS,20040426,0.205,0.205,0.205,0.205,280000
CAT,20040426,0.88,0.88,0.88,0.88,1000
CAU,20040426,0.155,0.16,0.155,0.16,52926
CAZ,20040426,0.2,0.2,0.2,0.2,16300
CBA,20040426,31.73,31.95,31.71,31.76,323982
CBD,20040426,0.011,0.011,0.011,0.011,900000
CBH,20040426,0.205,0.205,0.2,0.205,268612
CBR,20040426,4.4,4.52,4.4,4.52,14595
CBT,20040426,0.028,0.028,0.027,0.027,325750
CCE,20040426,0.56,0.57,0.55,0.55,478000
CCL,20040426,6.83,6.86,6.82,6.83,212879
CCO,20040426,0.009,0.01,0.009,0.01,3100882
CCP,20040426,2.23,2.27,2.23,2.27,13400
CCV,20040426,0.215,0.215,0.215,0.215,56812
CDA,20040426,1.59,1.59,1.59,1.59,5000
CDC,20040426,1.64,1.64,1.62,1.62,11060
CDF,20040426,1.22,1.22,1.22,1.22,12325
CDO,20040426,4.72,4.72,4.68,4.68,35194
CDR,20040426,1.26,1.27,1.25,1.27,87166
CDX,20040426,2.14,2.14,2.1,2.1,7416
CEP,20040426,4.07,4.1,4.06,4.07,501725
CEQ,20040426,2.03,2.04,2.01,2.01,37301
CEY,20040426,3.07,3.1,3.06,3.07,115483
CFR,20040426,0.032,0.032,0.032,0.032,845227
CFS,20040426,0.33,0.33,0.33,0.33,3000
CGF,20040426,0.51,0.51,0.5,0.5,1333661
CGS,20040426,0.47,0.47,0.47,0.47,20000
CHB,20040426,36.11,36.15,36.11,36.15,117
CHF,20040426,0.48,0.485,0.48,0.48,60000
CHL,20040426,0.175,0.175,0.175,0.175,21565
CHO,20040426,19.5,19.5,19.5,19.5,250
CHP,20040426,0.027,0.027,0.027,0.027,19000
CHQ,20040426,0.59,0.59,0.58,0.58,193346
CHT,20040426,0.01,0.01,0.01,0.01,285714
CHX,20040426,1.08,1.08,1.07,1.07,89964
CHY,20040426,1.86,1.86,1.84,1.85,29945
CID,20040426,0.145,0.15,0.145,0.15,48000
CIR,20040426,2.31,2.31,2.3,2.3,15140
CIY,20040426,4.8,4.8,4.7,4.7,29190
CKL,20040426,0.47,0.475,0.47,0.47,82500
CKR,20040426,0.69,0.69,0.67,0.67,387534
CLH,20040426,1.53,1.55,1.53,1.54,62628
CLO,20040426,0.51,0.52,0.51,0.51,279444
CLT,20040426,1.38,1.38,1.36,1.37,124990
CLV,20040426,0.325,0.345,0.325,0.345,205107
CMI,20040426,2.23,2.24,2.18,2.18,77225
CML,20040426,8.46,8.54,8.42,8.47,659924
CMP,20040426,0.295,0.3,0.295,0.3,10000
CMQ,20040426,5.04,5.05,4.95,4.95,34012
CMR,20040426,0.265,0.265,0.265,0.265,3000
CNB,20040426,0.93,0.93,0.92,0.92,9468
CND,20040426,1.65,1.66,1.63,1.66,52313
CNT,20040426,0.23,0.23,0.23,0.23,50000
COA,20040426,3.26,3.37,3.25,3.35,53076
COE,20040426,0.235,0.235,0.23,0.23,195333
COF,20040426,4.97,4.97,4.96,4.97,5500
COH,20040426,19.5,19.53,19.42,19.42,129829
COI,20040426,0.19,0.19,0.185,0.185,53600
COM,20040426,0.13,0.16,0.13,0.16,21000
COO,20040426,0.035,0.035,0.035,0.035,932012
COS,20040426,0.51,0.51,0.495,0.495,40750
COU,20040426,0.79,0.8,0.79,0.8,22700
CPA,20040426,1.17,1.17,1.16,1.16,129401
CPB,20040426,6.48,6.54,6.48,6.5,2893
CPC,20040426,0.415,0.42,0.415,0.415,18500
CPI,20040426,0.82,0.82,0.81,0.82,39350
CPK,20040426,3.98,3.98,3.98,3.98,1246
CPN,20040426,0.1,0.1,0.1,0.1,25000
CPS,20040426,0.25,0.25,0.245,0.25,15000
CPU,20040426,3.19,3.23,3.17,3.19,182343
CQT,20040426,0.29,0.29,0.27,0.28,74370
CRD,20040426,0.16,0.165,0.155,0.16,285443
CRG,20040426,8.58,8.58,8.51,8.51,28169
CRL,20040426,0.082,0.082,0.082,0.082,12500
CRS,20040426,0.485,0.49,0.485,0.485,96076
CRU,20040426,0.69,0.69,0.68,0.68,23400
CSH,20040426,1.38,1.38,1.38,1.38,365
CSI,20040426,0.225,0.225,0.22,0.22,51000
CSL,20040426,23,23.32,23,23.2,242073
CSM,20040426,1.15,1.16,1.14,1.14,202865
CSR,20040426,1.96,1.97,1.95,1.97,434722
CST,20040426,1.76,1.77,1.76,1.76,5000
CSY,20040426,0.021,0.022,0.021,0.022,158900
CTI,20040426,0.52,0.52,0.52,0.52,1000
CTL,20040426,1.34,1.34,1.32,1.32,31500
CTN,20040426,0.9,0.9,0.9,0.9,40000
CTO,20040426,0.15,0.15,0.15,0.15,61552
CTX,20040426,7.7,7.72,7.67,7.69,218156
CUE,20040426,0.072,0.072,0.071,0.071,238000
CUL,20040426,0.032,0.034,0.032,0.032,470000
CUS,20040426,0.1,0.1,0.098,0.098,527000
CVN,20040426,0.022,0.022,0.022,0.022,285000
CXP,20040426,4.8,4.8,4.67,4.7,131012
CYA,20040426,0.99,0.99,0.99,0.99,26000
DBS,20040426,0.27,0.27,0.27,0.27,5000
DDF,20040426,1.16,1.16,1.15,1.15,235118
DDV,20040426,0.12,0.12,0.12,0.12,66000
DEG,20040426,0.5,0.53,0.5,0.53,106000
DES,20040426,0.165,0.17,0.165,0.17,27667
DFT,20040426,0.02,0.02,0.02,0.02,533400
DGM,20040426,0.047,0.047,0.038,0.04,1280649
DID,20040426,0.115,0.115,0.115,0.115,55000
DIO,20040426,0.089,0.089,0.088,0.088,35000
DIT,20040426,1.87,1.88,1.85,1.85,758153
DJS,20040426,1.59,1.6,1.59,1.59,349833
DKN,20040426,0.145,0.145,0.145,0.145,22000
DLS,20040426,0.045,0.047,0.045,0.047,400000
DMY,20040426,0.285,0.285,0.285,0.285,8000
DNL,20040426,0.2,0.2,0.2,0.2,5000
DNX,20040426,0.145,0.145,0.145,0.145,20000
DON,20040426,0.345,0.36,0.345,0.355,70000
DOT,20040426,1.12,1.13,1.11,1.12,251268
DOW,20040426,3.4,3.44,3.4,3.42,296315
DPL,20040426,0.66,0.66,0.66,0.66,4000
DRA,20040426,0.275,0.275,0.265,0.275,81246
DRD,20040426,3.8,3.81,3.8,3.81,1790
DTL,20040426,2,2,2,2,7606
DUI,20040426,1.89,1.9,1.89,1.9,20197
DUL,20040426,0.05,0.05,0.05,0.05,90011
DVC,20040426,2.58,2.6,2.55,2.6,194278
DVN,20040426,0.68,0.68,0.67,0.67,66395
DYL,20040426,0.024,0.024,0.024,0.024,317000
EBR,20040426,0.049,0.05,0.049,0.049,212321
EBT,20040426,0.11,0.11,0.105,0.11,16000
ECU,20040426,0.037,0.037,0.03,0.034,1450000
EDN,20040426,0.098,0.1,0.098,0.1,505000
EGI,20040426,0.046,0.052,0.046,0.05,187968
EGL,20040426,0.255,0.255,0.255,0.255,2000
EHO,20040426,0.039,0.039,0.039,0.039,5500
EIF,20040426,0.12,0.12,0.12,0.12,266500
ELL,20040426,0.19,0.19,0.19,0.19,59236
ELX,20040426,0.32,0.325,0.32,0.32,41000
EMI,20040426,0.135,0.135,0.13,0.13,60000
EMP,20040426,0.74,0.75,0.74,0.75,15355
ENE,20040426,2.34,2.34,2.31,2.32,20583
ENV,20040426,1.04,1.05,1.04,1.04,99034
EOS,20040426,2.68,2.68,2.65,2.65,2950
EPT,20040426,1.02,1.02,0.96,0.98,1847212
EQI,20040426,1.5,1.5,1.49,1.5,28866
EQR,20040426,0.33,0.34,0.325,0.34,214473
ERA,20040426,3.6,3.65,3.41,3.65,1500
ERG,20040426,0.81,0.82,0.8,0.81,386884
ESG,20040426,0.14,0.14,0.135,0.135,54000
ESI,20040426,0.155,0.155,0.155,0.155,10500
ETC,20040426,0.023,0.024,0.022,0.022,1155000
ETR,20040426,1.17,1.17,1.16,1.16,16279
ETT,20040426,0.65,0.65,0.59,0.6,87100
ETW,20040426,1.13,1.13,1.13,1.13,2000
EUG,20040426,0.145,0.145,0.145,0.145,6000
EWC,20040426,0.02,0.021,0.02,0.021,63524
EXS,20040426,0.2,0.2,0.2,0.2,50000
EXT,20040426,0.019,0.019,0.018,0.018,1750000
EZE,20040426,0.295,0.295,0.295,0.295,50000
EZL,20040426,0.97,0.97,0.97,0.97,2500
FAN,20040426,4.2,4.23,4.2,4.2,13899
FAR,20040426,0.088,0.088,0.086,0.086,225000
FBU,20040426,3.95,3.95,3.93,3.93,348378
FCL,20040426,1.63,1.63,1.59,1.59,667893
FCN,20040426,0.105,0.105,0.105,0.105,5000
FEA,20040426,0.35,0.35,0.335,0.345,369980
FGL,20040426,4.75,4.75,4.72,4.72,764721
FKP,20040426,2.93,2.94,2.92,2.92,37951
FLK,20040426,0.79,0.79,0.77,0.77,15000
FLT,20040426,17.8,17.9,17.8,17.85,53280
FLX,20040426,0.077,0.078,0.072,0.072,140778
FOA,20040426,19.54,19.6,19.52,19.55,36131
FPA,20040426,4.13,4.27,4.13,4.2,498819
FPF,20040426,1.11,1.11,1.11,1.11,5000
FPH,20040426,10.84,10.84,10.84,10.84,231676
FTR,20040426,0.65,0.65,0.65,0.65,14537
FUN,20040426,2.16,2.18,2.16,2.18,174291
FUT,20040426,0.026,0.026,0.026,0.026,1800
FWD,20040426,7.47,7.47,7.42,7.42,12160
FXJ,20040426,3.53,3.55,3.5,3.53,293257
FXR,20040426,0.51,0.54,0.51,0.54,70000
GAN,20040426,1.38,1.39,1.38,1.38,391768
GAS,20040426,2.26,2.27,2.25,2.25,10294
GBA,20040426,0.215,0.215,0.215,0.215,10000
GBG,20040426,0.13,0.135,0.125,0.135,601445
GBL,20040426,0.035,0.035,0.035,0.035,35000
GBP,20040426,0.2,0.2,0.2,0.2,1600
GBR,20040426,0.4,0.4,0.4,0.4,13000
GCL,20040426,0.82,0.82,0.82,0.82,10000
GCN,20040426,0.053,0.053,0.053,0.053,10000
GDA,20040426,0.009,0.009,0.008,0.008,857142
GDN,20040426,0.04,0.04,0.04,0.04,12500
GDP,20040426,0.81,0.81,0.81,0.81,26256
GDY,20040426,0.98,0.98,0.95,0.95,41373
GFD,20040426,1.1,1.11,1.1,1.1,15401
GGL,20040426,0.355,0.355,0.35,0.35,139969
GGN,20040426,0.26,0.27,0.26,0.26,113300
GGP,20040426,0.28,0.3,0.28,0.3,23821
GHG,20040426,0.71,0.71,0.69,0.7,170883
GIR,20040426,0.175,0.175,0.175,0.175,162969
GKR,20040426,0.16,0.16,0.16,0.16,10000
GLB,20040426,0.45,0.45,0.435,0.44,228540
GLN,20040426,0.39,0.39,0.375,0.39,72500
GME,20040426,0.13,0.13,0.13,0.13,15000
GMI,20040426,0.86,0.86,0.86,0.86,3000
GML,20040426,0.14,0.14,0.14,0.14,8100
GNC,20040426,10.78,10.82,10.76,10.81,7000
GNS,20040426,12.35,12.36,12.31,12.31,44917
GOG,20040426,0.32,0.32,0.28,0.31,418016
GOW,20040426,2.37,2.37,2.37,2.37,300
GPE,20040426,0.385,0.385,0.385,0.385,50000
GPG,20040426,1.96,1.96,1.94,1.94,51500
GPO,20040426,0.076,0.076,0.074,0.074,215475
GPT,20040426,3.08,3.09,3.05,3.08,1597754
GRD,20040426,1.88,1.88,1.86,1.86,3965
GRN,20040426,0.35,0.35,0.35,0.35,5000
GRR,20040426,0.55,0.55,0.54,0.54,72565
GRV,20040426,0.125,0.125,0.125,0.125,800
GRY,20040426,0.31,0.32,0.31,0.32,85000
GSE,20040426,0.036,0.036,0.036,0.036,45000
GTG,20040426,0.4,0.4,0.39,0.4,210390
GTI,20040426,0.047,0.05,0.047,0.05,94000
GTM,20040426,0.075,0.075,0.075,0.075,309700
GTP,20040426,2.61,2.64,2.6,2.62,154529
GUD,20040426,7.94,7.98,7.93,7.95,23444
GUN,20040426,0.215,0.215,0.21,0.21,7731
GVM,20040426,0.029,0.029,0.029,0.029,12500
GWT,20040426,2.82,2.86,2.82,2.85,45062
HAK,20040426,7.2,7.3,7.2,7.3,7000
HAN,20040426,10.46,10.6,10.46,10.6,12826
HAO,20040426,0.275,0.275,0.27,0.27,30000
HAV,20040426,0.28,0.28,0.28,0.28,6500
HBL,20040426,0.39,0.39,0.39,0.39,6000
HCC,20040426,1.8,1.93,1.8,1.87,624164
HCN,20040426,1.33,1.33,1.32,1.32,34715
HCY,20040426,0.029,0.029,0.029,0.029,43603
HDR,20040426,1.68,1.72,1.66,1.66,870939
HEG,20040426,0.2,0.2,0.2,0.2,18000
HER,20040426,0.87,0.87,0.86,0.86,16400
HHG,20040426,1.15,1.15,1.14,1.14,2498343
HHL,20040426,6.1,6.25,6.05,6.25,8200
HHM,20040426,0.22,0.22,0.21,0.22,100000
HHV,20040426,0.95,0.95,0.94,0.94,84575
HIC,20040426,0.6,0.6,0.6,0.6,9228
HIG,20040426,0.395,0.405,0.395,0.395,341551
HIL,20040426,3.75,3.75,3.73,3.73,21145
HIT,20040426,0.097,0.097,0.097,0.097,20000
HJB,20040426,0.345,0.345,0.345,0.345,8013
HLD,20040426,0.63,0.63,0.62,0.62,172008
HLT,20040426,0.53,0.53,0.5,0.5,51930
HLY,20040426,6.66,6.66,6.61,6.61,46283
HNG,20040426,1.92,1.95,1.92,1.92,17200
HOM,20040426,0.37,0.37,0.37,0.37,1358
HPX,20040426,1.54,1.54,1.53,1.53,44250
HRD,20040426,0.32,0.32,0.32,0.32,8000
HSN,20040426,0.22,0.22,0.22,0.22,7000
HSP,20040426,3.49,3.49,3.49,3.49,3506
HTA,20040426,0.285,0.29,0.28,0.28,59510
HTE,20040426,0.051,0.054,0.051,0.054,161000
HTL,20040426,0.215,0.215,0.215,0.215,15000
HUG,20040426,0.082,0.082,0.082,0.082,27348
HVN,20040426,2.81,2.82,2.78,2.79,403931
HWE,20040426,1.05,1.05,1.04,1.04,73184
HWG,20040426,0.1,0.1,0.1,0.1,8000
HWI,20040426,2.3,2.32,2.3,2.3,90933
HWT,20040426,1.44,1.44,1.44,1.44,11000
HYO,20040426,0.16,0.165,0.16,0.165,210253
HZN,20040426,0.095,0.095,0.091,0.091,271500
IAG,20040426,4.76,4.78,4.71,4.73,525227
IAS,20040426,0.66,0.69,0.66,0.69,26200
IAT,20040426,0.036,0.036,0.036,0.036,18000
IBA,20040426,0.23,0.23,0.23,0.23,31000
IBC,20040426,0.56,0.56,0.55,0.55,32448
ICE,20040426,0.023,0.023,0.023,0.023,1616250
ICN,20040426,0.029,0.03,0.028,0.03,230000
ICO,20040426,0.335,0.35,0.335,0.35,44000
IDT,20040426,1.98,1.98,1.95,1.98,21927
IFL,20040426,4.8,4.8,4.65,4.65,5902
IFM,20040426,0.85,0.86,0.84,0.84,151271
IGL,20040426,0.43,0.435,0.43,0.43,108000
IGO,20040426,1.11,1.11,1.1,1.11,105940
IGP,20040426,3,3,3,3,4336
IHG,20040426,0.15,0.155,0.15,0.155,238809
IIF,20040426,1.79,1.79,1.75,1.76,460979
IIN,20040426,2.37,2.39,2.37,2.37,17819
ILU,20040426,4.01,4.01,3.95,3.95,295036
IMA,20040426,0.53,0.53,0.5,0.5,107196
IMF,20040426,0.72,0.72,0.72,0.72,10000
IMH,20040426,0.275,0.275,0.27,0.27,373800
IMP,20040426,0.006,0.006,0.006,0.006,250000
IMU,20040426,0.225,0.225,0.21,0.22,245326
INL,20040426,0.1,0.1,0.1,0.1,15000
INO,20040426,0.18,0.22,0.18,0.22,36000
INP,20040426,0.73,0.73,0.71,0.72,85559
INT,20040426,0.041,0.042,0.041,0.042,687168
IOC,20040426,3.5,3.5,3.43,3.5,14000
IOF,20040426,1.22,1.23,1.21,1.22,1320336
ION,20040426,1.39,1.48,1.39,1.45,2427282
IPG,20040426,1.92,1.92,1.91,1.92,357996
IPL,20040426,18.05,18.05,18,18,2136
IPN,20040426,0.043,0.043,0.043,0.043,107666
IRC,20040426,0.077,0.077,0.077,0.077,180000
IRE,20040426,3.13,3.14,3.12,3.13,104971
IRI,20040426,0.34,0.345,0.335,0.345,163093
IRN,20040426,0.3,0.3,0.29,0.29,62500
ITC,20040426,0.064,0.064,0.064,0.064,140000
ITD,20040426,0.5,0.51,0.5,0.51,30000
ITE,20040426,0.285,0.285,0.285,0.285,18
IVC,20040426,2.27,2.28,2.27,2.28,25300
IVK,20040426,0.029,0.029,0.029,0.029,200952
IVN,20040426,8.9,8.9,8.9,8.9,200
IWF,20040426,1.95,1.95,1.9,1.95,47373
IWI,20040426,1.88,1.88,1.88,1.88,23021
IWL,20040426,0.32,0.32,0.32,0.32,37579
IYS,20040426,1.2,1.2,1.2,1.2,50000
JAK,20040426,0.18,0.18,0.18,0.18,53000
JBH,20040426,2.24,2.27,2.23,2.25,15338
JBM,20040426,3.65,3.67,3.62,3.63,437369
JFG,20040426,2.79,2.8,2.78,2.8,39311
JFM,20040426,1.1,1.1,1.09,1.1,93640
JHX,20040426,6.53,6.53,6.45,6.48,635939
JRL,20040426,0.235,0.235,0.235,0.235,2000
JRV,20040426,0.009,0.009,0.009,0.009,850000
JUM,20040426,0.021,0.021,0.021,0.021,10000
JWM,20040426,0.06,0.06,0.06,0.06,10000
KAZ,20040426,0.39,0.395,0.39,0.39,497092
KBO,20040426,0.09,0.091,0.09,0.091,308235
KCN,20040426,3.55,3.58,3.55,3.58,46560
KET,20040426,0.13,0.13,0.13,0.13,3000
KIM,20040426,1.41,1.44,1.41,1.44,120931
KLM,20040426,0.18,0.18,0.18,0.18,250
KLS,20040426,0.028,0.028,0.027,0.027,200000
KME,20040426,2.58,2.58,2.58,2.58,6000
KOV,20040426,3.6,3.6,3.6,3.6,844
KRS,20040426,0.64,0.64,0.63,0.63,86062
KSC,20040426,2.5,2.5,2.5,2.5,14371
KYC,20040426,1.38,1.38,1.37,1.38,6100
KZL,20040426,0.99,0.99,0.98,0.98,48000
LAF,20040426,0.105,0.105,0.105,0.105,100000
LAK,20040426,0.12,0.12,0.12,0.12,9000
LAL,20040426,0.058,0.058,0.057,0.057,48460
LAU,20040426,0.36,0.36,0.36,0.36,21000
LCL,20040426,0.79,0.79,0.79,0.79,6500
LCO,20040426,1.31,1.37,1.31,1.37,3360
LCP,20040426,0.72,0.72,0.72,0.72,23595
LDW,20040426,4.25,4.25,4.25,4.25,1836
LEG,20040426,0.155,0.155,0.15,0.15,352390
LEI,20040426,10.68,10.77,10.68,10.75,134562
LEP,20040426,1.19,1.21,1.19,1.2,26458
LGD,20040426,0.54,0.54,0.54,0.54,1000
LHG,20040426,1.16,1.16,1.13,1.14,2045363
LKO,20040426,0.058,0.059,0.058,0.058,3788174
LLC,20040426,10.79,10.89,10.79,10.81,266636
LMW,20040426,0.68,0.68,0.68,0.68,4000
LNN,20040426,6.12,6.18,6.1,6.18,104164
LOK,20040426,0.16,0.17,0.16,0.165,13046168
LRL,20040426,0.4,0.43,0.4,0.43,9990
LRX,20040426,0.13,0.13,0.13,0.13,8710
LSG,20040426,1.8,1.84,1.8,1.8,139990
LUM,20040426,0.255,0.255,0.25,0.25,13902
LYC,20040426,0.41,0.44,0.405,0.44,355522
MAA,20040426,0.305,0.32,0.3,0.31,50000
MAH,20040426,0.26,0.275,0.26,0.275,437252
MAP,20040426,1.77,1.78,1.76,1.76,798627
MAR,20040426,0.26,0.26,0.26,0.26,3800
MAY,20040426,3.31,3.32,3.29,3.3,370854
MBG,20040426,0.03,0.03,0.029,0.029,413333
MBL,20040426,35.79,35.85,35.6,35.6,52438
MBP,20040426,0.9,0.9,0.9,0.9,20110
MCA,20040426,0.64,0.64,0.64,0.64,1500
MCC,20040426,1.4,1.42,1.36,1.36,87104
MCG,20040426,3.43,3.44,3.4,3.43,97845
MCL,20040426,0.008,0.008,0.008,0.008,8500
MCP,20040426,4.57,4.57,4.55,4.57,12356
MCR,20040426,0.75,0.78,0.75,0.78,390878
MCW,20040426,1.75,1.75,1.73,1.75,280711
MDE,20040426,1.14,1.14,1.07,1.07,10300
MDL,20040426,0.285,0.285,0.285,0.285,15000
MDM,20040426,0.085,0.1,0.082,0.094,32040048
MDS,20040426,0.18,0.18,0.175,0.175,30000
MDT,20040426,1.05,1.05,1.04,1.04,131622
MEE,20040426,0.079,0.079,0.076,0.076,131667
MFS,20040426,1.51,1.51,1.51,1.51,8000
MGI,20040426,1.69,1.69,1.67,1.67,1076166
MGM,20040426,3.35,3.35,3.33,3.33,38962
MGR,20040426,4.34,4.36,4.34,4.34,775405
MGW,20040426,4.81,4.85,4.81,4.81,58734
MGX,20040426,0.175,0.18,0.175,0.18,57500
MIA,20040426,0.75,0.75,0.74,0.74,306963
MIC,20040426,0.1,0.105,0.1,0.105,373570
MIG,20040426,2.86,2.88,2.85,2.87,11633677
MIK,20040426,0.041,0.043,0.041,0.041,80200
MIL,20040426,0.077,0.077,0.076,0.076,92500
MIR,20040426,1.23,1.23,1.21,1.21,41860
MIS,20040426,0.75,0.75,0.75,0.75,6459
MLB,20040426,0.83,0.83,0.81,0.81,8717
MLE,20040426,1.07,1.07,1.06,1.06,21595
MLT,20040426,13.44,13.44,13.44,13.44,1000
MMA,20040426,0.94,0.94,0.93,0.94,124265
MML,20040426,0.39,0.4,0.39,0.4,22500
MMN,20040426,0.155,0.155,0.155,0.155,279000
MND,20040426,5.75,5.8,5.75,5.8,7232
MNR,20040426,1.12,1.12,1.09,1.09,60193
MOD,20040426,0.245,0.245,0.245,0.245,20000
MOF,20040426,1.21,1.21,1.19,1.19,316456
MOS,20040426,0.24,0.24,0.235,0.24,51500
MPB,20040426,4,4,4,4,400
MPD,20040426,0.145,0.145,0.145,0.145,4000
MPH,20040426,0.62,0.62,0.6,0.62,188515
MPI,20040426,0.11,0.115,0.11,0.115,80415
MPM,20040426,1.58,1.58,1.56,1.56,44634
MPO,20040426,0.05,0.05,0.05,0.05,65000
MPR,20040426,1.08,1.09,1.08,1.08,386566
MRC,20040426,0.29,0.305,0.285,0.285,66650
MRE,20040426,2.52,2.53,2.5,2.5,243049
MRL,20040426,1.59,1.6,1.59,1.59,85217
MRM,20040426,0.33,0.33,0.32,0.32,38750
MRT,20040426,0.5,0.5,0.5,0.5,10000
MRX,20040426,0.12,0.125,0.12,0.12,639227
MRY,20040426,0.013,0.014,0.013,0.013,1431423
MSC,20040426,0.135,0.135,0.13,0.13,388568
MSO,20040426,0.095,0.096,0.095,0.095,635000
MTH,20040426,0.375,0.375,0.375,0.375,10000
MTI,20040426,0.53,0.53,0.52,0.52,29000
MTO,20040426,0.195,0.22,0.195,0.22,751074
MTR,20040426,0.27,0.27,0.265,0.265,33700
MTT,20040426,2.5,2.5,2.48,2.5,161153
MUL,20040426,0.068,0.068,0.067,0.067,2965620
MUR,20040426,0.016,0.016,0.016,0.016,17000
MWE,20040426,0.14,0.14,0.14,0.14,11554
MXA,20040426,0.003,0.003,0.003,0.003,2000000
MXI,20040426,0.74,0.75,0.74,0.75,409758
MXL,20040426,0.125,0.125,0.125,0.125,300000
MYO,20040426,1.27,1.27,1.26,1.27,125210
NAB,20040426,29.89,29.89,29.68,29.68,952129
NAI,20040426,0.028,0.028,0.028,0.028,108000
NAL,20040426,1.34,1.38,1.34,1.38,108517
NAM,20040426,0.51,0.51,0.51,0.51,17037
NCA,20040426,0.017,0.017,0.017,0.017,548985
NCM,20040426,12.3,12.39,12.2,12.25,391528
NCP,20040426,13.06,13.06,12.9,12.91,2019873
NDC,20040426,0.35,0.35,0.315,0.315,248784
NEM,20040426,5.56,5.56,5.54,5.55,52673
NFD,20040426,4.23,4.26,4.21,4.21,77841
NHC,20040426,0.72,0.72,0.72,0.72,23963
NHE,20040426,0.105,0.105,0.105,0.105,9600
NHL,20040426,0.19,0.19,0.19,0.19,131046
NHM,20040426,0.008,0.008,0.008,0.008,225000
NHR,20040426,0.435,0.46,0.435,0.455,762885
NIA,20040426,0.07,0.07,0.065,0.07,375032
NKL,20040426,0.22,0.24,0.22,0.24,118683
NKP,20040426,1,1,1,1,35000
NLX,20040426,0.285,0.29,0.285,0.29,508477
NMC,20040426,0.038,0.038,0.036,0.036,1698126
NMS,20040426,0.155,0.155,0.15,0.15,10700
NNG,20040426,0.29,0.29,0.29,0.29,7500
NRT,20040426,6.19,6.25,6.1,6.2,70958
NST,20040426,0.17,0.17,0.17,0.17,3000
NTC,20040426,0.31,0.31,0.31,0.31,5750
NTG,20040426,0.043,0.044,0.043,0.044,105200
NUF,20040426,6.13,6.15,6.11,6.13,153422
NVE,20040426,0.26,0.26,0.25,0.25,36000
NVS,20040426,1.89,1.89,1.89,1.89,2577015
NWA,20040426,0.065,0.065,0.065,0.065,339954
NWE,20040426,0.054,0.054,0.054,0.054,50000
NWK,20040426,0.28,0.28,0.25,0.25,13500
NXS,20040426,0.19,0.19,0.19,0.19,464525
NZO,20040426,0.62,0.63,0.62,0.63,43500
OCO,20040426,0.034,0.035,0.033,0.034,872000
OEC,20040426,0.14,0.145,0.14,0.145,46800
OEX,20040426,0.195,0.195,0.185,0.185,108712
OFM,20040426,2.25,2.26,2.25,2.25,14887
OGD,20040426,0.8,0.85,0.8,0.85,76182
OIL,20040426,0.54,0.54,0.53,0.54,42694
OKN,20040426,1.21,1.22,1.21,1.22,6050
OLE,20040426,0.115,0.115,0.115,0.115,100000
OMH,20040426,0.7,0.7,0.7,0.7,8800
OMI,20040426,2.35,2.35,2.35,2.35,3000
OMP,20040426,3.05,3.13,3.05,3.06,62818
OPC,20040426,0.17,0.17,0.17,0.17,12000
OPL,20040426,0.23,0.23,0.22,0.23,78200
OPM,20040426,0.009,0.009,0.008,0.008,450000
OPS,20040426,3.66,3.67,3.65,3.67,1660
ORC,20040426,0.05,0.05,0.05,0.05,3000
ORG,20040426,5.85,5.86,5.81,5.81,458550
ORI,20040426,15.5,15.5,15.06,15.28,170583
ORO,20040426,0.1,0.1,0.096,0.096,34161
ORP,20040426,0.029,0.029,0.028,0.028,585699
ORT,20040426,0.165,0.165,0.16,0.16,75000
OSH,20040426,1.27,1.27,1.26,1.26,1416111
OST,20040426,2.38,2.38,2.34,2.35,258155
OTT,20040426,0.008,0.008,0.008,0.008,8050
OXR,20040426,0.91,0.91,0.89,0.89,1135898
PAO,20040426,1.12,1.13,1.11,1.11,181125
PBB,20040426,4.61,4.62,4.56,4.56,60711
PBD,20040426,1.34,1.34,1.33,1.33,4000
PBG,20040426,2.49,2.51,2.49,2.5,871731
PBI,20040426,0.26,0.26,0.26,0.26,6250
PBL,20040426,12.1,12.15,12.02,12.02,101647
PBO,20040426,0.57,0.57,0.57,0.57,10000
PBT,20040426,1,1,1,1,50000
PCE,20040426,0.12,0.12,0.12,0.12,400
PCG,20040426,0.34,0.345,0.34,0.345,76621
PCL,20040426,0.19,0.19,0.185,0.19,268145
PCO,20040426,0.023,0.024,0.022,0.024,387250
PDG,20040426,20.3,20.3,20.3,20.3,932
PDN,20040426,0.105,0.105,0.105,0.105,240000
PEL,20040426,0.081,0.081,0.081,0.081,1643
PEM,20040426,1,1.02,0.95,0.96,600870
PFM,20040426,0.4,0.4,0.4,0.4,2263
PGL,20040426,2.93,2.93,2.88,2.88,31400
PGS,20040426,0.29,0.3,0.285,0.3,377832
PHL,20040426,0.073,0.073,0.073,0.073,13000
PHY,20040426,2.82,2.84,2.82,2.82,28437
PIF,20040426,1.17,1.19,1.17,1.18,219756
PIL,20040426,0.185,0.19,0.185,0.185,939962
PIO,20040426,0.15,0.16,0.15,0.16,34166
PIV,20040426,1.76,1.79,1.76,1.79,42506
PKT,20040426,0.016,0.016,0.016,0.016,109336
PLA,20040426,0.165,0.165,0.16,0.16,70000
PLF,20040426,2.28,2.28,2.25,2.25,28755
PLR,20040426,0.051,0.051,0.051,0.051,400
PLT,20040426,0.83,0.83,0.78,0.78,294698
PLW,20040426,3.42,3.42,3.42,3.42,52
PLX,20040426,0.08,0.081,0.08,0.081,275000
PMC,20040426,2.27,2.3,2.27,2.27,28352
PME,20040426,0.78,0.78,0.78,0.78,9750
PMG,20040426,9.5,9.5,9.5,9.5,250
PMM,20040426,1.51,1.51,1.5,1.5,677260
PMN,20040426,3.87,3.87,3.78,3.81,2207326
PMP,20040426,1.58,1.6,1.57,1.6,190003
PMV,20040426,3.44,3.46,3.44,3.46,1786
PMX,20040426,0.11,0.11,0.11,0.11,2178
PNA,20040426,0.185,0.185,0.18,0.185,647003
POH,20040426,0.195,0.195,0.195,0.195,9600
POL,20040426,0.22,0.22,0.215,0.215,101000
PPD,20040426,0.62,0.62,0.62,0.62,11000
PPK,20040426,0.99,0.99,0.99,0.99,11000
PPP,20040426,0.135,0.135,0.135,0.135,157075
PPR,20040426,1.08,1.08,1.07,1.07,10000
PPT,20040426,41.35,41.35,41.14,41.15,32515
PPX,20040426,5.01,5.01,4.94,4.98,173800
PRE,20040426,0.019,0.019,0.018,0.018,1130600
PRG,20040426,2.95,3,2.95,2.98,13688
PRK,20040426,5.24,5.24,5.16,5.19,134352
PRR,20040426,0.24,0.25,0.24,0.245,88001
PRT,20040426,2.56,2.6,2.56,2.6,52236
PRV,20040426,0.93,0.94,0.93,0.94,16000
PRX,20040426,0.8,0.81,0.8,0.81,59120
PRY,20040426,5.35,5.4,5.35,5.4,76886
PSA,20040426,1.41,1.43,1.41,1.42,35316
PSD,20040426,1.26,1.33,1.25,1.32,2155359
PSG,20040426,0.21,0.21,0.2,0.2,80607
PSI,20040426,0.265,0.265,0.265,0.265,30000
PSN,20040426,5.3,5.3,5.3,5.3,300
PSP,20040426,0.195,0.195,0.195,0.195,251232
PSR,20040426,0.015,0.015,0.015,0.015,430666
PSV,20040426,0.285,0.285,0.27,0.285,400242
PSX,20040426,0.23,0.235,0.23,0.23,125500
PTD,20040426,1.59,1.59,1.57,1.57,125084
PWR,20040426,0.049,0.05,0.049,0.049,567778
PWT,20040426,0.98,0.98,0.97,0.97,22019
PXS,20040426,0.485,0.485,0.485,0.485,10000
QAN,20040426,3.53,3.53,3.47,3.47,2808490
QBE,20040426,11.6,11.65,11.57,11.59,437203
QCH,20040426,3.6,3.6,3.57,3.57,11592
QED,20040426,0.018,0.018,0.018,0.018,100000
QGC,20040426,0.21,0.21,0.21,0.21,65700
QML,20040426,0.14,0.14,0.14,0.14,5000
QRS,20040426,0.185,0.195,0.18,0.195,3427371
QTK,20040426,0.002,0.002,0.001,0.002,5506494
QTM,20040426,0.34,0.34,0.33,0.34,83300
RAC,20040426,0.54,0.55,0.54,0.54,215200
RAU,20040426,0.155,0.155,0.155,0.155,20000
RBS,20040426,7.2,7.2,7.15,7.15,2300
RBY,20040426,0.15,0.15,0.15,0.15,90000
RCD,20040426,3.84,3.84,3.76,3.79,181762
RCL,20040426,2.58,2.6,2.58,2.58,52498
RCR,20040426,0.36,0.36,0.34,0.36,45000
RCT,20040426,2.42,2.42,2.42,2.42,250
RDF,20040426,1.86,1.88,1.85,1.86,397438
REA,20040426,0.8,0.8,0.8,0.8,2500
REB,20040426,2.78,2.8,2.78,2.8,10479
RED,20040426,0.17,0.175,0.17,0.175,78709
REG,20040426,2.72,2.75,2.72,2.75,9300
REL,20040426,0.13,0.13,0.125,0.125,12400
REM,20040426,0.52,0.52,0.5,0.5,21769
RFS,20040426,0.24,0.24,0.24,0.24,20800
RGL,20040426,0.235,0.235,0.22,0.22,435000
RHC,20040426,5.2,5.25,5.2,5.2,125152
RHD,20040426,0.67,0.69,0.67,0.69,11545
RHT,20040426,0.17,0.17,0.17,0.17,12308
RIC,20040426,1.31,1.31,1.26,1.3,100342
RIN,20040426,7.28,7.38,7.27,7.35,1043778
RIO,20040426,33.25,33.29,33.01,33.14,1466250
RKN,20040426,0.85,0.85,0.85,0.85,11750
RLD,20040426,0.09,0.09,0.09,0.09,30731
RMD,20040426,6.55,6.56,6.52,6.55,269556
RMG,20040426,0.033,0.033,0.033,0.033,100000
RMI,20040426,0.006,0.006,0.006,0.006,1538400
RNG,20040426,0.295,0.295,0.28,0.28,192456
ROC,20040426,1.53,1.54,1.52,1.53,316630
ROK,20040426,3.47,3.47,3.46,3.46,7000
RPC,20040426,0.33,0.33,0.305,0.33,83996
RPH,20040426,1.11,1.13,1.11,1.12,1499644
RPM,20040426,0.075,0.075,0.072,0.072,275784
RPT,20040426,0.028,0.028,0.028,0.028,3455
RRS,20040426,0.022,0.023,0.022,0.023,238000
RRT,20040426,1,1,1,1,500
RSG,20040426,1.52,1.52,1.47,1.48,97054
RSN,20040426,0.115,0.115,0.115,0.115,105000
RTL,20040426,0.325,0.335,0.32,0.32,47500
RTM,20040426,0.045,0.049,0.045,0.049,390000
RUP,20040426,7.4,7.45,7.4,7.45,7620
RWD,20040426,0.19,0.19,0.19,0.19,35326
SAI,20040426,1.67,1.67,1.66,1.66,12300
SAQ,20040426,4.78,4.78,4.77,4.77,1200
SBC,20040426,10.61,10.68,10.61,10.66,57881
SBL,20040426,0.46,0.46,0.46,0.46,2500
SBM,20040426,0.053,0.053,0.051,0.051,29000
SBP,20040426,0.16,0.16,0.15,0.15,307490
SBS,20040426,0.097,0.097,0.095,0.095,110000
SCF,20040426,112.7,112.8,112.7,112.7,493
SDG,20040426,1.13,1.14,1.13,1.13,155701
SDI,20040426,9.6,9.85,9.6,9.85,16599
SED,20040426,0.215,0.215,0.215,0.215,17000
SEL,20040426,1.1,1.1,1.08,1.08,42230
SES,20040426,0.18,0.18,0.18,0.18,33000
SEV,20040426,5.11,5.13,5.09,5.11,15212
SFC,20040426,13.32,13.32,13.32,13.32,300
SFE,20040426,6.32,6.4,6.3,6.3,79693
SFY,20040426,34.64,35.4,34.64,35.36,2549
SGB,20040426,20.62,20.63,20.57,20.63,183313
SGL,20040426,0.79,0.8,0.79,0.79,94438
SGN,20040426,3.31,3.34,3.31,3.31,88594
SGP,20040426,5.35,5.35,5.3,5.31,270525
SGS,20040426,1.04,1.04,1.04,1.04,22000
SGT,20040426,1.95,1.98,1.94,1.96,335992
SGV,20040426,0.29,0.29,0.29,0.29,2560
SGW,20040426,2.54,2.56,2.52,2.55,124911
SGX,20040426,2.3,2.3,2.27,2.27,11000
SHG,20040426,0.32,0.32,0.32,0.32,54450
SHL,20040426,8.85,8.9,8.81,8.81,186491
SHN,20040426,0.076,0.077,0.076,0.077,474500
SHV,20040426,6.63,6.63,6.61,6.61,5279
SIB,20040426,0.46,0.46,0.46,0.46,5000
SIE,20040426,0.073,0.075,0.072,0.075,523923
SIG,20040426,7.64,7.75,7.62,7.62,37840
SKC,20040426,3.9,3.9,3.85,3.85,2940
SKE,20040426,2.94,2.94,2.94,2.94,21940
SKG,20040426,0.065,0.065,0.065,0.065,35000
SKR,20040426,0.055,0.055,0.055,0.055,340235
SLA,20040426,0.1,0.105,0.1,0.105,67500
SLF,20040426,15.9,15.9,15.67,15.67,4222
SLM,20040426,3.6,3.6,3.6,3.6,1375
SLT,20040426,0.39,0.39,0.39,0.39,20000
SLX,20040426,0.87,0.89,0.87,0.89,46501
SMC,20040426,0.245,0.245,0.245,0.245,5000
SML,20040426,0.093,0.095,0.092,0.092,377000
SMO,20040426,0.115,0.115,0.115,0.115,100000
SMS,20040426,12.01,12.01,11.96,11.98,78544
SMX,20040426,0.25,0.255,0.25,0.25,25420
SMY,20040426,0.63,0.66,0.63,0.64,55258
SNF,20040426,0.6,0.6,0.6,0.6,895
SNL,20040426,0.51,0.51,0.51,0.51,5000
SNN,20040426,0.23,0.23,0.23,0.23,170000
SNO,20040426,0.26,0.26,0.25,0.25,23939
SOH,20040426,0.82,0.83,0.82,0.82,34204
SOL,20040426,6.6,6.64,6.56,6.64,11250
SOT,20040426,1.38,1.38,1.36,1.36,6340
SOU,20040426,0.049,0.049,0.047,0.049,1950720
SPC,20040426,1.34,1.36,1.34,1.34,173669
SPD,20040426,0.21,0.21,0.21,0.21,20000
SPL,20040426,0.68,0.69,0.67,0.67,78000
SPT,20040426,4.96,5,4.91,5,29232
SRI,20040426,0.11,0.115,0.11,0.115,136500
SRL,20040426,1.05,1.05,1.05,1.05,1800
SRP,20040426,3.57,3.57,3.51,3.51,397709
SRX,20040426,3.72,3.72,3.66,3.71,23177
SSH,20040426,0.078,0.079,0.078,0.079,30000
SSS,20040426,2.22,2.22,2.22,2.22,330
SSX,20040426,1.05,1.05,1.04,1.05,487993
STI,20040426,0.2,0.2,0.2,0.2,150000
STO,20040426,6.49,6.49,6.44,6.48,474749
STP,20040426,0.065,0.066,0.065,0.065,173250
STR,20040426,0.048,0.048,0.046,0.046,100000
STS,20040426,0.46,0.46,0.46,0.46,17000
STT,20040426,0.018,0.018,0.018,0.018,50000
STU,20040426,0.75,0.75,0.75,0.75,8500
STW,20040426,35.28,35.28,35.22,35.26,1966
SUN,20040426,13.7,13.88,13.67,13.71,71895
SWT,20040426,0.11,0.11,0.11,0.11,60000
SYG,20040426,0.009,0.009,0.009,0.009,30000
SYM,20040426,1.22,1.22,1.22,1.22,12870
SYN,20040426,0.51,0.51,0.51,0.51,500
SYP,20040426,0.22,0.23,0.22,0.23,152300
TAA,20040426,0.07,0.07,0.069,0.07,287500
TAB,20040426,4.57,4.59,4.55,4.57,6053321
TAH,20040426,12.89,12.95,12.75,12.88,1644766
TAP,20040426,1.44,1.44,1.42,1.44,445578
TAW,20040426,1.42,1.45,1.4,1.43,21970
TBC,20040426,0.215,0.215,0.215,0.215,51000
TCL,20040426,4.58,4.62,4.56,4.59,262625
TEE,20040426,0.032,0.032,0.032,0.032,40270
TEL,20040426,4.88,4.88,4.86,4.87,775978
TEM,20040426,1.12,1.14,1.12,1.13,50830
TEN,20040426,2.82,2.84,2.81,2.81,136053
TER,20040426,0.185,0.185,0.185,0.185,20000
TGD,20040426,0.165,0.165,0.165,0.165,1049
TGF,20040426,0.28,0.28,0.275,0.275,35372
TGG,20040426,1.13,1.14,1.13,1.13,35885
TGR,20040426,1.09,1.09,1.08,1.09,20240
THG,20040426,0.66,0.66,0.64,0.65,66443
TIF,20040426,0.46,0.47,0.46,0.465,70050
TIL,20040426,0.18,0.18,0.18,0.18,10571
TIM,20040426,1.28,1.29,1.28,1.28,28350
TIR,20040426,0.39,0.415,0.39,0.41,478107
TIS,20040426,0.86,0.86,0.8,0.8,54500
TKG,20040426,0.008,0.008,0.008,0.008,100000
TLS,20040426,4.7,4.71,4.69,4.7,2727320
TMO,20040426,0.39,0.395,0.39,0.395,133550
TMS,20040426,0.036,0.036,0.034,0.036,57362
TNC,20040426,0.295,0.295,0.295,0.295,8000
TNE,20040426,0.56,0.56,0.54,0.56,198326
TOL,20040426,10.3,10.39,10.3,10.38,321142
TOR,20040426,1.34,1.34,1.34,1.34,702
TOX,20040426,0.015,0.015,0.015,0.015,100000
TRG,20040426,7.8,7.9,7.8,7.8,6775
TRU,20040426,8.06,8.06,8.05,8.05,5000
TRY,20040426,2.95,2.95,2.79,2.79,6600
TSE,20040426,5.09,5.1,5.05,5.05,54145
TTR,20040426,0.31,0.32,0.31,0.32,59500
TTT,20040426,0.78,0.83,0.78,0.83,169365
TVL,20040426,0.155,0.155,0.155,0.155,2801
TVN,20040426,0.41,0.42,0.41,0.42,5500
TWR,20040426,1.45,1.45,1.44,1.45,107592
TYC,20040426,0.56,0.57,0.55,0.55,132769
TZL,20040426,0.4,0.4,0.4,0.4,70000
UCM,20040426,3.1,3.1,3.1,3.1,16885
UEC,20040426,0.33,0.33,0.33,0.33,255376
UGL,20040426,4.48,4.5,4.46,4.46,37166
UNI,20040426,1.88,1.89,1.87,1.89,27905
UNW,20040426,0.65,0.7,0.65,0.7,80000
UOS,20040426,0.72,0.72,0.72,0.72,10000
URL,20040426,0.145,0.145,0.145,0.145,3000
UTB,20040426,7.06,7.32,7.06,7.28,307170
UXC,20040426,0.78,0.8,0.78,0.8,31660
VBA,20040426,2.25,2.27,2.25,2.27,142255
VCM,20040426,1.4,1.4,1.4,1.4,5000
VCR,20040426,1.54,1.54,1.51,1.51,166484
VGL,20040426,1.31,1.31,1.31,1.31,15880
VHL,20040426,0.455,0.54,0.45,0.54,681142
VLL,20040426,2.01,2.04,2.01,2.01,110156
VOY,20040426,0.24,0.245,0.24,0.245,177587
VPE,20040426,0.023,0.023,0.022,0.023,1263520
VPG,20040426,0.97,0.97,0.96,0.96,191297
VRE,20040426,0.068,0.068,0.067,0.068,640558
VRI,20040426,0.155,0.16,0.155,0.155,96000
VRL,20040426,1.77,1.8,1.77,1.77,46214
VSG,20040426,0.064,0.064,0.062,0.064,585000
VSL,20040426,0.91,0.92,0.91,0.91,123979
VTI,20040426,0.435,0.435,0.435,0.435,155000
VWD,20040426,1.29,1.29,1.29,1.29,6500
WAB,20040426,1,1,1,1,73700
WAG,20040426,0.215,0.22,0.215,0.22,34474
WAM,20040426,1.59,1.61,1.59,1.61,18500
WAN,20040426,6.35,6.38,6.31,6.31,70383
WAS,20040426,0.015,0.015,0.015,0.015,10000
WBC,20040426,17.79,17.8,17.7,17.74,994608
WDP,20040426,1.75,1.75,1.75,1.75,1500
WEB,20040426,0.046,0.046,0.045,0.046,397000
WES,20040426,29.15,29.29,29.05,29.08,150362
WEZ,20040426,0.255,0.255,0.245,0.245,29500
WFA,20040426,2.21,2.22,2.17,2.22,8924842
WFL,20040426,2.05,2.06,2.05,2.05,13048
WFT,20040426,4.07,4.12,4.02,4.1,15051308
WHS,20040426,3.75,3.8,3.75,3.8,2200
WIL,20040426,0.96,0.97,0.96,0.96,95300
WLS,20040426,0.92,0.92,0.92,0.92,50000
WME,20040426,0.031,0.031,0.031,0.031,320
WML,20040426,0.115,0.115,0.115,0.115,50000
WMR,20040426,4.93,4.96,4.91,4.96,1235694
WNZ,20040426,3.89,3.89,3.89,3.89,400
WOR,20040426,3,3.05,2.95,2.97,152395
WOW,20040426,11.56,11.56,11.48,11.5,262681
WPL,20040426,16.76,16.8,16.7,16.75,491805
WPO,20040426,0.28,0.28,0.28,0.28,500
WSA,20040426,1.13,1.14,1.12,1.14,53200
WSF,20040426,14.45,14.45,14.24,14.4,3362578
WSG,20040426,0.011,0.012,0.011,0.012,201099
WTE,20040426,0.027,0.028,0.027,0.028,111000
WTP,20040426,0.78,0.78,0.78,0.78,4822
WWA,20040426,0.85,0.86,0.85,0.86,11200
WWM,20040426,0.034,0.034,0.034,0.034,50000
WYL,20040426,3.89,3.9,3.88,3.88,40312
XAN,20040426,0.115,0.12,0.115,0.12,229000
XAO,20040426,3461.9,3464.5,3454.7,3455.4,0
XDJ,20040426,2168.8,2168.8,2151.3,2157,0
XEJ,20040426,5637.5,5651.9,5629.9,5635.9,0
XFJ,20040426,4293.4,4301.6,4287.6,4288.5,0
XFL,20040426,3452.7,3456.5,3444.4,3447.2,0
XHJ,20040426,3735.5,3755.7,3735.5,3742,0
XIJ,20040426,275.3,275.4,272.8,273.6,0
XJO,20040426,3457.4,3460.3,3449.6,3450.5,0
XKO,20040426,3460.8,3463.7,3453.1,3454,0
XMD,20040426,3140.2,3140.2,3121.6,3121.6,0
XMJ,20040426,5341.8,5344.8,5318.9,5324.5,0
XNJ,20040426,3761.3,3768.4,3751,3753.7,0
XPJ,20040426,1574.1,1579.8,1570.3,1576.3,0
XSJ,20040426,4543.7,4549.4,4526.3,4529.6,0
XSO,20040426,1916.7,1922.1,1916.7,1917.4,0
XTJ,20040426,1652,1657.1,1650.5,1654.1,0
XTL,20040426,1953.4,1955.3,1947.1,1949.2,0
XTO,20040426,2817.8,2819.7,2810.4,2811.7,0
XUJ,20040426,3710.6,3736.3,3710.6,3719.7,0
XXJ,20040426,4334.3,4343.8,4326.8,4326.8,0
YAM,20040426,0.009,0.009,0.008,0.008,966334
YGL,20040426,0.043,0.043,0.043,0.043,7349
YSF,20040426,0.84,0.84,0.84,0.84,1500
ZEL,20040426,0.205,0.205,0.205,0.205,15000
ZFX,20040426,1.77,1.77,1.75,1.76,840598
ZIM,20040426,3.83,3.83,3.83,3.83,1328
ZYL,20040426,0.009,0.009,0.009,0.009,750000
