AAC,20040723,1.3,1.31,1.27,1.27,182828
AAI,20040723,46.25,46.25,46.25,46.25,400
AAM,20040723,0.47,0.47,0.46,0.46,34000
AAT,20040723,0.22,0.22,0.22,0.22,300000
ABB,20040723,7.15,7.17,7,7.15,58971
ABC,20040723,1.38,1.4,1.37,1.37,9817845
ABI,20040723,0.345,0.345,0.33,0.33,1207118
ABK,20040723,0.125,0.125,0.125,0.125,26200
ABP,20040723,1.21,1.22,1.21,1.22,47296
ABS,20040723,3.45,3.53,3.45,3.47,342026
ACF,20040723,0.98,0.99,0.98,0.99,203749
ACL,20040723,0.61,0.61,0.6,0.6,14000
ACU,20040723,0.485,0.485,0.475,0.48,149000
ADA,20040723,0.52,0.52,0.5,0.52,69904
ADB,20040723,8.43,8.45,8.3,8.31,133801
ADG,20040723,3.75,3.75,3.75,3.75,5000
ADL,20040723,0.14,0.14,0.135,0.14,204000
ADN,20040723,0.22,0.22,0.22,0.22,38000
ADT,20040723,1.17,1.17,1.17,1.17,8500
ADU,20040723,0.8,0.92,0.8,0.92,172401
ADY,20040723,0.03,0.03,0.029,0.029,1528335
ADZ,20040723,1.48,1.53,1.46,1.46,927682
AEC,20040723,1.62,1.62,1.58,1.58,5029
AEI,20040723,1.35,1.37,1.34,1.37,21250
AEN,20040723,0.92,0.96,0.92,0.95,19400
AEO,20040723,1.45,1.47,1.42,1.42,1686055
AES,20040723,0.061,0.063,0.06,0.063,127000
AEX,20040723,0.058,0.061,0.058,0.059,356500
AFC,20040723,0.54,0.54,0.54,0.54,2500
AFI,20040723,3.4,3.41,3.37,3.39,347645
AFL,20040723,1.45,1.45,1.4,1.4,34137
AFM,20040723,0.017,0.017,0.017,0.017,525620
AFT,20040723,0.032,0.032,0.03,0.031,2227000
AGC,20040723,1.78,1.78,1.75,1.75,29003
AGG,20040723,8.89,8.89,8.8,8.85,4750
AGI,20040723,0.5,0.5,0.49,0.49,142975
AGL,20040723,12.34,12.48,12.34,12.37,1629977
AGM,20040723,0.14,0.145,0.14,0.14,780773
AGP,20040723,1.72,1.72,1.72,1.72,2710
AGS,20040723,0.06,0.07,0.06,0.068,1243553
AGX,20040723,0.66,0.68,0.66,0.66,50750
AGY,20040723,0.13,0.13,0.125,0.125,10000
AHD,20040723,3.79,3.79,3.71,3.74,35756
AHG,20040723,0.093,0.093,0.09,0.09,118785
AHO,20040723,0.42,0.42,0.42,0.42,45000
AHS,20040723,1.03,1.05,1.03,1.05,287249
AIA,20040723,6.14,6.14,6.14,6.14,22197
AIE,20040723,0.14,0.14,0.14,0.14,100869
AIM,20040723,0.042,0.046,0.042,0.046,3366000
AIX,20040723,1.82,1.83,1.8,1.82,754366
AIZ,20040723,0.36,0.375,0.36,0.375,251000
AJL,20040723,1.67,1.67,1.55,1.55,63707
AKD,20040723,0.017,0.018,0.017,0.017,135000
ALD,20040723,0.24,0.24,0.24,0.24,52289
ALH,20040723,2.98,3.02,2.98,3,1289608
ALK,20040723,0.25,0.25,0.245,0.245,19300
ALL,20040723,5.25,5.27,5.16,5.16,2488735
ALN,20040723,6.4,6.45,6.37,6.42,875575
ALR,20040723,1.03,1.04,1.03,1.03,28341
ALS,20040723,7.1,7.12,6.97,7.04,132508
ALT,20040723,0.079,0.079,0.078,0.078,98000
ALU,20040723,0.37,0.37,0.36,0.36,232000
ALW,20040723,0.415,0.415,0.415,0.415,875000
ALZ,20040723,1.58,1.59,1.57,1.58,677081
AMC,20040723,6.94,7.03,6.94,6.95,3556871
AMG,20040723,0.038,0.038,0.038,0.038,69714
AMH,20040723,0.46,0.46,0.455,0.455,100300
AML,20040723,0.6,0.61,0.58,0.59,164100
AMM,20040723,0.15,0.155,0.15,0.15,496785
AMP,20040723,6.33,6.34,6.25,6.25,6247816
AMU,20040723,0.48,0.49,0.47,0.49,86500
ANC,20040723,7.95,7.95,7.95,7.95,24165
AND,20040723,0.071,0.071,0.061,0.061,814500
ANE,20040723,3.89,3.9,3.85,3.9,22500
ANG,20040723,0.325,0.325,0.31,0.31,28646
ANM,20040723,0.023,0.024,0.023,0.023,840433
ANN,20040723,7.9,7.95,7.9,7.92,345632
ANP,20040723,0.13,0.13,0.125,0.125,304000
ANX,20040723,0.4,0.42,0.4,0.42,44567
ANZ,20040723,17.8,17.93,17.7,17.73,6651968
AOE,20040723,0.24,0.245,0.24,0.24,132100
APA,20040723,2.64,2.66,2.62,2.62,173094
APE,20040723,7.35,7.41,7.3,7.3,4219
APG,20040723,0.03,0.031,0.03,0.031,62567
API,20040723,2.51,2.53,2.41,2.5,99356
APL,20040723,0.21,0.21,0.21,0.21,13407
APN,20040723,4.09,4.13,4.09,4.13,848011
APZ,20040723,0.165,0.165,0.165,0.165,425000
AQD,20040723,0.16,0.16,0.16,0.16,25000
AQP,20040723,6.18,6.23,6.13,6.13,38730
ARA,20040723,0.36,0.36,0.355,0.36,20000
ARE,20040723,0.165,0.165,0.155,0.155,90886
ARG,20040723,4.86,4.89,4.83,4.83,57663
ARO,20040723,0.07,0.07,0.069,0.069,170000
ARP,20040723,3.5,3.52,3.5,3.52,36525
ARQ,20040723,0.96,0.96,0.94,0.95,792799
ARU,20040723,0.16,0.16,0.155,0.155,19066
ARX,20040723,0.053,0.054,0.051,0.052,871241
ASB,20040723,1.23,1.25,1.23,1.25,53274
ASC,20040723,0.077,0.08,0.077,0.077,262212
ASL,20040723,0.68,0.69,0.66,0.66,201186
ASX,20040723,15.95,15.99,15.87,15.87,476868
ASZ,20040723,0.325,0.325,0.325,0.325,50000
ATG,20040723,0.68,0.68,0.68,0.68,26000
ATN,20040723,0.16,0.16,0.16,0.16,52571
ATP,20040723,0.165,0.165,0.16,0.16,169000
ATR,20040723,2.94,2.99,2.94,2.99,6861
ATX,20040723,0.077,0.077,0.074,0.074,835000
ATZ,20040723,0.325,0.33,0.325,0.33,32000
AUI,20040723,4.56,4.58,4.56,4.58,8770
AUM,20040723,0.04,0.041,0.04,0.04,162750
AUN,20040723,0.8,0.81,0.79,0.81,332225
AUO,20040723,0.72,0.72,0.7,0.71,685559
AUX,20040723,0.061,0.064,0.061,0.064,1330416
AUZ,20040723,0.145,0.145,0.14,0.145,199000
AVA,20040723,0.035,0.035,0.035,0.035,208000
AVJ,20040723,1.77,1.8,1.76,1.79,469434
AVM,20040723,0.38,0.38,0.375,0.375,362000
AVN,20040723,0.029,0.029,0.029,0.029,109000
AVR,20040723,0.455,0.47,0.455,0.47,5392
AVT,20040723,0.068,0.068,0.068,0.068,25000
AVV,20040723,2.26,2.3,2.25,2.3,119448
AWB,20040723,4.63,4.64,4.6,4.6,364418
AWC,20040723,5.17,5.23,5.16,5.2,2049433
AWE,20040723,1.57,1.58,1.56,1.56,587734
AWP,20040723,8.85,9,8.79,9,61074
AXA,20040723,3.21,3.21,3.12,3.15,5584671
AYO,20040723,0.69,0.74,0.69,0.74,1093451
AZL,20040723,0.019,0.019,0.019,0.019,1344
AZR,20040723,0.125,0.135,0.12,0.13,2868296
BAX,20040723,5.4,5.4,5.4,5.4,57349
BBB,20040723,0.37,0.37,0.37,0.37,136000
BBG,20040723,8.13,8.17,8.08,8.13,1019404
BBL,20040723,0.12,0.12,0.12,0.12,20000
BCA,20040723,2.76,2.8,2.76,2.8,108993
BCD,20040723,0.5,0.51,0.49,0.5,194887
BCL,20040723,0.29,0.29,0.275,0.275,1652254
BDG,20040723,0.77,0.77,0.76,0.77,274912
BDM,20040723,0.66,0.66,0.66,0.66,4077
BDS,20040723,3,3,3,3,10000
BEN,20040723,9.85,9.85,9.66,9.75,123444
BER,20040723,0.65,0.65,0.65,0.65,15384
BGD,20040723,0.17,0.17,0.17,0.17,100000
BGF,20040723,0.09,0.092,0.089,0.09,891292
BHL,20040723,6.2,6.2,6.2,6.2,227850
BHP,20040723,12.68,12.73,12.6,12.64,9192483
BIC,20040723,0.345,0.345,0.345,0.345,8000
BIL,20040723,5.9,5.93,5.89,5.93,2790971
BIR,20040723,1.33,1.35,1.33,1.35,4151184
BIT,20040723,0.18,0.19,0.18,0.19,81950
BIX,20040723,0.071,0.071,0.071,0.071,5000
BKI,20040723,0.96,0.97,0.96,0.96,27000
BKL,20040723,10.3,10.3,10.3,10.3,1000
BKM,20040723,0.019,0.019,0.019,0.019,33998
BKR,20040723,0.34,0.34,0.315,0.315,212000
BKV,20040723,0.05,0.051,0.05,0.051,50000
BKW,20040723,9.9,9.9,9.82,9.82,11117
BKY,20040723,0.16,0.16,0.16,0.16,7250
BLD,20040723,7,7.14,7,7.1,3222042
BLN,20040723,0.19,0.19,0.19,0.19,5500
BLT,20040723,0.81,0.85,0.81,0.81,7563
BLZ,20040723,0.027,0.027,0.027,0.027,20000
BMO,20040723,0.21,0.21,0.19,0.19,285184
BMX,20040723,0.16,0.165,0.16,0.16,11600
BOC,20040723,0.22,0.22,0.21,0.21,60000
BOL,20040723,1.54,1.54,1.54,1.54,50647
BOQ,20040723,9.59,9.65,9.52,9.52,433852
BOS,20040723,0.26,0.26,0.255,0.26,60000
BPC,20040723,0.8,0.8,0.73,0.73,77517656
BPG,20040723,0.08,0.092,0.08,0.092,60000
BPO,20040723,0.088,0.091,0.086,0.087,4039963
BPT,20040723,0.28,0.29,0.28,0.29,522012
BQT,20040723,0.33,0.34,0.33,0.34,965541
BRK,20040723,2.41,2.41,2.32,2.38,39444
BRO,20040723,0.008,0.008,0.008,0.008,600000
BRW,20040723,0.047,0.047,0.044,0.045,590000
BRZ,20040723,1.57,1.58,1.57,1.57,104732
BSA,20040723,0.275,0.275,0.265,0.27,366000
BSG,20040723,0.305,0.305,0.295,0.295,175000
BSL,20040723,7.35,7.4,7.26,7.29,2599976
BSO,20040723,2.39,2.39,2.35,2.37,135432
BTA,20040723,0.58,0.58,0.56,0.58,122600
BTV,20040723,0.084,0.084,0.084,0.084,70000
BUG,20040723,0.66,0.66,0.64,0.64,2000
BUY,20040723,0.135,0.135,0.13,0.13,96000
BWP,20040723,1.63,1.63,1.61,1.61,382306
BYI,20040723,0.33,0.33,0.31,0.31,11688
CAA,20040723,2.35,2.35,2.26,2.27,39848
CAB,20040723,3.5,3.54,3.5,3.54,154824
CAG,20040723,0.042,0.042,0.041,0.042,512824
CAL,20040723,0.44,0.46,0.42,0.42,82450
CAM,20040723,0.95,0.95,0.95,0.95,2500
CAS,20040723,0.205,0.22,0.2,0.22,125000
CAT,20040723,0.51,0.51,0.47,0.47,1500
CAU,20040723,0.145,0.145,0.145,0.145,3500
CAZ,20040723,0.2,0.215,0.2,0.215,210095
CBA,20040723,31,31.18,30.85,30.85,2763695
CBD,20040723,0.415,0.415,0.415,0.415,4000
CBH,20040723,0.185,0.185,0.175,0.18,3221562
CBT,20040723,0.02,0.02,0.019,0.02,1550000
CCE,20040723,0.465,0.465,0.44,0.445,1323768
CCL,20040723,7.19,7.2,7.12,7.2,1510273
CCP,20040723,2.2,2.2,2.2,2.2,5000
CCS,20040723,0.69,0.69,0.69,0.69,36000
CCV,20040723,0.255,0.265,0.255,0.265,215460
CDA,20040723,1.73,1.73,1.72,1.73,58407
CDC,20040723,1.45,1.47,1.4,1.45,80161
CDD,20040723,1.74,1.74,1.65,1.65,26000
CDF,20040723,1.204,1.204,1.199,1.199,22498
CDO,20040723,5.39,5.4,5.37,5.38,144791
CDP,20040723,2.6,2.6,2.6,2.6,17686
CDR,20040723,1.43,1.43,1.43,1.43,10500
CDX,20040723,2.24,2.24,2.2,2.2,30640
CEG,20040723,1.32,1.32,1.29,1.32,87460
CEP,20040723,4.23,4.24,4.18,4.18,3088553
CEQ,20040723,2.05,2.06,2.05,2.06,40152
CEY,20040723,3.29,3.29,3.26,3.28,653848
CFI,20040723,0.59,0.59,0.59,0.59,5556
CFR,20040723,0.028,0.029,0.028,0.029,2312500
CFU,20040723,0.85,0.85,0.8,0.81,150400
CGF,20040723,0.465,0.465,0.46,0.465,2652408
CGM,20040723,0.14,0.14,0.135,0.135,100000
CGO,20040723,0.64,0.64,0.64,0.64,2000
CGS,20040723,0.28,0.29,0.26,0.27,409005
CGX,20040723,0.55,0.55,0.5,0.5,52398
CHB,20040723,33.75,33.75,33.75,33.75,323
CHF,20040723,0.39,0.4,0.39,0.4,30000
CHL,20040723,0.175,0.175,0.175,0.175,20000
CHM,20040723,0.051,0.053,0.051,0.052,481111
CHQ,20040723,0.67,0.68,0.67,0.68,112621
CHX,20040723,0.97,0.97,0.88,0.88,754100
CHY,20040723,1.93,1.93,1.9,1.93,26400
CIN,20040723,12.4,12.4,12.4,12.4,3140
CIR,20040723,2.21,2.21,2.21,2.21,5900
CIY,20040723,4.37,4.45,4.37,4.4,10880
CKL,20040723,0.52,0.54,0.52,0.54,191924
CKR,20040723,0.56,0.56,0.55,0.55,85245
CLH,20040723,1.58,1.59,1.57,1.58,88939
CLO,20040723,0.475,0.48,0.475,0.475,66394
CLT,20040723,1.23,1.24,1.22,1.22,353565
CLV,20040723,0.32,0.335,0.32,0.335,145500
CMI,20040723,2.08,2.1,2.08,2.09,39808
CML,20040723,9.1,9.18,9.08,9.16,3908334
CMP,20040723,0.28,0.28,0.265,0.265,145473
CMQ,20040723,5,5.04,4.97,5,93247
CMS,20040723,0.04,0.045,0.04,0.045,200000
CMW,20040723,0.125,0.125,0.125,0.125,425000
CMX,20040723,0.1,0.1,0.096,0.096,74970
CND,20040723,1.71,1.71,1.69,1.7,191338
CNN,20040723,0.036,0.036,0.034,0.034,145000
CNT,20040723,0.24,0.24,0.225,0.225,142654
COA,20040723,3.62,3.73,3.6,3.7,410057
COE,20040723,0.185,0.185,0.175,0.18,193000
COF,20040723,5.95,6.11,5.95,6.1,16250
COH,20040723,22,22,21.68,21.8,113477
COI,20040723,0.14,0.14,0.14,0.14,93503
COO,20040723,0.034,0.034,0.03,0.031,1742630
COU,20040723,0.94,0.94,0.93,0.93,12300
CPA,20040723,1.19,1.19,1.18,1.19,8037415
CPB,20040723,6.59,6.65,6.52,6.65,5371
CPI,20040723,0.63,0.63,0.61,0.61,9854
CPK,20040723,3.25,3.25,3.25,3.25,13632
CPN,20040723,0.062,0.063,0.061,0.063,294000
CPS,20040723,0.28,0.345,0.28,0.345,103783
CPU,20040723,3.08,3.08,3.03,3.03,729054
CQT,20040723,0.205,0.205,0.2,0.2,18500
CRD,20040723,0.15,0.155,0.15,0.155,129018
CRE,20040723,0.11,0.11,0.105,0.105,75087
CRG,20040723,9.39,9.39,9.3,9.36,185215
CRL,20040723,0.1,0.1,0.1,0.1,30000
CRP,20040723,0.2,0.2,0.2,0.2,10000
CRS,20040723,0.475,0.485,0.475,0.475,485959
CRT,20040723,0.41,0.415,0.41,0.415,62750
CRU,20040723,0.69,0.69,0.69,0.69,25000
CSH,20040723,1.21,1.21,1.21,1.21,5000
CSL,20040723,22.82,23.25,22.82,22.95,345159
CSM,20040723,1.3,1.3,1.27,1.29,268673
CSR,20040723,2.31,2.35,2.31,2.32,2368765
CST,20040723,2.3,2.31,2.16,2.25,171468
CTI,20040723,0.49,0.49,0.49,0.49,1500
CTL,20040723,1.14,1.14,1.13,1.13,32040
CTO,20040723,0.13,0.13,0.13,0.13,132200
CTX,20040723,9.2,9.23,9.16,9.2,1234111
CUE,20040723,0.07,0.071,0.07,0.071,376000
CUL,20040723,0.038,0.04,0.038,0.039,570000
CUS,20040723,0.07,0.07,0.07,0.07,25000
CVC,20040723,1.05,1.05,1.05,1.05,300
CVN,20040723,0.019,0.019,0.019,0.019,740000
CVS,20040723,0.036,0.036,0.036,0.036,42000
CWT,20040723,0.93,0.94,0.92,0.93,83839
CXL,20040723,0.62,0.62,0.61,0.61,25100
CXP,20040723,5.06,5.09,5.03,5.03,255397
CXS,20040723,0.49,0.49,0.49,0.49,27600
CYA,20040723,1.02,1.02,1,1,94430
CYG,20040723,6,6,5.99,6,39352
CYN,20040723,0.93,0.93,0.93,0.93,2000
CYT,20040723,0.61,0.64,0.61,0.64,23503
DDF,20040723,1.31,1.31,1.29,1.3,1604704
DEG,20040723,0.54,0.56,0.53,0.54,825588
DES,20040723,0.091,0.1,0.091,0.1,36301
DFT,20040723,0.013,0.014,0.013,0.014,550500
DGH,20040723,1.12,1.12,1.12,1.12,4250
DGM,20040723,0.045,0.046,0.044,0.044,3306000
DID,20040723,0.09,0.09,0.09,0.09,42000
DIO,20040723,0.081,0.081,0.079,0.079,1049454
DIT,20040723,1.94,1.95,1.92,1.94,404915
DJS,20040723,1.85,1.88,1.84,1.86,2433202
DJW,20040723,3.55,3.56,3.55,3.56,27900
DKN,20040723,0.125,0.125,0.125,0.125,57080
DKS,20040723,12.8,12.8,12.5,12.5,550
DLS,20040723,0.04,0.04,0.04,0.04,25000
DMX,20040723,0.045,0.045,0.044,0.044,100000
DNL,20040723,0.18,0.18,0.18,0.18,4100
DOM,20040723,0.4,0.4,0.4,0.4,20000
DON,20040723,0.34,0.36,0.34,0.36,266030
DOT,20040723,1.22,1.23,1.22,1.22,3543951
DOW,20040723,3.32,3.35,3.3,3.33,1234793
DRA,20040723,0.355,0.355,0.345,0.35,289746
DRD,20040723,3.37,3.45,3.37,3.44,73454
DTL,20040723,2.15,2.15,2.1,2.1,37594
DUI,20040723,1.94,1.94,1.93,1.93,11500
DVC,20040723,2.62,2.62,2.6,2.6,410583
DVN,20040723,0.7,0.71,0.7,0.71,46823
DWY,20040723,0.79,0.79,0.79,0.79,6852
EBG,20040723,0.16,0.17,0.155,0.155,158000
EBR,20040723,0.065,0.066,0.062,0.066,166106
EBT,20040723,0.1,0.105,0.1,0.105,817812
ECI,20040723,0.26,0.26,0.25,0.25,180000
ECU,20040723,0.042,0.047,0.042,0.046,2858974
EGI,20040723,0.027,0.027,0.027,0.027,55800
EGL,20040723,0.265,0.265,0.265,0.265,35700
EGO,20040723,0.007,0.007,0.007,0.007,500000
EIF,20040723,0.105,0.105,0.105,0.105,76142
EIL,20040723,0.08,0.08,0.08,0.08,50000
ELL,20040723,0.18,0.2,0.18,0.2,453605
ELX,20040723,0.285,0.285,0.28,0.28,27500
EMI,20040723,0.105,0.105,0.105,0.105,40000
EMM,20040723,0.045,0.049,0.045,0.049,44057
EMP,20040723,0.9,0.9,0.89,0.9,133696
EMS,20040723,0.36,0.365,0.345,0.36,417341
ENE,20040723,2.78,2.83,2.74,2.81,186384
ENV,20040723,1.07,1.07,1.06,1.07,500387
EOS,20040723,2.58,2.6,2.51,2.51,106079
EPE,20040723,0.155,0.155,0.14,0.14,139000
EPR,20040723,0.082,0.082,0.08,0.08,96000
EPT,20040723,0.92,0.92,0.89,0.9,285070
EQI,20040723,1.49,1.5,1.48,1.48,134733
EQN,20040723,0.7,0.71,0.55,0.71,64046
EQT,20040723,7.5,7.5,7.5,7.5,753
ERA,20040723,4,4.1,4,4.1,525
ERG,20040723,0.425,0.425,0.395,0.405,4823975
ESG,20040723,0.16,0.16,0.15,0.16,707250
ESI,20040723,0.13,0.13,0.125,0.125,48455
ESL,20040723,0.25,0.25,0.245,0.245,3400
ESV,20040723,0.24,0.24,0.24,0.24,21500
ETC,20040723,0.019,0.02,0.019,0.02,459000
ETR,20040723,1.25,1.25,1.25,1.25,6000
ETT,20040723,0.345,0.35,0.345,0.35,17412
ETW,20040723,1.15,1.15,1.11,1.13,89972
EUG,20040723,0.135,0.135,0.13,0.135,420000
EVM,20040723,0.2,0.2,0.19,0.2,29100
EVZ,20040723,0.19,0.19,0.18,0.18,34896
EWC,20040723,0.019,0.019,0.019,0.019,6000
EXL,20040723,2.84,2.88,2.84,2.84,392243
EXR,20040723,0.265,0.27,0.25,0.27,906487
EXS,20040723,0.205,0.205,0.205,0.205,25000
EXT,20040723,0.019,0.019,0.019,0.019,45000
EZE,20040723,0.16,0.16,0.16,0.16,8250
EZL,20040723,1.08,1.08,1.03,1.03,125800
EZY,20040723,0.092,0.092,0.092,0.092,10540
FAN,20040723,4.31,4.4,4.31,4.4,135585
FAR,20040723,0.049,0.049,0.049,0.049,138000
FCL,20040723,1.68,1.7,1.68,1.69,818808
FCN,20040723,0.135,0.145,0.135,0.145,843340
FDL,20040723,0.035,0.035,0.035,0.035,50000
FEA,20040723,0.395,0.405,0.39,0.405,808357
FGL,20040723,4.7,4.74,4.69,4.69,3505364
FKP,20040723,2.75,2.76,2.75,2.76,293346
FLK,20040723,0.81,0.82,0.81,0.82,29500
FLT,20040723,19.64,19.8,19.61,19.79,18945
FLX,20040723,0.15,0.17,0.15,0.165,4156708
FMG,20040723,0.47,0.48,0.47,0.48,28903
FOA,20040723,17.9,17.91,17.61,17.61,477423
FPA,20040723,4.35,4.35,4.35,4.35,900
FPF,20040723,1.07,1.08,1.06,1.08,10193
FPH,20040723,11.8,11.81,11.8,11.8,89032
FPS,20040723,0.49,0.49,0.49,0.49,27965
FRL,20040723,0.2,0.2,0.19,0.19,340000
FTR,20040723,0.65,0.65,0.63,0.65,28550
FUN,20040723,2.3,2.37,2.3,2.37,728872
FUS,20040723,0.01,0.01,0.01,0.01,1300
FUT,20040723,0.026,0.026,0.026,0.026,6500
FWD,20040723,7.68,7.74,7.66,7.7,86673
FXJ,20040723,3.65,3.66,3.6,3.64,2739702
FXR,20040723,0.72,0.74,0.68,0.69,280587
GAA,20040723,0.54,0.59,0.54,0.57,223118
GAM,20040723,0.15,0.17,0.15,0.17,32288
GAN,20040723,1.48,1.48,1.46,1.46,3350611
GAP,20040723,2.98,2.99,2.98,2.99,9325
GAS,20040723,2.31,2.31,2.3,2.3,213091
GBG,20040723,0.073,0.075,0.072,0.075,1010000
GBL,20040723,0.033,0.033,0.033,0.033,13000
GBP,20040723,0.25,0.255,0.245,0.255,139764
GBR,20040723,0.32,0.32,0.32,0.32,3500
GCA,20040723,0.885,0.885,0.885,0.885,3000
GCL,20040723,1.33,1.34,1.33,1.34,485584
GCN,20040723,0.081,0.081,0.08,0.081,371920
GCR,20040723,0.054,0.054,0.054,0.054,100000
GDA,20040723,0.006,0.006,0.006,0.006,2360000
GDM,20040723,0.42,0.42,0.41,0.42,70000
GDN,20040723,0.031,0.031,0.031,0.031,60000
GDP,20040723,0.81,0.81,0.78,0.8,105181
GDY,20040723,1.45,1.45,1.37,1.38,107818
GFD,20040723,0.99,0.99,0.98,0.98,28000
GGL,20040723,0.395,0.415,0.395,0.405,2663270
GGN,20040723,0.29,0.29,0.28,0.28,122600
GGP,20040723,0.29,0.3,0.29,0.3,20000
GGY,20040723,0.04,0.04,0.038,0.038,90000
GHG,20040723,0.67,0.68,0.67,0.68,167864
GIP,20040723,0.094,0.094,0.094,0.094,100000
GIR,20040723,0.14,0.14,0.14,0.14,98500
GKR,20040723,0.15,0.15,0.15,0.15,30000
GLB,20040723,0.53,0.53,0.51,0.51,181665
GLN,20040723,0.36,0.375,0.35,0.35,98264
GME,20040723,0.145,0.145,0.14,0.14,79441
GMI,20040723,0.89,0.89,0.89,0.89,50000
GML,20040723,0.096,0.096,0.096,0.096,35000
GNC,20040723,12.35,12.4,12.3,12.4,9002
GNS,20040723,13.49,13.49,13.3,13.3,238154
GOA,20040723,0.14,0.14,0.14,0.14,15000
GOG,20040723,0.235,0.25,0.235,0.25,70000
GOW,20040723,2.56,2.59,2.54,2.59,10595
GPE,20040723,0.205,0.205,0.205,0.205,9950
GPG,20040723,1.72,1.73,1.72,1.73,131878
GPN,20040723,0.015,0.015,0.015,0.015,88086
GPO,20040723,0.041,0.041,0.041,0.041,49744
GPT,20040723,3.49,3.53,3.49,3.52,3994097
GRD,20040723,1.89,1.89,1.84,1.87,118547
GRN,20040723,0.35,0.35,0.35,0.35,10000
GRO,20040723,0.81,0.83,0.81,0.82,182236
GRR,20040723,0.5,0.5,0.5,0.5,32600
GRY,20040723,0.19,0.2,0.19,0.19,36462
GSE,20040723,0.033,0.033,0.033,0.033,235000
GTG,20040723,0.355,0.365,0.345,0.355,692111
GTM,20040723,0.075,0.075,0.073,0.075,3954375
GTP,20040723,3.22,3.3,3.22,3.27,1474497
GUD,20040723,9,9.1,8.99,9.1,158949
GUN,20040723,0.23,0.23,0.22,0.22,58232
GVM,20040723,0.021,0.021,0.02,0.02,218034
GWT,20040723,3.09,3.1,3.05,3.05,277382
GZL,20040723,2.76,2.76,2.75,2.75,7300
HAK,20040723,7.5,7.5,7.5,7.5,4865
HAN,20040723,9.7,9.7,9.7,9.7,540
HCC,20040723,1.52,1.52,1.52,1.52,2000
HDR,20040723,2.15,2.17,2.13,2.17,1499134
HEG,20040723,0.125,0.125,0.12,0.12,138280
HGO,20040723,0.185,0.185,0.185,0.185,21555
HGR,20040723,0.059,0.059,0.059,0.059,10000
HHG,20040723,1.29,1.3,1.28,1.29,18434021
HHL,20040723,6.5,6.5,6.5,6.5,3496
HHM,20040723,0.22,0.22,0.22,0.22,10000
HHV,20040723,1,1,0.99,0.99,137635
HIB,20040723,0.72,0.74,0.7,0.74,48480
HIC,20040723,0.62,0.62,0.62,0.62,34750
HIG,20040723,0.365,0.37,0.36,0.37,1836764
HIL,20040723,3.96,4,3.95,3.98,69985
HJB,20040723,0.35,0.355,0.35,0.355,39323
HLD,20040723,0.51,0.51,0.47,0.5,300505
HLT,20040723,0.53,0.55,0.53,0.55,21491
HLX,20040723,0.185,0.185,0.185,0.185,2600
HLY,20040723,7.68,7.68,7.37,7.47,860073
HMC,20040723,0.046,0.047,0.045,0.045,130326
HME,20040723,5.18,5.25,5.18,5.18,10343
HNG,20040723,1.85,1.86,1.83,1.83,145750
HNR,20040723,0.16,0.16,0.16,0.16,14000
HPX,20040723,1.7,1.71,1.7,1.71,46434
HRD,20040723,0.33,0.33,0.325,0.33,126500
HRR,20040723,0.245,0.25,0.24,0.25,307157
HSN,20040723,0.295,0.295,0.29,0.29,99000
HSP,20040723,3.57,3.57,3.47,3.53,120312
HTA,20040723,0.46,0.46,0.45,0.455,932578
HTE,20040723,0.045,0.045,0.044,0.044,281000
HTL,20040723,0.18,0.18,0.18,0.18,1390000
HTM,20040723,0.08,0.08,0.08,0.08,36000
HVN,20040723,2.97,3.04,2.97,3.02,2398269
HWE,20040723,0.88,0.88,0.86,0.87,1187699
HWG,20040723,0.097,0.097,0.093,0.093,312400
HWI,20040723,2.36,2.36,2.34,2.35,249395
HWT,20040723,1.43,1.43,1.4,1.4,11500
HZG,20040723,0.05,0.055,0.05,0.055,19330
HZN,20040723,0.059,0.06,0.059,0.06,50542
IAG,20040723,4.85,4.86,4.81,4.84,4002980
IAS,20040723,0.49,0.5,0.45,0.45,81047
IBA,20040723,0.475,0.5,0.47,0.495,675425
IBC,20040723,0.53,0.53,0.53,0.53,49000
ICE,20040723,0.022,0.022,0.022,0.022,357750
ICN,20040723,0.046,0.046,0.044,0.045,568500
ICO,20040723,0.26,0.26,0.26,0.26,1200
ICP,20040723,0.038,0.06,0.038,0.06,22500
IDT,20040723,2.18,2.3,2.17,2.29,221663
IEF,20040723,1.03,1.03,1.03,1.03,10000
IFL,20040723,5.53,5.61,5.53,5.61,146864
IFM,20040723,0.78,0.79,0.77,0.79,660698
IGL,20040723,0.3,0.305,0.3,0.305,21500
IGO,20040723,1.08,1.08,1.01,1.02,248567
IGP,20040723,3.02,3.03,3.01,3.02,10020
IHG,20040723,0.13,0.13,0.12,0.12,417500
IIF,20040723,1.82,1.83,1.81,1.81,2892902
IIN,20040723,2.82,2.82,2.78,2.78,65887
ILU,20040723,4.46,4.47,4.38,4.44,775316
IMA,20040723,0.395,0.415,0.39,0.415,32000
IMD,20040723,0.14,0.14,0.13,0.13,392550
IMF,20040723,0.83,0.83,0.83,0.83,10700
IMH,20040723,0.24,0.24,0.24,0.24,29376
IMI,20040723,0.03,0.03,0.03,0.03,133827
IMP,20040723,0.005,0.005,0.005,0.005,357
IMU,20040723,0.28,0.32,0.28,0.3,3287318
INL,20040723,0.099,0.099,0.099,0.099,43000
INP,20040723,0.66,0.71,0.65,0.66,998727
INT,20040723,0.034,0.039,0.034,0.039,880000
INV,20040723,0.065,0.07,0.065,0.07,55000
IOC,20040723,2.65,2.65,2.6,2.64,13120
IOF,20040723,1.21,1.21,1.2,1.2,1562350
ION,20040723,1.83,1.84,1.81,1.82,1172846
IPA,20040723,1,1,1,1,3000
IPG,20040723,1.95,1.96,1.94,1.95,3033993
IPL,20040723,18.42,18.45,18.42,18.43,8084
IPN,20040723,0.066,0.068,0.06,0.06,31542309
IPS,20040723,1.14,1.14,1.14,1.14,4385
IRC,20040723,0.074,0.074,0.074,0.074,212000
IRE,20040723,3.2,3.22,3.18,3.21,261324
IRI,20040723,0.43,0.435,0.415,0.43,711977
IRN,20040723,0.32,0.325,0.32,0.325,60625
ITD,20040723,0.345,0.345,0.33,0.33,88452
ITE,20040723,0.24,0.24,0.24,0.24,3208
ITF,20040723,1.19,1.2,1.19,1.2,31000
IVC,20040723,2.37,2.39,2.37,2.38,199281
IVK,20040723,0.026,0.026,0.026,0.026,100000
IWF,20040723,1.93,1.93,1.89,1.91,36634
IWI,20040723,1.91,1.91,1.9,1.9,39916
IWL,20040723,0.315,0.32,0.315,0.32,50900
JAG,20040723,0.17,0.17,0.17,0.17,20000
JBH,20040723,2.48,2.58,2.48,2.57,830127
JBM,20040723,4.31,4.35,4.3,4.31,552261
JDV,20040723,0.68,0.68,0.68,0.68,3000
JET,20040723,0.375,0.375,0.365,0.365,44000
JFG,20040723,2.81,2.83,2.8,2.8,545321
JFM,20040723,1.07,1.09,1.07,1.08,167784
JHX,20040723,6.07,6.09,6.06,6.08,778706
JRL,20040723,0.2,0.2,0.2,0.2,5000
JRV,20040723,0.005,0.008,0.005,0.007,53872609
JST,20040723,2.37,2.37,2.32,2.33,4233357
KBO,20040723,0.089,0.09,0.086,0.09,158000
KCN,20040723,3.49,3.5,3.47,3.49,79531
KDS,20040723,0.44,0.47,0.44,0.47,28000
KIA,20040723,0.7,0.7,0.7,0.7,2800
KIM,20040723,1.53,1.6,1.53,1.58,2656044
KLM,20040723,0.195,0.195,0.195,0.195,70500
KME,20040723,2.28,2.3,2.28,2.3,28270
KMN,20040723,0.047,0.053,0.046,0.048,9294641
KOV,20040723,3.85,3.85,3.85,3.85,1500
KRS,20040723,0.52,0.53,0.52,0.52,328478
KSC,20040723,2.52,2.58,2.52,2.52,22640
KYC,20040723,1.53,1.55,1.52,1.53,58614
KZL,20040723,0.93,0.94,0.92,0.94,90179
LAF,20040723,0.115,0.115,0.11,0.11,488070
LAK,20040723,0.165,0.165,0.165,0.165,5000
LAL,20040723,0.05,0.05,0.05,0.05,97303
LAS,20040723,0.085,0.085,0.085,0.085,8000
LCL,20040723,0.75,0.77,0.74,0.77,49407
LCO,20040723,0.85,0.88,0.85,0.88,7100
LDW,20040723,4.65,4.65,4.65,4.65,2300
LEG,20040723,0.135,0.14,0.135,0.135,283941
LEI,20040723,8.9,9.1,8.89,9.09,942780
LEP,20040723,1.38,1.38,1.35,1.35,81205
LGD,20040723,0.57,0.59,0.57,0.59,113000
LHG,20040723,1.14,1.15,1.12,1.14,6631761
LIM,20040723,6.2,6.2,6.15,6.15,4990
LIO,20040723,0.005,0.005,0.005,0.005,150000
LKE,20040723,0.13,0.13,0.13,0.13,10000
LKO,20040723,0.055,0.057,0.054,0.055,6178009
LLC,20040723,10.72,10.82,10.6,10.65,1045004
LMC,20040723,2.25,2.25,2.25,2.25,850
LNN,20040723,7.04,7.04,6.95,6.98,2911494
LOK,20040723,0.115,0.12,0.11,0.11,3453019
LRL,20040723,0.315,0.325,0.315,0.325,44516
LRX,20040723,0.17,0.17,0.17,0.17,43614
LSG,20040723,1.62,1.64,1.62,1.62,152088
LUM,20040723,0.155,0.16,0.145,0.155,1843731
LYC,20040723,0.39,0.39,0.38,0.39,331586
MAH,20040723,0.295,0.295,0.29,0.29,308500
MAP,20040723,2.15,2.18,2.15,2.16,4561217
MAQ,20040723,0.25,0.26,0.25,0.26,87751
MAR,20040723,0.225,0.24,0.17,0.175,319414
MAY,20040723,3.6,3.67,3.59,3.66,5366041
MBG,20040723,0.031,0.031,0.028,0.028,1506944
MBL,20040723,32.74,32.74,31.61,31.94,4965534
MBN,20040723,0.225,0.23,0.225,0.23,45000
MBP,20040723,1.3,1.35,1.29,1.29,527670
MCC,20040723,2.28,2.33,2.27,2.3,596681
MCG,20040723,3.93,4,3.9,4,256261
MCP,20040723,4.4,4.4,4.35,4.4,81183
MCR,20040723,0.74,0.74,0.71,0.72,625354
MCW,20040723,1.81,1.82,1.8,1.81,2832951
MDE,20040723,0.87,0.87,0.87,0.87,30000
MDL,20040723,0.34,0.345,0.34,0.345,563900
MDM,20040723,0.058,0.06,0.057,0.058,772706
MDS,20040723,0.135,0.135,0.13,0.13,35465
MDT,20040723,1.07,1.07,1.06,1.06,5550295
MDV,20040723,0.17,0.17,0.17,0.17,50000
MEE,20040723,0.074,0.074,0.072,0.072,196471
MEI,20040723,0.23,0.23,0.22,0.22,186870
MFI,20040723,1.1,1.13,1.09,1.1,97681
MFS,20040723,1.62,1.62,1.6,1.6,40935
MFT,20040723,0.85,0.85,0.85,0.85,10000
MGI,20040723,1.7,1.71,1.68,1.68,4223942
MGM,20040723,3.43,3.45,3.42,3.45,162633
MGO,20040723,0.1,0.1,0.1,0.1,49145
MGR,20040723,4.5,4.51,4.48,4.49,3708238
MGU,20040723,0.075,0.075,0.074,0.074,9000
MGW,20040723,4.85,4.88,4.84,4.84,175622
MGX,20040723,0.17,0.17,0.165,0.165,437570
MGZ,20040723,0.195,0.21,0.195,0.205,122500
MIA,20040723,0.98,0.99,0.98,0.98,2719108
MIC,20040723,0.09,0.09,0.088,0.09,831266
MIG,20040723,3.44,3.46,3.43,3.46,5354891
MIK,20040723,0.046,0.05,0.045,0.05,575665
MIL,20040723,0.056,0.056,0.056,0.056,30000
MIR,20040723,1.27,1.29,1.27,1.28,165185
MLB,20040723,0.86,0.87,0.86,0.87,2430
MLE,20040723,1.15,1.18,1.15,1.16,143905
MLT,20040723,13.5,13.5,13.5,13.5,8000
MMA,20040723,0.98,0.99,0.98,0.98,823353
MML,20040723,0.375,0.38,0.375,0.38,55000
MMN,20040723,0.14,0.14,0.135,0.14,243600
MMS,20040723,0.88,0.88,0.85,0.88,58800
MND,20040723,6.05,6.05,6.03,6.04,3394
MNR,20040723,1.12,1.19,1.1,1.18,463581
MOB,20040723,0.12,0.125,0.12,0.12,50000
MOD,20040723,0.18,0.18,0.18,0.18,30000
MOF,20040723,1.2,1.2,1.19,1.19,1348962
MOS,20040723,0.205,0.21,0.205,0.205,335285
MPD,20040723,0.095,0.095,0.091,0.091,80000
MPH,20040723,0.66,0.67,0.66,0.66,82915
MPI,20040723,0.14,0.14,0.135,0.135,354145
MPM,20040723,1.55,1.55,1.5,1.51,121251
MPR,20040723,1.09,1.1,1.09,1.1,6127500
MRE,20040723,2.23,2.24,2.2,2.24,1241649
MRL,20040723,1.5,1.52,1.45,1.45,1252577
MRM,20040723,0.31,0.31,0.31,0.31,1000
MRT,20040723,0.36,0.36,0.36,0.36,42631
MRX,20040723,0.091,0.092,0.089,0.089,1508140
MRY,20040723,0.012,0.013,0.012,0.012,978800
MSC,20040723,0.1,0.11,0.1,0.1,4053353
MSF,20040723,5.75,5.75,5.6,5.6,1667
MSO,20040723,0.145,0.145,0.13,0.13,585976
MST,20040723,0.36,0.365,0.355,0.355,426992
MSX,20040723,0.86,0.86,0.85,0.85,16519
MTD,20040723,0.21,0.21,0.21,0.21,8077
MTH,20040723,0.37,0.37,0.37,0.37,10000
MTI,20040723,0.51,0.51,0.51,0.51,37000
MTO,20040723,0.245,0.245,0.245,0.245,102040
MTR,20040723,0.2,0.205,0.2,0.205,13700
MTT,20040723,2.67,2.68,2.66,2.67,463213
MTX,20040723,0.85,0.85,0.85,0.85,87621
MUL,20040723,0.044,0.045,0.044,0.044,5191333
MUR,20040723,0.036,0.036,0.032,0.032,63000
MVP,20040723,0.9,0.9,0.88,0.88,21963
MWE,20040723,0.145,0.15,0.145,0.15,150000
MWR,20040723,0.017,0.017,0.017,0.017,21001
MXA,20040723,0.003,0.003,0.003,0.003,6985285
MXI,20040723,0.79,0.8,0.77,0.77,133400
MXL,20040723,0.13,0.135,0.13,0.13,1225150
MYO,20040723,1.38,1.39,1.38,1.38,108998
NAB,20040723,27.22,27.34,26.87,26.87,17735721
NAI,20040723,0.039,0.04,0.039,0.04,458000
NAL,20040723,0.78,0.79,0.77,0.79,916319
NAM,20040723,0.39,0.395,0.39,0.395,68602
NAV,20040723,0.13,0.13,0.12,0.12,101082
NBL,20040723,2.2,2.2,2.2,2.2,8000
NCA,20040723,0.013,0.014,0.013,0.013,1947000
NCH,20040723,0.19,0.21,0.19,0.21,103100
NCK,20040723,1.4,1.4,1.4,1.4,23000
NCM,20040723,14.29,14.43,14.13,14.28,1783733
NCP,20040723,12.2,12.23,12.12,12.14,5360214
NDC,20040723,0.335,0.355,0.335,0.345,670471
NDO,20040723,0.017,0.017,0.016,0.016,830000
NEM,20040723,5.6,5.62,5.59,5.61,28497
NFD,20040723,4.42,4.48,4.42,4.47,905344
NGM,20040723,0.185,0.19,0.185,0.185,80000
NHC,20040723,1.13,1.13,1.12,1.13,68650
NHL,20040723,0.185,0.185,0.18,0.18,74500
NHM,20040723,0.007,0.007,0.007,0.007,571000
NHR,20040723,0.43,0.43,0.425,0.425,56511
NIA,20040723,0.115,0.115,0.11,0.115,430000
NKL,20040723,0.19,0.19,0.18,0.18,47491
NKP,20040723,1.11,1.12,1.1,1.12,35000
NLX,20040723,0.3,0.305,0.29,0.3,19709225
NMC,20040723,0.046,0.046,0.045,0.045,3301000
NMS,20040723,0.255,0.26,0.245,0.26,306360
NNG,20040723,0.265,0.265,0.265,0.265,11350
NRT,20040723,5.05,5.09,5.02,5.03,99461
NTC,20040723,0.3,0.3,0.295,0.295,47600
NTG,20040723,0.04,0.04,0.04,0.04,327277
NUF,20040723,6.11,6.15,6.05,6.15,223002
NWA,20040723,0.053,0.053,0.053,0.053,1050000
NWE,20040723,0.052,0.053,0.052,0.052,169450
NWK,20040723,0.25,0.25,0.25,0.25,17935
NXS,20040723,0.205,0.21,0.2,0.21,1508381
OCO,20040723,0.021,0.022,0.021,0.022,2633179
OEC,20040723,0.15,0.155,0.15,0.155,407890
OEX,20040723,0.25,0.275,0.25,0.27,728834
OFM,20040723,2.15,2.15,2.12,2.12,13285
OGD,20040723,0.81,0.82,0.8,0.82,175030
OIL,20040723,0.365,0.37,0.36,0.36,57499
OKN,20040723,1.19,1.2,1.19,1.2,25000
OLH,20040723,1.02,1.02,1.02,1.02,1200
OMH,20040723,0.86,0.86,0.86,0.86,7500
OMI,20040723,1.65,1.7,1.65,1.66,27579
OMP,20040723,3.26,3.26,3.22,3.25,492312
OPI,20040723,0.175,0.18,0.175,0.18,2870
OPL,20040723,0.225,0.23,0.22,0.225,305036
OPM,20040723,0.005,0.005,0.005,0.005,770000
OPS,20040723,3.83,3.83,3.83,3.83,20000
ORG,20040723,6.15,6.19,6.06,6.06,2042784
ORI,20040723,15.09,15.2,15.09,15.2,1005262
ORL,20040723,2.73,2.74,2.73,2.73,97484
ORO,20040723,0.071,0.071,0.071,0.071,20700
ORP,20040723,0.021,0.021,0.021,0.021,5000
ORT,20040723,0.12,0.12,0.12,0.12,1250
OSH,20040723,1.3,1.32,1.28,1.29,7631985
OST,20040723,2.68,2.68,2.62,2.63,846396
OTI,20040723,0.18,0.18,0.18,0.18,62200
OTT,20040723,0.6,0.63,0.56,0.56,107155
OXR,20040723,0.82,0.83,0.81,0.81,4597526
PAO,20040723,1.26,1.26,1.24,1.25,3048394
PBB,20040723,4.08,4.1,4.05,4.05,733600
PBD,20040723,1.18,1.18,1.16,1.16,58624
PBG,20040723,2.8,2.82,2.77,2.78,4953864
PBI,20040723,0.39,0.395,0.39,0.395,35000
PBL,20040723,13.4,13.45,13.22,13.22,1244791
PBO,20040723,0.4,0.4,0.39,0.39,12106
PBT,20040723,0.6,0.6,0.57,0.57,80498
PCG,20040723,0.345,0.345,0.34,0.34,134367
PCL,20040723,0.074,0.074,0.073,0.074,262000
PCO,20040723,0.02,0.02,0.02,0.02,100000
PCP,20040723,0.165,0.17,0.15,0.15,86213
PDG,20040723,22.2,22.2,22.2,22.2,326
PDN,20040723,0.15,0.15,0.145,0.15,1086500
PDR,20040723,0.089,0.089,0.089,0.089,50000
PEM,20040723,0.77,0.78,0.75,0.77,567278
PEN,20040723,0.018,0.018,0.018,0.018,113000
PEO,20040723,0.21,0.215,0.21,0.215,110250
PEP,20040723,0.77,0.77,0.75,0.75,77338
PET,20040723,0.97,0.97,0.97,0.97,2500
PGA,20040723,2.11,2.12,2.11,2.12,6500
PGL,20040723,3.52,3.56,3.48,3.56,57400
PGN,20040723,1.03,1.03,1.02,1.02,40000
PGS,20040723,0.225,0.225,0.22,0.22,158000
PHL,20040723,0.065,0.065,0.065,0.065,334
PHY,20040723,2.95,2.95,2.92,2.92,441395
PIE,20040723,0.032,0.032,0.032,0.032,380000
PIF,20040723,1.22,1.23,1.21,1.22,386424
PIL,20040723,0.185,0.195,0.185,0.195,192022
PIV,20040723,1.29,1.29,1.25,1.25,20760
PLA,20040723,0.135,0.135,0.135,0.135,19082
PLT,20040723,0.5,0.5,0.455,0.455,389025
PLW,20040723,3.02,3.02,2.9,3,8450
PMC,20040723,2.34,2.37,2.33,2.33,117364
PME,20040723,0.68,0.68,0.67,0.67,18000
PMG,20040723,8.6,8.6,8.6,8.6,2000
PMH,20040723,0.014,0.015,0.014,0.014,480000
PMM,20040723,1.93,1.94,1.88,1.89,715762
PMN,20040723,3.77,3.79,3.76,3.77,5173469
PMP,20040723,1.67,1.73,1.67,1.71,750958
PMV,20040723,3.85,3.85,3.85,3.85,10000
PMX,20040723,0.11,0.11,0.105,0.105,90000
PNA,20040723,0.17,0.17,0.165,0.165,396000
PNO,20040723,0.081,0.082,0.067,0.068,15330844
POH,20040723,0.17,0.17,0.165,0.165,66746
POL,20040723,0.195,0.2,0.195,0.2,43834
PPK,20040723,0.93,0.93,0.92,0.92,151600
PPN,20040723,0.45,0.45,0.45,0.45,7000
PPP,20040723,0.14,0.14,0.135,0.135,127544
PPR,20040723,1.22,1.22,1.22,1.22,9318
PPT,20040723,46,46.61,46,46.61,125383
PPX,20040723,4.78,4.82,4.75,4.82,1402778
PRE,20040723,0.01,0.01,0.01,0.01,97500
PRG,20040723,3.2,3.21,3.17,3.2,183667
PRK,20040723,5.34,5.4,5.33,5.38,2749042
PRO,20040723,0.15,0.15,0.14,0.14,41150
PRR,20040723,0.215,0.22,0.21,0.22,95322
PRT,20040723,2.57,2.57,2.55,2.57,117305
PRV,20040723,0.98,0.98,0.97,0.97,197253
PRX,20040723,0.82,0.82,0.81,0.81,1097733
PRY,20040723,5.47,5.52,5.47,5.52,23351
PSA,20040723,1.31,1.34,1.3,1.34,49472
PSD,20040723,1.07,1.09,1.07,1.09,296950
PSG,20040723,0.17,0.17,0.17,0.17,28500
PSI,20040723,0.25,0.255,0.25,0.255,22000
PSP,20040723,0.14,0.14,0.14,0.14,10000
PSR,20040723,0.01,0.01,0.01,0.01,2000000
PSV,20040723,0.285,0.285,0.265,0.27,684719
PSX,20040723,0.245,0.265,0.245,0.265,411160
PTD,20040723,1.33,1.36,1.33,1.34,400422
PTS,20040723,0.078,0.078,0.078,0.078,15467
PWR,20040723,0.038,0.038,0.037,0.037,649250
PWT,20040723,1.2,1.2,1.2,1.2,92858
PXS,20040723,0.53,0.53,0.51,0.53,122534
QAD,20040723,0.038,0.038,0.036,0.036,81993
QAN,20040723,3.46,3.48,3.44,3.47,4969443
QBE,20040723,12.17,12.18,11.9,11.99,4200587
QCH,20040723,3.67,3.68,3.65,3.68,27357
QED,20040723,0.014,0.014,0.013,0.013,745000
QGC,20040723,0.19,0.19,0.19,0.19,155385
QML,20040723,0.175,0.175,0.175,0.175,25000
QPX,20040723,0.17,0.175,0.165,0.175,97000
QRS,20040723,0.21,0.21,0.195,0.195,2814128
QTI,20040723,0.68,0.68,0.68,0.68,422
QTM,20040723,0.185,0.185,0.185,0.185,45000
QUE,20040723,0.185,0.185,0.185,0.185,184100
QUR,20040723,0.035,0.035,0.03,0.03,729390
QVL,20040723,0.007,0.008,0.007,0.007,223000
QXQ,20040723,0.023,0.023,0.022,0.022,391973
RAB,20040723,1.13,1.13,1.13,1.13,16000
RAC,20040723,0.58,0.58,0.57,0.58,108100
RAU,20040723,0.145,0.16,0.145,0.16,100279
RBY,20040723,0.084,0.084,0.082,0.082,199182
RCD,20040723,4.2,4.25,4.15,4.23,861068
RCG,20040723,0.53,0.53,0.53,0.53,414600
RCL,20040723,2.7,2.7,2.64,2.69,255916
RCR,20040723,0.36,0.36,0.36,0.36,9000
RDF,20040723,2.84,2.85,2.8,2.8,249159
RDM,20040723,0.22,0.22,0.22,0.22,10000
RDR,20040723,0.27,0.275,0.27,0.275,67500
REA,20040723,0.86,0.86,0.85,0.85,25000
REB,20040723,2.88,2.91,2.87,2.91,56064
RED,20040723,0.14,0.14,0.13,0.135,1385320
REG,20040723,2.99,3,2.99,2.99,17000
REH,20040723,8.5,8.5,8.5,8.5,2175
REL,20040723,0.125,0.125,0.125,0.125,20000
REM,20040723,0.4,0.4,0.395,0.395,32000
REV,20040723,0.175,0.18,0.175,0.18,38928
RGA,20040723,0.45,0.45,0.45,0.45,12000
RGL,20040723,0.35,0.36,0.33,0.33,506043
RHC,20040723,5.91,5.93,5.79,5.88,444407
RHD,20040723,0.78,0.78,0.78,0.78,19316
RHT,20040723,0.16,0.165,0.155,0.155,162212
RIC,20040723,1.39,1.4,1.35,1.4,562870
RIM,20040723,0.029,0.03,0.029,0.03,200000
RIN,20040723,8.16,8.16,8.05,8.11,7907664
RIO,20040723,36.17,36.29,35.98,36.15,3221924
RKN,20040723,1.08,1.08,0.84,1.05,1693366
RMC,20040723,0.063,0.065,0.063,0.065,203010
RMD,20040723,6.8,6.8,6.73,6.75,476570
RML,20040723,0.16,0.16,0.15,0.16,142712
RMS,20040723,0.09,0.09,0.088,0.088,30000
RND,20040723,0.42,0.42,0.37,0.37,6000
RNG,20040723,0.265,0.265,0.24,0.24,147655
ROC,20040723,1.57,1.61,1.57,1.59,1052337
ROK,20040723,3.49,3.49,3.48,3.49,4233
RPC,20040723,0.38,0.4,0.38,0.4,376198
RPD,20040723,0.58,0.58,0.58,0.58,20420
RPH,20040723,1.16,1.16,1.15,1.16,1594781
RPM,20040723,0.093,0.093,0.092,0.093,204000
RPT,20040723,0.019,0.019,0.019,0.019,51300
RRS,20040723,0.016,0.017,0.016,0.017,1236117
RSG,20040723,1.3,1.31,1.24,1.25,258920
RSN,20040723,0.125,0.13,0.125,0.125,620500
RTL,20040723,0.355,0.355,0.34,0.345,152409
RTM,20040723,0.06,0.062,0.057,0.06,249967
RUP,20040723,7.95,7.95,7.9,7.9,14700
RXL,20040723,0.12,0.12,0.12,0.12,20000
SAI,20040723,1.79,1.83,1.79,1.83,1202149
SAQ,20040723,5.09,5.1,5.01,5.1,239055
SAX,20040723,0.13,0.13,0.13,0.13,4500
SBC,20040723,11.78,11.78,11.76,11.77,124155
SBL,20040723,0.43,0.43,0.41,0.41,161894
SBM,20040723,0.052,0.053,0.047,0.047,1599892
SBP,20040723,0.145,0.15,0.145,0.145,136253
SBS,20040723,0.084,0.084,0.084,0.084,150000
SCD,20040723,0.024,0.024,0.024,0.024,47000
SCE,20040723,0.025,0.025,0.025,0.025,272000
SCF,20040723,112,112.2,111.8,112.2,3450
SCV,20040723,0.9,0.9,0.9,0.9,10000
SCX,20040723,0.035,0.035,0.035,0.035,114667
SDG,20040723,1.05,1.06,1.04,1.06,476797
SDI,20040723,8.56,8.6,8.52,8.59,6980
SDL,20040723,0.014,0.014,0.014,0.014,70000
SDR,20040723,0.165,0.165,0.165,0.165,73200
SDS,20040723,0.67,0.67,0.67,0.67,65000
SED,20040723,0.23,0.23,0.225,0.225,35195
SEE,20040723,0.05,0.052,0.05,0.051,747000
SEL,20040723,1.31,1.32,1.3,1.31,158930
SEN,20040723,0.063,0.069,0.063,0.069,5002537
SES,20040723,0.23,0.3,0.23,0.3,294500
SEV,20040723,5.16,5.16,5.12,5.13,155583
SFC,20040723,14.4,14.4,14.25,14.4,3546
SFE,20040723,6.18,6.18,6.13,6.15,458181
SFR,20040723,0.23,0.23,0.23,0.23,80500
SGB,20040723,21.38,21.43,21.08,21.08,1782743
SGL,20040723,0.89,0.89,0.87,0.88,203857
SGN,20040723,3.27,3.27,3.23,3.25,776668
SGP,20040723,5.52,5.52,5.47,5.48,4937435
SGS,20040723,1.15,1.15,1.15,1.15,1000
SGT,20040723,1.83,1.83,1.82,1.82,228387
SGW,20040723,1.94,1.95,1.87,1.91,1937375
SGX,20040723,2.02,2.03,2.02,2.03,65590
SHG,20040723,0.295,0.31,0.295,0.305,714770
SHL,20040723,9.19,9.19,8.99,9,397479
SHN,20040723,0.098,0.099,0.098,0.099,672800
SHV,20040723,6.95,7,6.95,7,14644
SIE,20040723,0.07,0.071,0.069,0.069,1876487
SIG,20040723,8.3,8.3,8.21,8.3,292055
SIU,20040723,0.185,0.185,0.15,0.15,30000
SKE,20040723,3.06,3.14,3.04,3.08,57299
SKG,20040723,0.05,0.051,0.05,0.051,112000
SKR,20040723,0.054,0.054,0.052,0.052,605707
SLA,20040723,0.11,0.13,0.11,0.12,2178143
SLF,20040723,16.29,16.29,16.27,16.27,3050
SLM,20040723,3.91,3.95,3.9,3.95,80412
SLT,20040723,0.25,0.25,0.25,0.25,45857
SLX,20040723,1.16,1.16,1.12,1.15,402590
SMC,20040723,0.205,0.205,0.205,0.205,70000
SML,20040723,0.093,0.094,0.093,0.094,103550
SMM,20040723,0.055,0.055,0.055,0.055,65000
SMO,20040723,0.086,0.086,0.082,0.085,568571
SMS,20040723,12.24,12.24,12.11,12.15,144449
SMX,20040723,0.37,0.375,0.365,0.375,2036221
SMY,20040723,0.71,0.72,0.69,0.72,328981
SNN,20040723,0.265,0.265,0.26,0.265,1527738
SOH,20040723,0.93,0.93,0.92,0.92,860283
SOL,20040723,7.3,7.48,7.3,7.48,15224
SOT,20040723,1.45,1.45,1.42,1.44,243050
SPC,20040723,1.42,1.44,1.42,1.43,795806
SPL,20040723,0.76,0.76,0.75,0.75,116349
SPT,20040723,4.8,4.8,4.7,4.7,332163
SRA,20040723,0.14,0.145,0.14,0.14,260001
SRI,20040723,0.12,0.125,0.12,0.125,55388
SRL,20040723,1.36,1.36,1.34,1.35,307184
SRP,20040723,3.15,3.22,3.15,3.2,3197586
SRV,20040723,2.01,2.01,2.01,2.01,16000
SRX,20040723,2.38,2.48,2.38,2.48,51547
SSH,20040723,0.06,0.06,0.055,0.055,4500
SSS,20040723,2,2,2,2,1000
SSX,20040723,1.07,1.09,1.07,1.09,1965034
STI,20040723,0.26,0.26,0.25,0.25,89380
STN,20040723,0.12,0.12,0.115,0.12,139663
STO,20040723,7.36,7.37,7.11,7.17,3951479
STP,20040723,0.072,0.072,0.072,0.072,77879
STR,20040723,0.06,0.06,0.059,0.059,1200000
STS,20040723,0.58,0.59,0.58,0.58,35390
STU,20040723,0.79,0.79,0.76,0.77,99360
STW,20040723,35.43,35.45,35.24,35.24,418967
SUL,20040723,2.46,2.47,2.46,2.47,736380
SUN,20040723,13.65,13.7,13.58,13.65,1606916
SYG,20040723,0.007,0.007,0.007,0.007,160055
SYM,20040723,1.26,1.29,1.26,1.27,85097
SYN,20040723,0.47,0.47,0.47,0.47,8000
SYP,20040723,0.18,0.18,0.18,0.18,4685
TAA,20040723,0.062,0.062,0.062,0.062,14000
TAB,20040723,4.82,4.87,4.82,4.83,236372
TAH,20040723,13.7,13.8,13.67,13.69,1455736
TAM,20040723,0.2,0.2,0.195,0.2,172005
TAP,20040723,1.6,1.6,1.59,1.6,472209
TAS,20040723,0.085,0.085,0.084,0.084,5775
TAW,20040723,1.5,1.53,1.5,1.5,100500
TBC,20040723,0.215,0.22,0.215,0.22,364777
TCL,20040723,4.91,4.95,4.89,4.9,1935878
TEA,20040723,0.077,0.08,0.075,0.08,275000
TEL,20040723,5.4,5.45,5.38,5.41,4573649
TEM,20040723,1.03,1.04,1.02,1.02,57575
TEN,20040723,3.09,3.1,3.03,3.04,981057
TGG,20040723,1.18,1.2,1.17,1.18,215946
TGR,20040723,0.84,0.85,0.84,0.85,30028
TGS,20040723,0.085,0.085,0.085,0.085,50000
THG,20040723,0.65,0.65,0.64,0.64,266912
THK,20040723,0.27,0.275,0.27,0.275,89050
THX,20040723,0.43,0.43,0.43,0.43,305600
TIF,20040723,0.46,0.465,0.46,0.465,100000
TIM,20040723,1.59,1.6,1.58,1.6,729501
TIR,20040723,0.295,0.295,0.295,0.295,161741
TIS,20040723,1.04,1.04,1,1.01,25071
TKG,20040723,0.007,0.007,0.007,0.007,25000
TKR,20040723,1.63,1.63,1.63,1.63,1600
TLS,20040723,4.98,5,4.97,4.99,18191088
TLT,20040723,0.7,0.7,0.7,0.7,10000
TMO,20040723,0.44,0.44,0.43,0.435,75818
TMS,20040723,0.032,0.032,0.031,0.032,559000
TNE,20040723,0.65,0.65,0.64,0.65,504353
TNL,20040723,0.145,0.145,0.14,0.14,100000
TNS,20040723,2.43,2.43,2.4,2.4,19050
TOL,20040723,10.44,10.45,10.26,10.36,1529480
TOR,20040723,1.34,1.35,1.32,1.35,13760
TOX,20040723,0.01,0.01,0.008,0.01,734500
TPX,20040723,15.3,16,15.3,16,2500
TRG,20040723,9.11,9.2,9.1,9.2,5700
TRO,20040723,0.19,0.19,0.185,0.185,53900
TRS,20040723,2.18,2.2,2.18,2.2,229373
TRU,20040723,7.96,7.96,7.96,7.96,2000
TRY,20040723,2.97,3,2.97,2.97,60410
TSE,20040723,5.06,5.06,5,5.05,168303
TSV,20040723,0.099,0.099,0.099,0.099,50000
TTR,20040723,0.3,0.31,0.295,0.31,424000
TTT,20040723,0.81,0.82,0.81,0.82,8000
TVL,20040723,0.135,0.135,0.135,0.135,17500
TVN,20040723,0.235,0.235,0.23,0.235,155163
TWO,20040723,0.25,0.25,0.24,0.25,228000
TWR,20040723,1.6,1.64,1.6,1.64,563571
TYC,20040723,0.36,0.36,0.355,0.355,221029
TZL,20040723,0.44,0.455,0.43,0.455,91200
TZN,20040723,0.16,0.16,0.16,0.16,3387
UCL,20040723,0.042,0.044,0.042,0.044,933661
UCM,20040723,3.2,3.25,3.2,3.2,4000
UCW,20040723,0.6,0.6,0.6,0.6,166183
UEC,20040723,0.395,0.395,0.395,0.395,6000
UGL,20040723,5.47,5.49,5.37,5.37,588591
UNI,20040723,1.66,1.66,1.61,1.63,53380
UNW,20040723,0.62,0.62,0.6,0.6,209300
UOS,20040723,0.64,0.64,0.63,0.63,8000
URL,20040723,0.17,0.17,0.17,0.17,337163
UTB,20040723,8.99,9,8.89,8.93,755717
UXC,20040723,0.78,0.78,0.78,0.78,129554
VBA,20040723,2.04,2.11,2.04,2.1,6183036
VCN,20040723,0.1,0.1,0.1,0.1,8050
VCR,20040723,1.77,1.79,1.71,1.71,1156306
VGL,20040723,1.43,1.43,1.41,1.42,23370
VHL,20040723,0.47,0.47,0.47,0.47,19200
VKI,20040723,0.435,0.435,0.435,0.435,3000
VLL,20040723,1.83,1.84,1.83,1.84,387834
VOY,20040723,0.255,0.26,0.255,0.26,279701
VPE,20040723,0.023,0.023,0.022,0.022,831000
VPG,20040723,0.91,0.91,0.9,0.9,1445652
VRE,20040723,0.06,0.061,0.06,0.06,418500
VRI,20040723,0.12,0.135,0.12,0.135,455000
VRL,20040723,1.91,1.91,1.88,1.91,87108
VSG,20040723,0.039,0.04,0.038,0.039,548625
VSL,20040723,0.92,0.94,0.92,0.92,233763
VTI,20040723,0.65,0.66,0.65,0.65,40200
VTP,20040723,0.94,0.94,0.94,0.94,12000
VWD,20040723,1.35,1.35,1.34,1.34,14555
WAB,20040723,0.97,1,0.97,1,150000
WAG,20040723,0.22,0.225,0.22,0.225,444356
WAL,20040723,0.29,0.29,0.27,0.27,279325
WAM,20040723,1.56,1.57,1.53,1.57,85653
WAN,20040723,6.95,7.17,6.95,7.05,567555
WAT,20040723,2.65,2.65,2.61,2.61,1802
WBA,20040723,0.74,0.75,0.71,0.75,67457
WBB,20040723,6.85,6.85,6.85,6.85,3000
WBC,20040723,16.5,16.55,16.28,16.35,7471016
WCB,20040723,2.7,2.74,2.7,2.7,23540
WDC,20040723,14.91,15.02,14.76,14.83,6782701
WDP,20040723,1.85,1.85,1.85,1.85,1000
WEB,20040723,0.041,0.041,0.039,0.039,170000
WES,20040723,29.6,29.81,29.4,29.51,1211377
WEZ,20040723,0.26,0.26,0.26,0.26,1950
WFL,20040723,2.51,2.52,2.51,2.52,3171
WHF,20040723,3.1,3.1,3.09,3.09,17340
WHS,20040723,3.87,3.87,3.87,3.87,4300
WIL,20040723,0.97,0.98,0.97,0.98,96560
WLS,20040723,0.93,0.93,0.92,0.92,58800
WME,20040723,0.026,0.026,0.025,0.025,30000
WMR,20040723,5.11,5.13,5.06,5.07,4872134
WNZ,20040723,4.25,4.25,4.25,4.25,2357
WOR,20040723,3.11,3.11,3.07,3.11,164615
WOW,20040723,11.7,11.73,11.59,11.6,1496809
WPL,20040723,17.45,17.6,17.45,17.59,1384709
WPO,20040723,0.32,0.32,0.32,0.32,500
WRF,20040723,0.26,0.26,0.23,0.23,3300
WSA,20040723,1.04,1.05,1.03,1.05,250188
WSG,20040723,0.01,0.011,0.01,0.011,506600
WSS,20040723,0.068,0.068,0.06,0.06,150000
WST,20040723,0.7,0.7,0.7,0.7,999897
WSY,20040723,0.03,0.03,0.03,0.03,3000
WTE,20040723,0.031,0.033,0.031,0.032,18261922
WTP,20040723,0.92,0.98,0.92,0.97,565170
WWA,20040723,0.83,0.84,0.83,0.84,16000
WWM,20040723,0.033,0.033,0.033,0.033,38500
WYL,20040723,3.4,3.4,3.38,3.39,180741
XAN,20040723,0.09,0.092,0.09,0.092,135560
XAO,20040723,3505.5,3514.6,3495.7,3495.7,0
XBL,20040723,0.325,0.335,0.325,0.325,80000
XBW,20040723,28904.7,28904.7,28820.9,28820.9,0
XDJ,20040723,2142.9,2159.4,2141.7,2143.1,0
XEJ,20040723,6083.8,6123.8,6057.5,6075.7,0
XFJ,20040723,4210.5,4220.5,4182.3,4182.3,0
XFL,20040723,3470.7,3479.3,3455.7,3455.7,0
XHJ,20040723,3901.7,3913.4,3887.9,3888.9,0
XIJ,20040723,268.3,268.3,264.9,265.7,0
XJO,20040723,3498.3,3506.8,3485.2,3485.2,0
XKO,20040723,3502.1,3510.6,3489.4,3489.4,0
XMD,20040723,3258.4,3263.7,3249.3,3249.8,0
XMJ,20040723,5612.7,5612.7,5578.2,5586.5,0
XNJ,20040723,3947.5,3965,3942.8,3955.2,0
XPJ,20040723,1626.9,1636,1622.7,1625,0
XSJ,20040723,4638.8,4658.7,4630.1,4634.8,0
XSO,20040723,1995.5,2004.3,1995.5,1998.5,0
XTJ,20040723,1768.1,1772.3,1760.9,1767.4,0
XTL,20040723,1923.4,1930.1,1914.5,1914.5,0
XTO,20040723,2843.6,2850.2,2832,2832,0
XUJ,20040723,3920.5,3957.9,3920.5,3933.4,0
XXJ,20040723,4192.8,4202.2,4157.6,4158.1,0
YAM,20040723,0.01,0.011,0.01,0.01,1086667
YGL,20040723,0.035,0.035,0.035,0.035,550000
YSF,20040723,0.83,0.83,0.83,0.83,12864
ZFX,20040723,1.81,1.82,1.8,1.8,1786544
ZYL,20040723,0.008,0.008,0.007,0.008,1431911
