AAB,20040914,0.83,0.84,0.83,0.84,11486
AAC,20040914,1.39,1.4,1.39,1.39,323539
AAM,20040914,0.375,0.375,0.37,0.37,20000
AAQ,20040914,0.445,0.45,0.43,0.45,58500
AAT,20040914,0.235,0.24,0.235,0.24,53012
ABB,20040914,7.65,7.73,7.65,7.73,2205
ABC,20040914,1.41,1.43,1.41,1.42,3159793
ABI,20040914,0.265,0.265,0.255,0.26,76000
ABK,20040914,0.115,0.12,0.115,0.12,190000
ABP,20040914,1.24,1.24,1.23,1.23,104988
ABS,20040914,3.98,4.1,3.96,4.1,972297
ACF,20040914,1.06,1.06,1.06,1.06,23000
ACL,20040914,0.6,0.6,0.59,0.59,36509
ACU,20040914,0.445,0.445,0.435,0.44,177850
ADA,20040914,0.34,0.34,0.335,0.335,20886
ADB,20040914,9.25,9.35,9.25,9.25,124479
ADG,20040914,3.75,3.75,3.75,3.75,3059
ADK,20040914,0.04,0.04,0.04,0.04,36000
ADL,20040914,0.135,0.14,0.135,0.14,178000
ADN,20040914,0.175,0.175,0.175,0.175,10000
ADT,20040914,1.14,1.14,1.1,1.1,11000
ADU,20040914,0.77,0.77,0.72,0.72,3100
ADX,20040914,0.092,0.092,0.092,0.092,50000
ADY,20040914,0.025,0.025,0.025,0.025,130000
ADZ,20040914,1.49,1.49,1.45,1.48,331380
AEC,20040914,1.61,1.61,1.6,1.6,6000
AEI,20040914,0.89,0.91,0.88,0.91,172524
AEN,20040914,0.87,0.87,0.85,0.86,24433
AEO,20040914,1.38,1.4,1.38,1.4,47052
AEX,20040914,0.063,0.063,0.061,0.062,1370382
AFI,20040914,3.32,3.33,3.31,3.32,280452
AFL,20040914,1.3,1.3,1.3,1.3,11000
AFM,20040914,0.02,0.02,0.02,0.02,25000
AFT,20040914,0.023,0.023,0.022,0.023,3527510
AGC,20040914,1.7,1.73,1.7,1.73,60000
AGG,20040914,10.1,10.11,10.06,10.11,7219
AGI,20040914,0.97,0.98,0.93,0.93,489481
AGL,20040914,13.47,13.55,13.35,13.55,690348
AGM,20040914,0.115,0.125,0.115,0.12,422500
AGS,20040914,0.046,0.046,0.044,0.044,130000
AGX,20040914,0.52,0.53,0.51,0.53,206675
AGY,20040914,0.09,0.09,0.09,0.09,20000
AGZ,20040914,0.15,0.15,0.15,0.15,1864
AHD,20040914,3.7,3.74,3.7,3.74,24010
AHS,20040914,1.13,1.13,1.12,1.12,32925
AHU,20040914,4.56,4.56,4.56,4.56,79
AIA,20040914,6.75,6.75,6.75,6.75,1490
AIE,20040914,0.155,0.155,0.155,0.155,358000
AIM,20040914,0.042,0.043,0.042,0.042,150000
AIX,20040914,1.97,2.02,1.97,2.02,1159841
AIZ,20040914,1.78,1.79,1.78,1.78,30000
AJL,20040914,1.9,1.91,1.87,1.89,40320
AKD,20040914,0.02,0.021,0.018,0.018,5405832
ALD,20040914,0.23,0.23,0.22,0.22,121591
ALE,20040914,0.05,0.05,0.05,0.05,4000
ALH,20040914,2.92,2.92,2.9,2.91,1589060
ALK,20040914,0.18,0.18,0.175,0.18,108000
ALL,20040914,6.85,6.94,6.85,6.94,5062058
ALN,20040914,7.55,7.55,7.49,7.55,667591
ALS,20040914,7.32,7.33,7.3,7.3,310751
ALT,20040914,0.066,0.066,0.066,0.066,10000
ALU,20040914,0.335,0.34,0.33,0.34,76910
ALZ,20040914,1.87,1.87,1.84,1.86,833725
AMB,20040914,0.45,0.45,0.45,0.45,9400
AMC,20040914,7.45,7.5,7.43,7.5,2268585
AME,20040914,0.125,0.125,0.125,0.125,45050
AMG,20040914,0.041,0.041,0.041,0.041,616
AMH,20040914,0.47,0.47,0.465,0.47,162845
AML,20040914,0.51,0.52,0.51,0.52,70500
AMM,20040914,0.17,0.17,0.165,0.165,69300
AMP,20040914,6.38,6.43,6.36,6.36,5044347
AMU,20040914,0.52,0.52,0.5,0.51,62046
ANC,20040914,8.35,8.35,8.33,8.33,2410
AND,20040914,0.068,0.071,0.068,0.071,307013
ANE,20040914,3.92,4.03,3.92,4.03,103830
ANG,20040914,0.425,0.44,0.42,0.425,1294932
ANM,20040914,0.023,0.024,0.023,0.023,160441
ANN,20040914,8.6,8.73,8.6,8.7,992579
ANP,20040914,0.115,0.115,0.115,0.115,253000
ANX,20040914,0.44,0.45,0.44,0.45,39000
ANZ,20040914,18.72,18.79,18.7,18.72,5363442
AOE,20040914,0.35,0.355,0.345,0.345,1143126
APA,20040914,2.76,2.79,2.76,2.78,261487
APE,20040914,6.9,6.9,6.9,6.9,1000
APG,20040914,0.031,0.031,0.031,0.031,38800
API,20040914,3.11,3.18,3.11,3.15,1016345
APN,20040914,4.46,4.49,4.44,4.48,259781
APZ,20040914,0.2,0.2,0.195,0.195,583325
AQA,20040914,0.86,0.86,0.86,0.86,10735
AQD,20040914,0.2,0.215,0.2,0.215,72200
AQL,20040914,0.04,0.04,0.037,0.037,75567
AQP,20040914,6.82,6.85,6.8,6.83,102598
ARA,20040914,0.39,0.4,0.37,0.37,168640
ARE,20040914,0.16,0.175,0.16,0.17,270000
ARG,20040914,4.88,4.89,4.85,4.86,74243
ARM,20040914,0.18,0.18,0.18,0.18,10000
ARO,20040914,0.075,0.075,0.075,0.075,20000
ARP,20040914,3.62,3.67,3.62,3.65,31180
ARQ,20040914,0.96,0.96,0.95,0.96,279323
ARU,20040914,0.145,0.145,0.145,0.145,5000
ASB,20040914,1.4,1.43,1.4,1.42,45713
ASC,20040914,0.067,0.067,0.067,0.067,91530
ASL,20040914,0.58,0.58,0.58,0.58,199929
ASP,20040914,0.038,0.038,0.038,0.038,10841
ASX,20040914,15.73,15.73,15.62,15.7,287117
ASZ,20040914,0.385,0.385,0.38,0.385,100000
ATG,20040914,0.68,0.68,0.67,0.67,43500
ATN,20040914,0.13,0.14,0.13,0.14,270288
ATP,20040914,0.165,0.17,0.165,0.17,45100
ATR,20040914,2.98,2.98,2.6,2.67,38949
ATX,20040914,0.072,0.079,0.072,0.074,1702030
ATZ,20040914,0.355,0.36,0.35,0.36,298860
AUI,20040914,4.6,4.6,4.6,4.6,3750
AUL,20040914,0.01,0.01,0.01,0.01,110000
AUM,20040914,0.038,0.039,0.037,0.037,230000
AUN,20040914,0.78,0.79,0.77,0.78,875957
AUO,20040914,0.55,0.55,0.52,0.53,1047365
AUS,20040914,0.86,0.87,0.86,0.86,95250
AUX,20040914,0.057,0.057,0.057,0.057,20000
AUZ,20040914,0.12,0.12,0.115,0.115,423400
AVA,20040914,0.031,0.031,0.031,0.031,148000
AVJ,20040914,1.89,1.89,1.87,1.89,128299
AVM,20040914,0.45,0.465,0.45,0.46,413832
AVN,20040914,0.024,0.024,0.024,0.024,183300
AVO,20040914,0.135,0.135,0.135,0.135,25000
AVR,20040914,0.5,0.5,0.5,0.5,848
AVS,20040914,0.6,0.6,0.6,0.6,12204
AVT,20040914,0.057,0.057,0.057,0.057,125038
AVV,20040914,2.36,2.42,2.36,2.42,62830
AWB,20040914,4.63,4.63,4.54,4.56,416765
AWC,20040914,5.32,5.34,5.29,5.31,4344735
AWE,20040914,1.72,1.73,1.7,1.71,685610
AWL,20040914,0.027,0.027,0.027,0.027,100000
AWP,20040914,9.11,9.11,8.96,8.96,28795
AXA,20040914,3.93,3.94,3.91,3.94,4258366
AYO,20040914,0.53,0.54,0.53,0.54,195300
AZR,20040914,0.105,0.11,0.105,0.11,60000
BAX,20040914,5.75,5.75,5.75,5.75,704
BBB,20040914,0.35,0.35,0.345,0.345,35000
BBG,20040914,9.41,9.43,9.37,9.38,803643
BCA,20040914,3.3,3.3,3.27,3.28,291037
BCD,20040914,0.5,0.51,0.5,0.51,43559
BCL,20040914,0.23,0.24,0.205,0.21,2344632
BDG,20040914,0.7,0.7,0.68,0.68,60521
BDI,20040914,0.315,0.35,0.31,0.345,396970
BDM,20040914,0.67,0.67,0.66,0.66,6200
BEN,20040914,10.07,10.12,9.9,10,88732
BER,20040914,0.7,0.7,0.7,0.7,4000
BGD,20040914,0.16,0.16,0.16,0.16,50000
BGF,20040914,0.084,0.086,0.084,0.085,376819
BHP,20040914,13.28,13.34,13.24,13.24,12809570
BIL,20040914,7.14,7.24,7.11,7.22,7695016
BIT,20040914,0.29,0.295,0.27,0.27,77928
BIX,20040914,0.074,0.074,0.073,0.073,100000
BKA,20040914,0.34,0.35,0.34,0.35,45000
BKI,20040914,0.98,1,0.98,0.98,327413
BKL,20040914,11.53,11.65,11.45,11.65,3282
BKM,20040914,0.016,0.016,0.016,0.016,200000
BKN,20040914,2.9,2.91,2.87,2.87,808590
BKR,20040914,0.33,0.33,0.315,0.315,7250
BKS,20040914,0.017,0.018,0.017,0.017,514200
BKV,20040914,0.055,0.06,0.055,0.06,254150
BKW,20040914,11.22,11.32,11.22,11.3,32462
BKY,20040914,0.16,0.16,0.16,0.16,150000
BLD,20040914,7.04,7.04,6.99,6.99,2539729
BLN,20040914,0.16,0.16,0.145,0.145,85500
BLT,20040914,0.83,0.85,0.8,0.85,52700
BLZ,20040914,0.057,0.057,0.057,0.057,219026
BMO,20040914,0.18,0.19,0.18,0.19,58750
BMX,20040914,0.15,0.17,0.15,0.17,1014121
BNE,20040914,0.7,0.7,0.6,0.6,22485
BNO,20040914,0.26,0.26,0.255,0.255,29197
BOC,20040914,0.22,0.22,0.22,0.22,300
BOD,20040914,0.19,0.19,0.19,0.19,175943
BOL,20040914,1.77,1.79,1.75,1.78,664948
BOQ,20040914,9.94,9.95,9.83,9.92,218295
BOS,20040914,0.24,0.25,0.23,0.25,139279
BPC,20040914,0.74,0.74,0.73,0.73,1051819
BPO,20040914,0.078,0.08,0.076,0.08,358078
BPT,20040914,0.33,0.33,0.325,0.33,504500
BQT,20040914,0.355,0.355,0.325,0.345,2461310
BRK,20040914,2.54,2.54,2.54,2.54,22759
BRW,20040914,0.039,0.039,0.038,0.038,131000
BRZ,20040914,1.74,1.77,1.73,1.77,63320
BSA,20040914,0.35,0.35,0.345,0.345,148326
BSG,20040914,0.33,0.34,0.33,0.34,28972
BSL,20040914,8.59,8.6,8.4,8.43,5254885
BSO,20040914,2.23,2.24,2.22,2.23,21400
BTA,20040914,0.56,0.57,0.55,0.57,125750
BTC,20040914,0.375,0.385,0.375,0.385,15900
BTV,20040914,0.06,0.06,0.057,0.057,412675
BTX,20040914,0.57,0.57,0.57,0.57,225000
BUG,20040914,0.6,0.61,0.6,0.61,65899
BUY,20040914,0.115,0.12,0.115,0.12,415055
BWP,20040914,1.73,1.75,1.73,1.73,848685
BYI,20040914,0.345,0.345,0.34,0.34,20000
CAA,20040914,2.47,2.48,2.45,2.48,72295
CAB,20040914,3.57,3.65,3.57,3.64,272996
CAG,20040914,0.026,0.031,0.026,0.031,859084
CAL,20040914,0.42,0.43,0.42,0.43,14890
CAS,20040914,0.24,0.24,0.235,0.235,7999
CAT,20040914,0.42,0.42,0.42,0.42,4000
CAU,20040914,0.16,0.165,0.16,0.165,143167
CAZ,20040914,0.175,0.18,0.17,0.18,125000
CBA,20040914,30.06,30.1,29.66,29.69,4101607
CBD,20040914,0.36,0.38,0.36,0.38,241743
CBH,20040914,0.175,0.18,0.175,0.175,926720
CBR,20040914,5.25,5.32,5.25,5.32,1000
CCE,20040914,0.495,0.5,0.49,0.5,809032
CCL,20040914,7.06,7.1,6.99,7.03,2858216
CCS,20040914,0.115,0.115,0.11,0.11,270000
CCV,20040914,0.27,0.285,0.27,0.285,225790
CDA,20040914,1.89,1.89,1.89,1.89,12000
CDC,20040914,1.48,1.52,1.43,1.52,1806272
CDD,20040914,1.94,1.94,1.9,1.9,36000
CDF,20040914,1.256,1.256,1.206,1.206,71493
CDO,20040914,5.77,5.78,5.77,5.78,57270
CDP,20040914,2.76,2.76,2.74,2.76,38586
CDR,20040914,1.9,1.96,1.9,1.94,58466
CDX,20040914,2.08,2.08,2.08,2.08,2600
CEG,20040914,1.5,1.51,1.5,1.51,16300
CEP,20040914,4.61,4.63,4.57,4.63,2817234
CEQ,20040914,2.04,2.04,2.02,2.04,28760
CEY,20040914,3.65,3.68,3.65,3.66,465617
CFI,20040914,0.63,0.65,0.63,0.65,34185
CFR,20040914,0.022,0.023,0.022,0.023,710909
CFU,20040914,0.82,0.83,0.82,0.83,3770
CGF,20040914,0.455,0.46,0.45,0.46,6682366
CGO,20040914,0.59,0.59,0.58,0.58,15000
CGS,20040914,0.265,0.265,0.265,0.265,40000
CHF,20040914,0.39,0.39,0.39,0.39,139650
CHL,20040914,0.17,0.17,0.17,0.17,12000
CHM,20040914,0.038,0.04,0.038,0.04,198500
CHO,20040914,21,21.5,21,21.5,295
CHQ,20040914,0.7,0.7,0.7,0.7,40238
CHX,20040914,1.05,1.05,1.02,1.02,252281
CHY,20040914,2.19,2.2,2.11,2.2,10325
CIN,20040914,12.7,12.7,12.7,12.7,17250
CIR,20040914,2.5,2.55,2.49,2.55,37726
CIY,20040914,4.66,4.82,4.66,4.75,317692
CKL,20040914,0.58,0.58,0.58,0.58,17137
CKR,20040914,0.55,0.56,0.54,0.54,53235
CLB,20040914,0.19,0.19,0.175,0.175,147632
CLH,20040914,1.73,1.8,1.73,1.75,404301
CLO,20040914,0.59,0.59,0.57,0.57,248253
CLT,20040914,1.41,1.44,1.4,1.4,29500
CLV,20040914,0.34,0.35,0.34,0.34,972923
CMI,20040914,2.26,2.3,2.26,2.27,90677
CMK,20040914,0.46,0.46,0.46,0.46,9000
CML,20040914,9.49,9.59,9.49,9.58,4424312
CMO,20040914,0.03,0.03,0.03,0.03,87245
CMP,20040914,0.38,0.38,0.38,0.38,15040
CMQ,20040914,2.28,2.33,2.2,2.2,1241418
CMR,20040914,0.205,0.21,0.205,0.21,43000
CMW,20040914,0.18,0.18,0.18,0.18,13200
CMX,20040914,0.09,0.09,0.089,0.089,57856
CNB,20040914,0.75,0.76,0.75,0.76,8000
CND,20040914,1.76,1.76,1.72,1.74,38770
CNM,20040914,0.023,0.023,0.02,0.02,167000
CNN,20040914,0.045,0.045,0.045,0.045,31292
CNT,20040914,0.18,0.18,0.175,0.175,131700
COA,20040914,4.41,4.41,4.27,4.34,574934
COE,20040914,0.26,0.26,0.24,0.255,1353489
COF,20040914,8.15,8.26,8.15,8.25,8311
COH,20040914,21.42,21.87,21.32,21.87,370558
COI,20040914,0.12,0.12,0.115,0.115,167325
COO,20040914,0.028,0.028,0.028,0.028,122750
COS,20040914,0.5,0.51,0.5,0.51,39574
COU,20040914,0.92,0.92,0.91,0.91,20000
COZ,20040914,0.32,0.33,0.32,0.33,198029
CPA,20040914,1.22,1.23,1.21,1.23,2014649
CPB,20040914,7.05,7.05,7,7,11037
CPC,20040914,0.105,0.105,0.105,0.105,100000
CPI,20040914,0.72,0.72,0.7,0.72,41885
CPK,20040914,3.45,3.45,3.45,3.45,3500
CPN,20040914,0.06,0.06,0.06,0.06,160300
CPU,20040914,3.84,3.85,3.79,3.84,1310037
CQT,20040914,0.31,0.315,0.31,0.315,128204
CRD,20040914,0.16,0.16,0.16,0.16,750209
CRE,20040914,0.13,0.13,0.13,0.13,35000
CRG,20040914,9.27,9.41,9.27,9.34,53500
CRP,20040914,0.22,0.22,0.22,0.22,33000
CRS,20040914,0.48,0.49,0.475,0.485,927826
CRT,20040914,0.38,0.38,0.38,0.38,21942
CRU,20040914,1.01,1.03,1,1.03,117035
CSL,20040914,29.11,29.72,29.11,29.72,801724
CSM,20040914,1.5,1.54,1.49,1.5,285310
CSR,20040914,2.31,2.33,2.29,2.33,871176
CST,20040914,2.67,2.68,2.64,2.65,66403
CTF,20040914,0.285,0.32,0.285,0.32,694874
CTI,20040914,0.65,0.65,0.64,0.64,122200
CTL,20040914,0.94,0.94,0.94,0.94,30290
CTN,20040914,1.03,1.03,1.01,1.01,103979
CTO,20040914,0.15,0.15,0.145,0.145,240334
CTX,20040914,9.21,9.22,9.15,9.19,306701
CUE,20040914,0.059,0.06,0.059,0.06,56195
CUL,20040914,0.032,0.034,0.032,0.034,234586
CUS,20040914,0.06,0.06,0.06,0.06,11000
CVN,20040914,0.018,0.018,0.018,0.018,200000
CWH,20040914,0.085,0.085,0.085,0.085,417
CWP,20040914,2.19,2.2,2.19,2.2,8000
CWT,20040914,0.97,0.97,0.96,0.97,57900
CXL,20040914,0.56,0.56,0.56,0.56,5550
CXP,20040914,5.5,5.53,5.49,5.53,189093
CXS,20040914,0.45,0.47,0.45,0.45,19599
CYA,20040914,0.98,0.99,0.98,0.98,149204
CYG,20040914,6.5,6.64,6.5,6.6,43859
CYN,20040914,1,1,1,1,10000
CYT,20040914,0.54,0.54,0.54,0.54,12000
DDF,20040914,1.27,1.28,1.27,1.28,9220183
DEG,20040914,0.49,0.49,0.45,0.45,1264635
DES,20040914,0.1,0.105,0.1,0.105,294501
DFT,20040914,0.015,0.016,0.014,0.016,868344
DGM,20040914,0.052,0.052,0.051,0.052,321000
DIO,20040914,0.081,0.088,0.081,0.086,2422785
DIT,20040914,1.91,1.93,1.91,1.93,1817710
DJS,20040914,1.96,1.99,1.95,1.99,1452909
DJW,20040914,3.48,3.49,3.46,3.46,61294
DKN,20040914,0.125,0.125,0.125,0.125,250000
DLS,20040914,0.043,0.043,0.043,0.043,25000
DMX,20040914,0.028,0.03,0.026,0.03,20930
DMY,20040914,0.18,0.18,0.18,0.18,9690
DNL,20040914,0.13,0.13,0.13,0.13,24200
DOM,20040914,0.35,0.35,0.34,0.34,76000
DOT,20040914,1.18,1.2,1.18,1.2,8158108
DOW,20040914,3.86,3.89,3.86,3.86,1108883
DRA,20040914,0.325,0.325,0.32,0.32,192150
DRD,20040914,2.4,2.41,2.4,2.41,11071
DTL,20040914,2.32,2.33,2.3,2.32,134343
DUE,20040914,2.54,2.58,2.53,2.53,1267113
DVC,20040914,3.07,3.28,3.07,3.25,4999178
DVN,20040914,0.77,0.77,0.75,0.77,177361
EBG,20040914,0.16,0.16,0.155,0.155,103350
EBR,20040914,0.095,0.095,0.092,0.092,587011
EBT,20040914,0.105,0.105,0.105,0.105,170252
ECI,20040914,0.25,0.25,0.25,0.25,10000
ECU,20040914,0.059,0.059,0.057,0.057,673000
EGO,20040914,0.007,0.013,0.007,0.013,318529445
EHO,20040914,0.037,0.037,0.036,0.036,300000
EIF,20040914,0.08,0.08,0.079,0.079,224079
ELL,20040914,0.068,0.068,0.065,0.065,387000
ELX,20040914,0.25,0.25,0.245,0.245,29000
EMI,20040914,0.17,0.18,0.17,0.17,1071430
EMP,20040914,0.67,0.7,0.61,0.62,276500
EMS,20040914,0.33,0.33,0.32,0.32,50408
ENE,20040914,3.1,3.1,3.05,3.07,57340
ENV,20040914,1.09,1.09,1.07,1.07,672626
EOS,20040914,2.5,2.54,2.5,2.54,30000
EPE,20040914,0.145,0.145,0.14,0.14,75000
EPR,20040914,0.13,0.135,0.13,0.135,650100
EPT,20040914,0.86,0.86,0.85,0.85,208868
EQI,20040914,1.44,1.44,1.42,1.42,19243
EQM,20040914,4.11,4.11,4.11,4.11,200
EQX,20040914,0.28,0.28,0.28,0.28,5000
ERA,20040914,4.55,4.58,4.55,4.58,2075
ERG,20040914,0.325,0.325,0.315,0.315,3450612
ESG,20040914,0.295,0.33,0.295,0.33,2947943
ESI,20040914,0.09,0.09,0.087,0.09,65000
ESV,20040914,0.43,0.43,0.43,0.43,36000
ETC,20040914,0.016,0.016,0.016,0.016,600000
ETE,20040914,0.245,0.25,0.23,0.23,481121
ETR,20040914,1.25,1.25,1.25,1.25,18355
ETT,20040914,0.25,0.25,0.24,0.24,28600
ETW,20040914,1.09,1.1,1.09,1.09,49157
EUG,20040914,0.145,0.145,0.145,0.145,112300
EVZ,20040914,0.19,0.195,0.19,0.19,22633
EXL,20040914,3.38,3.5,3.38,3.49,489016
EXR,20040914,0.42,0.44,0.41,0.41,268000
EXS,20040914,0.2,0.21,0.2,0.21,64576
EXT,20040914,0.015,0.016,0.014,0.016,1865678
EZL,20040914,0.96,0.97,0.94,0.94,23878
EZY,20040914,0.095,0.095,0.095,0.095,102000
FAN,20040914,4.67,4.7,4.67,4.7,31011
FAR,20040914,0.076,0.078,0.07,0.074,1917300
FBU,20040914,5.33,5.4,5.3,5.4,47600
FCL,20040914,1.86,1.88,1.85,1.88,723278
FCN,20040914,0.17,0.17,0.17,0.17,407046
FCO,20040914,0.23,0.23,0.23,0.23,10000
FEA,20040914,0.405,0.405,0.395,0.405,104466
FGL,20040914,4.66,4.72,4.65,4.72,6195782
FKP,20040914,3.32,3.42,3.32,3.39,237179
FLK,20040914,0.9,0.9,0.88,0.88,36824
FLT,20040914,18.85,18.87,18.76,18.8,153275
FLX,20040914,0.195,0.2,0.19,0.195,1319206
FMG,20040914,0.57,0.57,0.56,0.56,70000
FOA,20040914,17.48,17.6,17.48,17.55,241569
FPA,20040914,3.87,3.88,3.81,3.84,34564
FPF,20040914,1.17,1.17,1.16,1.17,27852
FPH,20040914,12.88,13,12.88,13,2144
FPS,20040914,0.63,0.63,0.63,0.63,4286
FRI,20040914,0.375,0.375,0.375,0.375,5000
FSA,20040914,0.045,0.045,0.045,0.045,57500
FTR,20040914,0.78,0.79,0.77,0.77,8009
FUN,20040914,2.47,2.47,2.44,2.47,43760
FUS,20040914,0.017,0.017,0.016,0.017,2922623
FUT,20040914,0.029,0.029,0.029,0.029,2400
FWD,20040914,8.7,8.7,8.69,8.7,47113
FXJ,20040914,3.81,3.83,3.77,3.78,4995400
FXR,20040914,0.66,0.67,0.65,0.66,133082
GAA,20040914,0.69,0.7,0.69,0.69,15000
GAM,20040914,0.15,0.15,0.15,0.15,75000
GAN,20040914,1.56,1.56,1.54,1.56,1882054
GAP,20040914,2.5,2.73,2.5,2.69,112999
GAS,20040914,2.18,2.18,2.16,2.18,372809
GBG,20040914,0.07,0.07,0.069,0.07,117750
GBL,20040914,0.038,0.038,0.038,0.038,100000
GBN,20040914,0.047,0.047,0.045,0.045,773000
GBP,20040914,0.33,0.335,0.32,0.325,151000
GCA,20040914,0.939,0.939,0.939,0.939,7000
GCL,20040914,1.62,1.72,1.62,1.72,752394
GCR,20040914,0.042,0.042,0.042,0.042,30000
GDA,20040914,0.007,0.007,0.006,0.006,4129917
GDM,20040914,0.435,0.435,0.435,0.435,21000
GDP,20040914,0.6,0.66,0.6,0.66,483669
GDY,20040914,1.46,1.46,1.42,1.42,79023
GEN,20040914,0.59,0.59,0.52,0.52,7694
GFD,20040914,0.98,0.98,0.95,0.95,663540
GGL,20040914,0.45,0.47,0.45,0.465,4085253
GGN,20040914,0.27,0.28,0.27,0.28,884392
GGP,20040914,0.32,0.325,0.31,0.315,349790
GGY,20040914,0.035,0.035,0.032,0.032,284383
GHG,20040914,0.71,0.71,0.7,0.71,146012
GIL,20040914,0.31,0.31,0.31,0.31,2700
GIP,20040914,0.12,0.12,0.09,0.095,478522
GIR,20040914,0.12,0.13,0.12,0.13,240800
GLB,20040914,0.53,0.53,0.53,0.53,331439
GLN,20040914,0.27,0.27,0.27,0.27,16000
GLO,20040914,0.09,0.094,0.09,0.094,156331
GME,20040914,0.14,0.14,0.14,0.14,250000
GMI,20040914,0.94,0.94,0.94,0.94,4500
GML,20040914,0.099,0.099,0.099,0.099,56250
GNC,20040914,12.95,12.95,12.88,12.88,4825
GNL,20040914,0.115,0.155,0.115,0.145,1145144
GNS,20040914,14.8,14.8,14.52,14.69,139832
GOA,20040914,0.14,0.14,0.14,0.14,690
GOG,20040914,0.235,0.235,0.235,0.235,84744
GPG,20040914,1.89,1.89,1.86,1.86,756787
GPN,20040914,0.018,0.018,0.018,0.018,167914
GPO,20040914,0.057,0.057,0.057,0.057,50000
GPT,20040914,3.68,3.69,3.66,3.68,9778828
GRD,20040914,2.05,2.08,2.03,2.05,204093
GRN,20040914,0.34,0.34,0.34,0.34,31
GRO,20040914,0.81,0.82,0.81,0.82,5096
GRR,20040914,0.64,0.65,0.64,0.64,94733
GRT,20040914,0.14,0.145,0.14,0.145,53500
GSE,20040914,0.033,0.033,0.033,0.033,112500
GTG,20040914,0.37,0.385,0.37,0.37,124550
GTI,20040914,0.022,0.022,0.02,0.02,218000
GTM,20040914,0.066,0.066,0.064,0.066,1467878
GTP,20040914,3.02,3.04,3,3.01,312148
GUD,20040914,9.77,9.77,9.65,9.66,117044
GUN,20040914,0.175,0.18,0.175,0.18,32730
GVM,20040914,0.018,0.018,0.017,0.017,23000
GWT,20040914,3.15,3.17,3.14,3.15,1603664
HAK,20040914,8.02,8.02,8,8,1100
HAN,20040914,9.92,9.93,9.92,9.93,110001
HAO,20040914,0.17,0.17,0.17,0.17,3167
HAV,20040914,0.275,0.275,0.275,0.275,11250
HBL,20040914,0.355,0.355,0.355,0.355,9000
HCC,20040914,1.48,1.48,1.47,1.47,40000
HCN,20040914,1.2,1.2,1.18,1.18,32311
HCY,20040914,0.019,0.019,0.019,0.019,315000
HDN,20040914,0.125,0.145,0.125,0.145,180202
HDR,20040914,2.05,2.08,2.03,2.04,4381200
HEG,20040914,0.115,0.115,0.115,0.115,15228
HER,20040914,0.65,0.68,0.65,0.68,12836
HGO,20040914,0.2,0.2,0.2,0.2,237500
HGR,20040914,0.069,0.069,0.069,0.069,4800
HHG,20040914,1.22,1.22,1.2,1.22,5246449
HHL,20040914,6.67,6.68,6.67,6.68,6178
HHV,20040914,0.99,1,0.99,1,236030
HIB,20040914,0.5,0.5,0.5,0.5,3000
HIC,20040914,0.65,0.66,0.65,0.65,91739
HIG,20040914,0.375,0.38,0.37,0.38,61475
HIL,20040914,4.12,4.12,4.1,4.11,45764
HIT,20040914,0.078,0.078,0.078,0.078,28700
HJB,20040914,0.405,0.405,0.4,0.4,43000
HLD,20040914,0.465,0.5,0.465,0.5,227069
HLL,20040914,0.042,0.042,0.042,0.042,10000
HLT,20040914,0.475,0.475,0.475,0.475,7000
HLY,20040914,8.29,8.3,8.22,8.3,60842
HMC,20040914,0.043,0.043,0.043,0.043,50000
HME,20040914,5.81,5.85,5.81,5.85,104626
HNG,20040914,1.9,1.91,1.89,1.91,16452
HOM,20040914,0.32,0.32,0.32,0.32,9000
HPX,20040914,1.8,1.82,1.79,1.82,236750
HRD,20040914,0.285,0.285,0.285,0.285,38000
HRR,20040914,0.28,0.28,0.28,0.28,29000
HSN,20040914,0.3,0.3,0.295,0.295,114600
HSP,20040914,3.5,3.52,3.46,3.51,122103
HTA,20040914,0.34,0.345,0.315,0.335,3624836
HTE,20040914,0.045,0.045,0.044,0.044,249334
HTL,20040914,0.155,0.155,0.155,0.155,312000
HTM,20040914,0.083,0.083,0.083,0.083,50000
HUG,20040914,0.072,0.072,0.07,0.07,280000
HVN,20040914,2.91,2.92,2.86,2.9,2205632
HWE,20040914,0.88,0.88,0.87,0.87,224938
HWG,20040914,0.12,0.12,0.12,0.12,169400
HWI,20040914,2.2,2.2,2.12,2.15,66378
HYO,20040914,0.105,0.105,0.105,0.105,300
HZN,20040914,0.073,0.08,0.073,0.08,526529
IAG,20040914,5.17,5.19,5.14,5.19,3269632
IAS,20040914,0.37,0.37,0.37,0.37,114317
IBA,20040914,0.67,0.69,0.66,0.67,1998406
IBC,20040914,0.55,0.56,0.55,0.56,48701
ICC,20040914,0.007,0.007,0.007,0.007,353206
ICE,20040914,0.021,0.021,0.021,0.021,7500
ICH,20040914,0.275,0.275,0.275,0.275,16496
ICN,20040914,0.049,0.052,0.049,0.052,219230
ICO,20040914,0.205,0.21,0.205,0.21,26145
ICS,20040914,0.25,0.26,0.25,0.26,7500
IDT,20040914,2.38,2.38,2.3,2.32,53433
IEF,20040914,1.07,1.07,1.07,1.07,27600
IFC,20040914,0.19,0.19,0.19,0.19,2016
IFL,20040914,7.2,7.2,7.15,7.19,61389
IFM,20040914,0.66,0.67,0.65,0.65,1744831
IGO,20040914,1.07,1.09,1.07,1.07,244895
IGP,20040914,3.39,3.39,3.37,3.39,51113
IHG,20040914,0.05,0.053,0.049,0.05,647000
IIF,20040914,2.01,2.02,1.99,2.02,644233
IIG,20040914,0.036,0.036,0.036,0.036,100000
IIN,20040914,2.85,2.85,2.79,2.8,91806
ILU,20040914,4.84,4.84,4.75,4.79,494383
IMA,20040914,0.36,0.375,0.36,0.375,32475
IMD,20040914,0.15,0.16,0.15,0.16,205000
IMF,20040914,0.82,0.82,0.8,0.8,25230
IMH,20040914,0.23,0.23,0.225,0.225,152900
IMI,20040914,0.034,0.034,0.028,0.03,12679697
IMP,20040914,0.004,0.004,0.004,0.004,200000
IMU,20040914,0.28,0.3,0.28,0.3,1059822
INL,20040914,0.09,0.09,0.09,0.09,162600
INO,20040914,0.195,0.195,0.195,0.195,4616
INP,20040914,0.69,0.69,0.67,0.68,267214
INT,20040914,0.03,0.03,0.03,0.03,200000
INV,20040914,0.07,0.07,0.07,0.07,75500
IOC,20040914,2.4,2.55,2.4,2.55,14020
IOF,20040914,1.28,1.29,1.27,1.29,928565
ION,20040914,1.62,1.64,1.61,1.63,512596
IPA,20040914,1.06,1.07,1.06,1.07,7000
IPG,20040914,2.06,2.06,2.04,2.06,2976194
IPL,20040914,19,19,19,19,5208
IPN,20040914,0.031,0.032,0.03,0.032,3367562
IPS,20040914,1.12,1.12,1.11,1.11,38250
IRE,20040914,3.48,3.5,3.47,3.5,200040
IRI,20040914,0.425,0.435,0.425,0.43,81558
IRN,20040914,0.26,0.265,0.26,0.265,146500
ITC,20040914,0.073,0.073,0.07,0.07,310000
ITD,20040914,0.235,0.235,0.225,0.23,119965
ITE,20040914,0.225,0.225,0.225,0.225,9000
ITF,20040914,1.32,1.33,1.3,1.33,117500
IVC,20040914,2.95,2.96,2.92,2.92,204951
IVK,20040914,0.015,0.015,0.015,0.015,195000
IWF,20040914,2.29,2.36,2.29,2.33,53224
IWI,20040914,1.93,1.93,1.92,1.93,33250
IWL,20040914,0.32,0.32,0.32,0.32,49879
JAK,20040914,0.15,0.15,0.15,0.15,25000
JBH,20040914,2.93,3.02,2.92,3.01,532447
JBM,20040914,4.25,4.32,4.24,4.3,762021
JET,20040914,0.45,0.45,0.45,0.45,10000
JFG,20040914,3.05,3.05,3,3.02,218734
JFM,20040914,1.13,1.14,1.13,1.14,182996
JHX,20040914,5.26,5.3,5.26,5.28,5572481
JMB,20040914,0.285,0.285,0.285,0.285,1000
JML,20040914,0.16,0.16,0.16,0.16,129000
JRV,20040914,0.005,0.006,0.005,0.006,1572843
JST,20040914,2.45,2.49,2.45,2.49,5577390
JYC,20040914,0.77,0.77,0.77,0.77,15329
KAR,20040914,0.2,0.205,0.2,0.205,343500
KBO,20040914,0.073,0.073,0.07,0.07,22000
KCN,20040914,3.2,3.2,3.13,3.17,77897
KDS,20040914,0.435,0.435,0.435,0.435,10000
KET,20040914,0.05,0.05,0.048,0.048,140900
KIA,20040914,0.68,0.7,0.67,0.7,9500
KIM,20040914,1.07,1.15,1.07,1.13,7314064
KKT,20040914,0.93,0.93,0.91,0.91,18593
KLM,20040914,0.2,0.2,0.2,0.2,25008
KME,20040914,2.25,2.27,2.25,2.25,36289
KMN,20040914,0.067,0.067,0.065,0.065,85000
KOV,20040914,3.91,3.91,3.85,3.85,2580
KRS,20040914,0.55,0.56,0.55,0.56,51015
KSC,20040914,2.83,2.85,2.81,2.81,26006
KYC,20040914,2,2,1.95,1.97,132304
KZL,20040914,0.83,0.83,0.81,0.82,29500
LAF,20040914,0.105,0.105,0.105,0.105,200000
LAK,20040914,0.15,0.15,0.15,0.15,10000
LAL,20040914,0.05,0.05,0.05,0.05,30000
LAU,20040914,0.27,0.27,0.265,0.265,18411
LBY,20040914,0.16,0.18,0.16,0.18,25132
LCL,20040914,0.78,0.78,0.77,0.77,9001
LCO,20040914,0.75,0.75,0.7,0.75,442148
LCT,20040914,0.32,0.32,0.29,0.3,170450
LDW,20040914,4.82,4.82,4.7,4.72,13073
LEI,20040914,10.02,10.14,10.02,10.11,1001870
LEP,20040914,1.6,1.6,1.54,1.54,19104
LGD,20040914,0.55,0.55,0.55,0.55,10000
LHG,20040914,1.04,1.04,1.02,1.03,6452130
LIM,20040914,5.76,5.8,5.75,5.75,21411
LIO,20040914,0.004,0.006,0.004,0.005,53378092
LIP,20040914,2.11,2.11,2.09,2.1,170147
LKO,20040914,0.046,0.048,0.045,0.046,5746010
LKP,20040914,0.066,0.066,0.066,0.066,100000
LLC,20040914,11.33,11.34,11.25,11.34,2338247
LMG,20040914,0.02,0.02,0.02,0.02,180000
LNG,20040914,0.21,0.22,0.205,0.205,1761388
LNN,20040914,7.12,7.21,7.12,7.21,573656
LOD,20040914,0.1,0.1,0.1,0.1,50000
LOK,20040914,0.105,0.105,0.105,0.105,950060
LSG,20040914,1.5,1.5,1.46,1.48,72675
LUM,20040914,0.09,0.095,0.089,0.095,528124
LYC,20040914,0.26,0.265,0.26,0.265,100935
MAH,20040914,0.32,0.32,0.31,0.31,3479603
MAP,20040914,2.47,2.5,2.46,2.48,9971002
MAQ,20040914,0.185,0.185,0.185,0.185,14500
MAR,20040914,0.145,0.15,0.145,0.145,103400
MAY,20040914,3.99,4.02,3.96,4,816857
MBL,20040914,35.3,35.61,35.18,35.5,1181600
MBN,20040914,0.235,0.24,0.235,0.24,60000
MBP,20040914,1.42,1.49,1.42,1.49,573715
MBX,20040914,0.065,0.067,0.065,0.067,55000
MCC,20040914,2.92,2.94,2.91,2.92,436115
MCG,20040914,4.35,4.4,4.3,4.33,61378
MCH,20040914,1.03,1.07,1.03,1.07,3083
MCP,20040914,4.5,4.53,4.49,4.49,48140
MCR,20040914,0.62,0.63,0.6,0.61,663646
MCW,20040914,2.01,2.01,1.98,2,1171075
MDE,20040914,0.83,0.83,0.83,0.83,785
MDL,20040914,0.295,0.3,0.295,0.3,50000
MDM,20040914,0.057,0.059,0.057,0.059,400000
MDS,20040914,0.11,0.11,0.11,0.11,253813
MDT,20040914,1.18,1.18,1.16,1.17,929962
MDV,20040914,0.195,0.195,0.19,0.19,40000
MEE,20040914,0.07,0.07,0.07,0.07,62000
MEI,20040914,0.23,0.23,0.23,0.23,38651
MEO,20040914,0.175,0.18,0.175,0.18,15000
MFI,20040914,1.17,1.17,1.17,1.17,4150
MFT,20040914,0.95,0.95,0.92,0.92,81693
MGI,20040914,1.9,1.9,1.87,1.89,14504173
MGM,20040914,3.77,3.8,3.77,3.77,372559
MGO,20040914,0.09,0.09,0.09,0.09,10000
MGR,20040914,4.61,4.62,4.55,4.61,2447533
MGW,20040914,5.05,5.2,5.05,5.06,192866
MGX,20040914,0.15,0.15,0.145,0.15,87500
MIA,20040914,1.06,1.13,1.06,1.13,7735297
MIC,20040914,0.095,0.095,0.093,0.094,531000
MIG,20040914,3.72,3.72,3.66,3.66,9155932
MIL,20040914,0.052,0.052,0.052,0.052,150630
MIR,20040914,1.29,1.29,1.29,1.29,72680
MIS,20040914,0.41,0.41,0.41,0.41,3082
MIW,20040914,0.03,0.03,0.03,0.03,100000
MLB,20040914,1.02,1.02,0.98,1,23000
MLE,20040914,1.39,1.39,1.35,1.35,112583
MLT,20040914,14.48,14.5,14.4,14.45,9246
MMA,20040914,1.02,1.02,1.01,1.02,217797
MMN,20040914,0.13,0.13,0.13,0.13,120000
MMS,20040914,1.2,1.25,1.2,1.25,16000
MND,20040914,6.8,6.85,6.7,6.85,16734
MNR,20040914,1.44,1.44,1.41,1.41,29597
MOB,20040914,0.165,0.165,0.165,0.165,18000
MOC,20040914,0.99,1,0.99,0.99,179394
MOD,20040914,0.115,0.115,0.11,0.115,221000
MOF,20040914,1.24,1.24,1.23,1.23,3842995
MOG,20040914,0.195,0.2,0.19,0.195,164650
MOK,20040914,0.13,0.13,0.13,0.13,50000
MOO,20040914,0.054,0.06,0.054,0.058,293334
MOS,20040914,0.16,0.165,0.16,0.16,534582
MPB,20040914,4.3,4.3,4.3,4.3,96200
MPD,20040914,0.092,0.092,0.09,0.09,130000
MPH,20040914,0.74,0.76,0.74,0.76,479611
MPI,20040914,0.125,0.125,0.125,0.125,140000
MPM,20040914,1.55,1.57,1.53,1.53,67600
MPO,20040914,0.037,0.045,0.037,0.043,7330825
MPR,20040914,1.18,1.18,1.17,1.18,1170727
MPY,20040914,0.85,0.87,0.85,0.87,2200
MRC,20040914,0.18,0.18,0.165,0.165,120863
MRE,20040914,2.12,2.14,2.08,2.08,900687
MRL,20040914,1.35,1.37,1.35,1.37,243651
MRM,20040914,0.29,0.29,0.29,0.29,21195
MRX,20040914,0.089,0.093,0.089,0.09,4817564
MRY,20040914,0.01,0.01,0.01,0.01,25000
MSC,20040914,0.082,0.084,0.08,0.084,1356000
MSI,20040914,0.03,0.03,0.03,0.03,35000
MSO,20040914,0.073,0.073,0.07,0.07,255000
MST,20040914,0.265,0.27,0.26,0.26,414507
MSX,20040914,0.87,0.87,0.85,0.85,4000
MTB,20040914,0.08,0.08,0.08,0.08,32000
MTD,20040914,0.22,0.22,0.22,0.22,28000
MTH,20040914,0.42,0.42,0.42,0.42,31
MTI,20040914,0.48,0.48,0.48,0.48,10000
MTO,20040914,0.27,0.27,0.26,0.26,300500
MTR,20040914,0.21,0.21,0.205,0.21,16452
MTT,20040914,2.82,2.82,2.8,2.8,571168
MTX,20040914,0.83,0.83,0.81,0.81,61000
MUL,20040914,0.036,0.036,0.034,0.034,13468800
MVP,20040914,1.03,1.03,0.97,1.01,135780
MVU,20040914,1.21,1.25,1.2,1.25,15500
MWE,20040914,0.105,0.105,0.1,0.1,530000
MWR,20040914,0.019,0.019,0.019,0.019,11666
MXI,20040914,0.8,0.81,0.8,0.81,143478
MXL,20040914,0.098,0.1,0.098,0.099,215000
MYO,20040914,1.31,1.34,1.31,1.32,747966
NAB,20040914,27.03,27.1,26.94,27,3689698
NAL,20040914,0.7,0.7,0.67,0.68,193362
NAM,20040914,0.48,0.48,0.48,0.48,10000
NAV,20040914,0.11,0.115,0.11,0.11,26431
NBL,20040914,2.62,2.65,2.62,2.65,11323
NCA,20040914,0.013,0.013,0.013,0.013,100000
NCK,20040914,1.63,1.63,1.63,1.63,77000
NCM,20040914,14.69,14.75,14.56,14.6,1223920
NCP,20040914,11.31,11.54,11.29,11.51,13443675
NDC,20040914,0.315,0.325,0.315,0.325,193439
NDO,20040914,0.024,0.024,0.022,0.022,4148300
NEM,20040914,6.25,6.25,6.16,6.25,493236
NEO,20040914,0.027,0.029,0.027,0.028,1154000
NFD,20040914,4.51,4.51,4.45,4.45,185594
NHC,20040914,1.23,1.24,1.22,1.24,252473
NHE,20040914,0.052,0.052,0.052,0.052,40000
NHL,20040914,0.225,0.225,0.225,0.225,33000
NHM,20040914,0.005,0.005,0.005,0.005,4007012
NHR,20040914,0.425,0.425,0.42,0.42,34875
NIA,20040914,0.091,0.092,0.09,0.09,781250
NIQ,20040914,0.14,0.14,0.13,0.13,260000
NKL,20040914,0.14,0.145,0.14,0.14,70200
NKP,20040914,0.97,0.98,0.97,0.98,52728
NLX,20040914,0.34,0.345,0.335,0.34,5024785
NMC,20040914,0.039,0.04,0.037,0.04,994760
NPX,20040914,4.85,4.85,4.85,4.85,431
NRT,20040914,5.1,5.14,5,5,168448
NTC,20040914,0.295,0.295,0.29,0.29,53675
NUF,20040914,6.45,6.75,6.42,6.5,314857
NVE,20040914,0.205,0.21,0.2,0.21,57000
NWA,20040914,0.05,0.05,0.048,0.048,84983
NWE,20040914,0.054,0.054,0.053,0.054,118988
NWK,20040914,0.19,0.19,0.19,0.19,20000
NXS,20040914,0.305,0.305,0.29,0.295,1868004
NZO,20040914,0.66,0.66,0.64,0.64,57586
OCO,20040914,0.018,0.019,0.018,0.019,490200
OEC,20040914,0.15,0.15,0.145,0.145,166641
OEX,20040914,0.91,0.91,0.8,0.85,5601866
OFM,20040914,2.02,2.02,2,2,24632
OGD,20040914,0.75,0.75,0.74,0.74,78691
OHL,20040914,0.19,0.19,0.19,0.19,50
OIL,20040914,0.325,0.34,0.31,0.31,229446
OKN,20040914,1.25,1.25,1.24,1.25,109842
OLE,20040914,0.03,0.03,0.03,0.03,138500
OLY,20040914,0.18,0.185,0.18,0.185,198140
OMC,20040914,0.195,0.195,0.195,0.195,4285
OMH,20040914,1.09,1.11,1.09,1.1,334796
OMI,20040914,1.7,1.7,1.65,1.65,21433
OMP,20040914,3.5,3.51,3.49,3.5,178331
OPC,20040914,0.235,0.24,0.235,0.24,70000
OPI,20040914,0.15,0.15,0.15,0.15,10013
OPL,20040914,0.275,0.28,0.27,0.28,321458
OPM,20040914,0.008,0.008,0.006,0.006,15254160
OPS,20040914,3.82,3.82,3.82,3.82,3000
ORC,20040914,0.071,0.071,0.071,0.071,15000
ORG,20040914,6.11,6.11,5.98,5.98,1458354
ORI,20040914,17.22,17.34,17.22,17.25,459024
ORL,20040914,2.5,2.53,2.48,2.53,17803
ORP,20040914,0.019,0.019,0.019,0.019,350000
ORT,20040914,0.13,0.13,0.13,0.13,100000
OSH,20040914,1.3,1.3,1.28,1.29,11660080
OST,20040914,2.95,2.96,2.94,2.94,832586
OTT,20040914,0.45,0.45,0.45,0.45,14634
OXR,20040914,0.81,0.81,0.8,0.81,1561576
PAC,20040914,0.76,0.76,0.75,0.75,16848
PAO,20040914,1.33,1.35,1.32,1.35,2373994
PAY,20040914,2.5,2.5,2.5,2.5,1000
PBB,20040914,3.75,3.76,3.65,3.65,323211
PBD,20040914,1.16,1.17,1.16,1.17,26813
PBG,20040914,2.81,2.84,2.8,2.83,767056
PBL,20040914,13.68,13.68,13.53,13.55,2835890
PBO,20040914,0.4,0.4,0.4,0.4,5000
PBT,20040914,0.5,0.51,0.5,0.51,11000
PCG,20040914,0.325,0.34,0.325,0.34,513703
PCL,20040914,0.067,0.07,0.065,0.07,385382
PCP,20040914,0.14,0.14,0.135,0.135,96000
PDG,20040914,23.9,23.9,23.9,23.9,1431
PDM,20040914,0.074,0.074,0.074,0.074,2000
PDN,20040914,0.325,0.33,0.32,0.32,4020753
PDR,20040914,0.085,0.085,0.085,0.085,50000
PEM,20040914,0.72,0.73,0.72,0.72,426368
PEN,20040914,0.017,0.017,0.017,0.017,340000
PEO,20040914,0.16,0.16,0.155,0.16,235750
PEP,20040914,0.74,0.75,0.74,0.75,76010
PET,20040914,0.95,0.95,0.94,0.94,80000
PGA,20040914,2.55,2.56,2.5,2.5,31300
PGL,20040914,4.25,4.35,4.25,4.3,66807
PGS,20040914,0.205,0.205,0.195,0.195,277800
PHL,20040914,0.058,0.058,0.055,0.055,198001
PHY,20040914,3.31,3.31,3.28,3.29,186332
PIE,20040914,0.027,0.027,0.027,0.027,95000
PIF,20040914,1.27,1.29,1.25,1.28,1199321
PIO,20040914,0.11,0.115,0.11,0.115,57906
PIV,20040914,1.2,1.2,1.19,1.2,1378741
PLA,20040914,0.165,0.165,0.165,0.165,62000
PLT,20040914,0.435,0.46,0.435,0.45,63275
PLW,20040914,2.7,2.7,2.7,2.7,2400
PMA,20040914,0.08,0.08,0.075,0.075,10322
PMC,20040914,2.36,2.37,2.31,2.31,148397
PME,20040914,0.84,0.84,0.84,0.84,8572
PMG,20040914,10.39,10.42,10.39,10.4,870750
PMM,20040914,1.89,1.93,1.89,1.91,492331
PMN,20040914,4.39,4.47,4.39,4.47,5099822
PMP,20040914,1.64,1.66,1.64,1.65,349344
PMV,20040914,4.15,4.2,4.09,4.09,69000
PNA,20040914,0.14,0.14,0.135,0.14,837705
PNO,20040914,0.059,0.061,0.057,0.057,1848000
PNW,20040914,0.035,0.035,0.035,0.035,50
POH,20040914,0.195,0.2,0.195,0.2,21474
POL,20040914,0.15,0.15,0.15,0.15,17832
PPB,20040914,3.9,3.9,3.9,3.9,120
PPC,20040914,1.44,1.45,1.44,1.45,76000
PPD,20040914,0.47,0.49,0.47,0.49,1100
PPK,20040914,1,1,0.98,0.98,87667
PPN,20040914,0.42,0.44,0.42,0.44,9790
PPP,20040914,0.135,0.135,0.125,0.125,404809
PPR,20040914,1.32,1.37,1.32,1.37,45100
PPT,20040914,46.65,47.08,46.5,46.89,143041
PPX,20040914,5.21,5.28,5.2,5.23,1216601
PRG,20040914,3.35,3.38,3.33,3.33,62762
PRK,20040914,5.35,5.45,5.35,5.45,1678719
PRM,20040914,0.066,0.066,0.06,0.061,50033
PRR,20040914,0.16,0.16,0.16,0.16,27000
PRT,20040914,2.65,2.65,2.62,2.62,57403
PRV,20040914,0.97,0.97,0.96,0.97,109510
PRX,20040914,0.91,0.91,0.91,0.91,658971
PRY,20040914,6.5,6.5,6.5,6.5,55000
PSA,20040914,1.07,1.08,1.03,1.04,101296
PSD,20040914,1.06,1.08,1.04,1.08,325972
PSG,20040914,0.13,0.13,0.125,0.125,49174
PSI,20040914,0.28,0.28,0.28,0.28,84000
PSP,20040914,0.125,0.13,0.125,0.13,140000
PSV,20040914,0.265,0.265,0.265,0.265,84430
PSX,20040914,0.25,0.255,0.25,0.255,249809
PTD,20040914,1.46,1.48,1.46,1.48,241738
PTR,20040914,0.28,0.28,0.27,0.27,60500
PWR,20040914,0.031,0.034,0.031,0.033,803439
PWT,20040914,1.08,1.08,1.07,1.07,112627
PXS,20040914,0.71,0.73,0.71,0.72,181000
QAN,20040914,3.42,3.44,3.41,3.42,13333318
QBE,20040914,13.15,13.36,13.1,13.2,2881732
QCH,20040914,4.35,4.35,4.33,4.35,16600
QGC,20040914,0.195,0.195,0.19,0.19,196734
QML,20040914,0.15,0.15,0.145,0.145,10000
QPX,20040914,0.094,0.094,0.094,0.094,24000
QRS,20040914,0.275,0.305,0.275,0.29,4303122
QUE,20040914,0.165,0.165,0.165,0.165,6500
QUR,20040914,0.028,0.028,0.027,0.027,42500
RAC,20040914,0.59,0.6,0.59,0.6,90600
RAU,20040914,0.125,0.125,0.125,0.125,26072
RBS,20040914,7.8,7.85,7.8,7.8,67640
RBY,20040914,0.07,0.07,0.07,0.07,20000
RCD,20040914,4.2,4.38,4.2,4.38,234237
RCG,20040914,0.5,0.51,0.5,0.51,34500
RCL,20040914,2.94,2.94,2.89,2.89,395985
RCR,20040914,0.4,0.41,0.4,0.41,105000
RCT,20040914,2.91,2.91,2.91,2.91,1000
RDF,20040914,2.38,2.39,2.31,2.34,201016
RDM,20040914,0.165,0.165,0.165,0.165,10000
REA,20040914,0.85,0.85,0.85,0.85,9821
REB,20040914,2.95,2.95,2.95,2.95,3788
RED,20040914,0.135,0.135,0.135,0.135,508414
REH,20040914,10.2,10.2,10.2,10.2,5000
REL,20040914,0.1,0.1,0.1,0.1,60000
REM,20040914,0.34,0.34,0.34,0.34,50000
RFS,20040914,0.21,0.21,0.205,0.21,423213
RGA,20040914,0.47,0.47,0.42,0.42,49255
RHC,20040914,6.43,6.43,6.38,6.4,116794
RHD,20040914,0.79,0.81,0.78,0.81,85157
RHT,20040914,0.11,0.115,0.105,0.105,97703
RIC,20040914,1.43,1.43,1.4,1.4,138528
RIN,20040914,8.61,8.68,8.61,8.65,4546674
RIO,20040914,36.5,36.67,36.48,36.53,2560279
RIV,20040914,0.245,0.25,0.24,0.25,965339
RKN,20040914,0.83,0.85,0.83,0.84,51192
RLD,20040914,0.075,0.075,0.07,0.07,266635
RMD,20040914,7.1,7.11,7.02,7.11,482336
RMG,20040914,0.019,0.02,0.019,0.02,200000
RMI,20040914,0.005,0.006,0.005,0.006,12826020
RML,20040914,0.13,0.14,0.13,0.14,229465
RNG,20040914,0.25,0.25,0.245,0.245,34717
ROC,20040914,1.63,1.63,1.62,1.63,878198
ROK,20040914,3.6,3.66,3.6,3.66,7923
RPC,20040914,0.42,0.435,0.42,0.435,327145
RPG,20040914,0.58,0.58,0.58,0.58,1000
RPH,20040914,1.23,1.23,1.21,1.22,4098231
RPM,20040914,0.125,0.125,0.115,0.115,155000
RPT,20040914,0.02,0.02,0.02,0.02,10000
RRL,20040914,0.055,0.055,0.051,0.051,590000
RRS,20040914,0.018,0.022,0.018,0.021,4146296
RRT,20040914,1.09,1.09,1.09,1.09,986665
RSG,20040914,1.11,1.14,1.08,1.1,185769
RSN,20040914,0.115,0.12,0.115,0.12,472329
RTL,20040914,0.28,0.29,0.28,0.28,127466
RTM,20040914,0.06,0.06,0.06,0.06,10000
RUP,20040914,8.5,8.65,8.5,8.5,13896
SAI,20040914,1.95,1.96,1.95,1.96,150629
SAQ,20040914,5.2,5.2,5.18,5.18,9500
SBC,20040914,12.51,12.62,12.51,12.51,43311
SBL,20040914,0.18,0.18,0.175,0.175,14256
SBM,20040914,0.045,0.045,0.044,0.044,315000
SBP,20040914,0.14,0.14,0.14,0.14,6950
SCD,20040914,0.023,0.023,0.023,0.023,100000
SCE,20040914,0.027,0.033,0.027,0.032,1586439
SCF,20040914,113.8,113.8,113.75,113.75,1033
SCV,20040914,0.84,0.84,0.84,0.84,15000
SDG,20040914,1.28,1.28,1.27,1.28,253800
SDI,20040914,8.2,8.54,8.2,8.46,45180
SDL,20040914,0.013,0.014,0.013,0.014,355115
SDR,20040914,0.15,0.15,0.15,0.15,60000
SDS,20040914,0.86,0.86,0.83,0.83,177447
SED,20040914,0.215,0.22,0.215,0.22,87382
SEE,20040914,0.056,0.06,0.056,0.06,198694
SEL,20040914,1.3,1.34,1.3,1.33,474754
SEN,20040914,0.135,0.14,0.125,0.135,4964377
SES,20040914,0.225,0.225,0.22,0.22,58110
SEV,20040914,4.75,4.75,4.73,4.74,243867
SFC,20040914,14,14.06,14,14.03,4545
SFE,20040914,7.13,7.29,7.13,7.2,517968
SFR,20040914,0.24,0.24,0.23,0.23,30150
SGB,20040914,22.42,22.42,22.09,22.12,1405713
SGL,20040914,0.93,0.93,0.91,0.93,159598
SGN,20040914,3.05,3.07,3.05,3.07,687263
SGP,20040914,5.87,5.88,5.82,5.88,6695084
SGS,20040914,1.2,1.2,1.19,1.2,30000
SGX,20040914,1.8,1.8,1.8,1.8,13905
SHL,20040914,9.55,9.58,9.5,9.55,2478755
SHN,20040914,0.19,0.195,0.18,0.185,3034644
SHV,20040914,7.73,7.79,7.72,7.72,18856
SIB,20040914,0.21,0.21,0.21,0.21,60000
SIE,20040914,0.062,0.062,0.06,0.061,541370
SIG,20040914,8.25,8.28,8.21,8.25,415199
SKC,20040914,4.44,4.44,4.42,4.42,11205930
SKE,20040914,2.8,2.81,2.79,2.8,202998
SKG,20040914,0.053,0.053,0.052,0.052,698000
SKR,20040914,0.05,0.05,0.049,0.05,643423
SLA,20040914,0.105,0.105,0.105,0.105,37050
SLD,20040914,0.29,0.3,0.29,0.3,32000
SLF,20040914,17.14,17.14,17.12,17.12,8732
SLM,20040914,4.16,4.24,4.16,4.19,328492
SLT,20040914,0.59,0.63,0.58,0.6,851624
SLX,20040914,1.3,1.32,1.3,1.32,183600
SMA,20040914,0.012,0.012,0.011,0.011,150000
SMC,20040914,0.16,0.16,0.16,0.16,10000
SML,20040914,0.088,0.088,0.087,0.087,160000
SMN,20040914,0.225,0.235,0.225,0.23,230123
SMO,20040914,0.086,0.09,0.086,0.086,195000
SMS,20040914,12.65,12.65,12.55,12.59,225300
SMX,20040914,0.38,0.39,0.375,0.39,4988074
SMY,20040914,0.74,0.75,0.73,0.74,281000
SNF,20040914,0.65,0.66,0.65,0.66,5500
SNL,20040914,0.52,0.52,0.51,0.51,19000
SNN,20040914,0.34,0.34,0.335,0.335,872222
SOL,20040914,8.44,8.45,8.4,8.44,35484
SOM,20040914,0.41,0.445,0.4,0.44,700293
SOT,20040914,1.69,1.69,1.58,1.6,570562
SPC,20040914,1.46,1.47,1.46,1.47,197477
SPH,20040914,0.19,0.19,0.19,0.19,39975
SPL,20040914,0.9,0.9,0.87,0.87,119135
SPT,20040914,4.88,4.88,4.85,4.87,219324
SRA,20040914,0.19,0.195,0.185,0.19,3854412
SRI,20040914,0.12,0.13,0.12,0.13,160300
SRL,20040914,1.21,1.31,1.21,1.27,135504
SRP,20040914,3.3,3.44,3.3,3.43,3110620
SRV,20040914,2.56,2.56,2.56,2.56,670
SRX,20040914,2.39,2.4,2.39,2.39,69534
SSH,20040914,0.042,0.042,0.042,0.042,12000
SSI,20040914,0.2,0.2,0.18,0.18,900
SSN,20040914,0.12,0.13,0.12,0.13,200000
SSS,20040914,1.76,1.76,1.74,1.74,11500
SSX,20040914,1.18,1.18,1.16,1.16,1925134
STB,20040914,0.086,0.086,0.08,0.08,300000
STE,20040914,0.11,0.12,0.11,0.12,210900
STI,20040914,0.21,0.21,0.21,0.21,13713
STN,20040914,0.17,0.19,0.17,0.19,715087
STO,20040914,6.78,6.89,6.77,6.89,2388348
STP,20040914,0.041,0.041,0.035,0.035,690000
STR,20040914,0.044,0.044,0.044,0.044,200000
STT,20040914,0.019,0.019,0.019,0.019,1848750
STU,20040914,0.85,0.85,0.82,0.83,153450
STW,20040914,36.8,36.9,36.8,36.9,4510
STX,20040914,0.27,0.27,0.265,0.265,916000
SUL,20040914,2.83,2.84,2.8,2.84,241715
SUN,20040914,15.01,15.2,15,15.2,843689
SUR,20040914,0.12,0.12,0.12,0.12,10000
SWG,20040914,0.026,0.026,0.025,0.025,135000
SYG,20040914,0.008,0.008,0.008,0.008,500000
SYL,20040914,3.93,3.93,3.93,3.93,2000
SYM,20040914,1.33,1.36,1.33,1.36,143728
SYP,20040914,0.17,0.17,0.17,0.17,15000
TAA,20040914,0.06,0.06,0.056,0.056,294782
TAG,20040914,0.29,0.29,0.29,0.29,100000
TAH,20040914,14.84,14.87,14.75,14.83,1053106
TAM,20040914,0.175,0.185,0.175,0.185,183300
TAP,20040914,1.67,1.72,1.67,1.7,2643499
TAS,20040914,0.07,0.07,0.07,0.07,49000
TAW,20040914,1.45,1.47,1.45,1.47,18463
TBC,20040914,0.27,0.27,0.265,0.27,895467
TBR,20040914,0.67,0.67,0.65,0.65,17122
TCL,20040914,5.6,5.62,5.54,5.54,2076198
TCP,20040914,0.88,0.91,0.88,0.91,6100
TEA,20040914,0.069,0.069,0.069,0.069,50000
TEL,20040914,5.32,5.33,5.31,5.31,2777268
TEM,20040914,1.04,1.06,1.03,1.06,1017325
TEN,20040914,3.48,3.55,3.48,3.5,1395578
TER,20040914,0.17,0.17,0.17,0.17,165500
TFS,20040914,0.057,0.057,0.057,0.057,19725
TGD,20040914,0.125,0.145,0.125,0.145,2001
TGF,20040914,0.22,0.225,0.215,0.215,122873
TGG,20040914,1.2,1.2,1.19,1.19,95195
TGR,20040914,0.95,0.95,0.91,0.95,1092430
THG,20040914,0.74,0.75,0.72,0.72,266576
THK,20040914,0.54,0.55,0.54,0.55,262000
THX,20040914,0.47,0.47,0.46,0.46,45000
TIF,20040914,0.415,0.415,0.415,0.415,54488
TIL,20040914,0.14,0.14,0.135,0.14,81250
TIM,20040914,1.45,1.48,1.45,1.47,217383
TIR,20040914,0.275,0.275,0.275,0.275,224000
TIS,20040914,0.88,0.88,0.88,0.88,55000
TKG,20040914,0.006,0.006,0.006,0.006,100000
TKR,20040914,1.52,1.52,1.5,1.5,11021
TLS,20040914,4.85,4.85,4.82,4.82,18695166
TLT,20040914,0.75,0.75,0.75,0.75,4000
TMO,20040914,0.53,0.54,0.52,0.52,105000
TMS,20040914,0.035,0.036,0.035,0.035,193000
TNE,20040914,0.6,0.63,0.6,0.61,626817
TNG,20040914,0.105,0.105,0.1,0.1,110000
TNL,20040914,0.15,0.15,0.15,0.15,131292
TNN,20040914,1.81,1.81,1.81,1.81,15
TNS,20040914,2.5,2.52,2.48,2.52,31870
TOL,20040914,11.81,11.83,11.79,11.8,1273867
TOR,20040914,1.35,1.35,1.35,1.35,100000
TOX,20040914,0.009,0.01,0.009,0.01,1100000
TPX,20040914,16.8,17,16.8,16.8,1250
TRG,20040914,9.45,9.45,9.45,9.45,6390
TRS,20040914,2.55,2.55,2.5,2.52,242004
TRU,20040914,8.21,8.21,8.2,8.2,26080
TSE,20040914,5.28,5.42,5.28,5.42,212299
TSV,20040914,0.088,0.088,0.088,0.088,144
TTR,20040914,0.3,0.3,0.3,0.3,210266
TTT,20040914,0.8,0.83,0.8,0.83,127749
TVL,20040914,0.125,0.125,0.125,0.125,35000
TWD,20040914,1.82,1.82,1.78,1.78,4252
TWO,20040914,0.32,0.35,0.32,0.34,1029605
TWR,20040914,1.92,2.05,1.9,2.01,2136249
TYC,20040914,0.34,0.34,0.33,0.34,482340
TZL,20040914,0.7,0.71,0.69,0.7,357998
TZN,20040914,0.12,0.12,0.12,0.12,4000
UCL,20040914,0.045,0.046,0.044,0.046,250000
UCM,20040914,2.63,2.63,2.63,2.63,2500
UCW,20040914,0.78,0.78,0.78,0.78,12000
UGL,20040914,6.08,6.18,6.08,6.13,125196
UNI,20040914,1.22,1.24,1.22,1.22,36793
UNW,20040914,1,1.14,0.99,1.11,2338183
UOS,20040914,1.05,1.05,1.05,1.05,700
URL,20040914,0.15,0.15,0.145,0.15,230000
UTB,20040914,9.79,9.79,9.68,9.7,173137
UXC,20040914,0.81,0.81,0.8,0.81,107120
VBA,20040914,1.79,1.8,1.77,1.79,2902458
VCM,20040914,1.63,1.64,1.61,1.63,3070
VCR,20040914,1.81,1.81,1.77,1.77,729173
VGL,20040914,1.32,1.34,1.32,1.34,36724
VHL,20040914,0.4,0.4,0.39,0.4,78397
VKI,20040914,0.42,0.42,0.42,0.42,3094
VLL,20040914,2.01,2.05,2.01,2.05,555307
VOY,20040914,0.29,0.295,0.29,0.29,1005669
VPE,20040914,0.046,0.046,0.039,0.04,108625035
VPG,20040914,1.05,1.05,1.04,1.05,753779
VRE,20040914,0.41,0.43,0.4,0.43,149914
VRI,20040914,0.16,0.16,0.155,0.155,367000
VRL,20040914,2.07,2.08,2.05,2.07,191446
VSG,20040914,0.029,0.03,0.029,0.03,110410
VSL,20040914,0.9,0.92,0.9,0.91,241430
VTI,20040914,0.59,0.59,0.56,0.56,11000
VTR,20040914,1.05,1.05,1.03,1.05,167800
VWD,20040914,1.54,1.54,1.53,1.53,64400
VXS,20040914,0.09,0.09,0.085,0.085,6600
WAB,20040914,1,1,1,1,60000
WAG,20040914,0.18,0.185,0.18,0.18,460000
WAL,20040914,0.29,0.295,0.29,0.295,64000
WAM,20040914,1.64,1.65,1.63,1.65,25217
WAN,20040914,7.6,7.81,7.58,7.8,249379
WAT,20040914,3.3,3.35,3.3,3.35,12000
WBB,20040914,6.74,6.74,6.56,6.56,6580
WBC,20040914,17.1,17.1,16.88,16.9,3566268
WCB,20040914,2.96,2.96,2.96,2.96,4100
WDC,20040914,15.65,15.67,15.51,15.67,3705419
WEB,20040914,0.047,0.047,0.047,0.047,5000
WES,20040914,31.3,31.42,31.1,31.3,635672
WEZ,20040914,0.25,0.25,0.25,0.25,9481
WFL,20040914,2.46,2.48,2.45,2.48,30998
WHF,20040914,3.12,3.13,3.1,3.1,12000
WHS,20040914,3.95,3.95,3.92,3.92,4630
WIL,20040914,0.97,0.97,0.96,0.96,71575
WIT,20040914,1.08,1.08,1.08,1.08,24884
WLS,20040914,0.93,0.94,0.93,0.94,21640
WME,20040914,0.02,0.02,0.018,0.018,240000
WML,20040914,0.085,0.085,0.084,0.084,126570
WMR,20040914,4.92,4.94,4.91,4.94,8219214
WOR,20040914,4.04,4.15,4.03,4.15,200359
WOW,20040914,13.7,13.8,13.5,13.62,5564521
WPL,20040914,18.39,18.4,18.31,18.36,1507026
WSA,20040914,1.29,1.3,1.28,1.3,115992
WST,20040914,0.7,0.7,0.7,0.7,12000
WTE,20040914,0.037,0.037,0.037,0.037,483140
WTP,20040914,1.1,1.12,1.09,1.09,74918
WWA,20040914,0.85,0.87,0.85,0.87,54000
WYL,20040914,3.56,3.56,3.45,3.52,134379
XAN,20040914,0.094,0.096,0.094,0.095,510000
XAO,20040914,3615.5,3630.8,3615.5,3630.2,0
XBL,20040914,0.275,0.275,0.27,0.27,26770
XBW,20040914,29773.3,29803.3,29773.3,29803.3,0
XDJ,20040914,2143.1,2173.9,2143.1,2169.9,0
XEJ,20040914,6123.5,6158.1,6118,6136.7,0
XEN,20040914,0.06,0.06,0.06,0.06,10000
XFJ,20040914,4344.8,4364,4342.3,4351.9,0
XFL,20040914,3565.6,3581.5,3565.6,3577.4,0
XHJ,20040914,4278.1,4342.7,4278.1,4342.7,0
XIJ,20040914,306.3,307.8,304.2,306.3,0
XJO,20040914,3609.7,3625.5,3609.7,3623.2,0
XKO,20040914,3613.3,3629,3613.3,3626.7,0
XMD,20040914,3450.4,3472.1,3450.4,3472.1,0
XMJ,20040914,5789.5,5816.2,5789.5,5795,0
XNJ,20040914,4265,4299.9,4265,4291.8,0
XPJ,20040914,1720.8,1725.8,1710.9,1725.8,0
XSJ,20040914,4893.5,4923.7,4893.5,4921.7,0
XSO,20040914,2069,2080.3,2069,2077.5,0
XTJ,20040914,1715.8,1721.2,1711.2,1711.2,0
XTL,20040914,1952,1961.3,1952,1957.2,0
XTO,20040914,2932.5,2945.3,2932.5,2943.3,0
XUJ,20040914,4269.6,4319.9,4269.6,4319.9,0
XXJ,20040914,4295.5,4319.5,4295.5,4300.8,0
YAM,20040914,0.011,0.011,0.011,0.011,1885980
YGL,20040914,0.028,0.028,0.028,0.028,25000
YML,20040914,0.13,0.13,0.13,0.13,20000
ZFX,20040914,1.78,1.79,1.77,1.78,1715939
ZIM,20040914,3.7,3.7,3.66,3.66,6500
ZYL,20040914,0.005,0.005,0.005,0.005,10000
