AAB,20040324,0.98,0.98,0.98,0.98,9945
AAC,20040324,1.16,1.16,1.15,1.15,238331
AAM,20040324,0.66,0.66,0.66,0.66,9613
AAR,20040324,0.03,0.03,0.03,0.03,51667
AAT,20040324,0.265,0.27,0.265,0.27,77000
AAU,20040324,1.12,1.13,1.12,1.13,14200
ABB,20040324,6.5,6.75,6.5,6.7,17338
ABC,20040324,1.51,1.51,1.5,1.51,1374490
ABI,20040324,0.35,0.36,0.35,0.355,368260
ABK,20040324,0.19,0.19,0.19,0.19,50000
ABP,20040324,1.19,1.19,1.18,1.18,372483
ABS,20040324,3.9,3.9,3.85,3.85,135004
ABX,20040324,1.96,1.96,1.95,1.95,6500
ACF,20040324,1.04,1.04,1.04,1.04,24407
ACL,20040324,0.59,0.59,0.59,0.59,21290
ACU,20040324,0.365,0.375,0.355,0.375,263000
ADA,20040324,0.69,0.69,0.68,0.69,7500
ADB,20040324,8.4,8.43,8.35,8.35,212014
ADG,20040324,3.76,3.99,3.76,3.81,4601
ADM,20040324,0.093,0.093,0.093,0.093,10000
ADN,20040324,0.26,0.26,0.25,0.255,115073
ADT,20040324,1.78,1.78,1.78,1.78,1055
ADU,20040324,1.14,1.14,1.1,1.1,23271
ADX,20040324,0.14,0.14,0.14,0.14,5900
ADY,20040324,0.033,0.033,0.032,0.033,963500
ADZ,20040324,1.53,1.53,1.49,1.49,560293
AEC,20040324,1.59,1.6,1.59,1.6,41019
AEI,20040324,1.12,1.12,1.1,1.12,139000
AEN,20040324,1.4,1.45,1.4,1.42,153910
AEO,20040324,1.36,1.36,1.36,1.36,35785
AES,20040324,0.09,0.09,0.09,0.09,12000
AET,20040324,0.7,0.7,0.7,0.7,1000
AEX,20040324,0.078,0.079,0.074,0.076,3920671
AFC,20040324,0.45,0.45,0.44,0.44,5800
AFF,20040324,0.355,0.355,0.355,0.355,4040
AFI,20040324,3.25,3.27,3.24,3.25,208645
AFL,20040324,0.92,0.92,0.9,0.9,8650
AFM,20040324,0.023,0.023,0.023,0.023,246480
AFT,20040324,0.045,0.046,0.045,0.045,2145049
AGC,20040324,1.62,1.65,1.59,1.59,56210
AGG,20040324,11,11,10.85,10.87,1182
AGI,20040324,0.51,0.51,0.51,0.51,17998
AGL,20040324,11.6,11.64,11.51,11.64,983749
AGM,20040324,0.16,0.16,0.16,0.16,198636
AGS,20040324,0.047,0.054,0.047,0.054,49666
AGT,20040324,0.475,0.475,0.475,0.475,31000
AGX,20040324,0.82,0.83,0.81,0.82,189956
AGY,20040324,0.2,0.215,0.2,0.215,38890
AGZ,20040324,0.23,0.23,0.23,0.23,30000
AHD,20040324,3.35,3.39,3.33,3.39,49947
AHG,20040324,0.15,0.155,0.15,0.155,105294
AHO,20040324,0.4,0.4,0.4,0.4,12000
AHS,20040324,0.94,0.94,0.94,0.94,24500
AIA,20040324,5.57,5.57,5.57,5.57,10000
AIE,20040324,0.135,0.135,0.13,0.13,42779
AIM,20040324,0.076,0.077,0.073,0.073,2869282
AIX,20040324,1.65,1.65,1.64,1.64,162590
AIZ,20040324,0.33,0.335,0.33,0.335,187770
AJL,20040324,1.85,1.88,1.84,1.86,73507
AKD,20040324,0.022,0.022,0.021,0.022,418913
ALD,20040324,0.26,0.26,0.24,0.24,21360
ALE,20040324,0.032,0.032,0.032,0.032,40000
ALH,20040324,2.38,2.38,2.37,2.38,1140916
ALK,20040324,0.345,0.35,0.34,0.34,187461
ALL,20040324,3.24,3.49,3.24,3.4,9283017
ALN,20040324,6.03,6.13,6.01,6.13,3101657
ALR,20040324,1,1,0.99,0.99,72370
ALS,20040324,6.57,6.57,6.5,6.55,20145
ALT,20040324,0.09,0.091,0.09,0.091,580231
ALU,20040324,0.37,0.375,0.37,0.37,90624
ALZ,20040324,1.79,1.8,1.78,1.79,1568148
AMC,20040324,7.92,7.95,7.84,7.94,3886384
AML,20040324,0.7,0.7,0.69,0.7,80920
AMM,20040324,0.185,0.185,0.185,0.185,158806
AMP,20040324,5.4,5.47,5.39,5.45,9942665
AMU,20040324,0.54,0.55,0.53,0.55,142259
ANC,20040324,7.3,7.3,7.3,7.3,1500
ANE,20040324,3.37,3.37,3.36,3.37,72487
ANG,20040324,0.25,0.255,0.25,0.25,62777
ANM,20040324,0.042,0.042,0.037,0.037,1487001
ANN,20040324,6.96,7.08,6.95,7.05,594539
ANP,20040324,0.15,0.15,0.145,0.145,962885
ANX,20040324,0.33,0.33,0.32,0.32,42400
ANZ,20040324,18.75,18.96,18.67,18.85,4286860
AOE,20040324,0.27,0.28,0.265,0.27,282850
AOO,20040324,0.17,0.175,0.165,0.165,89800
APA,20040324,2.66,2.67,2.63,2.63,53528
APG,20040324,0.042,0.042,0.041,0.041,1201432
API,20040324,2.48,2.5,2.47,2.47,55300
APL,20040324,0.285,0.285,0.275,0.275,59591
APN,20040324,3.75,3.75,3.72,3.73,1638028
APZ,20040324,0.155,0.155,0.15,0.15,1883930
AQA,20040324,0.76,0.76,0.76,0.76,4000
AQD,20040324,0.175,0.175,0.175,0.175,64000
AQL,20040324,0.032,0.032,0.03,0.03,364848
AQP,20040324,7.95,7.95,7.75,7.75,42595
ARA,20040324,0.33,0.33,0.32,0.32,40002
ARE,20040324,0.15,0.155,0.15,0.155,36363
ARG,20040324,4.9,4.92,4.89,4.9,95617
ARO,20040324,0.066,0.07,0.066,0.068,319875
ARP,20040324,3.35,3.35,3.33,3.33,5795
ARQ,20040324,0.93,0.93,0.91,0.91,707680
ARX,20040324,0.058,0.058,0.055,0.055,811672
ASB,20040324,0.97,0.97,0.96,0.96,95149
ASC,20040324,0.087,0.087,0.085,0.086,142465
ASL,20040324,0.74,0.74,0.73,0.74,229647
ASX,20040324,16.47,16.6,16.44,16.5,148312
ASZ,20040324,0.33,0.33,0.33,0.33,226
ATG,20040324,0.68,0.69,0.68,0.69,90011
ATN,20040324,0.25,0.25,0.245,0.245,207122
ATP,20040324,0.205,0.205,0.205,0.205,4878
ATR,20040324,4.17,4.3,4.17,4.17,9530
ATX,20040324,0.16,0.16,0.155,0.155,205020
AUH,20040324,0.041,0.041,0.041,0.041,102000
AUI,20040324,4.3,4.31,4.3,4.31,4789
AUL,20040324,0.014,0.014,0.014,0.014,1193363
AUM,20040324,0.04,0.04,0.04,0.04,866337
AUN,20040324,0.78,0.8,0.78,0.79,1496767
AUO,20040324,0.7,0.71,0.7,0.7,192936
AUX,20040324,0.045,0.045,0.045,0.045,70000
AUZ,20040324,0.22,0.22,0.215,0.215,203100
AVA,20040324,0.046,0.046,0.046,0.046,25000
AVJ,20040324,2.26,2.26,2.25,2.25,172757
AVL,20040324,0.61,0.62,0.59,0.59,272422
AVN,20040324,0.034,0.034,0.032,0.032,1146519
AVO,20040324,0.18,0.18,0.175,0.175,242200
AVR,20040324,0.53,0.53,0.52,0.52,11082
AVT,20040324,0.13,0.13,0.12,0.12,379112
AVV,20040324,2,2.03,1.97,2.02,213374
AWB,20040324,4.93,4.96,4.92,4.95,220857
AWC,20040324,5.4,5.44,5.29,5.32,2254208
AWE,20040324,1.46,1.46,1.36,1.4,1430405
AWP,20040324,8,8,7.95,7.95,3250
AXA,20040324,2.96,3.05,2.96,2.99,3565060
AXI,20040324,0.017,0.017,0.016,0.016,220000
AXL,20040324,0.1,0.11,0.1,0.11,365000
AXM,20040324,0.22,0.22,0.21,0.21,172488
AXN,20040324,0.335,0.34,0.33,0.34,7548669
AYO,20040324,0.78,0.78,0.75,0.76,441533
AZL,20040324,0.021,0.021,0.019,0.019,324792
AZR,20040324,0.16,0.16,0.155,0.155,1429500
BAR,20040324,0.1,0.105,0.1,0.105,50000
BAX,20040324,4,4,4,4,5000
BBB,20040324,0.265,0.29,0.265,0.29,10136
BBG,20040324,7.63,7.66,7.58,7.64,507212
BBL,20040324,0.075,0.075,0.075,0.075,8000
BCA,20040324,2.65,2.65,2.58,2.6,487604
BCL,20040324,0.58,0.59,0.58,0.58,325550
BDG,20040324,0.19,0.195,0.18,0.185,2980224
BDM,20040324,0.87,0.87,0.85,0.85,132087
BEL,20040324,0.355,0.355,0.355,0.355,32350
BEN,20040324,10.43,10.55,10.43,10.55,116197
BER,20040324,0.76,0.76,0.75,0.75,10000
BET,20040324,1.47,1.5,1.47,1.5,2300
BGD,20040324,0.245,0.245,0.24,0.24,70000
BGF,20040324,0.13,0.14,0.13,0.13,3274711
BHP,20040324,12.1,12.1,11.95,11.95,25927117
BIL,20040324,5.22,5.25,5.2,5.24,3004499
BIR,20040324,1.26,1.26,1.26,1.26,1121392
BKA,20040324,0.45,0.45,0.435,0.435,131118
BKI,20040324,0.95,0.96,0.95,0.96,75010
BKL,20040324,8.75,8.88,8.65,8.85,2114
BKM,20040324,0.028,0.028,0.028,0.028,100000
BKR,20040324,0.35,0.36,0.35,0.36,31200
BKS,20040324,0.032,0.033,0.032,0.033,378545
BKV,20040324,0.06,0.06,0.06,0.06,28000
BKW,20040324,8.42,8.53,8.42,8.53,2359
BLD,20040324,6.25,6.32,6.22,6.25,1254683
BLN,20040324,0.22,0.23,0.22,0.23,58700
BLT,20040324,1.04,1.04,1.04,1.04,1807
BLZ,20040324,0.032,0.032,0.031,0.032,216527
BMO,20040324,0.25,0.25,0.245,0.245,243735
BMX,20040324,0.165,0.17,0.165,0.17,174203
BNO,20040324,0.3,0.3,0.3,0.3,90000
BOC,20040324,0.275,0.275,0.26,0.26,29690
BOD,20040324,0.245,0.245,0.2,0.22,4139908
BOL,20040324,1.53,1.54,1.53,1.54,43396
BOQ,20040324,11.4,11.6,11.4,11.55,481285
BPC,20040324,0.55,0.57,0.55,0.55,6793864
BPG,20040324,0.065,0.065,0.065,0.065,143235
BPO,20040324,0.062,0.064,0.062,0.062,142170
BPT,20040324,0.34,0.34,0.335,0.335,254453
BQT,20040324,0.4,0.405,0.39,0.395,304726
BRC,20040324,0.4,0.4,0.4,0.4,10000
BRK,20040324,2,2.04,2,2.04,15928
BRO,20040324,0.011,0.011,0.011,0.011,100000
BRW,20040324,0.054,0.055,0.054,0.054,1697298
BRZ,20040324,1.32,1.33,1.32,1.32,96226
BSA,20040324,0.21,0.21,0.21,0.21,30000
BSG,20040324,0.365,0.375,0.36,0.375,199792
BSL,20040324,6.2,6.28,6.16,6.27,4076622
BSN,20040324,0.19,0.19,0.19,0.19,20000
BSO,20040324,3.09,3.1,3.08,3.1,17477
BTA,20040324,0.69,0.7,0.68,0.68,1009573
BTC,20040324,0.45,0.45,0.44,0.44,29930
BTV,20040324,0.1,0.1,0.1,0.1,380250
BUG,20040324,0.68,0.68,0.68,0.68,4700
BUY,20040324,0.18,0.185,0.18,0.18,126433
BWI,20040324,0.94,0.94,0.93,0.93,436505
BWP,20040324,1.61,1.62,1.6,1.61,1403696
BWT,20040324,0.015,0.015,0.015,0.015,300000
BYI,20040324,0.35,0.385,0.35,0.385,13000
CAA,20040324,2.68,2.77,2.68,2.74,115919
CAB,20040324,3.34,3.34,3.32,3.34,171185
CAG,20040324,0.053,0.053,0.051,0.051,597780
CAI,20040324,0.78,0.78,0.77,0.77,2333
CAL,20040324,0.52,0.54,0.52,0.54,124800
CAM,20040324,0.97,0.97,0.97,0.97,3994
CAS,20040324,0.205,0.21,0.205,0.21,15000
CAT,20040324,1.12,1.18,1.12,1.18,20000
CAU,20040324,0.16,0.16,0.16,0.16,71250
CAZ,20040324,0.24,0.24,0.225,0.225,70855
CBA,20040324,32.26,32.5,32.15,32.5,2193845
CBD,20040324,0.011,0.012,0.01,0.012,3275000
CBH,20040324,0.235,0.235,0.23,0.235,426391
CCE,20040324,0.49,0.5,0.47,0.485,2225965
CCH,20040324,0.23,0.23,0.23,0.23,21735
CCK,20040324,0.1,0.1,0.1,0.1,1875
CCL,20040324,6.72,6.74,6.7,6.71,2518131
CCO,20040324,0.008,0.008,0.008,0.008,2000000
CCP,20040324,1.86,1.86,1.86,1.86,700
CCV,20040324,0.23,0.23,0.22,0.225,194134
CDA,20040324,1.63,1.63,1.6,1.6,11275
CDC,20040324,1.85,1.86,1.78,1.83,42957
CDF,20040324,1.202,1.202,1.202,1.202,1759
CDO,20040324,4.08,4.1,4.06,4.07,105423
CDP,20040324,2.51,2.52,2.5,2.52,13496
CDR,20040324,1.22,1.22,1.21,1.21,146009
CDS,20040324,0.15,0.15,0.15,0.15,29700
CDX,20040324,2.09,2.09,2.07,2.09,34600
CEP,20040324,4.34,4.34,4.24,4.28,1428583
CEQ,20040324,2.02,2.03,2.02,2.02,33000
CEY,20040324,3.27,3.27,3.2,3.21,196272
CFI,20040324,0.62,0.64,0.62,0.64,215279
CFR,20040324,0.034,0.034,0.033,0.033,1834426
CGF,20040324,0.495,0.495,0.49,0.495,7249460
CGM,20040324,0.185,0.185,0.18,0.18,27000
CGO,20040324,0.67,0.68,0.65,0.68,35269
CGS,20040324,0.51,0.52,0.51,0.52,96000
CHB,20040324,31.51,31.51,31.51,31.51,434
CHF,20040324,0.37,0.37,0.37,0.37,8000
CHL,20040324,0.16,0.16,0.16,0.16,57500
CHQ,20040324,0.74,0.74,0.74,0.74,99726
CHR,20040324,2.5,2.5,2.5,2.5,6154
CHY,20040324,1.76,1.81,1.76,1.81,38638
CIN,20040324,12.95,13,12.95,13,7900
CIR,20040324,2.16,2.24,2.16,2.2,62980
CIY,20040324,4.8,4.81,4.52,4.58,70671
CKR,20040324,0.64,0.64,0.62,0.62,34870
CLH,20040324,1.82,1.82,1.76,1.77,62808
CLO,20040324,0.54,0.55,0.54,0.55,59811
CLT,20040324,1.24,1.24,1.23,1.23,40440
CLV,20040324,0.36,0.36,0.35,0.35,99500
CMI,20040324,2.13,2.13,2.11,2.11,10000
CML,20040324,8.06,8.06,7.99,8.02,2902118
CMP,20040324,0.31,0.31,0.31,0.31,33250
CMQ,20040324,4.86,4.98,4.86,4.97,72876
CMR,20040324,0.305,0.305,0.305,0.305,20000
CMS,20040324,0.05,0.05,0.05,0.05,25635
CMW,20040324,0.1,0.1,0.098,0.098,21750
CMX,20040324,0.125,0.125,0.125,0.125,8000
CND,20040324,1.56,1.58,1.56,1.58,31630
CNM,20040324,0.031,0.031,0.029,0.03,1414064
CNN,20040324,0.061,0.065,0.06,0.06,185000
CNR,20040324,0.65,0.65,0.65,0.65,5000
CNT,20040324,0.27,0.27,0.245,0.245,980400
COA,20040324,3.24,3.24,3.16,3.19,752145
COE,20040324,0.235,0.235,0.23,0.23,411000
COF,20040324,5.08,5.08,5.08,5.08,4750
COH,20040324,18.71,19.05,18.7,18.9,320762
COO,20040324,0.033,0.034,0.032,0.033,1163000
COS,20040324,0.49,0.49,0.475,0.475,39760
COU,20040324,0.74,0.76,0.74,0.76,484080
CPA,20040324,1.19,1.19,1.18,1.18,3278943
CPB,20040324,6.18,6.18,6.1,6.1,8515
CPC,20040324,0.31,0.31,0.31,0.31,20000
CPI,20040324,0.74,0.74,0.7,0.7,69767
CPK,20040324,4.2,4.2,4.2,4.2,12000
CPN,20040324,0.1,0.1,0.096,0.099,298544
CPS,20040324,0.2,0.2,0.2,0.2,4000
CPU,20040324,3.18,3.18,3.12,3.16,1283173
CQT,20040324,0.27,0.27,0.25,0.255,259322
CRD,20040324,0.15,0.15,0.145,0.15,897944
CRG,20040324,8.82,8.99,8.82,8.9,140026
CRL,20040324,0.083,0.083,0.083,0.083,25000
CRS,20040324,0.56,0.56,0.52,0.52,2103330
CRT,20040324,0.61,0.61,0.61,0.61,7167
CRU,20040324,0.63,0.63,0.61,0.61,72070
CSH,20040324,1.18,1.18,1.17,1.18,11000
CSI,20040324,0.25,0.255,0.25,0.25,270000
CSL,20040324,20.12,20.45,20.11,20.2,702452
CSM,20040324,1.2,1.21,1.2,1.2,172897
CSR,20040324,1.9,1.93,1.9,1.9,1255564
CST,20040324,1.58,1.62,1.57,1.62,116207
CSY,20040324,0.031,0.031,0.031,0.031,170000
CTE,20040324,0.24,0.24,0.24,0.24,30000
CTI,20040324,0.55,0.55,0.55,0.55,16000
CTL,20040324,1.25,1.25,1.25,1.25,2000
CTO,20040324,0.16,0.16,0.155,0.16,205600
CTX,20040324,6.77,7,6.77,6.97,783958
CUE,20040324,0.087,0.09,0.084,0.088,1502149
CUL,20040324,0.035,0.035,0.035,0.035,421500
CUS,20040324,0.099,0.1,0.096,0.098,174000
CVL,20040324,0.035,0.035,0.035,0.035,5120
CVN,20040324,0.03,0.031,0.028,0.03,2148757
CVS,20040324,0.059,0.059,0.058,0.058,20000
CWP,20040324,1.54,1.54,1.54,1.54,7000
CXP,20040324,4.55,4.58,4.45,4.45,67256
CYG,20040324,5.99,6.25,5.99,6,23404
DBS,20040324,0.18,0.19,0.175,0.19,666666
DDF,20040324,1.2,1.21,1.19,1.19,14548596
DEG,20040324,0.64,0.67,0.64,0.65,1079241
DES,20040324,0.18,0.18,0.17,0.18,112402
DFT,20040324,0.018,0.018,0.018,0.018,430000
DGH,20040324,1,1,1,1,11495
DGM,20040324,0.05,0.05,0.049,0.049,550000
DGR,20040324,0.125,0.125,0.125,0.125,50000
DID,20040324,0.125,0.125,0.12,0.12,74500
DIO,20040324,0.105,0.105,0.105,0.105,609941
DIT,20040324,1.94,1.94,1.91,1.91,1158511
DJS,20040324,1.62,1.66,1.6,1.61,4051086
DJW,20040324,3.32,3.37,3.32,3.35,60762
DLS,20040324,0.043,0.045,0.043,0.043,952500
DMX,20040324,0.068,0.068,0.068,0.068,45000
DNL,20040324,0.225,0.225,0.22,0.225,45000
DNS,20040324,0.205,0.205,0.2,0.2,140000
DOM,20040324,0.54,0.55,0.54,0.55,20336
DOT,20040324,1.17,1.17,1.16,1.16,4253877
DOW,20040324,3.2,3.22,3.18,3.21,967826
DPL,20040324,0.72,0.72,0.72,0.72,14100
DRA,20040324,0.335,0.345,0.335,0.345,913833
DRD,20040324,4.4,4.4,4.4,4.4,2000
DTL,20040324,2.14,2.14,2.1,2.1,19128
DVC,20040324,2.6,2.61,2.52,2.52,105552
DVN,20040324,0.78,0.79,0.78,0.79,365821
DYL,20040324,0.026,0.026,0.026,0.026,175555
EBG,20040324,0.19,0.195,0.19,0.195,14400
EBR,20040324,0.069,0.069,0.068,0.068,80000
EBT,20040324,0.115,0.115,0.11,0.11,369453
ECM,20040324,0.08,0.08,0.08,0.08,4500
ECS,20040324,0.051,0.051,0.05,0.051,55200
EDN,20040324,0.08,0.08,0.08,0.08,332500
EGI,20040324,0.044,0.052,0.04,0.048,232300
EGL,20040324,0.28,0.28,0.275,0.28,82309
EGO,20040324,0.011,0.011,0.01,0.011,3465254
EHO,20040324,0.041,0.041,0.038,0.038,657500
EIF,20040324,0.11,0.11,0.105,0.105,149653
EIL,20040324,0.09,0.09,0.09,0.09,25000
ELL,20040324,0.185,0.185,0.18,0.18,116613
ELX,20040324,0.29,0.3,0.29,0.295,198300
EMI,20040324,0.155,0.155,0.155,0.155,419000
EMM,20040324,0.056,0.056,0.056,0.056,15000
EMP,20040324,0.86,0.89,0.86,0.89,1042422
EMS,20040324,0.33,0.335,0.31,0.335,172900
ENE,20040324,2.29,2.32,2.27,2.29,720639
ENV,20040324,1.06,1.06,1.05,1.05,504114
EOS,20040324,2.7,2.7,2.66,2.66,13887
EPR,20040324,0.155,0.155,0.15,0.15,60000
EPT,20040324,0.73,0.75,0.73,0.74,177512
EQI,20040324,1.69,1.7,1.69,1.69,72000
EQR,20040324,0.39,0.4,0.385,0.4,352816
EQT,20040324,8.3,8.3,8.3,8.3,2100
ERA,20040324,3.6,3.7,3.6,3.7,3425
ERG,20040324,0.81,0.82,0.8,0.81,812310
ESG,20040324,0.14,0.14,0.14,0.14,314195
ESI,20040324,0.17,0.17,0.165,0.165,238000
ESV,20040324,0.22,0.22,0.215,0.215,233006
ETC,20040324,0.012,0.012,0.012,0.012,354186
ETR,20040324,1.1,1.1,1.1,1.1,160000
ETW,20040324,1.16,1.16,1.14,1.15,9242
EUG,20040324,0.145,0.145,0.145,0.145,40000
EVM,20040324,0.28,0.28,0.28,0.28,26484
EWC,20040324,0.022,0.022,0.022,0.022,181284
EXS,20040324,0.28,0.28,0.275,0.28,180500
EXT,20040324,0.02,0.021,0.02,0.021,2916666
EZE,20040324,0.325,0.325,0.31,0.31,19377
FAN,20040324,4.11,4.11,4.05,4.05,31298
FAR,20040324,0.095,0.095,0.091,0.091,800357
FBU,20040324,3.8,3.84,3.8,3.82,1108911
FCL,20040324,1.57,1.57,1.55,1.56,3117303
FCN,20040324,0.125,0.125,0.125,0.125,102000
FDL,20040324,0.031,0.031,0.029,0.029,1348542
FEA,20040324,0.355,0.36,0.355,0.36,200466
FGL,20040324,4.41,4.42,4.4,4.4,5211156
FKP,20040324,2.98,2.98,2.98,2.98,13207346
FLK,20040324,0.82,0.83,0.82,0.83,16600
FLT,20040324,17.9,18.1,17.85,18,445010
FLX,20040324,0.07,0.07,0.069,0.07,143001
FMG,20040324,0.62,0.63,0.61,0.62,86566
FOA,20040324,19.3,19.3,19.2,19.2,215944
FPA,20040324,3.75,3.78,3.75,3.77,106603
FPF,20040324,1.13,1.13,1.13,1.13,4769
FPH,20040324,10.12,10.2,10.12,10.15,3787
FPS,20040324,0.485,0.485,0.47,0.47,16800
FRL,20040324,0.16,0.16,0.16,0.16,20000
FTR,20040324,0.62,0.62,0.62,0.62,12598
FUN,20040324,2.08,2.08,1.95,2.05,470603
FUT,20040324,0.035,0.038,0.035,0.035,299891
FWD,20040324,6.99,7.05,6.98,7.05,1049807
FXJ,20040324,3.23,3.31,3.23,3.3,7719071
FXR,20040324,0.63,0.64,0.63,0.63,178200
GAM,20040324,0.155,0.155,0.155,0.155,100000
GAN,20040324,1.45,1.46,1.45,1.45,3819405
GAP,20040324,2.82,2.82,2.78,2.78,65987
GAS,20040324,2.18,2.21,2.16,2.16,193228
GBG,20040324,0.17,0.175,0.17,0.175,2038000
GBL,20040324,0.037,0.042,0.035,0.042,159550
GBN,20040324,0.072,0.072,0.072,0.072,7416000
GBP,20040324,0.225,0.24,0.225,0.24,436850
GBR,20040324,0.44,0.44,0.44,0.44,11134
GCA,20040324,0.994,0.994,0.98,0.98,13700
GCR,20040324,0.08,0.08,0.078,0.078,185000
GDA,20040324,0.01,0.011,0.01,0.011,5279751
GDM,20040324,0.47,0.475,0.465,0.475,50625
GDN,20040324,0.041,0.043,0.041,0.043,101400
GDP,20040324,1.15,1.16,1.14,1.16,76626
GDR,20040324,0.34,0.34,0.34,0.34,317183
GDY,20040324,0.9,0.9,0.88,0.9,198604
GEN,20040324,0.6,0.6,0.6,0.6,16500
GFD,20040324,0.99,0.99,0.99,0.99,10250
GGL,20040324,0.37,0.375,0.365,0.37,3167215
GGN,20040324,0.275,0.29,0.275,0.285,3061376
GGP,20040324,0.32,0.33,0.295,0.31,599414
GGY,20040324,0.064,0.064,0.061,0.061,603087
GHG,20040324,0.66,0.66,0.64,0.64,344954
GIR,20040324,0.19,0.19,0.19,0.19,163800
GKR,20040324,0.19,0.2,0.19,0.195,296200
GLB,20040324,0.445,0.445,0.435,0.44,222911
GLN,20040324,0.41,0.425,0.405,0.42,1793047
GML,20040324,0.145,0.145,0.135,0.135,238050
GNC,20040324,12.6,12.6,12.51,12.51,14995
GNS,20040324,11.84,11.84,11.52,11.57,48298
GOG,20040324,0.325,0.345,0.325,0.325,589000
GOW,20040324,2.4,2.4,2.4,2.4,2000
GPE,20040324,0.355,0.36,0.31,0.345,1280031
GPG,20040324,1.75,1.75,1.73,1.73,33779
GPO,20040324,0.076,0.09,0.076,0.085,14882250
GPT,20040324,3.11,3.12,3.06,3.07,4503610
GRD,20040324,1.86,1.86,1.84,1.85,255958
GRN,20040324,0.395,0.395,0.39,0.39,15812
GRO,20040324,0.75,0.75,0.73,0.73,11200
GRR,20040324,0.64,0.65,0.59,0.62,391436
GTG,20040324,0.4,0.4,0.39,0.39,293147
GTM,20040324,0.082,0.083,0.081,0.082,2189882
GUD,20040324,8.2,8.2,8.17,8.17,90909
GUL,20040324,0.028,0.029,0.028,0.029,64667
GUN,20040324,0.385,0.39,0.38,0.38,258800
GVM,20040324,0.027,0.029,0.027,0.028,1115172
GWE,20040324,0.28,0.28,0.26,0.26,15000
GWT,20040324,2.93,2.93,2.86,2.86,106154
HAK,20040324,7,7,7,7,2000
HAO,20040324,0.225,0.225,0.22,0.22,197017
HBL,20040324,0.38,0.38,0.375,0.375,25000
HBR,20040324,0.68,0.68,0.65,0.65,26430
HCN,20040324,1.15,1.15,1.15,1.15,13294
HCY,20040324,0.034,0.036,0.034,0.036,10049500
HDR,20040324,1.26,1.26,1.23,1.24,916070
HEG,20040324,0.235,0.24,0.235,0.24,23300
HER,20040324,0.91,0.94,0.9,0.94,333240
HGO,20040324,0.23,0.24,0.225,0.225,942820
HGR,20040324,0.1,0.105,0.1,0.1,666300
HHG,20040324,1.18,1.19,1.17,1.18,9193245
HHL,20040324,6.95,6.95,6.9,6.9,6347
HHM,20040324,0.26,0.26,0.26,0.26,50000
HHV,20040324,0.92,0.92,0.91,0.92,666343
HIB,20040324,0.75,0.89,0.75,0.89,184610
HIC,20040324,0.6,0.6,0.6,0.6,44800
HIG,20040324,0.46,0.465,0.455,0.465,203961
HIL,20040324,3.85,3.85,3.8,3.84,97284
HLD,20040324,0.65,0.7,0.65,0.69,70940
HLI,20040324,0.18,0.18,0.175,0.175,159000
HLM,20040324,0.12,0.12,0.12,0.12,10000
HLT,20040324,0.53,0.53,0.53,0.53,3773
HLX,20040324,0.27,0.28,0.27,0.28,32200
HLY,20040324,6.65,6.67,6.62,6.65,149980
HMC,20040324,0.037,0.037,0.037,0.037,200000
HME,20040324,4.42,4.42,4.41,4.42,7794
HNG,20040324,1.95,1.96,1.92,1.94,17925
HNR,20040324,0.22,0.24,0.19,0.19,35300
HOM,20040324,0.33,0.345,0.33,0.345,74500
HPX,20040324,1.63,1.64,1.61,1.63,162926
HRD,20040324,0.32,0.32,0.305,0.305,57977
HRR,20040324,0.165,0.165,0.165,0.165,11000
HRZ,20040324,0.09,0.09,0.088,0.088,1286450
HSN,20040324,0.21,0.21,0.21,0.21,31369
HSP,20040324,3.48,3.48,3.37,3.37,115854
HTA,20040324,0.27,0.275,0.27,0.275,454729
HTE,20040324,0.058,0.06,0.058,0.059,112015
HTL,20040324,0.24,0.24,0.23,0.24,162350
HUG,20040324,0.088,0.092,0.088,0.092,248135
HVN,20040324,2.7,2.79,2.69,2.79,3831891
HWE,20040324,0.98,0.98,0.96,0.96,330947
HWG,20040324,0.1,0.1,0.1,0.1,20000
HWI,20040324,2.3,2.3,2.28,2.3,159262
HWT,20040324,1.25,1.3,1.25,1.3,172708
HWW,20040324,0.15,0.15,0.15,0.15,4000
HZG,20040324,0.055,0.055,0.055,0.055,39500
HZN,20040324,0.12,0.125,0.115,0.125,444000
IAG,20040324,4.69,4.72,4.66,4.72,3961433
IAS,20040324,0.69,0.69,0.65,0.67,71095
IBA,20040324,0.225,0.23,0.22,0.225,389885
IBC,20040324,0.55,0.55,0.53,0.55,170010
ICE,20040324,0.024,0.024,0.023,0.024,950000
ICN,20040324,0.028,0.029,0.028,0.028,587407
ICS,20040324,0.32,0.32,0.32,0.32,7734
IDT,20040324,2.14,2.15,2.14,2.15,18900
IFC,20040324,0.31,0.33,0.31,0.33,38000
IFL,20040324,4.4,4.4,4.26,4.26,45099
IFM,20040324,0.9,0.93,0.9,0.9,80208
IGL,20040324,0.4,0.42,0.4,0.415,890826
IGO,20040324,1.21,1.22,1.21,1.21,195300
IGP,20040324,2.9,2.9,2.85,2.86,58901
IHG,20040324,0.27,0.28,0.25,0.25,1601912
IIF,20040324,1.89,1.89,1.86,1.86,978383
IIG,20040324,0.008,0.008,0.008,0.008,380000
IIN,20040324,2.48,2.48,2.47,2.48,35500
ILU,20040324,4.04,4.07,4.04,4.05,542299
IMA,20040324,0.55,0.57,0.55,0.57,32500
IMD,20040324,0.185,0.185,0.185,0.185,172980
IMF,20040324,0.78,0.81,0.78,0.81,145000
IMH,20040324,0.23,0.235,0.23,0.235,88178
IMI,20040324,0.03,0.03,0.023,0.023,51566
IMP,20040324,0.006,0.006,0.005,0.005,2500000
IMU,20040324,0.25,0.25,0.245,0.245,21439
INL,20040324,0.091,0.092,0.091,0.092,213000
INO,20040324,0.24,0.24,0.23,0.23,17500
INP,20040324,0.82,0.82,0.79,0.8,125052
INT,20040324,0.043,0.045,0.043,0.045,601000
INV,20040324,0.065,0.065,0.065,0.065,20000
IOC,20040324,3.12,3.13,3.1,3.13,66598
IOF,20040324,1.28,1.28,1.27,1.27,1469838
ION,20040324,1.63,1.64,1.6,1.61,1545981
IPG,20040324,2.04,2.04,2.02,2.03,4640821
IPL,20040324,18.06,18.1,18.06,18.1,6581
IPN,20040324,0.037,0.037,0.037,0.037,171333
IPS,20040324,1.1,1.1,1.1,1.1,1000
IRC,20040324,0.08,0.08,0.079,0.08,165000
IRE,20040324,2.54,2.58,2.53,2.58,93918
IRI,20040324,0.28,0.295,0.28,0.295,19377
IRN,20040324,0.32,0.32,0.32,0.32,35000
ITC,20040324,0.072,0.072,0.07,0.072,1030242
ITD,20040324,0.51,0.52,0.5,0.52,294500
ITE,20040324,0.32,0.325,0.32,0.32,493281
IVC,20040324,2.25,2.26,2.21,2.24,1142593
IVK,20040324,0.028,0.028,0.028,0.028,562500
IVN,20040324,7.82,7.82,7.76,7.76,1935
IWF,20040324,1.88,1.88,1.86,1.86,62747
IWI,20040324,1.87,1.87,1.87,1.87,3094
IWL,20040324,0.3,0.3,0.29,0.29,182992
JAK,20040324,0.235,0.235,0.23,0.23,63500
JBH,20040324,2.2,2.2,2.18,2.18,1468358
JBM,20040324,4.06,4.17,4.05,4.15,705238
JFG,20040324,2.85,2.85,2.83,2.85,65767
JFM,20040324,1.11,1.12,1.11,1.12,155558
JHX,20040324,6.37,6.4,6.33,6.4,1244183
JRL,20040324,0.27,0.27,0.27,0.27,12000
JRV,20040324,0.011,0.011,0.011,0.011,364000
JUM,20040324,0.023,0.024,0.023,0.024,407579
KAE,20040324,0.06,0.06,0.06,0.06,35000
KAZ,20040324,0.335,0.35,0.335,0.335,4937012
KBO,20040324,0.089,0.09,0.089,0.089,233765
KCN,20040324,3.67,3.74,3.67,3.73,419718
KET,20040324,0.1,0.15,0.1,0.15,50300
KIA,20040324,0.75,0.75,0.74,0.74,71800
KIM,20040324,1.57,1.58,1.54,1.57,1746914
KKT,20040324,1.05,1.05,1.05,1.05,149
KLM,20040324,0.26,0.29,0.26,0.29,1500
KLS,20040324,0.059,0.066,0.056,0.062,13630023
KME,20040324,2.85,2.85,2.66,2.66,18600
KMN,20040324,0.028,0.028,0.028,0.028,1000000
KNH,20040324,0.27,0.27,0.27,0.27,20000
KRS,20040324,0.56,0.58,0.53,0.58,429060
KSC,20040324,2.52,2.55,2.5,2.5,20983
KYC,20040324,1.4,1.4,1.39,1.39,3500
KZL,20040324,1.09,1.14,1.09,1.14,2157600
LAF,20040324,0.115,0.12,0.115,0.12,333220
LAK,20040324,0.135,0.135,0.135,0.135,10000
LAL,20040324,0.066,0.07,0.065,0.066,192500
LAU,20040324,0.38,0.38,0.375,0.375,10300
LBY,20040324,0.26,0.265,0.25,0.265,79204
LCE,20040324,0.245,0.245,0.245,0.245,2041
LCL,20040324,0.86,0.86,0.85,0.85,33438
LCO,20040324,1.81,1.81,1.76,1.76,31162
LDR,20040324,0.13,0.14,0.13,0.13,234594
LDW,20040324,4.05,4.05,4.05,4.05,12000
LEG,20040324,0.24,0.24,0.22,0.225,6317897
LEI,20040324,10.3,10.43,10.3,10.4,605847
LEL,20040324,0.12,0.12,0.1,0.1,45000
LEP,20040324,1.18,1.18,1.18,1.18,6100
LGD,20040324,0.58,0.58,0.56,0.56,426515
LGO,20040324,0.016,0.017,0.016,0.017,525000
LHG,20040324,1.12,1.13,1.09,1.12,12735825
LIM,20040324,6.1,6.1,6.05,6.05,8041
LIO,20040324,0.005,0.005,0.005,0.005,671428
LKP,20040324,0.075,0.075,0.075,0.075,20000
LLC,20040324,10.3,10.32,10.17,10.22,1358650
LMC,20040324,2.36,2.36,2.34,2.34,15000
LNN,20040324,6,6.07,5.95,6.02,418797
LOD,20040324,0.1,0.1,0.1,0.1,11000
LOK,20040324,0.11,0.12,0.11,0.12,1065530
LRL,20040324,0.475,0.475,0.475,0.475,243
LSG,20040324,1.98,1.98,1.97,1.98,232886
LUM,20040324,0.27,0.27,0.255,0.26,287387
LYC,20040324,0.435,0.435,0.42,0.42,76000
MAA,20040324,0.31,0.31,0.31,0.31,8780
MAH,20040324,0.305,0.305,0.3,0.3,632544
MAP,20040324,1.73,1.74,1.72,1.72,13090817
MAQ,20040324,0.215,0.22,0.215,0.22,225400
MAR,20040324,0.25,0.27,0.25,0.265,302499
MAY,20040324,3.38,3.42,3.35,3.42,6031706
MBG,20040324,0.043,0.044,0.041,0.043,1096442
MBL,20040324,34.7,34.7,34.25,34.57,340125
MBP,20040324,0.83,0.83,0.83,0.83,103735
MBX,20040324,0.084,0.084,0.084,0.084,2000
MCA,20040324,0.7,0.7,0.7,0.7,40000
MCC,20040324,1.4,1.43,1.4,1.43,12800
MCG,20040324,3.3,3.3,3.26,3.3,195902
MCK,20040324,0.8,0.8,0.8,0.8,38795
MCP,20040324,4.65,4.65,4.6,4.63,39573
MCR,20040324,0.87,0.89,0.87,0.89,509533
MCW,20040324,1.84,1.86,1.81,1.83,1303628
MDL,20040324,0.315,0.315,0.3,0.3,85000
MDM,20040324,0.046,0.046,0.046,0.046,7069
MDS,20040324,0.23,0.24,0.23,0.23,116146
MDT,20040324,1.12,1.12,1.11,1.12,4710024
MDV,20040324,0.2,0.2,0.2,0.2,64809
MEO,20040324,0.215,0.215,0.21,0.21,30300
MFI,20040324,1.51,1.51,1.5,1.5,14000
MFT,20040324,0.9,0.9,0.87,0.87,46301
MGI,20040324,1.76,1.76,1.74,1.76,2772634
MGM,20040324,3.49,3.55,3.47,3.55,209625
MGO,20040324,0.14,0.14,0.135,0.135,85000
MGR,20040324,4.81,4.83,4.78,4.81,2713639
MGW,20040324,4.65,4.65,4.54,4.56,116942
MGX,20040324,0.175,0.18,0.17,0.175,1181445
MGZ,20040324,0.245,0.245,0.24,0.24,169000
MHI,20040324,0.16,0.16,0.16,0.16,44000
MIA,20040324,0.73,0.74,0.72,0.73,1294406
MIC,20040324,0.12,0.12,0.11,0.11,481033
MIG,20040324,3.04,3.06,3.03,3.05,3958702
MIK,20040324,0.049,0.049,0.049,0.049,60000
MIL,20040324,0.071,0.071,0.07,0.07,229196
MIR,20040324,1.25,1.25,1.23,1.24,17660
MIS,20040324,0.8,0.93,0.8,0.87,480759
MIW,20040324,0.075,0.075,0.075,0.075,67500
MLB,20040324,0.81,0.82,0.81,0.82,30000
MLE,20040324,1.07,1.08,1.07,1.08,169804
MLT,20040324,13.5,13.55,13.5,13.5,12272
MMA,20040324,0.92,0.93,0.91,0.91,220375
MML,20040324,0.47,0.47,0.47,0.47,4040
MMN,20040324,0.205,0.21,0.19,0.21,1168195
MMS,20040324,0.77,0.77,0.75,0.76,134600
MND,20040324,5.22,5.35,5.22,5.35,24009
MNR,20040324,1.21,1.25,1.21,1.24,35644
MOB,20040324,0.12,0.12,0.12,0.12,4583
MOD,20040324,0.24,0.24,0.235,0.24,35000
MOF,20040324,1.24,1.25,1.23,1.23,1074518
MOK,20040324,0.22,0.225,0.22,0.225,63000
MOO,20040324,0.099,0.099,0.097,0.097,114000
MOS,20040324,0.27,0.27,0.265,0.27,1876764
MPH,20040324,0.62,0.64,0.62,0.64,618252
MPM,20040324,1.75,1.78,1.71,1.72,1000191
MPO,20040324,0.06,0.06,0.057,0.057,619366
MPR,20040324,1.13,1.14,1.13,1.14,2662996
MRC,20040324,0.245,0.26,0.245,0.26,190400
MRE,20040324,2.78,2.79,2.74,2.75,1570784
MRL,20040324,1.62,1.62,1.6,1.61,1165989
MRM,20040324,0.32,0.32,0.3,0.31,258250
MRX,20040324,0.145,0.15,0.14,0.145,3646851
MRY,20040324,0.01,0.01,0.01,0.01,2020000
MSC,20040324,0.13,0.13,0.125,0.13,1134000
MSI,20040324,0.031,0.031,0.031,0.031,1000
MSO,20040324,0.095,0.099,0.095,0.098,157764
MST,20040324,0.45,0.45,0.44,0.44,140000
MTD,20040324,0.24,0.24,0.24,0.24,40000
MTH,20040324,0.46,0.46,0.46,0.46,62500
MTO,20040324,0.265,0.265,0.24,0.26,1378999
MTR,20040324,0.27,0.285,0.27,0.28,71300
MTT,20040324,2.52,2.52,2.47,2.5,270399
MUL,20040324,0.07,0.076,0.069,0.073,32305495
MUR,20040324,0.018,0.018,0.018,0.018,6200
MVL,20040324,0.037,0.038,0.037,0.038,143677
MVP,20040324,0.62,0.63,0.57,0.63,239378
MWE,20040324,0.165,0.165,0.165,0.165,5000
MXA,20040324,0.004,0.004,0.004,0.004,750000
MXI,20040324,0.82,0.83,0.81,0.81,507807
MXL,20040324,0.135,0.135,0.135,0.135,632700
MYO,20040324,1.13,1.16,1.13,1.16,197175
NAB,20040324,31.28,31.47,31.2,31.36,4003069
NAI,20040324,0.028,0.028,0.028,0.028,5000
NAL,20040324,1.15,1.16,1.15,1.15,106700
NAM,20040324,0.47,0.48,0.47,0.48,42000
NAV,20040324,0.135,0.135,0.135,0.135,50000
NCM,20040324,12.38,12.66,12.38,12.5,2118579
NCP,20040324,11.56,11.64,11.49,11.49,10347762
NDC,20040324,0.385,0.4,0.375,0.4,158000
NDO,20040324,0.015,0.015,0.015,0.015,847500
NEM,20040324,5.87,5.95,5.87,5.92,50147
NFD,20040324,4.35,4.37,4.35,4.36,1105569
NHC,20040324,0.64,0.68,0.64,0.65,24172
NHE,20040324,0.145,0.145,0.14,0.14,310266
NHL,20040324,0.2,0.2,0.2,0.2,68710
NHM,20040324,0.008,0.008,0.008,0.008,150000
NHR,20040324,0.45,0.45,0.435,0.435,340100
NIA,20040324,0.078,0.078,0.078,0.078,20000
NIQ,20040324,0.275,0.275,0.275,0.275,10000
NKL,20040324,0.275,0.28,0.275,0.275,74800
NKP,20040324,1.04,1.06,1.04,1.06,113800
NLX,20040324,0.29,0.29,0.285,0.285,1536159
NMC,20040324,0.044,0.044,0.044,0.044,990
NNG,20040324,0.3,0.3,0.29,0.29,31020
NOL,20040324,0.165,0.17,0.165,0.17,57058
NRL,20040324,0.06,0.06,0.06,0.06,20166
NRT,20040324,5.85,6.15,5.85,6.1,449820
NST,20040324,0.185,0.185,0.18,0.18,80000
NTG,20040324,0.038,0.038,0.037,0.038,342147
NUF,20040324,6.45,6.49,6.41,6.45,326379
NVE,20040324,0.285,0.285,0.285,0.285,20000
NVS,20040324,1.87,1.87,1.86,1.86,758412
NWE,20040324,0.058,0.059,0.058,0.058,380000
NXS,20040324,0.19,0.195,0.19,0.195,393485
NZO,20040324,0.5,0.5,0.5,0.5,5000
OCL,20040324,0.54,0.54,0.54,0.54,17000
OCO,20040324,0.027,0.03,0.026,0.029,8700727
OEC,20040324,0.165,0.165,0.16,0.16,151700
OEX,20040324,0.18,0.18,0.18,0.18,50000
OFM,20040324,2.33,2.34,2.33,2.34,27916
OGD,20040324,0.93,0.93,0.9,0.91,502888
OIL,20040324,0.455,0.455,0.44,0.445,134572
OKN,20040324,1.22,1.24,1.22,1.24,147927
OMH,20040324,0.86,0.86,0.85,0.85,59100
OMI,20040324,2.34,2.34,2.21,2.3,30897
OMP,20040324,3.18,3.19,3.17,3.17,144579
OPL,20040324,0.2,0.205,0.2,0.205,654014
OPM,20040324,0.01,0.01,0.009,0.01,1016500
OPS,20040324,3.64,3.64,3.64,3.64,1350
ORG,20040324,5.75,5.75,5.58,5.65,3717059
ORI,20040324,14.43,14.5,14.43,14.5,913187
ORL,20040324,2.53,2.59,2.53,2.59,9400
ORO,20040324,0.11,0.11,0.105,0.11,224368
ORP,20040324,0.036,0.036,0.033,0.033,16526378
ORT,20040324,0.13,0.13,0.13,0.13,75000
OSH,20040324,1.13,1.14,1.11,1.11,5038437
OST,20040324,2.27,2.33,2.27,2.33,6543794
OTT,20040324,0.01,0.01,0.009,0.009,9311910
OXR,20040324,0.98,1,0.97,0.97,5797201
PAO,20040324,1.17,1.19,1.17,1.18,1625117
PBB,20040324,4.28,4.41,4.28,4.38,195778
PBD,20040324,1.29,1.29,1.28,1.29,38500
PBL,20040324,11.78,11.83,11.65,11.68,1999389
PBO,20040324,0.49,0.5,0.49,0.49,16845
PBT,20040324,0.49,0.49,0.48,0.48,172500
PCE,20040324,0.155,0.155,0.155,0.155,15600
PCG,20040324,0.365,0.365,0.36,0.36,152234
PCL,20040324,0.17,0.17,0.16,0.16,515756
PCO,20040324,0.028,0.03,0.028,0.03,369526
PCP,20040324,0.165,0.165,0.165,0.165,27100
PDG,20040324,23,23.2,23,23.2,10964
PDN,20040324,0.13,0.135,0.125,0.135,1685299
PDR,20040324,0.11,0.11,0.11,0.11,100000
PEL,20040324,0.1,0.1,0.1,0.1,127380
PEM,20040324,1.34,1.34,1.31,1.33,239600
PEP,20040324,0.85,0.86,0.85,0.86,39415
PGL,20040324,2.85,2.92,2.85,2.92,166004
PGS,20040324,0.27,0.27,0.26,0.27,950366
PHL,20040324,0.07,0.08,0.07,0.076,627636
PHY,20040324,2.86,2.86,2.83,2.83,109350
PIE,20040324,0.042,0.042,0.04,0.04,513000
PIF,20040324,1.06,1.06,1.04,1.04,512529
PIL,20040324,0.205,0.205,0.195,0.195,198500
PIO,20040324,0.19,0.195,0.19,0.195,95000
PIV,20040324,1.78,1.8,1.78,1.8,7500
PKT,20040324,0.014,0.014,0.014,0.014,29000
PLF,20040324,2.58,2.6,2.57,2.59,191237
PLT,20040324,0.7,0.72,0.69,0.69,143130
PLX,20040324,0.08,0.08,0.08,0.08,145000
PMA,20040324,0.12,0.12,0.1,0.1,8244
PMC,20040324,2.23,2.24,2.21,2.22,150937
PME,20040324,0.79,0.79,0.79,0.79,9825
PMG,20040324,9.85,9.85,9.75,9.75,9279
PMH,20040324,0.029,0.03,0.028,0.028,1881000
PMM,20040324,1.49,1.56,1.49,1.55,1455007
PMN,20040324,3.54,3.57,3.54,3.57,8049231
PMP,20040324,1.3,1.31,1.3,1.3,1066932
PNA,20040324,0.175,0.18,0.175,0.175,1141684
PNO,20040324,0.021,0.021,0.02,0.02,200000
POH,20040324,0.21,0.215,0.21,0.215,167000
PPD,20040324,0.55,0.58,0.55,0.58,49690
PPK,20040324,1.03,1.03,1.03,1.03,9000
PPP,20040324,0.125,0.13,0.125,0.13,246783
PPR,20040324,0.9,0.95,0.9,0.95,72726
PPT,20040324,43.2,43.95,43.2,43.55,32312
PPX,20040324,4.72,4.72,4.67,4.72,1103610
PRE,20040324,0.02,0.02,0.019,0.02,1955000
PRG,20040324,2.7,2.74,2.7,2.74,9235
PRK,20040324,4.84,4.85,4.75,4.78,1828196
PRM,20040324,0.125,0.125,0.125,0.125,12000
PRR,20040324,0.275,0.275,0.27,0.27,95099
PRT,20040324,2.49,2.49,2.48,2.48,67626
PRV,20040324,0.93,0.94,0.93,0.93,102270
PRX,20040324,0.85,0.85,0.84,0.85,5328170
PRY,20040324,5,5.1,5,5.01,28375
PSA,20040324,1.49,1.5,1.46,1.46,114063
PSD,20040324,0.98,1,0.98,0.98,161890
PSG,20040324,0.245,0.25,0.245,0.245,60000
PSI,20040324,0.255,0.255,0.255,0.255,328
PSP,20040324,0.21,0.21,0.21,0.21,175000
PSR,20040324,0.013,0.014,0.013,0.013,642001
PSV,20040324,0.27,0.27,0.26,0.27,5143646
PSX,20040324,0.215,0.22,0.21,0.21,76000
PTD,20040324,1.63,1.65,1.55,1.55,1438403
PWR,20040324,0.052,0.052,0.051,0.052,836000
PWT,20040324,1.02,1.04,1.02,1.02,99645
PXS,20040324,0.52,0.52,0.51,0.52,51300
QAD,20040324,0.038,0.038,0.038,0.038,2500
QAN,20040324,3.41,3.47,3.41,3.45,9921796
QBE,20040324,11,11.05,10.91,10.97,1723455
QCH,20040324,3.37,3.38,3.37,3.38,23280
QGC,20040324,0.16,0.165,0.155,0.155,126847
QML,20040324,0.14,0.14,0.14,0.14,24453
QPX,20040324,0.485,0.485,0.48,0.48,163367
QRS,20040324,0.15,0.15,0.15,0.15,153650
QTK,20040324,0.002,0.002,0.002,0.002,500000
QTM,20040324,0.365,0.365,0.345,0.345,59646
RAC,20040324,0.51,0.53,0.51,0.53,1990304
RAU,20040324,0.15,0.16,0.15,0.16,33217
RBK,20040324,0.72,0.72,0.7,0.7,295197
RBY,20040324,0.155,0.155,0.145,0.145,500000
RCD,20040324,3.45,3.57,3.45,3.56,369233
RCL,20040324,2.65,2.66,2.63,2.64,319968
RCM,20040324,0.12,0.12,0.12,0.12,30701
RCR,20040324,0.41,0.41,0.41,0.41,50385
RCT,20040324,2.35,2.35,2.34,2.35,11575
RDF,20040324,1.6,1.61,1.58,1.6,72097
RDM,20040324,0.265,0.265,0.265,0.265,60000
RDR,20040324,0.32,0.32,0.315,0.315,78500
REB,20040324,2.64,2.75,2.64,2.68,6631
RED,20040324,0.18,0.18,0.17,0.175,497500
REG,20040324,2.85,2.85,2.85,2.85,102564
REH,20040324,8.15,8.15,8.15,8.15,20270
REL,20040324,0.135,0.135,0.135,0.135,100000
REM,20040324,0.57,0.57,0.57,0.57,20000
RFS,20040324,0.24,0.24,0.24,0.24,54000
RGL,20040324,0.2,0.2,0.2,0.2,137000
RHC,20040324,5.09,5.09,5.02,5.02,140087
RHD,20040324,0.62,0.65,0.61,0.65,17600
RHL,20040324,4,4,4,4,3500
RHT,20040324,0.175,0.195,0.175,0.175,190771
RIC,20040324,1.4,1.4,1.39,1.39,96817
RIM,20040324,0.03,0.04,0.03,0.04,2514000
RIN,20040324,6.81,6.94,6.81,6.92,3904999
RIO,20040324,34.35,34.6,34.29,34.41,2805125
RKN,20040324,0.87,0.87,0.86,0.86,21278
RLD,20040324,0.105,0.105,0.105,0.105,374277
RMD,20040324,6.05,6.05,5.94,5.94,817471
RMG,20040324,0.039,0.04,0.039,0.039,477500
RMI,20040324,0.006,0.006,0.006,0.006,31152188
RML,20040324,0.08,0.08,0.08,0.08,104665
RNG,20040324,0.3,0.3,0.295,0.295,97000
ROC,20040324,1.84,1.85,1.83,1.85,95582
ROK,20040324,3.36,3.39,3.36,3.39,17050
RPC,20040324,0.34,0.34,0.335,0.335,21212
RPD,20040324,0.39,0.39,0.39,0.39,7600
RPG,20040324,0.54,0.54,0.54,0.54,14169
RPH,20040324,1.18,1.18,1.17,1.17,5530491
RPM,20040324,0.096,0.1,0.094,0.1,159720
RPT,20040324,0.033,0.033,0.033,0.033,30000
RRS,20040324,0.031,0.032,0.027,0.03,2149000
RSG,20040324,1.66,1.66,1.63,1.63,58394
RSN,20040324,0.094,0.115,0.094,0.1,4201958
RTL,20040324,0.34,0.34,0.335,0.335,45450
RTM,20040324,0.048,0.052,0.048,0.052,53413
RUP,20040324,7.47,7.55,7.45,7.55,8870
SAI,20040324,1.75,1.75,1.75,1.75,320300
SAQ,20040324,4.76,4.76,4.75,4.75,11600
SBC,20040324,10.99,10.99,10.9,10.9,62368
SBL,20040324,0.57,0.58,0.57,0.58,33200
SBM,20040324,0.06,0.063,0.06,0.06,708275
SBP,20040324,0.15,0.15,0.145,0.145,206000
SBS,20040324,0.1,0.105,0.1,0.105,949000
SCE,20040324,0.025,0.025,0.025,0.025,211827
SCF,20040324,112.5,112.6,112.5,112.6,496
SDG,20040324,1.17,1.17,1.16,1.16,44700
SDI,20040324,10.5,10.6,10.5,10.54,7627
SDR,20040324,0.175,0.18,0.175,0.175,285064
SED,20040324,0.24,0.245,0.235,0.235,337447
SEE,20040324,0.04,0.043,0.04,0.043,66000
SEL,20040324,1.03,1.03,1.02,1.03,39741
SEN,20040324,0.08,0.08,0.079,0.079,706921
SES,20040324,0.145,0.155,0.145,0.155,161000
SEV,20040324,5.04,5.11,5.04,5.1,335400
SFC,20040324,13.8,13.8,13.65,13.7,4380
SFE,20040324,5.85,5.89,5.72,5.79,760511
SFR,20040324,0.275,0.275,0.27,0.27,25000
SFY,20040324,34.65,34.65,34.65,34.65,150
SGB,20040324,21.25,21.44,21.22,21.3,534503
SGL,20040324,0.82,0.82,0.81,0.81,341855
SGN,20040324,3.27,3.3,3.27,3.27,1205792
SGP,20040324,5.73,5.74,5.66,5.68,4277951
SGS,20040324,1.06,1.06,1.06,1.06,10000
SGT,20040324,1.85,1.86,1.83,1.84,2277858
SGW,20040324,2.73,2.79,2.68,2.68,664338
SGX,20040324,2.58,2.65,2.47,2.59,2074989
SHG,20040324,0.355,0.355,0.355,0.355,30000
SHL,20040324,7.98,7.99,7.89,7.96,1057763
SHN,20040324,0.099,0.1,0.098,0.1,905253
SHR,20040324,2.2,2.24,2.2,2.24,10000
SHV,20040324,6.86,6.9,6.85,6.85,6587
SIB,20040324,0.5,0.54,0.5,0.52,779755
SIE,20040324,0.078,0.079,0.078,0.078,215461
SIG,20040324,7.89,7.89,7.6,7.6,1303345
SKC,20040324,3.8,3.8,3.8,3.8,10000
SKE,20040324,3.01,3.01,3,3.01,81533
SKG,20040324,0.073,0.074,0.073,0.073,244000
SKR,20040324,0.057,0.057,0.055,0.055,546890
SLA,20040324,0.13,0.13,0.13,0.13,10000
SLF,20040324,16,16,15.88,15.88,1962
SLM,20040324,3.69,3.7,3.69,3.69,12548
SLT,20040324,0.36,0.36,0.355,0.355,12083
SLV,20040324,0.4,0.4,0.4,0.4,50000
SLX,20040324,0.8,0.8,0.8,0.8,21100
SMC,20040324,0.25,0.25,0.245,0.245,106169
SML,20040324,0.11,0.11,0.105,0.105,1005953
SMM,20040324,0.053,0.053,0.053,0.053,100000
SMO,20040324,0.1,0.1,0.099,0.1,586931
SMS,20040324,11.5,11.69,11.48,11.6,165165
SMX,20040324,0.25,0.25,0.245,0.25,512758
SMY,20040324,0.8,0.8,0.77,0.77,390375
SNL,20040324,0.48,0.49,0.48,0.49,10000
SNN,20040324,0.215,0.215,0.205,0.215,415000
SNO,20040324,0.24,0.24,0.24,0.24,1000
SOH,20040324,0.64,0.68,0.64,0.66,2200051
SOL,20040324,6.39,6.5,6.38,6.48,15290
SOT,20040324,1.38,1.4,1.38,1.39,339600
SOU,20040324,0.036,0.036,0.034,0.034,194903
SPC,20040324,1.34,1.35,1.34,1.35,238272
SPD,20040324,0.24,0.24,0.24,0.24,150000
SPL,20040324,0.87,0.87,0.86,0.87,62900
SPT,20040324,4.65,4.66,4.58,4.58,74104
SRA,20040324,0.135,0.135,0.13,0.13,756400
SRI,20040324,0.12,0.12,0.115,0.115,185500
SRL,20040324,1.16,1.16,1.12,1.12,9660
SRP,20040324,2.86,2.88,2.84,2.86,1254282
SRX,20040324,3.66,3.7,3.66,3.7,7995
SSH,20040324,0.055,0.055,0.05,0.05,233856
SSN,20040324,0.19,0.19,0.19,0.19,55000
SSR,20040324,0.82,0.83,0.82,0.82,81127
SSS,20040324,2.45,2.45,2.4,2.4,104
SSX,20040324,1.06,1.09,1.06,1.08,10928823
STB,20040324,0.23,0.24,0.23,0.24,110000
STE,20040324,0.099,0.099,0.095,0.095,85000
STI,20040324,0.315,0.325,0.305,0.315,357657
STN,20040324,0.12,0.125,0.12,0.125,162084
STO,20040324,6.12,6.12,6.08,6.11,1345375
STP,20040324,0.088,0.089,0.086,0.086,250000
STR,20040324,0.045,0.047,0.044,0.044,280800
STS,20040324,0.42,0.42,0.42,0.42,111868
STT,20040324,0.017,0.017,0.017,0.017,200000
STU,20040324,0.89,0.89,0.84,0.87,69495
STV,20040324,11.25,11.25,11.25,11.25,110
STW,20040324,34.48,34.55,34.38,34.42,2743419
SUN,20040324,14.03,14.2,14,14.2,1402526
SUR,20040324,0.12,0.12,0.12,0.12,30000
SWG,20040324,0.041,0.041,0.041,0.041,32565
SWT,20040324,0.12,0.125,0.12,0.125,1531500
SYG,20040324,0.01,0.01,0.009,0.009,3347987
SYM,20040324,1.26,1.26,1.25,1.25,14403
SYN,20040324,0.49,0.5,0.49,0.5,18000
TAA,20040324,0.07,0.07,0.068,0.068,241138
TAB,20040324,4.64,4.64,4.6,4.6,1636329
TAH,20040324,12.18,12.18,12.14,12.18,993193
TAM,20040324,0.23,0.23,0.22,0.22,124770
TAP,20040324,1.48,1.48,1.44,1.45,898613
TAS,20040324,0.09,0.093,0.09,0.093,135000
TAW,20040324,1.48,1.54,1.46,1.52,48000
TBC,20040324,0.22,0.225,0.22,0.22,421726
TCL,20040324,4.6,4.64,4.57,4.64,1291859
TEL,20040324,5.09,5.09,5.04,5.05,973723
TEM,20040324,1.19,1.22,1.16,1.16,143807
TEN,20040324,2.72,2.74,2.71,2.73,1224890
TGD,20040324,0.155,0.155,0.155,0.155,40520
TGF,20040324,0.305,0.305,0.3,0.3,34999
TGG,20040324,1.14,1.16,1.14,1.15,170343
TGR,20040324,1.06,1.06,1.06,1.06,9500
TGS,20040324,0.135,0.135,0.12,0.125,106378
THG,20040324,0.67,0.67,0.66,0.67,177224
THX,20040324,0.465,0.49,0.465,0.49,143982
TIF,20040324,0.425,0.425,0.42,0.42,90000
TIL,20040324,0.17,0.17,0.16,0.17,118200
TIM,20040324,1.22,1.22,1.21,1.21,178118
TIR,20040324,0.43,0.43,0.42,0.42,262000
TIS,20040324,0.64,0.7,0.64,0.68,122600
TKG,20040324,0.009,0.01,0.009,0.01,560000
TKL,20040324,0.2,0.2,0.2,0.2,60000
TKR,20040324,1.85,1.85,1.85,1.85,9400
TLS,20040324,4.62,4.66,4.61,4.62,17077631
TMO,20040324,0.365,0.365,0.36,0.36,25900
TMS,20040324,0.031,0.032,0.031,0.032,429000
TNC,20040324,0.3,0.31,0.3,0.31,115000
TNE,20040324,0.53,0.54,0.52,0.54,367468
TOL,20040324,9.9,9.95,9.75,9.8,777837
TOR,20040324,1.41,1.44,1.41,1.44,42933
TRG,20040324,7.25,7.25,7.25,7.25,6800
TRO,20040324,0.285,0.285,0.275,0.275,62785
TRY,20040324,3.1,3.33,3.1,3.29,60909
TSE,20040324,4.96,4.99,4.9,4.91,121147
TSV,20040324,0.14,0.14,0.14,0.14,5000
TTH,20040324,0.13,0.13,0.13,0.13,3297
TTR,20040324,0.35,0.35,0.345,0.345,502857
TTT,20040324,0.82,0.82,0.82,0.82,12000
TVL,20040324,0.14,0.14,0.14,0.14,25050
TVN,20040324,0.42,0.42,0.395,0.4,122689
TWD,20040324,2.32,2.34,2.32,2.34,10700
TWR,20040324,1.35,1.37,1.35,1.35,1112244
TYC,20040324,0.61,0.73,0.61,0.67,3569601
TZN,20040324,0.275,0.275,0.27,0.27,20000
UCL,20040324,0.054,0.054,0.052,0.052,152259
UCM,20040324,2.35,2.35,2.28,2.3,26559
UEC,20040324,0.32,0.325,0.32,0.325,574500
UGL,20040324,4.14,4.2,4.11,4.19,308435
UNI,20040324,1.46,1.5,1.45,1.47,172275
UNW,20040324,0.8,0.82,0.8,0.82,22500
URL,20040324,0.16,0.165,0.16,0.16,57000
UTB,20040324,6.6,6.63,6.6,6.6,57363
UXC,20040324,0.78,0.79,0.78,0.78,39685
VBA,20040324,2.35,2.39,2.31,2.38,5881399
VCM,20040324,1.1,1.1,1.1,1.1,3300
VCR,20040324,1.5,1.5,1.47,1.47,532582
VGL,20040324,1.3,1.3,1.28,1.29,80344
VHL,20040324,0.54,0.55,0.53,0.55,202539
VII,20040324,0.18,0.18,0.18,0.18,620000
VKI,20040324,0.44,0.44,0.44,0.44,2000
VLL,20040324,1.98,1.98,1.9,1.9,87920
VOY,20040324,0.235,0.235,0.22,0.225,712174
VPE,20040324,0.022,0.023,0.021,0.022,2363197
VPG,20040324,0.96,0.97,0.95,0.95,318742
VRE,20040324,0.083,0.084,0.082,0.082,1790438
VRI,20040324,0.175,0.18,0.175,0.18,120000
VRL,20040324,1.73,1.74,1.73,1.74,190918
VSG,20040324,0.063,0.063,0.063,0.063,21500
VSL,20040324,0.93,0.93,0.92,0.92,99570
VTI,20040324,0.52,0.52,0.51,0.52,266912
VTP,20040324,0.97,0.97,0.96,0.96,72376
VWD,20040324,1.31,1.33,1.3,1.3,92513
VXS,20040324,0.055,0.055,0.05,0.05,50000
WAB,20040324,1.04,1.05,1.03,1.05,74157
WAG,20040324,0.22,0.22,0.21,0.21,158338
WAL,20040324,0.265,0.27,0.265,0.27,32100
WAM,20040324,1.7,1.7,1.69,1.69,38812
WAN,20040324,6.4,6.42,6.35,6.39,74025
WBA,20040324,0.55,0.55,0.55,0.55,7000
WBB,20040324,6.72,6.72,6.72,6.72,1473
WBC,20040324,17.54,17.75,17.53,17.69,3846775
WES,20040324,28.65,28.75,28.55,28.65,1751109
WEZ,20040324,0.305,0.305,0.305,0.305,20000
WFA,20040324,1.97,1.97,1.95,1.95,6012523
WFL,20040324,2.04,2.08,2.04,2.04,37719
WFT,20040324,3.69,3.7,3.65,3.67,4646945
WHF,20040324,3.13,3.13,3.12,3.12,5000
WHS,20040324,3.8,3.8,3.8,3.8,238368
WIL,20040324,0.98,0.98,0.97,0.97,82960
WLS,20040324,0.93,0.93,0.92,0.92,50000
WME,20040324,0.038,0.038,0.037,0.037,12500
WML,20040324,0.135,0.135,0.135,0.135,35000
WMR,20040324,4.9,4.92,4.81,4.81,4543504
WOR,20040324,3.14,3.14,3.13,3.13,415431
WOW,20040324,11.89,11.89,11.65,11.66,2839666
WPL,20040324,15.7,15.87,15.65,15.87,1775799
WSA,20040324,1.13,1.14,1.11,1.12,124722
WSF,20040324,12.63,12.63,12.5,12.55,1955904
WSG,20040324,0.009,0.009,0.009,0.009,1592800
WSS,20040324,0.08,0.08,0.08,0.08,60000
WSY,20040324,0.025,0.025,0.025,0.025,30000
WTE,20040324,0.03,0.031,0.029,0.029,5280028
WTP,20040324,0.71,0.71,0.71,0.71,24725
WWA,20040324,0.86,0.86,0.85,0.85,17200
WYL,20040324,3.94,3.96,3.92,3.92,36491
XAN,20040324,0.12,0.12,0.11,0.11,63393
XAO,20040324,3388,3394.6,3381.2,3385.2,0
XDJ,20040324,1937.4,1948.5,1932.6,1936.3,0
XEJ,20040324,5331.1,5331.8,5287.2,5313.5,0
XFJ,20040324,4300.7,4316.5,4293.1,4308.9,0
XFL,20040324,3383.8,3390.3,3375.6,3379.8,0
XHJ,20040324,3519.1,3539.8,3506.1,3509.4,0
XIJ,20040324,269.6,269.6,264.6,266.8,0
XJO,20040324,3390.1,3396.9,3382.3,3386.8,0
XKO,20040324,3395.8,3402.5,3388.1,3392.5,0
XMD,20040324,3066.9,3073.6,3060.1,3068.9,0
XMJ,20040324,5348.1,5354.6,5314.9,5317.3,0
XNJ,20040324,3682.8,3694.4,3680,3687.4,0
XPJ,20040324,1585.8,1586.3,1570.3,1574.3,0
XSJ,20040324,4410.2,4411.2,4371.3,4375.5,0
XSO,20040324,1914.8,1919.7,1911,1912.5,0
XTJ,20040324,1641.1,1652.3,1637.1,1638.3,0
XTL,20040324,1915.9,1918.6,1909.8,1911.9,0
XTO,20040324,2760.3,2765.7,2753.8,2757.7,0
XUJ,20040324,3702.6,3716.8,3684.5,3715.8,0
XXJ,20040324,4336,4355.8,4327.2,4353.4,0
YAM,20040324,0.011,0.011,0.011,0.011,20000
YGL,20040324,0.074,0.075,0.064,0.064,91955
ZEL,20040324,0.175,0.175,0.175,0.175,2900
ZIM,20040324,4.05,4.05,4,4,52320
ZYL,20040324,0.009,0.01,0.009,0.009,910000
