AAC,20030314,0.88,0.91,0.88,0.91,90000
AAR,20030314,0.022,0.022,0.022,0.022,34000
AAT,20030314,0.175,0.175,0.175,0.175,453592
ABB,20030314,3.35,3.35,3.32,3.35,6000
ABC,20030314,1.04,1.05,1.01,1.03,253417
ABG,20030314,2.05,2.05,2.05,2.05,12000
ABI,20030314,0.4,0.41,0.39,0.39,89700
ABP,20030314,1.13,1.15,1.13,1.13,97048
ABS,20030314,2.25,2.35,2.25,2.35,177475
ABX,20030314,0.73,0.73,0.72,0.73,2238704
ACU,20030314,0.105,0.105,0.105,0.105,16000
ADA,20030314,0.69,0.69,0.69,0.69,5000
ADB,20030314,6.9,6.9,6.75,6.78,84921
ADG,20030314,2.91,2.95,2.91,2.95,1345
ADP,20030314,2.57,2.59,2.56,2.58,2867905
ADU,20030314,0.185,0.185,0.185,0.185,10000
ADX,20030314,0.49,0.54,0.46,0.52,273756
ADZ,20030314,1.08,1.11,1.06,1.06,436132
AEC,20030314,0.97,1,0.97,1,37280
AEI,20030314,0.2,0.2,0.2,0.2,3500
AEN,20030314,0.28,0.28,0.25,0.26,457787
AEO,20030314,1.22,1.27,1.21,1.26,64953
AES,20030314,0.18,0.18,0.16,0.16,25681
AFF,20030314,0.26,0.27,0.26,0.27,6422
AFI,20030314,3.02,3.07,3.02,3.03,423404
AFM,20030314,0.028,0.028,0.028,0.028,97935
AGG,20030314,9.6,9.6,9.57,9.57,5736
AGI,20030314,0.41,0.43,0.4,0.4,34300
AGL,20030314,10.97,10.99,10.7,10.7,1655294
AGM,20030314,0.054,0.054,0.054,0.054,14220
AGT,20030314,0.215,0.215,0.215,0.215,17392
AGW,20030314,0.105,0.105,0.105,0.105,21134
AGX,20030314,0.3,0.32,0.3,0.31,549000
AHD,20030314,2.1,2.15,2.07,2.11,27736
AHO,20030314,0.38,0.39,0.375,0.39,2549650
AIA,20030314,4.95,4.95,4.95,4.95,5000
AIM,20030314,0.016,0.016,0.016,0.016,12000
AIP,20030314,1.12,1.12,1.1,1.11,143742
AIX,20030314,1.33,1.35,1.32,1.35,154822
AIZ,20030314,0.445,0.475,0.445,0.46,244350
AJL,20030314,1.1,1.1,1.07,1.07,18600
AKD,20030314,0.017,0.017,0.017,0.017,30000
ALK,20030314,0.35,0.35,0.315,0.34,448324
ALL,20030314,1.69,1.69,1.65,1.67,2059500
ALN,20030314,4.2,4.26,4.2,4.22,94510
ALS,20030314,3.7,3.75,3.69,3.7,20151
ALT,20030314,0.05,0.05,0.05,0.05,15590
ALU,20030314,0.55,0.56,0.51,0.51,110952
ALZ,20030314,1.38,1.4,1.38,1.39,1094140
AMC,20030314,8.07,8.1,8,8.05,2670627
AMG,20030314,0.06,0.06,0.06,0.06,50000
AMH,20030314,0.67,0.68,0.66,0.67,96792
AMP,20030314,6.95,7.33,6.85,7.25,24879902
AMS,20030314,0.062,0.062,0.062,0.062,426099
AMU,20030314,0.089,0.089,0.088,0.088,200000
ANE,20030314,2.44,2.44,2.43,2.43,27876
ANK,20030314,0.055,0.055,0.055,0.055,8000
ANL,20030314,0.068,0.069,0.067,0.068,2008234
ANM,20030314,0.4,0.42,0.4,0.41,84190
ANN,20030314,5.11,5.13,4.92,4.96,560092
ANX,20030314,0.13,0.13,0.13,0.13,11845
ANZ,20030314,16.52,16.71,16.4,16.62,4526172
AOF,20030314,1.08,1.08,1.07,1.08,1752698
AOO,20030314,0.12,0.12,0.115,0.115,732604
APA,20030314,2.48,2.49,2.45,2.48,76957
APE,20030314,4.75,4.8,4.75,4.8,8032
APG,20030314,0.025,0.025,0.025,0.025,155000
API,20030314,2.3,2.3,2.25,2.3,76626
APL,20030314,0.125,0.125,0.125,0.125,7467
APN,20030314,3.03,3.05,2.99,3,1006698
APZ,20030314,0.15,0.155,0.15,0.155,35000
AQL,20030314,0.049,0.05,0.049,0.05,581953
AQP,20030314,6.6,6.6,6.49,6.52,31430
ARA,20030314,0.235,0.235,0.235,0.235,58173
ARC,20030314,0.043,0.043,0.04,0.04,1087500
ARE,20030314,0.086,0.094,0.086,0.094,27700
ARG,20030314,4.14,4.2,4.14,4.19,103096
ARL,20030314,0.19,0.19,0.18,0.185,44317
ARP,20030314,2.05,2.05,2.05,2.05,300
ARQ,20030314,0.5,0.54,0.5,0.51,285300
ART,20030314,1.4,1.41,1.38,1.38,7963588
ARX,20030314,0.022,0.025,0.021,0.025,100000
ASB,20030314,0.65,0.66,0.58,0.58,289735
ASC,20030314,0.057,0.061,0.057,0.058,262825
ASL,20030314,0.5,0.54,0.5,0.52,174990
ASX,20030314,10.45,10.54,10.22,10.35,484413
ATC,20030314,0.039,0.041,0.039,0.041,120000
ATG,20030314,0.53,0.56,0.53,0.56,37995
ATP,20030314,0.325,0.33,0.315,0.315,88500
AUI,20030314,3.86,3.86,3.85,3.86,5291
AUM,20030314,0.06,0.063,0.06,0.063,190770
AUN,20030314,0.17,0.17,0.16,0.16,412573
AUO,20030314,0.53,0.53,0.51,0.52,438555
AUY,20030314,0.041,0.041,0.04,0.04,264036
AVJ,20030314,0.99,1,0.98,0.98,69175
AVL,20030314,0.135,0.135,0.135,0.135,399222
AVN,20030314,0.011,0.011,0.011,0.011,475000
AVR,20030314,0.2,0.2,0.19,0.19,3807
AVT,20030314,0.017,0.021,0.014,0.021,1104860
AVV,20030314,0.62,0.64,0.62,0.64,26119
AWB,20030314,3.53,3.55,3.39,3.41,322677
AWC,20030314,4.1,4.2,4.08,4.18,3219778
AWE,20030314,0.73,0.75,0.73,0.74,119251
AWL,20030314,0.033,0.034,0.033,0.034,120000
AWP,20030314,3.85,3.85,3.85,3.85,12271
AXA,20030314,2.01,2.07,1.99,2.02,2404354
AXN,20030314,0.15,0.165,0.15,0.16,181017
AYO,20030314,0.63,0.65,0.62,0.62,132550
AZL,20030314,0.027,0.027,0.027,0.027,2983
AZR,20030314,0.024,0.024,0.024,0.024,24018
BAX,20030314,1.2,1.2,1.16,1.16,39258
BBG,20030314,5.03,5.07,4.96,5,1659012
BCA,20030314,1.2,1.22,1.17,1.21,2930444
BDG,20030314,0.2,0.22,0.2,0.21,299771
BDL,20030314,0.039,0.039,0.038,0.038,224378
BDS,20030314,2.08,2.08,2.07,2.07,13800
BEN,20030314,7.15,7.24,7.12,7.2,79201
BGF,20030314,0.044,0.045,0.039,0.045,2450764
BGN,20030314,0.34,0.34,0.31,0.31,67753
BHL,20030314,3.9,3.9,3.9,3.9,500
BHP,20030314,9.02,9.16,8.97,9.11,13881730
BIC,20030314,0.315,0.32,0.315,0.32,60000
BIL,20030314,4.34,4.45,4.3,4.38,6581829
BIR,20030314,0.68,0.69,0.67,0.68,349590
BIT,20030314,0.27,0.3,0.27,0.28,33880
BKL,20030314,5.6,5.6,5.6,5.6,176
BKM,20030314,0.013,0.015,0.013,0.015,83500
BKR,20030314,0.165,0.2,0.165,0.19,8625757
BKW,20030314,6.73,6.73,6.73,6.73,2500
BLD,20030314,4.39,4.41,4.34,4.36,743770
BLR,20030314,0.02,0.02,0.02,0.02,31700
BLT,20030314,0.43,0.43,0.42,0.42,31200
BLZ,20030314,0.062,0.062,0.059,0.059,66700
BMC,20030314,0.01,0.014,0.01,0.011,158000
BMX,20030314,0.15,0.175,0.15,0.165,252905
BNO,20030314,0.3,0.3,0.3,0.3,10000
BOQ,20030314,6.95,7,6.9,7,26455
BPC,20030314,0.51,0.52,0.51,0.51,8654570
BPO,20030314,0.06,0.06,0.06,0.06,20000
BPT,20030314,0.305,0.31,0.3,0.3,30634
BRE,20030314,0.004,0.004,0.004,0.004,100000
BRK,20030314,1.2,1.2,1.18,1.19,18750
BRL,20030314,10.4,10.42,10.4,10.41,2793021
BRO,20030314,0.041,0.05,0.041,0.05,103000
BRS,20030314,3.32,3.34,3.32,3.34,162233
BRZ,20030314,1.15,1.16,1.13,1.13,912480
BSA,20030314,0.16,0.16,0.13,0.13,19000
BSG,20030314,0.175,0.19,0.175,0.185,420279
BSL,20030314,3.15,3.17,3.03,3.04,10958739
BSO,20030314,3.23,3.24,3.21,3.21,12065
BTA,20030314,0.345,0.36,0.345,0.345,75400
BTC,20030314,0.26,0.27,0.26,0.27,91606
BTE,20030314,0.465,0.47,0.46,0.47,123852
BTG,20030314,0.42,0.42,0.4,0.4,16375
BUG,20030314,0.6,0.61,0.58,0.58,10929
BWA,20030314,3.25,3.3,3.25,3.28,492154
BWI,20030314,0.9,0.91,0.9,0.9,23917
BWP,20030314,1.37,1.38,1.37,1.38,85931
BYI,20030314,0.44,0.44,0.44,0.44,5000
CAA,20030314,2.76,2.8,2.76,2.8,928176
CAB,20030314,2.77,2.78,2.77,2.77,23020
CAG,20030314,0.024,0.024,0.024,0.024,152064
CAI,20030314,0.51,0.52,0.51,0.52,10000
CAL,20030314,0.195,0.2,0.195,0.2,264750
CAT,20030314,3.29,3.3,3.26,3.3,18783
CBA,20030314,23.8,23.82,23.59,23.66,6273409
CBH,20030314,0.066,0.066,0.065,0.065,165000
CBO,20030314,0.006,0.006,0.006,0.006,90000
CBT,20030314,0.11,0.11,0.11,0.11,33300
CCE,20030314,0.1,0.1,0.1,0.1,3334
CCL,20030314,5.56,5.63,5.55,5.63,2143601
CCO,20030314,0.009,0.01,0.009,0.01,200000
CCP,20030314,0.83,0.83,0.83,0.83,6024
CCV,20030314,0.085,0.085,0.082,0.082,120200
CDC,20030314,1.6,1.6,1.58,1.58,7086
CDF,20030314,0.97,0.97,0.96,0.97,22801
CDO,20030314,2.13,2.2,2.12,2.17,45863
CDP,20030314,2.32,2.32,2.32,2.32,227280
CDR,20030314,0.75,0.76,0.75,0.76,27232
CDX,20030314,1.4,1.5,1.4,1.5,25500
CED,20030314,0.027,0.027,0.027,0.027,3000
CEP,20030314,3.71,3.72,3.67,3.72,826012
CEQ,20030314,1.62,1.64,1.62,1.63,12750
CEY,20030314,2.12,2.12,2,2.08,145297
CFI,20030314,0.425,0.44,0.42,0.42,37809
CFR,20030314,0.007,0.007,0.006,0.007,204500
CGC,20030314,0.51,0.51,0.5,0.5,204800
CHF,20030314,0.31,0.31,0.3,0.3,18260
CHL,20030314,0.13,0.13,0.13,0.13,17816
CHO,20030314,15.6,15.8,15.6,15.8,2817
CHQ,20030314,0.55,0.55,0.53,0.54,43162
CHR,20030314,2.15,2.15,2.15,2.15,9152
CHY,20030314,1.57,1.57,1.57,1.57,2569
CIN,20030314,10.3,10.3,10.3,10.3,727
CIR,20030314,1.11,1.15,1.1,1.14,41561
CIY,20030314,1.9,1.9,1.9,1.9,20500
CKR,20030314,0.55,0.55,0.55,0.55,1820
CKS,20030314,0.31,0.31,0.31,0.31,2400
CLE,20030314,0.2,0.2,0.19,0.2,234814
CLH,20030314,2,2.05,2,2.01,58336
CLI,20030314,1.91,2.01,1.87,1.98,1012633
CLO,20030314,0.44,0.45,0.43,0.45,123300
CLT,20030314,0.71,0.75,0.68,0.68,78059
CLV,20030314,0.23,0.25,0.22,0.25,41186
CMI,20030314,1.57,1.61,1.55,1.61,3750
CML,20030314,5.55,5.65,5.45,5.56,3564932
CMP,20030314,0.27,0.27,0.27,0.27,250
CMQ,20030314,2.76,2.95,2.76,2.95,61145
CMS,20030314,0.03,0.03,0.029,0.029,107000
CMX,20030314,0.045,0.045,0.045,0.045,10000
CNA,20030314,23,23,23,23,14000
CND,20030314,0.75,0.75,0.75,0.75,300
CNN,20030314,0.08,0.08,0.08,0.08,20000
CNT,20030314,0.215,0.215,0.19,0.205,220500
COA,20030314,2.28,2.33,2.28,2.31,119715
COE,20030314,0.09,0.094,0.09,0.094,75039
COF,20030314,3.1,3.1,3.06,3.1,8450
COH,20030314,32,32.05,31.76,31.8,108176
COO,20030314,0.049,0.049,0.04,0.04,35000
COU,20030314,0.4,0.4,0.4,0.4,217700
CPA,20030314,1.14,1.14,1.11,1.12,2129482
CPB,20030314,4.35,4.35,4.35,4.35,5300
CPH,20030314,0.46,0.485,0.46,0.48,1291551
CPI,20030314,0.89,0.89,0.89,0.89,11550
CPK,20030314,2.05,2.06,2.01,2.01,16412
CPU,20030314,1.52,1.53,1.43,1.46,1704717
CRG,20030314,8.39,8.4,8.35,8.4,110934
CRS,20030314,0.6,0.63,0.59,0.61,2242039
CSI,20030314,0.09,0.09,0.085,0.085,359000
CSL,20030314,14.6,15.24,14.3,14.99,1523532
CSM,20030314,0.6,0.61,0.6,0.61,164923
CSR,20030314,6.36,6.4,6.25,6.3,2818600
CST,20030314,1.2,1.21,1.18,1.2,124087
CSY,20030314,0.069,0.074,0.069,0.069,540740
CTI,20030314,0.29,0.3,0.29,0.3,33167
CTL,20030314,2.17,2.2,2.16,2.16,30970
CTO,20030314,0.11,0.135,0.105,0.125,912077
CTX,20030314,1.95,2,1.95,1.98,187883
CUE,20030314,0.046,0.046,0.046,0.046,102000
CUS,20030314,0.027,0.027,0.025,0.025,24000
CVC,20030314,0.8,0.8,0.8,0.8,4351
CVL,20030314,0.027,0.027,0.027,0.027,100000
CVN,20030314,0.035,0.035,0.034,0.034,102777
CWP,20030314,0.76,0.76,0.75,0.75,20000
CXP,20030314,3.8,3.9,3.8,3.86,963317
CYD,20030314,0.049,0.049,0.047,0.047,100000
CYG,20030314,4.38,4.4,4.21,4.21,25462
DDF,20030314,1.07,1.08,1.05,1.08,4757974
DES,20030314,0.03,0.03,0.03,0.03,1000
DFT,20030314,0.006,0.006,0.005,0.005,53000
DIO,20030314,0.105,0.105,0.095,0.1,798848
DIT,20030314,1.67,1.67,1.65,1.66,966029
DJS,20030314,1.08,1.09,1.06,1.06,735046
DJW,20030314,3.05,3.08,3.04,3.04,168126
DKN,20030314,0.095,0.105,0.095,0.105,56200
DOM,20030314,0.55,0.55,0.55,0.55,100000
DOT,20030314,1.07,1.08,1.06,1.07,2330472
DOW,20030314,0.465,0.48,0.46,0.48,496957
DRA,20030314,0.062,0.071,0.062,0.065,131531
DRD,20030314,4.5,4.5,4.3,4.3,16363
DRE,20030314,1.75,1.8,1.75,1.8,13524
DVC,20030314,1.44,1.45,1.44,1.45,230874
DVN,20030314,0.44,0.44,0.435,0.44,62300
DWY,20030314,0.24,0.24,0.23,0.23,67400
EBG,20030314,0.085,0.085,0.082,0.082,60500
EBR,20030314,0.04,0.04,0.04,0.04,75000
EBT,20030314,0.096,0.11,0.096,0.105,507883
ECP,20030314,0.54,0.55,0.54,0.54,187456
ECU,20030314,0.032,0.032,0.032,0.032,57000
EDN,20030314,0.18,0.18,0.18,0.18,5000
EGL,20030314,0.195,0.195,0.195,0.195,20000
EGO,20030314,0.009,0.01,0.009,0.01,801634
EIF,20030314,0.082,0.082,0.082,0.082,5000
ELL,20030314,0.08,0.08,0.08,0.08,3334
ELX,20030314,0.335,0.335,0.335,0.335,20500
EMM,20030314,0.097,0.097,0.097,0.097,823
EMP,20030314,0.6,0.62,0.6,0.62,47045
EMS,20030314,0.195,0.195,0.195,0.195,39315
ENE,20030314,1.75,1.77,1.72,1.77,79632
ENV,20030314,0.98,1,0.98,1,228451
EOS,20030314,1.03,1.05,1.03,1.05,23650
EPR,20030314,0.17,0.18,0.155,0.155,40000
EQI,20030314,0.86,0.87,0.86,0.87,50660
EQR,20030314,0.063,0.063,0.063,0.063,63294
EQT,20030314,4.75,4.85,4.75,4.75,12560
ERA,20030314,2.23,2.23,2.23,2.23,493
ERG,20030314,0.095,0.098,0.093,0.094,10710430
ESG,20030314,0.085,0.11,0.081,0.11,601378
ESI,20030314,0.225,0.225,0.22,0.22,69900
EST,20030314,0.049,0.049,0.049,0.049,50000
ESV,20030314,0.11,0.11,0.11,0.11,16000
ESX,20030314,0.025,0.025,0.021,0.021,323906
ETC,20030314,0.046,0.046,0.04,0.04,1060000
ETT,20030314,0.05,0.05,0.05,0.05,100000
ETW,20030314,0.9,0.9,0.9,0.9,45104
EWC,20030314,0.028,0.03,0.026,0.026,222500
EWL,20030314,0.057,0.057,0.055,0.055,89500
EZE,20030314,0.07,0.07,0.07,0.07,15000
EZY,20030314,0.05,0.05,0.05,0.05,7000
FAN,20030314,2.14,2.14,2,2,24100
FBU,20030314,3.31,3.37,3.31,3.37,47400
FCL,20030314,1.38,1.38,1.36,1.36,968735
FCN,20030314,0.082,0.084,0.082,0.084,17750
FDL,20030314,0.051,0.051,0.045,0.045,14000
FDR,20030314,0.072,0.08,0.067,0.08,78900
FEA,20030314,0.09,0.1,0.09,0.1,22100
FFL,20030314,1.75,1.79,1.75,1.75,17872
FFS,20030314,0.96,0.96,0.95,0.95,7073
FGL,20030314,4.2,4.28,4.19,4.22,9618820
FHT,20030314,0.1,0.11,0.1,0.11,30983
FKP,20030314,1.53,1.53,1.5,1.51,100553
FLK,20030314,0.6,0.6,0.6,0.6,6982
FLT,20030314,18.35,18.35,18.24,18.3,35040
FOA,20030314,17.7,17.75,17.39,17.39,184307
FOL,20030314,0.54,0.55,0.54,0.55,9500
FPA,20030314,8.5,8.5,8.5,8.5,248
FPF,20030314,1.13,1.13,1.13,1.13,6689
FPG,20030314,0.25,0.25,0.25,0.25,4091
FPH,20030314,8.5,8.5,8.5,8.5,157300
FPS,20030314,0.5,0.5,0.5,0.5,6000
FRI,20030314,0.24,0.24,0.24,0.24,20000
FRM,20030314,0.52,0.52,0.52,0.52,1000
FSA,20030314,0.075,0.1,0.075,0.1,18666
FUN,20030314,1.05,1.06,1.04,1.05,75396
FUT,20030314,0.017,0.017,0.017,0.017,66000
FWD,20030314,3.09,3.09,3.08,3.08,8500
FXJ,20030314,2.99,3.02,2.97,3.02,3132924
GAN,20030314,1.29,1.29,1.26,1.28,2617458
GAP,20030314,1.72,1.72,1.72,1.72,3000
GAS,20030314,2.15,2.15,2.12,2.12,527786
GBG,20030314,0.18,0.185,0.18,0.18,297730
GBN,20030314,0.07,0.07,0.07,0.07,90000
GBP,20030314,0.165,0.165,0.16,0.16,104972
GBR,20030314,0.52,0.52,0.51,0.51,7550
GCR,20030314,0.051,0.051,0.051,0.051,50000
GDM,20030314,0.355,0.36,0.355,0.36,34830
GDN,20030314,0.022,0.022,0.022,0.022,75000
GDP,20030314,1.15,1.26,1.15,1.2,92689
GEN,20030314,1,1,1,1,2000
GFD,20030314,0.48,0.48,0.475,0.475,45000
GGL,20030314,0.42,0.43,0.405,0.415,9223650
GGN,20030314,0.25,0.25,0.25,0.25,20000
GGY,20030314,0.037,0.037,0.037,0.037,4167
GHG,20030314,0.465,0.475,0.465,0.465,259835
GIR,20030314,0.073,0.073,0.072,0.072,36290
GLB,20030314,0.165,0.17,0.16,0.16,836503
GME,20030314,0.021,0.021,0.021,0.021,125000
GMF,20030314,1.64,1.64,1.63,1.63,19854428
GML,20030314,0.15,0.15,0.15,0.15,12250
GNC,20030314,9.6,9.9,9.6,9.9,14900
GNS,20030314,9.62,9.62,9.27,9.37,289330
GOA,20030314,0.115,0.115,0.115,0.115,35
GOW,20030314,1.8,1.8,1.8,1.8,14190
GPG,20030314,1.36,1.36,1.36,1.36,128787
GPN,20030314,0.022,0.022,0.021,0.021,220000
GPT,20030314,2.86,2.86,2.82,2.83,6537549
GRD,20030314,0.98,0.98,0.94,0.96,42236
GRN,20030314,0.185,0.185,0.17,0.17,35000
GRO,20030314,0.42,0.42,0.41,0.41,3880
GRT,20030314,0.18,0.18,0.18,0.18,7000
GSF,20030314,0.175,0.185,0.175,0.185,67815
GTG,20030314,0.22,0.22,0.215,0.215,13000
GTM,20030314,0.047,0.048,0.045,0.047,2401310
GTP,20030314,0.61,0.64,0.6,0.63,235974
GUD,20030314,3.81,3.9,3.81,3.85,67534
GUL,20030314,0.017,0.017,0.016,0.016,100000
GUN,20030314,0.1,0.1,0.1,0.1,20000
GVM,20030314,0.027,0.027,0.025,0.027,99583
GWT,20030314,2.5,2.5,2.43,2.5,102972
GYM,20030314,0.4,0.4,0.375,0.38,738285
HAM,20030314,2.46,2.46,2.46,2.46,2040
HAN,20030314,7.7,7.83,7.7,7.83,4339
HAV,20030314,0.075,0.075,0.075,0.075,15000
HBL,20030314,0.37,0.37,0.37,0.37,2500
HBN,20030314,0.09,0.09,0.09,0.09,1000
HCN,20030314,0.54,0.54,0.5,0.5,13200
HCY,20030314,0.012,0.012,0.012,0.012,300000
HDN,20030314,0.1,0.1,0.1,0.1,165031
HDR,20030314,0.41,0.42,0.405,0.415,1092914
HER,20030314,0.365,0.365,0.36,0.365,40000
HGL,20030314,0.065,0.065,0.065,0.065,30000
HGO,20030314,0.12,0.12,0.12,0.12,4000
HHL,20030314,3.25,3.35,3.25,3.25,2463
HHM,20030314,0.125,0.125,0.12,0.12,297000
HIG,20030314,0.255,0.27,0.25,0.27,771866
HIL,20030314,3.1,3.16,3.1,3.12,118032
HIT,20030314,0.11,0.11,0.11,0.11,5000
HLM,20030314,0.13,0.13,0.13,0.13,55000
HLY,20030314,5.31,5.38,5.29,5.38,134116
HMC,20030314,0.037,0.037,0.026,0.031,2278345
HME,20030314,3.34,3.39,3.34,3.39,6440
HML,20030314,0.2,0.22,0.2,0.215,77600
HNG,20030314,1.08,1.08,1.07,1.07,10000
HOM,20030314,0.53,0.54,0.53,0.54,13145
HPX,20030314,1.42,1.42,1.39,1.42,63307
HRD,20030314,0.061,0.065,0.061,0.065,2001
HRR,20030314,0.14,0.14,0.14,0.14,330000
HRS,20030314,0.08,0.08,0.08,0.08,4138
HRT,20030314,0.145,0.155,0.145,0.155,101000
HRZ,20030314,0.09,0.095,0.09,0.09,390000
HSN,20030314,0.19,0.19,0.18,0.19,51000
HSP,20030314,2.11,2.12,2.1,2.12,36162
HTA,20030314,0.275,0.28,0.27,0.27,182738
HTE,20030314,0.047,0.047,0.047,0.047,108538
HUG,20030314,0.083,0.083,0.08,0.08,200000
HVN,20030314,2.04,2.04,1.88,1.92,10044727
HWE,20030314,0.61,0.63,0.61,0.63,134489
HWI,20030314,1.78,1.79,1.78,1.79,5150
HWT,20030314,0.46,0.46,0.46,0.46,8000
HZN,20030314,0.065,0.065,0.065,0.065,450000
IAG,20030314,2.9,2.92,2.78,2.8,6142985
IAS,20030314,1.66,1.66,1.6,1.64,50609
IAT,20030314,0.07,0.07,0.07,0.07,70500
IBA,20030314,0.105,0.105,0.105,0.105,7000
ICE,20030314,0.046,0.046,0.043,0.043,48500
ICN,20030314,0.027,0.027,0.027,0.027,129000
ICP,20030314,0.13,0.13,0.13,0.13,5000
IDE,20030314,0.6,0.6,0.6,0.6,500
IDT,20030314,1.7,1.7,1.67,1.67,36108
IFM,20030314,0.77,0.8,0.76,0.8,24757
IGF,20030314,0.2,0.24,0.2,0.2,20000
IGO,20030314,0.33,0.335,0.32,0.32,71000
IGP,20030314,1.55,1.7,1.55,1.65,41500
IHG,20030314,0.28,0.3,0.28,0.3,32382
IIF,20030314,1.66,1.67,1.65,1.66,2946329
IIN,20030314,1.19,1.19,1.19,1.19,6215
ILU,20030314,3.81,3.86,3.79,3.79,586654
IMA,20030314,0.11,0.11,0.11,0.11,50000
IMF,20030314,0.24,0.24,0.24,0.24,135000
IMU,20030314,0.115,0.115,0.1,0.1,10534
IMW,20030314,0.012,0.012,0.012,0.012,659704
INO,20030314,0.16,0.16,0.15,0.15,100000
INT,20030314,0.18,0.19,0.175,0.19,491498
IOC,20030314,1.34,1.35,1.34,1.35,16000
IOF,20030314,1.14,1.15,1.12,1.15,2063704
ION,20030314,1.94,1.94,1.86,1.86,556534
IPG,20030314,2,2,1.97,1.99,1274239
IPH,20030314,1.44,1.47,1.44,1.47,33844
IPN,20030314,0.074,0.074,0.074,0.074,310000
IRE,20030314,1.65,1.68,1.65,1.67,5875
IRI,20030314,0.21,0.22,0.21,0.21,125573
IRN,20030314,0.17,0.17,0.17,0.17,12000
IWF,20030314,1.15,1.15,1.14,1.14,7000
IWI,20030314,2.75,2.75,2.71,2.71,42112
IWL,20030314,0.16,0.16,0.16,0.16,10000
JBM,20030314,1.74,1.77,1.72,1.77,119946
JET,20030314,0.18,0.185,0.18,0.185,150000
JFG,20030314,3.13,3.13,3.11,3.11,49990
JHX,20030314,6.12,6.25,6.09,6.21,626196
JRR,20030314,0.58,0.6,0.58,0.6,22000
JUM,20030314,0.015,0.015,0.015,0.015,5000
JUP,20030314,6.2,6.2,6.14,6.16,967773
KAZ,20030314,0.125,0.125,0.115,0.12,1433749
KCN,20030314,3.59,3.59,3.45,3.55,230515
KIM,20030314,0.34,0.36,0.34,0.355,156900
KLM,20030314,0.195,0.195,0.195,0.195,62500
KLS,20030314,0.019,0.019,0.019,0.019,100000
KMN,20030314,0.014,0.014,0.014,0.014,120000
KRS,20030314,0.355,0.355,0.35,0.35,64000
KRZ,20030314,0.008,0.008,0.007,0.007,850785
KSC,20030314,2.83,2.95,2.83,2.9,6100
KYC,20030314,1,1.06,0.98,1,88600
KZL,20030314,0.52,0.52,0.52,0.52,70000
LAF,20030314,0.07,0.072,0.07,0.072,143000
LAK,20030314,0.175,0.175,0.175,0.175,5500
LAU,20030314,0.23,0.24,0.23,0.24,46000
LCL,20030314,0.72,0.73,0.72,0.72,120603
LCP,20030314,0.55,0.55,0.55,0.55,22000
LEG,20030314,0.028,0.028,0.028,0.028,10000
LEI,20030314,8.85,9.14,8.85,9.07,1039319
LHG,20030314,1.31,1.34,1.3,1.32,6591588
LKO,20030314,0.023,0.023,0.022,0.022,572092
LLC,20030314,8.13,8.3,8.13,8.22,1585795
LMC,20030314,1.82,1.86,1.82,1.86,4466
LNN,20030314,5.1,5.2,5.04,5.19,241956
LOK,20030314,0.18,0.19,0.175,0.18,10305095
LSG,20030314,1.33,1.33,1.29,1.31,558968
LUM,20030314,0.26,0.28,0.26,0.28,64000
LUO,20030314,1.24,1.24,1.21,1.23,4790010
LYC,20030314,0.115,0.115,0.11,0.11,191708
MAH,20030314,0.155,0.16,0.155,0.155,95000
MAP,20030314,1.02,1.03,1.02,1.03,5714650
MAR,20030314,0.19,0.19,0.19,0.19,25000
MAY,20030314,2.87,2.97,2.85,2.95,1957601
MBG,20030314,0.05,0.05,0.049,0.049,426417
MBL,20030314,23.1,23.2,22.85,22.9,935633
MBP,20030314,0.64,0.65,0.63,0.65,60591
MCA,20030314,0.6,0.67,0.6,0.67,94195
MCC,20030314,1.1,1.1,1.09,1.1,46100
MCG,20030314,2.3,2.3,2.26,2.29,62133
MCL,20030314,0.007,0.007,0.007,0.007,2000
MCP,20030314,2.24,2.25,2.24,2.25,47929
MCR,20030314,0.28,0.295,0.28,0.295,354774
MCW,20030314,1.64,1.65,1.62,1.65,4131989
MDC,20030314,1.54,1.54,1.54,1.54,1000
MDE,20030314,0.75,0.76,0.7,0.76,18678
MDM,20030314,0.033,0.038,0.033,0.038,212500
MDS,20030314,0.13,0.13,0.125,0.125,142273
MEE,20030314,0.066,0.066,0.063,0.063,310000
MEO,20030314,0.105,0.105,0.105,0.105,47850
MFS,20030314,1.25,1.25,1.25,1.25,1000
MGE,20030314,0.54,0.54,0.54,0.54,1842
MGI,20030314,1.48,1.49,1.47,1.47,6244004
MGM,20030314,1.34,1.35,1.34,1.34,55010
MGR,20030314,4.1,4.12,4.05,4.06,1423207
MGW,20030314,4.01,4.12,4.01,4.04,70990
MGX,20030314,0.091,0.092,0.091,0.091,103472
MIA,20030314,0.51,0.52,0.5,0.52,1209961
MIC,20030314,0.007,0.007,0.007,0.007,185224
MIG,20030314,3.04,3.04,2.9,2.94,6807568
MIK,20030314,0.032,0.032,0.032,0.032,8000
MIL,20030314,0.105,0.105,0.1,0.1,82690
MIM,20030314,1.44,1.48,1.44,1.46,12471669
MIR,20030314,1,1,0.99,1,68329
MIW,20030314,0.035,0.035,0.035,0.035,52966
MJN,20030314,0.011,0.011,0.01,0.01,160000
MLB,20030314,0.33,0.34,0.33,0.34,30400
MLE,20030314,0.71,0.72,0.7,0.7,102000
MLT,20030314,11.1,11.2,11.1,11.18,23244
MMN,20030314,0.082,0.084,0.082,0.084,631000
MND,20030314,3.28,3.28,3.26,3.26,3000
MNR,20030314,0.64,0.65,0.64,0.65,29723
MNS,20030314,0.98,1,0.98,1,13000
MOB,20030314,0.185,0.185,0.185,0.185,6500
MOF,20030314,1.15,1.17,1.15,1.17,1569329
MOS,20030314,0.115,0.13,0.115,0.13,541629
MPD,20030314,0.17,0.17,0.17,0.17,10000
MPM,20030314,0.385,0.385,0.38,0.38,19730
MPO,20030314,0.038,0.039,0.038,0.039,60171
MRC,20030314,0.125,0.125,0.125,0.125,70000
MRL,20030314,1.71,1.73,1.68,1.71,559566
MRM,20030314,0.18,0.19,0.165,0.19,102000
MRX,20030314,0.036,0.037,0.036,0.036,1163000
MRY,20030314,0.008,0.008,0.008,0.008,205257
MSC,20030314,0.115,0.12,0.115,0.115,1105860
MSF,20030314,6.6,6.6,6.6,6.6,2000
MST,20030314,0.38,0.38,0.38,0.38,33500
MTH,20030314,0.25,0.25,0.23,0.23,12000
MTR,20030314,0.081,0.081,0.081,0.081,500
MTT,20030314,1.97,2.02,1.94,1.94,486063
MUL,20030314,0.008,0.008,0.008,0.008,211000
MUR,20030314,0.03,0.03,0.03,0.03,35000
MUS,20030314,0.002,0.002,0.002,0.002,84
MWE,20030314,0.125,0.125,0.12,0.12,30000
MXA,20030314,0.005,0.005,0.005,0.005,500000
MXI,20030314,0.275,0.28,0.25,0.275,163128
MXL,20030314,0.105,0.105,0.105,0.105,697500
MYO,20030314,0.67,0.68,0.67,0.67,110671
NAB,20030314,29.1,29.5,29.07,29.4,4230186
NAL,20030314,0.45,0.47,0.44,0.44,122222
NBL,20030314,1.26,1.26,1.25,1.25,35385
NCA,20030314,0.065,0.065,0.065,0.065,15000
NCM,20030314,5.62,5.7,5.54,5.69,2972631
NCP,20030314,10.1,10.37,10.05,10.25,14632868
NDO,20030314,0.017,0.017,0.015,0.015,226171
NEM,20030314,4.14,4.15,4.1,4.14,76308
NEV,20030314,1.64,1.64,1.6,1.63,9934
NFD,20030314,3.23,3.24,3.14,3.14,715827
NFM,20030314,18.05,18.14,18.05,18.05,3490
NHE,20030314,0.06,0.06,0.06,0.06,50000
NHL,20030314,0.265,0.275,0.265,0.27,533188
NHM,20030314,0.016,0.016,0.016,0.016,150000
NNG,20030314,0.25,0.25,0.25,0.25,312350
NOL,20030314,0.29,0.29,0.28,0.28,58000
NPH,20030314,1.08,1.08,1.08,1.08,3000
NRT,20030314,2.81,2.88,2.65,2.7,268189
NTG,20030314,0.048,0.048,0.048,0.048,214000
NUF,20030314,3.57,3.6,3.56,3.56,107439
NVE,20030314,0.245,0.245,0.245,0.245,5000
NVS,20030314,1.07,1.09,1.05,1.09,123436
NWE,20030314,0.042,0.045,0.04,0.044,512925
NWK,20030314,0.15,0.15,0.15,0.15,100000
NXS,20030314,0.037,0.038,0.037,0.037,297000
OCL,20030314,0.175,0.175,0.175,0.175,13900
OCO,20030314,0.02,0.02,0.02,0.02,406000
OEC,20030314,0.16,0.165,0.16,0.16,175350
OFM,20030314,1.5,1.56,1.5,1.56,9500
OHL,20030314,0.009,0.009,0.009,0.009,62000
OIL,20030314,0.27,0.3,0.27,0.3,33200
OKN,20030314,0.86,0.86,0.86,0.86,9300
OLE,20030314,0.09,0.09,0.09,0.09,5949
OLP,20030314,0.105,0.105,0.105,0.105,500
OMI,20030314,3.5,3.5,3.45,3.45,4000
OMP,20030314,2.31,2.32,2.31,2.31,17870
OPI,20030314,0.08,0.08,0.08,0.08,150000
OPM,20030314,0.002,0.002,0.002,0.002,12000
OPS,20030314,3.2,3.24,3.17,3.21,35116
ORG,20030314,3.8,4,3.79,3.9,2028130
ORI,20030314,8.55,8.61,8.5,8.53,677749
ORO,20030314,0.12,0.12,0.12,0.12,115277
ORP,20030314,0.019,0.019,0.019,0.019,43000
OSH,20030314,0.63,0.66,0.63,0.65,6240145
OST,20030314,1.56,1.6,1.55,1.57,1969704
OTI,20030314,0.045,0.045,0.045,0.045,2000
OXR,20030314,0.485,0.495,0.475,0.49,4466876
PAC,20030314,0.035,0.035,0.035,0.035,40000
PBB,20030314,3.47,3.52,3.44,3.5,1177149
PBD,20030314,0.51,0.51,0.5,0.5,70499
PBL,20030314,7.8,7.95,7.66,7.75,901839
PBO,20030314,0.56,0.56,0.56,0.56,15000
PBT,20030314,0.82,0.89,0.82,0.89,13200
PCG,20030314,0.165,0.165,0.16,0.16,112750
PCL,20030314,0.015,0.015,0.015,0.015,30000
PDG,20030314,14.85,14.88,14.74,14.86,8809
PDN,20030314,0.014,0.014,0.012,0.012,394236
PEL,20030314,0.075,0.075,0.071,0.071,55164
PEM,20030314,0.49,0.5,0.49,0.5,92000
PEP,20030314,0.68,0.68,0.67,0.68,14000
PFP,20030314,0.55,0.55,0.55,0.55,1000
PGL,20030314,0.8,0.8,0.75,0.75,3353
PHL,20030314,0.11,0.12,0.11,0.11,320000
PHY,20030314,2.72,2.82,2.72,2.79,62424
PIL,20030314,0.11,0.11,0.11,0.11,21000
PKT,20030314,0.009,0.009,0.009,0.009,20000
PLF,20030314,1.56,1.6,1.52,1.6,34618
PLT,20030314,1.14,1.15,1.14,1.15,44900
PLW,20030314,3.24,3.24,3.14,3.24,7809
PLX,20030314,0.004,0.004,0.004,0.004,150000
PMC,20030314,1.67,1.71,1.66,1.7,130704
PME,20030314,0.78,0.8,0.78,0.8,27105
PMG,20030314,2.86,2.86,2.85,2.86,7800
PMM,20030314,0.94,0.95,0.91,0.93,410227
PMP,20030314,0.435,0.435,0.425,0.43,439779
PNA,20030314,0.044,0.044,0.042,0.043,381201
PNH,20030314,0.033,0.033,0.033,0.033,2400
POF,20030314,1.3,1.3,1.27,1.28,1741530
PPH,20030314,1.39,1.39,1.28,1.3,196695
PPK,20030314,0.94,0.94,0.93,0.93,3068
PPP,20030314,0.07,0.07,0.07,0.07,137900
PPT,20030314,26.17,27.3,26.1,27,386457
PPX,20030314,5.05,5.05,4.9,5.02,497284
PRG,20030314,1.8,1.8,1.7,1.7,9955
PRK,20030314,11.45,11.5,11.28,11.45,831707
PRM,20030314,0.18,0.18,0.18,0.18,13334
PRO,20030314,0.125,0.125,0.125,0.125,1100
PRT,20030314,2.05,2.05,2.05,2.05,34070
PRX,20030314,0.97,0.98,0.95,0.95,115291
PRY,20030314,3.51,3.51,3.5,3.5,32500
PSA,20030314,0.35,0.35,0.35,0.35,174300
PSD,20030314,0.16,0.165,0.16,0.165,25000
PSL,20030314,0.06,0.06,0.06,0.06,26500
PSV,20030314,0.175,0.175,0.175,0.175,262200
PSX,20030314,0.105,0.11,0.105,0.11,139781
PTD,20030314,1,1.05,0.98,1.01,1147002
PTS,20030314,0.085,0.085,0.075,0.075,6000
PWR,20030314,0.03,0.033,0.03,0.033,901034
PWT,20030314,0.06,0.061,0.06,0.06,286344
QAN,20030314,3.21,3.25,3.18,3.18,7385219
QBE,20030314,7.94,8.2,7.94,8.15,4210364
QCH,20030314,3.06,3.18,3.06,3.18,40250
QED,20030314,0.06,0.06,0.06,0.06,70000
QGC,20030314,0.19,0.195,0.19,0.195,9295
QML,20030314,0.16,0.16,0.16,0.16,1320
QMM,20030314,0.055,0.06,0.055,0.06,170400
QPX,20030314,0.385,0.385,0.385,0.385,1020
QTK,20030314,0.02,0.021,0.02,0.021,869570
QTL,20030314,0.01,0.01,0.009,0.009,2530901
RAC,20030314,0.175,0.18,0.175,0.175,36000
RBK,20030314,0.315,0.315,0.31,0.31,204703
RBS,20030314,4.45,4.5,4.45,4.5,1917
RCD,20030314,2.18,2.2,2.17,2.2,98683
RCT,20030314,1.42,1.42,1.42,1.42,785
RDF,20030314,0.49,0.49,0.47,0.47,63500
REA,20030314,0.25,0.26,0.25,0.26,123000
REB,20030314,1.99,2.05,1.99,2.05,42992
REG,20030314,2.06,2.06,2.06,2.06,15000
REL,20030314,0.08,0.08,0.08,0.08,78300
REM,20030314,0.25,0.25,0.25,0.25,20000
RFS,20030314,0.26,0.26,0.255,0.26,128890
RHC,20030314,3.23,3.23,3.18,3.21,93643
RIC,20030314,1.38,1.43,1.32,1.37,558642
RIO,20030314,31.85,32.37,31.79,32.32,3378486
RKN,20030314,0.245,0.245,0.24,0.24,85000
RMD,20030314,4.95,5.02,4.94,4.95,1099547
RMG,20030314,0.028,0.028,0.026,0.026,62500
RML,20030314,0.07,0.07,0.07,0.07,2000
ROC,20030314,1.23,1.25,1.23,1.25,114526
ROK,20030314,2.9,2.99,2.86,2.99,7978
RPC,20030314,0.39,0.41,0.39,0.41,74700
RPD,20030314,0.29,0.29,0.29,0.29,4000
RPM,20030314,0.025,0.025,0.025,0.025,99500
RPT,20030314,0.025,0.025,0.025,0.025,5000
RRS,20030314,0.019,0.02,0.019,0.02,500000
RSG,20030314,0.61,0.65,0.61,0.64,89702
RSN,20030314,0.026,0.026,0.025,0.026,1032779
RTM,20030314,0.07,0.07,0.069,0.069,255800
RTS,20030314,0.08,0.08,0.08,0.08,43000
RUP,20030314,5.16,5.2,5.05,5.15,50073
RYW,20030314,0.078,0.09,0.078,0.09,587616
SAQ,20030314,4.3,4.3,4.25,4.28,5774
SBC,20030314,7.97,7.98,7.65,7.76,31844
SBE,20030314,1.45,1.45,1.45,1.45,4000
SBM,20030314,0.068,0.077,0.067,0.074,466442
SBP,20030314,0.11,0.11,0.1,0.105,921500
SBR,20030314,0.065,0.065,0.065,0.065,12000
SBS,20030314,0.024,0.024,0.024,0.024,140394
SCE,20030314,0.025,0.027,0.023,0.026,1850000
SCF,20030314,105.7,105.95,105,105,3572
SDG,20030314,0.5,0.51,0.5,0.51,105000
SDI,20030314,4.1,4.29,4.1,4.29,26018
SDR,20030314,0.115,0.115,0.09,0.11,107460
SED,20030314,0.115,0.115,0.11,0.11,91569
SEL,20030314,1.79,1.8,1.79,1.8,5500
SEN,20030314,0.075,0.075,0.075,0.075,547645
SEV,20030314,3.62,3.67,3.61,3.65,735003
SFC,20030314,12.5,12.55,12.5,12.5,7165
SFD,20030314,0.195,0.195,0.195,0.195,206872
SFE,20030314,2.52,2.65,2.52,2.65,360269
SGB,20030314,18.12,18.15,17.91,18.03,839668
SGL,20030314,0.25,0.25,0.245,0.245,67680
SGN,20030314,2.56,2.58,2.55,2.56,1110215
SGP,20030314,4.82,4.85,4.77,4.79,811336
SGS,20030314,0.97,0.97,0.97,0.97,23010
SGT,20030314,1.25,1.26,1.24,1.24,698256
SGW,20030314,1.35,1.36,1.33,1.36,1235484
SGX,20030314,1.48,1.52,1.48,1.51,307000
SHL,20030314,5.72,5.83,5.7,5.75,232402
SHV,20030314,3.3,3.3,3.3,3.3,10000
SIE,20030314,0.057,0.058,0.053,0.053,2426722
SIG,20030314,4.03,4.1,4.01,4.06,131263
SKE,20030314,2.04,2.06,2.04,2.06,41310
SKN,20030314,0.39,0.39,0.39,0.39,25000
SKR,20030314,0.053,0.055,0.048,0.048,1110000
SLF,20030314,14.8,14.8,14.8,14.8,161000
SLM,20030314,1.85,1.85,1.85,1.85,162000
SLX,20030314,0.78,0.8,0.77,0.78,268723
SMA,20030314,0.016,0.016,0.016,0.016,5625
SMC,20030314,0.22,0.22,0.22,0.22,1630
SMO,20030314,0.022,0.022,0.019,0.019,431567
SMS,20030314,8.35,8.42,8.31,8.37,62619
SMX,20030314,0.21,0.215,0.21,0.215,274997
SMY,20030314,0.3,0.315,0.29,0.29,323900
SNX,20030314,0.86,0.88,0.75,0.78,482623
SOH,20030314,0.375,0.38,0.37,0.38,523000
SOL,20030314,5.1,5.14,5.02,5.02,61191
SOT,20030314,0.68,0.68,0.68,0.68,13900
SPC,20030314,1.17,1.19,1.16,1.19,91019
SPL,20030314,0.25,0.28,0.25,0.28,33555
SPP,20030314,0.185,0.185,0.175,0.175,228908
SPT,20030314,4.15,4.23,4.1,4.15,214463
SPX,20030314,0.46,0.48,0.46,0.48,10000
SRA,20030314,0.265,0.265,0.26,0.26,45140
SRI,20030314,0.21,0.22,0.21,0.22,97150
SRL,20030314,0.55,0.56,0.54,0.56,70435
SRP,20030314,3.17,3.25,3.16,3.22,1193178
SRV,20030314,1,1,1,1,5000
SRX,20030314,4.86,4.86,4.83,4.85,858175
SSH,20030314,0.075,0.08,0.075,0.08,45000
SSR,20030314,0.49,0.49,0.49,0.49,10000
SSS,20030314,3.51,3.52,3.49,3.52,5344
SSX,20030314,1.08,1.1,1.08,1.09,1711582
STE,20030314,0.07,0.07,0.065,0.065,258770
STL,20030314,0.046,0.046,0.046,0.046,13000
STN,20030314,0.13,0.13,0.13,0.13,160000
STO,20030314,5.4,5.47,5.33,5.33,1269585
STP,20030314,0.25,0.26,0.25,0.26,157000
STS,20030314,0.405,0.46,0.405,0.46,60999
STT,20030314,0.011,0.011,0.011,0.011,187333
STU,20030314,0.29,0.29,0.28,0.28,45000
STW,20030314,28,28.02,27.9,28.02,38385
SUN,20030314,9.51,9.51,9.35,9.42,1006234
SUR,20030314,0.074,0.074,0.074,0.074,100000
SVP,20030314,0.008,0.008,0.008,0.008,16500
SWT,20030314,0.035,0.035,0.035,0.035,130000
SYG,20030314,0.011,0.011,0.011,0.011,10000
SYM,20030314,0.87,0.87,0.86,0.86,88060
TAB,20030314,2.94,2.94,2.91,2.92,2681589
TAH,20030314,9.65,9.77,9.65,9.69,1044268
TAM,20030314,0.11,0.115,0.11,0.115,28155
TAN,20030314,1.31,1.31,1.31,1.31,3000
TAP,20030314,1.31,1.32,1.27,1.28,397173
TAS,20030314,0.13,0.13,0.13,0.13,20000
TBC,20030314,0.19,0.19,0.19,0.19,2700
TBR,20030314,0.88,0.95,0.88,0.95,91000
TCL,20030314,4.23,4.25,4.19,4.2,498170
TEL,20030314,3.86,3.92,3.85,3.87,1916613
TEM,20030314,1.55,1.55,1.49,1.51,230751
TEN,20030314,1.94,1.99,1.92,1.99,420764
TER,20030314,0.16,0.16,0.16,0.16,20000
TGG,20030314,0.96,0.99,0.96,0.97,25434
TGL,20030314,0.115,0.115,0.115,0.115,100
THG,20030314,0.61,0.62,0.6,0.6,1569987
TIF,20030314,0.39,0.39,0.38,0.38,88435
TIL,20030314,0.042,0.06,0.041,0.06,125000
TIM,20030314,0.52,0.52,0.495,0.495,561479
TIR,20030314,0.13,0.13,0.13,0.13,13500
TKG,20030314,0.008,0.008,0.007,0.007,804285
TKR,20030314,1.53,1.53,1.53,1.53,53887
TLS,20030314,4.06,4.11,4.05,4.09,34017475
TMS,20030314,0.048,0.05,0.047,0.047,454249
TMT,20030314,1.1,1.11,1.1,1.11,104552
TNE,20030314,0.28,0.285,0.275,0.275,262684
TNY,20030314,0.05,0.05,0.035,0.042,2618056
TOL,20030314,5.9,5.95,5.87,5.9,1218651
TOR,20030314,1.5,1.5,1.5,1.5,21000
TOX,20030314,0.05,0.05,0.05,0.05,70000
TRG,20030314,4.02,4.02,4,4,1035
TRY,20030314,1.66,1.66,1.66,1.66,2500
TSE,20030314,2.58,2.69,2.58,2.69,16672
TSR,20030314,0.22,0.22,0.22,0.22,24000
TVL,20030314,0.12,0.13,0.09,0.13,46000
TWR,20030314,1.83,1.83,1.8,1.8,14497
UCL,20030314,0.028,0.028,0.028,0.028,6209
UEC,20030314,0.125,0.125,0.125,0.125,2500
UEL,20030314,3.01,3.03,3,3,190842
UGL,20030314,2.65,2.7,2.63,2.63,407936
UNI,20030314,1.25,1.28,1.23,1.25,417007
UOS,20030314,0.3,0.3,0.3,0.3,12000
URL,20030314,0.081,0.081,0.08,0.08,191318
UTB,20030314,4.69,4.71,4.6,4.65,397226
UXC,20030314,0.59,0.59,0.58,0.58,57744
VCM,20030314,0.95,0.95,0.91,0.91,600
VCR,20030314,1.02,1.03,0.93,0.95,1931047
VGL,20030314,0.93,0.98,0.93,0.98,30626
VHL,20030314,0.19,0.19,0.19,0.19,9500
VIT,20030314,0.195,0.2,0.195,0.2,18012
VKI,20030314,0.265,0.265,0.265,0.265,76666
VNA,20030314,0.016,0.016,0.016,0.016,51400
VOY,20030314,0.15,0.155,0.15,0.155,56600
VPE,20030314,0.013,0.013,0.013,0.013,35000
VPG,20030314,0.92,0.92,0.91,0.92,609300
VRE,20030314,0.011,0.011,0.011,0.011,970317
VRL,20030314,1.01,1.02,1.01,1.01,257110
VSL,20030314,1.11,1.13,1.09,1.09,46342
VTI,20030314,0.235,0.235,0.235,0.235,41157
VWD,20030314,0.93,0.94,0.93,0.94,108132
VXS,20030314,0.125,0.125,0.125,0.125,13000
WAG,20030314,0.11,0.11,0.11,0.11,2500
WAM,20030314,1.37,1.39,1.36,1.37,85941
WAN,20030314,4.86,4.9,4.85,4.9,174988
WAT,20030314,1.6,1.6,1.6,1.6,2000
WBB,20030314,5.95,5.95,5.9,5.9,3000
WBC,20030314,14.15,14.23,14.08,14.12,5453067
WDP,20030314,1.97,1.97,1.97,1.97,7000
WEB,20030314,0.05,0.05,0.05,0.05,100000
WES,20030314,23.75,23.75,22.32,22.32,1587824
WEZ,20030314,0.41,0.41,0.38,0.38,14075
WFA,20030314,1.97,1.97,1.94,1.95,6708324
WFL,20030314,0.58,0.58,0.58,0.58,10823
WFT,20030314,3.3,3.3,3.27,3.29,5465468
WHF,20030314,2.87,2.87,2.87,2.87,500
WHS,20030314,5.27,5.3,5.25,5.25,1037
WME,20030314,0.1,0.105,0.1,0.105,357619
WMG,20030314,0.07,0.07,0.07,0.07,50000
WMR,20030314,3.72,3.72,3.64,3.68,4774745
WMT,20030314,0.032,0.033,0.032,0.033,3781739
WON,20030314,0.011,0.011,0.011,0.011,1244716
WOR,20030314,1.7,1.71,1.68,1.68,697378
WOW,20030314,11.45,11.45,11.25,11.27,2799564
WPL,20030314,10.31,10.34,10.2,10.21,1271637
WPO,20030314,0.035,0.035,0.035,0.035,1057
WRF,20030314,0.185,0.185,0.185,0.185,28000
WSA,20030314,0.305,0.32,0.3,0.3,114490
WSF,20030314,12.9,12.9,12.52,12.65,1385938
WTE,20030314,0.01,0.01,0.01,0.01,356818
WTP,20030314,0.365,0.37,0.365,0.37,24426
WWA,20030314,0.68,0.78,0.68,0.78,32982
WYL,20030314,2.85,2.9,2.85,2.89,110593
XAN,20030314,0.23,0.23,0.21,0.21,112000
XAO,20030314,2673.3,2731.7,2673.3,2724.2,0
XDJ,20030314,1506.6,1565.8,1506.6,1553.7,0
XEJ,20030314,3568.9,3629.5,3547.9,3586.4,0
XFJ,20030314,3488.4,3565.7,3488.4,3556.8,0
XFL,20030314,2724.3,2795,2724.3,2785.9,0
XHJ,20030314,2818.4,2865.3,2811.3,2856.9,0
XIJ,20030314,167.4,174.2,167.4,171.9,0
XJO,20030314,2700.4,2760.9,2700.4,2753.1,0
XKO,20030314,2696.3,2756.4,2696.3,2748.6,0
XMD,20030314,2349.9,2367,2349.9,2359.9,0
XMJ,20030314,3967,4087.7,3967,4079.4,0
XNJ,20030314,2965.4,3032.4,2965.4,2979.2,0
XPJ,20030314,1417.7,1419.4,1404.1,1411.1,0
XSJ,20030314,3850,3902.1,3850,3878.9,0
XSO,20030314,1377.4,1389,1377.4,1388.1,0
XTJ,20030314,1391.4,1426.3,1391.4,1421.9,0
XTL,20030314,1560.5,1610.4,1560.5,1604.1,0
XTO,20030314,2208.3,2259.9,2208.3,2253,0
XUJ,20030314,3358,3385.3,3321.8,3326.8,0
XXJ,20030314,3434.4,3533.8,3434.4,3523.5,0
YAM,20030314,0.007,0.007,0.007,0.007,200000
YTL,20030314,0.085,0.085,0.081,0.082,376500
ZIM,20030314,2.26,2.3,2.2,2.25,68250
ZYL,20030314,0.009,0.009,0.009,0.009,100000
