AAC,20031114,1.15,1.15,1.14,1.15,159381
AAR,20031114,0.034,0.034,0.032,0.033,698600
AAT,20031114,0.31,0.31,0.305,0.305,70393
ABB,20031114,4.06,4.06,4.06,4.06,14272
ABC,20031114,1.25,1.26,1.2,1.2,281925
ABG,20031114,4,4.01,3.98,4.01,57800
ABI,20031114,0.28,0.28,0.27,0.275,542586
ABK,20031114,0.2,0.2,0.2,0.2,258900
ABP,20031114,1.13,1.14,1.12,1.12,195504
ABS,20031114,3.5,3.5,3.41,3.44,71713
ABX,20031114,1.86,1.86,1.85,1.85,12593
ACU,20031114,0.23,0.23,0.22,0.225,330588
ADA,20031114,0.71,0.72,0.7,0.72,39381
ADB,20031114,7.6,7.64,7.58,7.6,61815
ADG,20031114,3.66,3.68,3.66,3.68,1323
ADM,20031114,0.05,0.05,0.049,0.049,160000
ADN,20031114,0.23,0.23,0.225,0.225,15000
ADS,20031114,0.13,0.13,0.13,0.13,3000
ADU,20031114,0.7,0.77,0.7,0.77,110000
ADX,20031114,0.275,0.28,0.27,0.27,60017
ADZ,20031114,1.69,1.7,1.68,1.7,450835
AEC,20031114,1.52,1.52,1.49,1.52,30518
AEF,20031114,12.95,13,12.95,13,2722
AEI,20031114,0.8,0.81,0.79,0.8,105452
AEN,20031114,0.75,0.75,0.74,0.74,22500
AEO,20031114,1.36,1.39,1.36,1.38,2814481
AES,20031114,0.18,0.18,0.18,0.18,79000
AEX,20031114,0.062,0.064,0.062,0.063,1842754
AFF,20031114,0.29,0.3,0.29,0.3,27504
AFI,20031114,3.28,3.34,3.28,3.3,142512
AFM,20031114,0.025,0.025,0.025,0.025,305000
AFT,20031114,0.067,0.067,0.062,0.062,5595710
AGG,20031114,11.8,12.07,11.8,12.05,11914
AGI,20031114,0.52,0.55,0.52,0.55,70000
AGL,20031114,10.63,10.64,10.57,10.6,406053
AGM,20031114,0.15,0.155,0.145,0.15,1152626
AGS,20031114,0.059,0.06,0.059,0.06,139666
AGT,20031114,0.54,0.55,0.54,0.55,20000
AGX,20031114,0.71,0.72,0.71,0.71,119233
AGY,20031114,0.22,0.235,0.22,0.235,134880
AGZ,20031114,0.006,0.006,0.006,0.006,790000
AHD,20031114,3.34,3.34,3.28,3.28,23743
AHG,20031114,0.39,0.4,0.39,0.4,50857
AHO,20031114,0.415,0.415,0.41,0.41,154292
AHS,20031114,0.95,0.98,0.95,0.96,123900
AIA,20031114,6,6,6,6,8319
AIE,20031114,0.16,0.16,0.155,0.155,70000
AIM,20031114,0.043,0.045,0.043,0.045,244500
AIX,20031114,1.7,1.7,1.67,1.69,300935
AIZ,20031114,0.42,0.42,0.415,0.415,37500
AJL,20031114,2.22,2.22,2.19,2.21,27667
AKD,20031114,0.025,0.025,0.025,0.025,40072
ALH,20031114,2.27,2.3,2.26,2.3,7012686
ALK,20031114,0.445,0.45,0.445,0.445,114452
ALL,20031114,2.56,2.58,2.49,2.51,1129154
ALN,20031114,6.29,6.3,6.26,6.27,170233
ALR,20031114,0.93,0.93,0.92,0.93,73488
ALS,20031114,5.35,5.37,5.35,5.35,8442
ALT,20031114,0.059,0.067,0.058,0.067,47000
ALU,20031114,0.57,0.57,0.55,0.55,106944
AMB,20031114,0.42,0.42,0.42,0.42,1200
AMC,20031114,8.29,8.35,8.23,8.26,2300848
AMG,20031114,0.055,0.055,0.053,0.053,149251
AML,20031114,0.62,0.63,0.61,0.63,33000
AMM,20031114,0.17,0.175,0.17,0.175,365250
AMP,20031114,6.13,6.18,6.07,6.16,2622124
AMU,20031114,0.38,0.38,0.375,0.38,98747
ANC,20031114,7.11,7.11,7.11,7.11,500
ANE,20031114,2.78,2.78,2.72,2.72,63879
ANK,20031114,0.175,0.175,0.165,0.165,143011
ANL,20031114,0.185,0.185,0.18,0.185,2325620
ANM,20031114,0.083,0.086,0.08,0.08,170951
ANN,20031114,6.85,6.9,6.82,6.9,218977
ANP,20031114,0.125,0.125,0.12,0.125,372386
ANX,20031114,0.33,0.33,0.33,0.33,3715
ANZ,20031114,16.48,16.48,16.26,16.32,7509971
AOE,20031114,0.155,0.165,0.155,0.165,220000
AOO,20031114,0.185,0.185,0.185,0.185,47500
APA,20031114,2.6,2.6,2.58,2.58,63529
APG,20031114,0.07,0.074,0.07,0.072,683010
API,20031114,2.71,2.71,2.62,2.63,207199
APL,20031114,0.23,0.23,0.23,0.23,53750
APN,20031114,3.91,3.95,3.9,3.91,610082
APZ,20031114,0.14,0.15,0.14,0.15,47306
AQA,20031114,0.65,0.7,0.64,0.7,3667
AQL,20031114,0.035,0.035,0.034,0.034,117000
AQP,20031114,7.81,7.85,7.8,7.85,7320
AQT,20031114,0.063,0.063,0.063,0.063,67000
ARA,20031114,0.375,0.375,0.375,0.375,10235
ARG,20031114,5.06,5.08,5,5.05,92188
ARL,20031114,0.28,0.285,0.275,0.28,2089286
ARO,20031114,0.13,0.13,0.115,0.115,69252
ARP,20031114,3.42,3.45,3.41,3.45,44700
ARQ,20031114,0.88,0.88,0.85,0.86,1108153
ARU,20031114,0.17,0.17,0.16,0.16,85500
ARX,20031114,0.062,0.062,0.062,0.062,195000
ASB,20031114,0.94,0.94,0.93,0.94,101794
ASC,20031114,0.063,0.068,0.063,0.066,478071
ASL,20031114,0.82,0.82,0.81,0.82,96006
ASO,20031114,0.1,0.105,0.097,0.097,98663
ASU,20031114,0.017,0.025,0.017,0.025,295000
ASX,20031114,15.72,15.85,15.67,15.67,42627
ASZ,20031114,0.45,0.45,0.45,0.45,20325
ATG,20031114,0.63,0.65,0.63,0.64,114565
ATN,20031114,0.17,0.19,0.17,0.185,3633478
ATP,20031114,0.23,0.23,0.225,0.225,13312
ATR,20031114,1.71,1.71,1.71,1.71,2100
ATT,20031114,0.2,0.2,0.2,0.2,9583
ATX,20031114,0.19,0.195,0.19,0.195,447384
AUI,20031114,4.24,4.24,4.2,4.2,25331
AUM,20031114,0.038,0.039,0.038,0.039,273000
AUN,20031114,0.4,0.405,0.395,0.4,662080
AUO,20031114,0.74,0.74,0.72,0.74,491652
AUY,20031114,0.053,0.06,0.053,0.059,275001
AUZ,20031114,0.22,0.22,0.215,0.215,459221
AVJ,20031114,1.96,1.97,1.93,1.93,183605
AVL,20031114,0.435,0.465,0.435,0.46,994336
AVN,20031114,0.014,0.014,0.013,0.013,2262156
AVR,20031114,0.335,0.335,0.335,0.335,46000
AVT,20031114,0.16,0.18,0.16,0.175,207289
AVV,20031114,1.69,1.69,1.64,1.65,336464
AWB,20031114,4.15,4.18,4.14,4.15,237765
AWC,20031114,5.99,5.99,5.9,5.94,5246904
AWE,20031114,1.14,1.17,1.14,1.15,746763
AWL,20031114,0.04,0.04,0.04,0.04,100000
AWP,20031114,6.9,7.1,6.9,7.1,14085
AXA,20031114,2.78,2.81,2.75,2.8,2785528
AXI,20031114,0.02,0.022,0.02,0.022,3810543
AXL,20031114,0.062,0.062,0.062,0.062,100000
AXM,20031114,0.16,0.17,0.16,0.17,15700
AXN,20031114,0.25,0.255,0.25,0.25,136750
AYO,20031114,1.25,1.26,1.23,1.26,297394
AZR,20031114,0.11,0.11,0.105,0.11,738570
BAR,20031114,0.071,0.076,0.071,0.076,50000
BAX,20031114,2.9,2.95,2.9,2.95,387545
BBB,20031114,0.31,0.32,0.31,0.31,104645
BBG,20031114,7.3,7.3,7.17,7.25,903803
BCA,20031114,2.54,2.56,2.54,2.55,515016
BCL,20031114,0.63,0.63,0.62,0.62,1860497
BDG,20031114,0.23,0.23,0.225,0.23,1035085
BDL,20031114,0.031,0.031,0.03,0.03,4839640
BDS,20031114,2.54,2.55,2.54,2.55,4338
BEL,20031114,0.45,0.47,0.445,0.445,2460854
BEN,20031114,8.41,8.41,8.26,8.26,162167
BGD,20031114,0.13,0.14,0.13,0.14,1077332
BGF,20031114,0.13,0.13,0.12,0.12,1688700
BGN,20031114,0.285,0.285,0.26,0.28,331234
BHL,20031114,4.65,4.65,4.65,4.65,1250
BHP,20031114,11.38,11.39,11.25,11.29,7264451
BIC,20031114,0.275,0.275,0.275,0.275,42783
BIL,20031114,4.57,4.57,4.46,4.49,6428503
BIR,20031114,1.16,1.17,1.15,1.17,1777996
BIT,20031114,0.31,0.31,0.295,0.295,35600
BKA,20031114,0.265,0.265,0.265,0.265,50000
BKL,20031114,7.85,7.85,7.72,7.74,1792
BKM,20031114,0.019,0.019,0.019,0.019,235000
BKR,20031114,0.305,0.32,0.305,0.32,10718
BKS,20031114,0.032,0.032,0.03,0.03,250000
BKV,20031114,0.095,0.099,0.095,0.099,29634
BKW,20031114,8.25,8.3,8.2,8.21,165429
BKY,20031114,0.18,0.18,0.18,0.18,45000
BLD,20031114,5.18,5.25,5.13,5.15,4471469
BLT,20031114,1.26,1.27,1.23,1.25,322067
BLZ,20031114,0.05,0.05,0.046,0.046,290173
BMX,20031114,0.175,0.175,0.17,0.175,90634
BNO,20031114,0.32,0.32,0.32,0.32,7000
BOC,20031114,0.25,0.255,0.245,0.255,389210
BOL,20031114,1.19,1.21,1.19,1.2,256200
BOQ,20031114,9.35,9.4,9.32,9.39,89507
BPC,20031114,0.63,0.64,0.63,0.63,1617012
BPG,20031114,0.12,0.13,0.12,0.13,951171
BPO,20031114,0.11,0.11,0.11,0.11,270000
BPT,20031114,0.37,0.375,0.36,0.37,219848
BQT,20031114,0.265,0.265,0.23,0.255,578667
BRC,20031114,0.5,0.5,0.5,0.5,16602
BRE,20031114,0.012,0.012,0.008,0.01,15804645
BRK,20031114,1.52,1.52,1.52,1.52,24500
BRO,20031114,0.046,0.046,0.045,0.045,107163
BRW,20031114,0.067,0.067,0.065,0.066,555310
BRZ,20031114,1.27,1.27,1.23,1.27,269803
BSG,20031114,0.26,0.275,0.26,0.275,822250
BSL,20031114,5.3,5.32,5.25,5.26,5771204
BSO,20031114,3.46,3.46,3.44,3.45,16480
BTA,20031114,0.51,0.52,0.51,0.52,75991
BTC,20031114,0.47,0.47,0.46,0.46,53870
BTV,20031114,0.12,0.12,0.12,0.12,73000
BUG,20031114,0.6,0.6,0.6,0.6,1500
BUU,20031114,0.07,0.07,0.07,0.07,107200
BUY,20031114,0.13,0.13,0.125,0.125,30500
BWI,20031114,0.92,0.92,0.91,0.91,16500
BWP,20031114,1.44,1.44,1.43,1.44,123614
BYI,20031114,0.3,0.3,0.3,0.3,89842
CAA,20031114,2.44,2.44,2.43,2.43,13666
CAB,20031114,3.05,3.05,3.02,3.05,142646
CAG,20031114,0.04,0.044,0.04,0.043,1681295
CAI,20031114,0.7,0.7,0.68,0.68,4250
CAL,20031114,0.395,0.395,0.38,0.38,18000
CAT,20031114,2.4,2.4,2.38,2.38,1318
CAZ,20031114,0.24,0.245,0.24,0.24,61000
CBA,20031114,27.76,27.89,27.55,27.63,2935577
CBC,20031114,0.007,0.007,0.007,0.007,2150000
CBD,20031114,0.012,0.012,0.012,0.012,3180000
CBH,20031114,0.155,0.155,0.145,0.15,1196125
CBT,20031114,0.06,0.06,0.053,0.055,533340
CCE,20031114,0.38,0.385,0.365,0.37,1874004
CCH,20031114,0.175,0.18,0.175,0.18,39000
CCL,20031114,6.14,6.23,6.14,6.2,1009069
CCO,20031114,0.014,0.015,0.014,0.015,128300
CCV,20031114,0.145,0.145,0.145,0.145,131200
CDC,20031114,1.56,1.56,1.55,1.55,33608
CDF,20031114,1.15,1.15,1.15,1.15,2000
CDO,20031114,3.54,3.6,3.52,3.6,50252
CDR,20031114,1.05,1.09,1.05,1.09,42190
CDS,20031114,0.135,0.155,0.135,0.155,40500
CDX,20031114,2.56,2.74,2.55,2.74,7000
CED,20031114,0.085,0.085,0.085,0.085,95000
CEP,20031114,3.69,3.72,3.69,3.7,1871917
CEQ,20031114,1.95,1.97,1.94,1.97,18794
CEY,20031114,2.51,2.52,2.47,2.49,109101
CFG,20031114,0.495,0.495,0.49,0.495,926786
CFI,20031114,0.6,0.6,0.59,0.59,35068
CFR,20031114,0.048,0.05,0.048,0.048,5623443
CFS,20031114,0.44,0.44,0.4,0.4,31157
CGO,20031114,0.64,0.64,0.64,0.64,47000
CGX,20031114,0.4,0.42,0.4,0.42,50500
CHB,20031114,27.5,27.6,27.5,27.6,185
CHF,20031114,0.34,0.34,0.34,0.34,56500
CHL,20031114,0.145,0.145,0.14,0.145,153436
CHM,20031114,0.2,0.2,0.2,0.2,20000
CHO,20031114,18.51,18.51,18.11,18.11,613
CHQ,20031114,0.88,0.91,0.88,0.89,71621
CHT,20031114,0.016,0.016,0.016,0.016,541000
CHY,20031114,1.57,1.57,1.55,1.56,76028
CID,20031114,0.16,0.16,0.16,0.16,7000
CIN,20031114,13.1,13.2,13,13,1300
CIR,20031114,2.05,2.08,1.93,2,65940
CIY,20031114,3.56,3.6,3.56,3.58,36090
CKG,20031114,0.091,0.091,0.088,0.088,1949536
CKR,20031114,0.66,0.68,0.66,0.67,25982
CLH,20031114,1.75,1.76,1.74,1.76,78083
CLO,20031114,0.74,0.75,0.73,0.74,211349
CLT,20031114,0.91,1,0.9,0.96,202865
CLV,20031114,0.53,0.54,0.52,0.52,60077
CMI,20031114,2.08,2.1,2.08,2.1,3300
CML,20031114,7.68,7.68,7.56,7.61,2555871
CMQ,20031114,5.75,5.8,5.7,5.7,80958
CMR,20031114,0.4,0.4,0.37,0.38,80690
CMS,20031114,0.055,0.06,0.05,0.06,225000
CMW,20031114,0.11,0.11,0.11,0.11,339073
CMX,20031114,0.175,0.175,0.17,0.17,206000
CNB,20031114,1.66,1.66,1.64,1.64,3900
CND,20031114,1.4,1.4,1.38,1.39,40813
CNF,20031114,0.06,0.06,0.06,0.06,10000
CNM,20031114,0.028,0.028,0.027,0.027,450000
CNN,20031114,0.098,0.098,0.097,0.097,60000
CNT,20031114,0.33,0.34,0.33,0.34,518601
COA,20031114,2.85,2.91,2.85,2.88,684402
COE,20031114,0.235,0.235,0.235,0.235,110000
COF,20031114,5.24,5.24,5.12,5.19,17120
COH,20031114,30.77,30.86,30.75,30.81,314564
COO,20031114,0.036,0.038,0.036,0.038,370000
COS,20031114,0.24,0.24,0.24,0.24,4100
COU,20031114,0.74,0.75,0.74,0.74,85000
CPA,20031114,1.13,1.14,1.12,1.12,4984664
CPB,20031114,6.05,6.1,6.05,6.1,6923
CPC,20031114,0.355,0.355,0.355,0.355,5800
CPI,20031114,0.95,0.96,0.94,0.96,41100
CPK,20031114,3.3,3.3,3.3,3.3,5500
CPN,20031114,0.08,0.08,0.08,0.08,300000
CPS,20031114,0.21,0.21,0.2,0.2,15000
CPU,20031114,3.44,3.44,3.33,3.33,1949372
CQT,20031114,0.4,0.405,0.385,0.385,383955
CRD,20031114,0.2,0.2,0.2,0.2,32500
CRG,20031114,9.1,9.3,9.1,9.29,134360
CRL,20031114,0.089,0.089,0.085,0.085,66000
CRP,20031114,0.235,0.235,0.23,0.23,127100
CRS,20031114,0.71,0.72,0.7,0.71,2894455
CRT,20031114,0.64,0.64,0.64,0.64,5000
CRU,20031114,0.53,0.54,0.52,0.52,43390
CSI,20031114,0.33,0.33,0.31,0.315,2015923
CSL,20031114,16.95,16.95,16.78,16.91,152307
CSM,20031114,1.03,1.03,1.01,1.01,184606
CSR,20031114,1.97,1.98,1.93,1.94,2009988
CST,20031114,1.53,1.53,1.46,1.5,42119
CSY,20031114,0.037,0.039,0.037,0.039,216000
CTI,20031114,0.52,0.55,0.52,0.55,279276
CTL,20031114,1.45,1.45,1.41,1.42,5595
CTO,20031114,0.285,0.285,0.28,0.28,130064
CTX,20031114,4.35,4.35,4.3,4.33,329119
CUL,20031114,0.058,0.06,0.056,0.056,2065147
CUS,20031114,0.096,0.096,0.096,0.096,20000
CVC,20031114,1.05,1.05,1.05,1.05,363295
CVL,20031114,0.043,0.044,0.043,0.044,320000
CVN,20031114,0.038,0.038,0.038,0.038,60000
CWG,20031114,0.2,0.235,0.185,0.235,117250
CWH,20031114,0.175,0.175,0.175,0.175,500
CWP,20031114,1.35,1.4,1.35,1.4,16500
CXP,20031114,4.41,4.5,4.32,4.32,709762
CYD,20031114,0.31,0.31,0.285,0.285,299500
CYG,20031114,5.58,5.58,5.58,5.58,1000
DDF,20031114,1.14,1.15,1.14,1.15,1646834
DDV,20031114,0.135,0.135,0.135,0.135,26666
DEG,20031114,0.18,0.185,0.18,0.185,76200
DES,20031114,0.067,0.067,0.066,0.067,32717
DFT,20031114,0.026,0.027,0.025,0.025,3423192
DGM,20031114,0.038,0.038,0.037,0.037,35000
DGR,20031114,0.19,0.205,0.19,0.19,234500
DID,20031114,0.085,0.087,0.085,0.086,541600
DIO,20031114,0.14,0.145,0.135,0.14,1929209
DIT,20031114,1.74,1.75,1.74,1.75,180675
DJS,20031114,1.36,1.38,1.35,1.38,296326
DJW,20031114,3.4,3.4,3.38,3.4,33495
DKN,20031114,0.12,0.125,0.12,0.125,86100
DLS,20031114,0.058,0.058,0.058,0.058,1287250
DMX,20031114,0.12,0.125,0.12,0.125,150000
DNS,20031114,0.28,0.28,0.28,0.28,20000
DNX,20031114,0.17,0.17,0.15,0.15,20000
DOM,20031114,0.71,0.72,0.7,0.7,465000
DOT,20031114,1.1,1.1,1.09,1.1,4183390
DOW,20031114,0.94,0.95,0.94,0.95,880968
DPL,20031114,0.95,0.98,0.95,0.98,41900
DRA,20031114,0.265,0.27,0.265,0.27,275500
DRD,20031114,3.9,4,3.9,4,11753
DTL,20031114,1.79,1.79,1.79,1.79,10000
DUI,20031114,1.86,1.86,1.8,1.8,17375
DVC,20031114,2.33,2.33,2.27,2.3,40656
DVN,20031114,0.65,0.66,0.64,0.65,230169
DWY,20031114,0.62,0.66,0.62,0.66,114747
DYL,20031114,0.03,0.03,0.03,0.03,1570000
EBG,20031114,0.14,0.14,0.135,0.135,20000
EBR,20031114,0.068,0.07,0.068,0.07,342194
EBT,20031114,0.115,0.115,0.115,0.115,131904
ECU,20031114,0.033,0.037,0.033,0.037,1014030
EDN,20031114,0.1,0.1,0.094,0.094,162000
EGI,20031114,0.075,0.075,0.075,0.075,200000
EGL,20031114,0.305,0.32,0.305,0.32,558839
EGO,20031114,0.013,0.013,0.012,0.013,643700
EHO,20031114,0.051,0.054,0.05,0.05,1189000
EIF,20031114,0.16,0.16,0.155,0.155,389866
EIR,20031114,0.036,0.036,0.033,0.035,2664980
EKL,20031114,0.075,0.075,0.075,0.075,47500
ELL,20031114,0.23,0.235,0.22,0.22,79737
ELX,20031114,0.32,0.34,0.3,0.33,188500
EMI,20031114,0.088,0.088,0.087,0.087,600000
EMM,20031114,0.085,0.085,0.085,0.085,50000
EMP,20031114,0.63,0.66,0.63,0.66,536296
EMS,20031114,0.465,0.465,0.46,0.46,53000
ENE,20031114,2.42,2.43,2.41,2.41,927769
ENV,20031114,0.98,0.98,0.97,0.98,445147
EOS,20031114,2.5,2.54,2.5,2.54,9506
EPT,20031114,0.64,0.68,0.63,0.68,601741
EQI,20031114,1.66,1.69,1.66,1.66,431959
EQR,20031114,0.3,0.305,0.3,0.3,141682
EQS,20031114,0.165,0.17,0.15,0.15,688302
EQT,20031114,5.5,5.5,5.5,5.5,1000
EQX,20031114,0.43,0.435,0.42,0.43,415000
ERA,20031114,3.4,3.6,3.4,3.4,16959
ERG,20031114,1.4,1.4,1.36,1.36,550230
ESG,20031114,0.1,0.1,0.095,0.095,891907
ESL,20031114,0.19,0.19,0.19,0.19,12000
ETR,20031114,0.94,0.95,0.94,0.95,39750
ETT,20031114,0.081,0.083,0.08,0.083,1076143
ETW,20031114,1.3,1.3,1.26,1.26,105343
EUG,20031114,0.078,0.08,0.078,0.08,4587656
EWC,20031114,0.033,0.033,0.032,0.032,410410
EWL,20031114,0.045,0.045,0.045,0.045,36000
EXS,20031114,0.24,0.24,0.235,0.235,128474
EXT,20031114,0.022,0.022,0.02,0.021,5075739
EZE,20031114,0.235,0.235,0.23,0.235,139350
EZL,20031114,0.79,0.79,0.79,0.79,2000
FAN,20031114,3.7,3.7,3.68,3.7,62008
FAR,20031114,0.045,0.045,0.043,0.044,575000
FBU,20031114,3.61,3.61,3.59,3.59,153900
FCL,20031114,1.47,1.47,1.44,1.47,664526
FCN,20031114,0.15,0.16,0.15,0.16,575290
FCO,20031114,0.225,0.225,0.22,0.22,69500
FDL,20031114,0.053,0.055,0.052,0.052,507666
FEA,20031114,0.21,0.21,0.205,0.205,63410
FFL,20031114,2.08,2.1,2.08,2.1,28254
FGL,20031114,4.38,4.38,4.33,4.33,9087984
FKP,20031114,2.52,2.52,2.48,2.51,117542
FLK,20031114,0.75,0.76,0.75,0.76,21100
FLO,20031114,0.028,0.028,0.024,0.024,1540000
FLT,20031114,22,22,21.45,21.45,59257
FMG,20031114,0.34,0.36,0.34,0.35,508275
FOA,20031114,19.35,19.4,19.3,19.4,189705
FPF,20031114,1.15,1.15,1.14,1.14,12841
FPG,20031114,0.51,0.51,0.5,0.5,325391
FPH,20031114,10.31,10.31,10.31,10.31,2745
FRL,20031114,0.165,0.17,0.165,0.17,621000
FTR,20031114,0.66,0.66,0.64,0.64,13000
FUN,20031114,1.86,1.9,1.85,1.9,253345
FUT,20031114,0.008,0.009,0.008,0.008,1531211
FWD,20031114,5.65,5.65,5.51,5.52,51467
FXJ,20031114,3.43,3.43,3.39,3.41,2973663
FXR,20031114,0.57,0.58,0.56,0.56,49590
GAN,20031114,1.27,1.29,1.27,1.29,7933420
GAP,20031114,2.66,2.7,2.65,2.7,45453
GAS,20031114,2.06,2.07,2.05,2.06,258588
GBG,20031114,0.235,0.235,0.225,0.23,584670
GBN,20031114,0.06,0.06,0.06,0.06,14000
GBP,20031114,0.185,0.185,0.185,0.185,5000
GBR,20031114,0.51,0.56,0.475,0.475,70398
GCA,20031114,0.913,0.913,0.913,0.913,52000
GCN,20031114,0.076,0.076,0.076,0.076,40000
GCR,20031114,0.081,0.081,0.079,0.079,370779
GDA,20031114,0.02,0.02,0.02,0.02,7293334
GDM,20031114,0.52,0.53,0.5,0.5,18410
GDN,20031114,0.06,0.061,0.06,0.061,4117700
GDP,20031114,0.49,0.53,0.48,0.53,166596
GDR,20031114,0.355,0.355,0.355,0.355,1154
GDY,20031114,1.15,1.16,1.1,1.1,53981
GED,20031114,0.095,0.095,0.095,0.095,10000
GEL,20031114,0.21,0.22,0.21,0.22,391060
GFD,20031114,0.87,0.89,0.87,0.89,87635
GGL,20031114,0.53,0.54,0.52,0.53,360571
GGN,20031114,0.31,0.315,0.3,0.3,379263
GGP,20031114,0.25,0.26,0.25,0.26,87500
GGY,20031114,0.069,0.069,0.065,0.065,966891
GHG,20031114,0.64,0.65,0.64,0.65,58772
GIR,20031114,0.155,0.155,0.155,0.155,5000
GKR,20031114,0.24,0.24,0.23,0.23,589500
GLB,20031114,0.53,0.54,0.52,0.52,461427
GLN,20031114,0.305,0.305,0.3,0.3,30000
GML,20031114,0.165,0.165,0.16,0.16,161756
GNC,20031114,13.4,13.41,13.4,13.41,13083
GNS,20031114,12.05,12.05,11.8,11.97,773899
GOA,20031114,0.175,0.175,0.175,0.175,9639
GOG,20031114,0.19,0.19,0.19,0.19,50000
GOW,20031114,2.42,2.5,2.42,2.5,27063
GPG,20031114,1.6,1.6,1.59,1.6,862625
GPN,20031114,0.038,0.04,0.03,0.032,14270939
GPT,20031114,2.82,2.84,2.82,2.84,2063561
GRD,20031114,1.92,1.92,1.9,1.92,249661
GRN,20031114,0.69,0.72,0.69,0.71,415681
GRO,20031114,0.77,0.77,0.75,0.75,12300
GRP,20031114,1.54,1.54,1.54,1.54,2000
GRR,20031114,0.37,0.385,0.37,0.385,30000
GSE,20031114,0.076,0.082,0.076,0.08,999900
GTG,20031114,0.51,0.52,0.51,0.51,360500
GTM,20031114,0.084,0.084,0.082,0.084,2012348
GTP,20031114,1.48,1.5,1.47,1.49,457990
GUD,20031114,6.3,6.3,6.26,6.3,102384
GUN,20031114,0.25,0.26,0.24,0.25,686224
GVM,20031114,0.027,0.028,0.027,0.028,1086280
GWT,20031114,2.78,2.79,2.76,2.77,273150
GYM,20031114,0.59,0.59,0.57,0.57,222006
HAO,20031114,0.115,0.115,0.11,0.11,36000
HAV,20031114,0.315,0.315,0.31,0.31,149300
HBL,20031114,0.56,0.56,0.54,0.54,32129
HCN,20031114,1.2,1.21,1.2,1.2,9500
HCY,20031114,0.034,0.036,0.034,0.035,4381265
HDN,20031114,0.175,0.175,0.175,0.175,22957
HDR,20031114,0.73,0.74,0.71,0.72,2212390
HEG,20031114,0.26,0.26,0.26,0.26,10350
HER,20031114,0.79,0.79,0.76,0.76,92221
HGO,20031114,0.18,0.18,0.18,0.18,7500
HGR,20031114,0.041,0.041,0.041,0.041,5375
HHL,20031114,4.48,4.49,4.48,4.49,13872
HHM,20031114,0.3,0.31,0.3,0.3,85586
HIC,20031114,0.6,0.6,0.6,0.6,85000
HIG,20031114,0.455,0.475,0.455,0.46,3221161
HIL,20031114,3.75,3.75,3.7,3.75,24248
HIT,20031114,0.095,0.095,0.095,0.095,51664
HJB,20031114,0.385,0.385,0.385,0.385,45000
HLD,20031114,0.52,0.52,0.52,0.52,20000
HLL,20031114,0.045,0.05,0.045,0.05,458916
HLM,20031114,0.11,0.11,0.11,0.11,7800
HLT,20031114,0.435,0.435,0.4,0.4,61450
HLX,20031114,0.235,0.24,0.235,0.24,11800
HLY,20031114,6.3,6.34,6.28,6.28,135979
HMC,20031114,0.036,0.036,0.035,0.035,112500
HME,20031114,4.95,5,4.9,5,29941
HNG,20031114,1.67,1.67,1.67,1.67,26760
HOM,20031114,0.405,0.405,0.405,0.405,77300
HPX,20031114,1.47,1.47,1.43,1.43,30258
HRD,20031114,0.35,0.35,0.35,0.35,10000
HRR,20031114,0.175,0.175,0.175,0.175,53588
HRZ,20031114,0.079,0.08,0.079,0.08,500000
HSC,20031114,0.17,0.17,0.17,0.17,440000
HSN,20031114,0.3,0.3,0.295,0.295,37147
HSP,20031114,3.06,3.07,3.04,3.07,66629
HTA,20031114,0.29,0.295,0.29,0.295,83741
HTE,20031114,0.058,0.06,0.058,0.058,110000
HTL,20031114,0.175,0.18,0.175,0.175,57500
HUG,20031114,0.105,0.105,0.1,0.1,16000
HVN,20031114,3.14,3.15,3.11,3.12,250327
HWE,20031114,1.19,1.2,1.18,1.2,289397
HWI,20031114,2.68,2.7,2.68,2.7,141733
HWT,20031114,1.27,1.27,1.25,1.25,2201083
HWW,20031114,0.068,0.068,0.068,0.068,6865
HYO,20031114,0.016,0.016,0.016,0.016,360000
HZN,20031114,0.078,0.078,0.077,0.077,254500
IAG,20031114,4.38,4.4,4.33,4.35,3644442
IAS,20031114,1.13,1.16,1.13,1.13,365200
IBA,20031114,0.145,0.15,0.14,0.14,40000
IBC,20031114,0.55,0.56,0.55,0.56,196137
ICH,20031114,0.035,0.035,0.035,0.035,75000
ICN,20031114,0.035,0.035,0.034,0.034,208000
ICO,20031114,0.004,0.005,0.004,0.005,7278048
ICP,20031114,0.12,0.12,0.12,0.12,14000
ICS,20031114,0.455,0.475,0.455,0.46,98903
IDT,20031114,1.9,1.9,1.85,1.85,13269
IEQ,20031114,0.033,0.033,0.033,0.033,10240
IFC,20031114,0.32,0.32,0.32,0.32,52538
IFM,20031114,0.94,0.94,0.91,0.91,477578
IGL,20031114,0.42,0.42,0.4,0.405,224735
IGO,20031114,1.16,1.18,1.14,1.14,175380
IGP,20031114,2.6,2.6,2.6,2.6,39325
IHG,20031114,0.5,0.52,0.495,0.495,151000
IIF,20031114,1.65,1.65,1.64,1.65,397185
IIG,20031114,0.01,0.01,0.01,0.01,4314
IIN,20031114,3.26,3.29,3.26,3.29,45399
ILU,20031114,4.45,4.48,4.35,4.36,288792
IMA,20031114,0.355,0.365,0.355,0.365,354700
IMD,20031114,0.195,0.195,0.195,0.195,130000
IMF,20031114,1,1.05,0.99,0.99,1102750
IMP,20031114,0.013,0.013,0.012,0.012,2670666
IMU,20031114,0.275,0.275,0.26,0.26,139033
IMW,20031114,0.016,0.016,0.016,0.016,500000
INL,20031114,0.055,0.06,0.055,0.06,467562
INP,20031114,0.19,0.19,0.185,0.19,154800
INT,20031114,0.054,0.056,0.054,0.054,1673500
INV,20031114,0.086,0.086,0.086,0.086,10000
IOC,20031114,2.87,2.92,2.87,2.92,4600
IOF,20031114,1.1,1.11,1.09,1.1,786104
ION,20031114,2.35,2.38,2.34,2.35,271313
IPG,20031114,1.86,1.88,1.85,1.86,2498084
IPL,20031114,15.91,15.95,15.91,15.91,3365
IPN,20031114,0.053,0.053,0.051,0.052,709166
IRE,20031114,2.5,2.5,2.47,2.49,181208
IRI,20031114,0.205,0.21,0.205,0.205,86099
IRN,20031114,0.47,0.475,0.47,0.47,407200
ITC,20031114,0.039,0.039,0.039,0.039,75000
ITD,20031114,0.69,0.72,0.69,0.72,895800
ITE,20031114,0.22,0.22,0.21,0.21,127166
IVK,20031114,0.031,0.032,0.031,0.032,1708374
IVN,20031114,11.7,11.7,11.7,11.7,100
IWF,20031114,1.6,1.62,1.6,1.62,102633
IWI,20031114,1.85,1.86,1.84,1.84,43905
IWL,20031114,0.28,0.28,0.275,0.275,102113
JAK,20031114,0.235,0.245,0.235,0.245,50967
JAM,20031114,0.26,0.26,0.26,0.26,16000
JBH,20031114,2.16,2.17,2.15,2.16,1298985
JBK,20031114,0.065,0.065,0.065,0.065,15000
JBM,20031114,4.25,4.28,4.22,4.27,389837
JDV,20031114,0.51,0.55,0.51,0.55,144799
JET,20031114,0.25,0.25,0.24,0.24,238400
JFG,20031114,2.73,2.75,2.73,2.75,343284
JFM,20031114,1.12,1.12,1.11,1.12,121549
JHX,20031114,7.3,7.33,7.23,7.25,1185566
JRR,20031114,0.72,0.72,0.71,0.71,76317
JRV,20031114,0.015,0.015,0.014,0.015,1430000
JYC,20031114,0.65,0.65,0.65,0.65,4480
KAZ,20031114,0.28,0.28,0.275,0.28,947140
KBO,20031114,0.064,0.064,0.064,0.064,54700
KCG,20031114,0.035,0.035,0.035,0.035,406259
KCN,20031114,3.92,3.92,3.88,3.88,180013
KET,20031114,0.18,0.195,0.18,0.195,5500
KIA,20031114,0.66,0.69,0.65,0.65,191828
KIM,20031114,1.06,1.07,1.05,1.07,886332
KLM,20031114,0.345,0.345,0.345,0.345,3000
KLS,20031114,0.027,0.027,0.027,0.027,550000
KME,20031114,0.68,0.69,0.66,0.69,46700
KOV,20031114,2.62,2.62,2.62,2.62,4000
KRS,20031114,0.62,0.64,0.62,0.64,144950
KSC,20031114,4.51,4.51,4.45,4.45,8608
KYC,20031114,1.2,1.2,1.2,1.2,10350
KZL,20031114,1.06,1.06,1.02,1.04,234775
LAF,20031114,0.12,0.12,0.115,0.115,2387050
LAK,20031114,0.135,0.135,0.135,0.135,1209
LAU,20031114,0.35,0.35,0.35,0.35,20960
LCL,20031114,0.82,0.82,0.81,0.81,7000
LCO,20031114,2.24,2.26,2.24,2.26,5760
LDW,20031114,3.7,3.74,3.7,3.72,5741
LEG,20031114,0.08,0.082,0.08,0.08,369400
LEI,20031114,11.48,11.59,11.48,11.5,336588
LEL,20031114,0.15,0.15,0.15,0.15,36500
LEP,20031114,1.04,1.06,1.04,1.05,1943267
LEV,20031114,2.75,2.75,2.75,2.75,11000
LGO,20031114,0.025,0.025,0.025,0.025,26000
LHG,20031114,1.63,1.7,1.62,1.69,23257927
LIM,20031114,7.9,8.15,7.9,8.05,9384
LIO,20031114,0.006,0.007,0.006,0.006,2690000
LKO,20031114,0.026,0.027,0.025,0.027,4917472
LLC,20031114,10.35,10.44,10.28,10.37,1148160
LMC,20031114,2.36,2.4,2.34,2.4,21867
LNN,20031114,5.72,5.82,5.71,5.8,1549594
LOK,20031114,0.105,0.11,0.105,0.105,1913359
LRX,20031114,0.19,0.19,0.19,0.19,2000
LSG,20031114,2.36,2.36,2.33,2.34,469400
LUM,20031114,0.63,0.63,0.61,0.61,407737
LUO,20031114,1.26,1.27,1.25,1.27,2014693
LYC,20031114,0.65,0.65,0.62,0.62,685401
MAG,20031114,1.45,1.45,1.43,1.43,8143
MAH,20031114,0.31,0.31,0.305,0.305,564096
MAP,20031114,1.76,1.84,1.76,1.83,8220612
MAQ,20031114,0.275,0.275,0.26,0.26,67000
MAR,20031114,0.21,0.22,0.21,0.22,46500
MAY,20031114,3.51,3.51,3.49,3.5,2739944
MBG,20031114,0.047,0.047,0.046,0.047,391048
MBL,20031114,35.5,35.55,34.1,34.4,1300909
MBP,20031114,0.95,0.96,0.93,0.93,199868
MBX,20031114,0.073,0.09,0.073,0.082,1296418
MCA,20031114,0.8,0.8,0.78,0.8,22000
MCC,20031114,1.14,1.14,1.11,1.11,135277
MCG,20031114,2.9,2.95,2.9,2.95,112391
MCK,20031114,0.82,0.91,0.82,0.9,138370
MCL,20031114,0.011,0.011,0.011,0.011,20000
MCO,20031114,0.095,0.097,0.092,0.095,169500
MCP,20031114,4.22,4.22,4.21,4.21,33464
MCR,20031114,0.79,0.79,0.76,0.78,1591119
MCW,20031114,1.63,1.64,1.63,1.64,249701
MDE,20031114,1.17,1.22,1.17,1.22,218122
MDL,20031114,0.34,0.36,0.33,0.345,149907
MDM,20031114,0.09,0.09,0.086,0.088,443334
MDS,20031114,0.14,0.15,0.14,0.15,468100
MEE,20031114,0.12,0.12,0.12,0.12,228666
MEO,20031114,0.092,0.092,0.092,0.092,79070
MFI,20031114,0.89,0.89,0.89,0.89,3900
MFS,20031114,1.35,1.35,1.35,1.35,2300
MFT,20031114,0.92,0.93,0.92,0.93,42574
MGI,20031114,1.55,1.56,1.54,1.55,4827065
MGM,20031114,2.4,2.49,2.4,2.49,2952
MGO,20031114,0.17,0.17,0.165,0.17,538047
MGR,20031114,4.19,4.24,4.19,4.21,1307980
MGW,20031114,4.66,4.68,4.64,4.68,177001
MGX,20031114,0.19,0.195,0.185,0.19,612418
MIA,20031114,0.66,0.67,0.66,0.67,942551
MIC,20031114,0.13,0.13,0.125,0.13,966100
MIG,20031114,3.13,3.14,3.11,3.12,4098061
MIK,20031114,0.051,0.052,0.05,0.052,74000
MIL,20031114,0.076,0.079,0.075,0.075,287000
MIR,20031114,1.27,1.3,1.27,1.27,56080
MIS,20031114,0.35,0.375,0.34,0.37,340363
MLB,20031114,0.55,0.56,0.55,0.56,35000
MLE,20031114,0.96,0.96,0.95,0.96,327342
MLT,20031114,13.5,13.5,13.37,13.48,5568
MMN,20031114,0.165,0.17,0.16,0.17,2094262
MND,20031114,4.89,4.9,4.88,4.88,22250
MNR,20031114,1.04,1.04,1.01,1.03,344749
MOD,20031114,0.32,0.32,0.32,0.32,100000
MOF,20031114,1.11,1.12,1.11,1.12,1466903
MOO,20031114,0.135,0.135,0.125,0.125,728510
MOS,20031114,0.18,0.18,0.18,0.18,51000
MPD,20031114,0.25,0.25,0.25,0.25,40000
MPH,20031114,0.54,0.54,0.53,0.53,140100
MPI,20031114,0.095,0.1,0.094,0.099,2723850
MPM,20031114,1.65,1.65,1.62,1.62,303767
MPO,20031114,0.063,0.066,0.063,0.066,623750
MPR,20031114,1.02,1.04,1.02,1.03,1594402
MRC,20031114,0.33,0.33,0.32,0.32,169505
MRL,20031114,1.85,1.86,1.84,1.85,476404
MRM,20031114,0.365,0.395,0.365,0.395,550599
MRS,20031114,0.33,0.33,0.33,0.33,20000
MRT,20031114,0.28,0.28,0.27,0.27,30000
MRX,20031114,0.088,0.088,0.085,0.086,1999989
MRY,20031114,0.011,0.011,0.011,0.011,1110182
MSC,20031114,0.135,0.135,0.13,0.13,2756514
MSF,20031114,6.5,6.5,6.5,6.5,8320
MST,20031114,0.455,0.465,0.45,0.465,65293
MTB,20031114,0.125,0.125,0.115,0.115,26052
MTD,20031114,0.235,0.25,0.21,0.25,481215
MTH,20031114,0.475,0.475,0.46,0.46,15000
MTI,20031114,0.6,0.65,0.6,0.64,813010
MTR,20031114,0.335,0.34,0.33,0.33,195714
MTT,20031114,2.48,2.49,2.45,2.45,282970
MUL,20031114,0.092,0.095,0.088,0.092,63436734
MUR,20031114,0.031,0.033,0.03,0.033,176066
MWE,20031114,0.28,0.28,0.28,0.28,218387
MWR,20031114,0.016,0.017,0.016,0.017,628000
MXA,20031114,0.005,0.005,0.005,0.005,80000
MXI,20031114,0.72,0.72,0.71,0.71,208373
MXL,20031114,0.095,0.105,0.092,0.105,1869843
MYO,20031114,1.02,1.02,1.02,1.02,13413
NAB,20031114,29.88,30.13,29.62,29.63,4957117
NAI,20031114,0.051,0.054,0.051,0.054,148000
NAL,20031114,1.93,1.94,1.79,1.79,1269802
NAM,20031114,0.375,0.385,0.375,0.38,37370
NAV,20031114,0.18,0.185,0.17,0.17,548462
NBL,20031114,1.66,1.66,1.65,1.66,2100
NCA,20031114,0.07,0.07,0.059,0.059,616000
NCH,20031114,0.17,0.17,0.17,0.17,27000
NCI,20031114,1.54,1.54,1.52,1.52,56014
NCM,20031114,13.02,13.14,12.9,13.14,601256
NCP,20031114,12.3,12.36,12.18,12.2,10460975
NDC,20031114,0.22,0.23,0.22,0.23,187345
NDO,20031114,0.015,0.015,0.015,0.015,1320000
NEM,20031114,6.08,6.09,6.03,6.06,53731
NFD,20031114,4,4.04,3.98,4.04,216567
NHC,20031114,0.57,0.57,0.57,0.57,16484
NHE,20031114,0.15,0.15,0.15,0.15,145400
NHL,20031114,0.185,0.19,0.185,0.19,13000
NHM,20031114,0.013,0.013,0.013,0.013,50000
NHR,20031114,0.19,0.19,0.19,0.19,5000
NIA,20031114,0.077,0.081,0.077,0.079,90220
NKP,20031114,1.05,1.05,1.03,1.03,62000
NNG,20031114,0.29,0.29,0.29,0.29,25000
NPS,20031114,0.85,0.85,0.85,0.85,10000
NRT,20031114,6.63,6.63,6.35,6.4,180500
NTC,20031114,0.23,0.24,0.23,0.24,46600
NTG,20031114,0.086,0.086,0.075,0.076,1444906
NUF,20031114,5,5.02,4.79,4.79,173096
NVE,20031114,0.245,0.245,0.24,0.245,50937
NVS,20031114,1.3,1.3,1.27,1.28,130417
NWA,20031114,0.082,0.082,0.082,0.082,30600
NWE,20031114,0.039,0.039,0.039,0.039,36131
NWK,20031114,0.32,0.32,0.3,0.3,80000
NXS,20031114,0.088,0.088,0.085,0.085,10935
OCL,20031114,0.27,0.27,0.27,0.27,2100
OCO,20031114,0.03,0.031,0.029,0.031,661237
OEC,20031114,0.16,0.16,0.16,0.16,339800
OEX,20031114,0.205,0.22,0.205,0.22,178740
OFM,20031114,2,2,1.98,1.99,93769
OHL,20031114,0.024,0.024,0.022,0.022,210000
OIL,20031114,0.44,0.44,0.43,0.43,69663
OKN,20031114,1.3,1.31,1.29,1.31,18730
OMI,20031114,3.8,3.84,3.78,3.78,12955
OMP,20031114,3.4,3.4,3.37,3.38,46021
OPI,20031114,0.22,0.22,0.22,0.22,20866
OPL,20031114,0.09,0.09,0.085,0.085,264350
OPM,20031114,0.014,0.015,0.014,0.014,8220570
OPS,20031114,3.76,3.76,3.76,3.76,2500
ORG,20031114,4.3,4.3,4.28,4.28,1909790
ORI,20031114,13.2,13.25,13.1,13.13,867563
ORL,20031114,6.25,6.25,6.25,6.25,5290
ORO,20031114,0.17,0.185,0.17,0.18,906436
ORP,20031114,0.03,0.03,0.029,0.03,1864118
OSH,20031114,0.98,0.99,0.97,0.97,821368
OST,20031114,2,2.02,2,2.01,621573
OXR,20031114,1.08,1.09,1.06,1.07,3191571
PBB,20031114,4.6,4.77,4.6,4.75,140140
PBD,20031114,1.3,1.3,1.29,1.3,30800
PBI,20031114,0.405,0.42,0.4,0.405,94880
PBL,20031114,11.78,11.78,11.67,11.71,657054
PBO,20031114,0.77,0.77,0.7,0.7,62500
PBT,20031114,0.55,0.6,0.51,0.54,243400
PCG,20031114,0.385,0.385,0.37,0.375,1369122
PCL,20031114,0.054,0.057,0.054,0.057,780711
PCO,20031114,0.048,0.049,0.048,0.049,119750
PDG,20031114,23,23,22.9,22.9,24107
PDN,20031114,0.021,0.021,0.019,0.019,1270000
PDR,20031114,0.105,0.105,0.105,0.105,12500
PEA,20031114,0.33,0.33,0.33,0.33,7518
PEL,20031114,0.094,0.099,0.094,0.099,37500
PEM,20031114,1.08,1.1,1.07,1.09,501397
PEP,20031114,0.78,0.8,0.78,0.8,75700
PFP,20031114,0.51,0.51,0.51,0.51,5000
PGL,20031114,1.47,1.47,1.47,1.47,1600
PHL,20031114,0.13,0.13,0.13,0.13,100000
PHY,20031114,3.07,3.1,3.06,3.1,30614
PIE,20031114,0.041,0.044,0.04,0.04,230000
PIF,20031114,1.05,1.07,1.05,1.07,98577
PIL,20031114,0.23,0.24,0.22,0.22,457934
PIV,20031114,1.4,1.42,1.4,1.42,149900
PKT,20031114,0.022,0.024,0.022,0.024,84500
PLA,20031114,0.22,0.22,0.22,0.22,8000
PLT,20031114,0.86,0.88,0.85,0.85,56258
PLW,20031114,4,4,4,4,1000
PMC,20031114,2.23,2.25,2.22,2.25,81410
PME,20031114,0.91,0.92,0.85,0.85,97959
PMG,20031114,8.1,8.1,8,8.1,30689
PMH,20031114,0.029,0.029,0.028,0.028,50000
PMM,20031114,1.53,1.55,1.53,1.54,1459322
PMN,20031114,3.29,3.31,3.27,3.28,4232870
PMP,20031114,1.18,1.19,1.17,1.18,481172
PMX,20031114,0.17,0.17,0.15,0.15,74521
PNA,20031114,0.105,0.115,0.105,0.115,12700261
PNH,20031114,0.049,0.05,0.049,0.05,427500
PPB,20031114,3.65,3.65,3.65,3.65,3000
PPD,20031114,0.67,0.72,0.67,0.72,125600
PPK,20031114,0.9,0.94,0.9,0.91,85480
PPP,20031114,0.09,0.09,0.09,0.09,103125
PPR,20031114,0.65,0.65,0.65,0.65,100000
PPT,20031114,40.4,40.9,40.4,40.9,55098
PPX,20031114,4.85,4.85,4.75,4.77,1288931
PRE,20031114,0.023,0.025,0.023,0.025,753016
PRG,20031114,2.47,2.5,2.47,2.5,20195
PRK,20031114,14.6,14.78,14.48,14.65,314587
PRM,20031114,0.13,0.145,0.13,0.145,10500
PRR,20031114,0.3,0.3,0.295,0.295,94600
PRT,20031114,2.55,2.55,2.51,2.54,49064
PRX,20031114,0.75,0.76,0.75,0.76,279961
PRY,20031114,4.77,5,4.77,5,287338
PSA,20031114,0.82,0.85,0.8,0.84,271725
PSD,20031114,0.58,0.58,0.56,0.57,276750
PSG,20031114,0.295,0.3,0.29,0.29,148103
PSI,20031114,0.235,0.235,0.235,0.235,21333
PSL,20031114,0.053,0.056,0.048,0.048,11780
PSV,20031114,0.36,0.365,0.35,0.36,4573677
PSX,20031114,0.275,0.3,0.275,0.295,1262709
PTD,20031114,1.31,1.4,1.29,1.4,5432651
PTS,20031114,0.14,0.14,0.14,0.14,10000
PWR,20031114,0.041,0.041,0.038,0.04,1612940
PWT,20031114,0.042,0.044,0.042,0.043,4095600
PXS,20031114,0.44,0.45,0.435,0.45,516000
QAD,20031114,0.042,0.048,0.042,0.045,418000
QAN,20031114,3.46,3.47,3.42,3.43,3637168
QBE,20031114,10.67,10.74,10.59,10.69,2151066
QCH,20031114,3.32,3.32,3.3,3.3,30522
QED,20031114,0.038,0.038,0.037,0.037,332500
QGC,20031114,0.205,0.205,0.2,0.205,248201
QML,20031114,0.15,0.15,0.145,0.145,16000
QPX,20031114,0.46,0.465,0.46,0.46,141150
QRS,20031114,0.16,0.16,0.16,0.16,372550
QTK,20031114,0.004,0.005,0.004,0.004,2790000
QTM,20031114,0.51,0.51,0.465,0.465,166824
QUE,20031114,0.205,0.205,0.185,0.2,37004
QUR,20031114,0.06,0.06,0.06,0.06,98500
QVL,20031114,0.012,0.012,0.011,0.012,570750
RAC,20031114,0.41,0.41,0.41,0.41,16000
RBK,20031114,0.56,0.56,0.53,0.54,303967
RBS,20031114,6.99,6.99,6.94,6.94,2162
RCD,20031114,3.05,3.06,3.05,3.06,158101
RCR,20031114,0.43,0.44,0.43,0.44,22363
RDF,20031114,0.88,0.88,0.83,0.83,125817
RDM,20031114,0.34,0.34,0.325,0.335,101292
REA,20031114,0.55,0.55,0.55,0.55,1000
REB,20031114,3.27,3.27,3.24,3.27,37700
RED,20031114,0.17,0.17,0.165,0.165,496620
REG,20031114,2.84,2.84,2.84,2.84,500000
REH,20031114,7.35,7.45,7.35,7.45,1300
REL,20031114,0.14,0.14,0.14,0.14,89285
REM,20031114,0.65,0.68,0.65,0.67,265816
RFS,20031114,0.23,0.235,0.225,0.235,391733
RGL,20031114,0.165,0.165,0.165,0.165,50000
RHC,20031114,4.32,4.35,4.28,4.29,91796
RIC,20031114,1.17,1.18,1.16,1.17,1003394
RIM,20031114,0.038,0.038,0.038,0.038,112000
RIN,20031114,6.05,6.07,6.03,6.03,3815586
RIO,20031114,35.34,35.57,35.1,35.15,1759562
RKN,20031114,0.54,0.55,0.54,0.55,304168
RLD,20031114,0.14,0.14,0.135,0.14,159293
RMC,20031114,0.115,0.115,0.1,0.105,133800
RMD,20031114,5.68,5.68,5.55,5.61,617836
RMI,20031114,0.008,0.008,0.008,0.008,1975000
RMS,20031114,0.15,0.15,0.15,0.15,20000
RND,20031114,0.67,0.7,0.67,0.7,210000
RNG,20031114,0.41,0.41,0.4,0.4,720878
ROC,20031114,1.46,1.49,1.44,1.46,157676
ROK,20031114,3.35,3.35,3.35,3.35,1282
RPC,20031114,0.37,0.375,0.37,0.375,25000
RPD,20031114,0.365,0.365,0.36,0.36,48400
RPH,20031114,1.1,1.11,1.1,1.11,1809539
RPM,20031114,0.048,0.048,0.045,0.045,240000
RPT,20031114,0.039,0.04,0.038,0.04,777732
RRS,20031114,0.056,0.058,0.054,0.057,2288857
RSG,20031114,1.43,1.43,1.4,1.42,127799
RSN,20031114,0.067,0.068,0.066,0.066,611000
RUP,20031114,7.1,7.1,7.05,7.05,73398
SAX,20031114,0.18,0.18,0.18,0.18,1112
SBC,20031114,11,11.1,10.79,10.79,121446
SBM,20031114,0.08,0.081,0.075,0.081,1461982
SBP,20031114,0.155,0.155,0.15,0.155,447195
SBS,20031114,0.145,0.145,0.14,0.145,845278
SCD,20031114,0.029,0.029,0.028,0.029,272318
SCE,20031114,0.03,0.03,0.03,0.03,195000
SCF,20031114,110,110.2,110,110.2,4735
SDG,20031114,1.13,1.14,1.13,1.14,80272
SDI,20031114,9.89,9.9,9.75,9.85,26360
SDR,20031114,0.165,0.165,0.165,0.165,73200
SDS,20031114,0.62,0.62,0.62,0.62,28113
SED,20031114,0.235,0.235,0.23,0.23,211000
SEE,20031114,0.045,0.045,0.045,0.045,11120
SEL,20031114,0.91,0.91,0.88,0.88,23195
SEN,20031114,0.06,0.062,0.06,0.062,276041
SES,20031114,0.2,0.2,0.19,0.19,52000
SEV,20031114,6,6.02,5.8,5.85,145881
SFC,20031114,13.76,13.8,13.7,13.7,8150
SFE,20031114,4.71,4.87,4.71,4.84,434785
SFG,20031114,0.018,0.019,0.018,0.018,155555
SGB,20031114,19.95,20.05,19.88,19.99,559056
SGL,20031114,0.82,0.82,0.8,0.8,121578
SGN,20031114,3.08,3.14,3.08,3.13,156887
SGP,20031114,4.82,4.82,4.78,4.8,3392038
SGS,20031114,1.24,1.25,1.24,1.24,53895
SGT,20031114,1.45,1.46,1.44,1.45,4386716
SGV,20031114,0.024,0.024,0.018,0.021,758348
SGW,20031114,3.25,3.31,3.22,3.22,622237
SGX,20031114,3.11,3.2,3.1,3.2,41543
SHG,20031114,0.29,0.305,0.29,0.3,279000
SHL,20031114,6.9,6.9,6.85,6.87,186879
SHV,20031114,5.14,5.14,4.8,5,102056
SIB,20031114,1.59,1.64,1.59,1.6,112742
SIE,20031114,0.082,0.082,0.08,0.081,813931
SIG,20031114,6.43,6.5,6.4,6.4,110641
SKE,20031114,2.54,2.6,2.53,2.58,121615
SKG,20031114,0.069,0.071,0.068,0.071,679027
SKR,20031114,0.058,0.063,0.058,0.063,2233917
SLA,20031114,0.22,0.23,0.22,0.23,95800
SLF,20031114,14.16,14.16,14.15,14.15,893
SLM,20031114,3.2,3.2,3.16,3.16,82000
SLT,20031114,0.59,0.6,0.54,0.6,327992
SLV,20031114,0.39,0.39,0.39,0.39,10000
SLX,20031114,0.8,0.9,0.8,0.88,1970248
SMC,20031114,0.34,0.34,0.335,0.335,766183
SML,20031114,0.061,0.061,0.061,0.061,21000
SMM,20031114,0.071,0.071,0.07,0.07,50000
SMS,20031114,9.97,10.15,9.97,10.05,113811
SMX,20031114,0.255,0.255,0.25,0.255,949390
SMY,20031114,0.68,0.69,0.66,0.69,1277982
SNF,20031114,0.78,0.78,0.78,0.78,20000
SNN,20031114,0.19,0.19,0.185,0.185,134404
SNO,20031114,0.17,0.17,0.17,0.17,10370
SOF,20031114,0.056,0.056,0.056,0.056,6000
SOH,20031114,0.68,0.68,0.68,0.68,152154
SOL,20031114,6.19,6.19,6.07,6.12,58545
SOT,20031114,1.21,1.25,1.21,1.23,73290
SOU,20031114,0.035,0.035,0.035,0.035,28678
SPC,20031114,1.52,1.54,1.52,1.53,382506
SPL,20031114,0.59,0.59,0.58,0.59,108000
SPP,20031114,0.27,0.275,0.26,0.275,68328
SPT,20031114,4.74,4.74,4.71,4.74,258157
SRA,20031114,0.115,0.115,0.115,0.115,1173659
SRI,20031114,0.275,0.28,0.275,0.275,306920
SRL,20031114,1.11,1.15,1.11,1.12,287466
SRP,20031114,2.84,2.91,2.81,2.91,1587081
SRV,20031114,1.85,1.85,1.85,1.85,5600
SRX,20031114,4.02,4.08,4,4.02,16200
SSH,20031114,0.11,0.11,0.11,0.11,8491
SSL,20031114,0.6,0.6,0.6,0.6,5000
SSR,20031114,0.7,0.71,0.7,0.71,47644
SSS,20031114,3.1,3.1,3.08,3.08,2500
SSX,20031114,1.08,1.09,1.07,1.08,1782982
STB,20031114,0.22,0.225,0.2,0.2,44633
STE,20031114,0.105,0.12,0.105,0.105,1761921
STN,20031114,0.185,0.185,0.18,0.18,170000
STO,20031114,6.15,6.2,6.15,6.17,1097795
STP,20031114,0.145,0.15,0.14,0.14,271000
STS,20031114,0.51,0.51,0.49,0.49,85000
STT,20031114,0.02,0.02,0.02,0.02,80000
STU,20031114,0.54,0.57,0.54,0.55,55950
STV,20031114,11.2,11.2,11.2,11.2,900
STW,20031114,32.77,32.85,32.69,32.69,59455
SUN,20031114,12.39,12.4,12.3,12.35,381487
SWG,20031114,0.07,0.07,0.07,0.07,100000
SWT,20031114,0.14,0.14,0.13,0.13,1659386
SYG,20031114,0.013,0.013,0.013,0.013,1812500
SYL,20031114,4,4,4,4,4000
SYM,20031114,1.3,1.3,1.27,1.29,159231
TAA,20031114,0.1,0.1,0.1,0.1,10000
TAB,20031114,4.1,4.13,4.09,4.1,3938953
TAH,20031114,11.27,11.27,11.16,11.2,1728060
TAI,20031114,0.085,0.085,0.074,0.074,108250
TAM,20031114,0.165,0.18,0.16,0.175,1589980
TAP,20031114,1.46,1.49,1.46,1.46,1898759
TAS,20031114,0.13,0.13,0.13,0.13,287000
TAT,20031114,0.375,0.375,0.375,0.375,100000
TAW,20031114,1.07,1.08,1.05,1.07,59150
TBC,20031114,0.215,0.215,0.215,0.215,54300
TBL,20031114,0.014,0.014,0.014,0.014,77000
TBR,20031114,1,1,0.96,0.96,71430
TCL,20031114,4.18,4.19,4.09,4.09,1875909
TEE,20031114,0.067,0.071,0.067,0.067,573000
TEL,20031114,4.39,4.4,4.36,4.37,3023436
TEM,20031114,1.44,1.46,1.44,1.46,98332
TEN,20031114,2.75,2.8,2.75,2.78,516607
TER,20031114,0.2,0.205,0.2,0.205,95317
TGD,20031114,0.145,0.145,0.13,0.13,85870
TGG,20031114,1.15,1.15,1.14,1.14,144585
TGR,20031114,0.71,0.72,0.7,0.71,1362461
TGS,20031114,0.087,0.087,0.087,0.087,70000
THG,20031114,0.63,0.64,0.63,0.64,70184
THX,20031114,0.58,0.6,0.57,0.57,106100
TIF,20031114,0.43,0.43,0.43,0.43,10000
TIL,20031114,0.195,0.2,0.195,0.2,36263
TIM,20031114,1.29,1.29,1.25,1.27,125948
TIR,20031114,0.495,0.5,0.49,0.49,238674
TKG,20031114,0.008,0.008,0.007,0.008,4659800
TLS,20031114,4.79,4.83,4.78,4.82,17617778
TLT,20031114,0.61,0.61,0.61,0.61,11049
TMO,20031114,0.37,0.37,0.34,0.34,20000
TMS,20031114,0.036,0.038,0.035,0.036,23147695
TNE,20031114,0.52,0.52,0.495,0.5,634857
TOL,20031114,8.49,8.5,8.44,8.45,559374
TOR,20031114,1.4,1.4,1.4,1.4,5000
TRG,20031114,6.95,7,6.95,7,3628
TRU,20031114,7.73,7.75,7.7,7.7,3400
TRY,20031114,1.81,1.85,1.81,1.85,58672
TSE,20031114,4.42,4.45,4.4,4.4,80421
TSR,20031114,0.08,0.125,0.08,0.1,162000
TST,20031114,0.08,0.08,0.08,0.08,40000
TTH,20031114,0.175,0.175,0.175,0.175,29000
TTR,20031114,0.235,0.24,0.235,0.24,65000
TVL,20031114,0.14,0.145,0.14,0.145,20000
TVN,20031114,0.36,0.36,0.36,0.36,14900
TWR,20031114,1.2,1.2,1.16,1.17,953214
TYC,20031114,0.465,0.465,0.44,0.445,360743
UCL,20031114,0.029,0.029,0.027,0.028,1266300
UEC,20031114,0.405,0.41,0.375,0.385,2303231
UGL,20031114,4.08,4.15,4.08,4.12,109937
UNI,20031114,2.27,2.33,2.23,2.3,168360
UOS,20031114,0.4,0.4,0.4,0.4,3538
URL,20031114,0.145,0.15,0.145,0.15,109822
UTB,20031114,6.44,6.45,6.38,6.4,438621
UXC,20031114,0.85,0.86,0.85,0.86,178986
VCM,20031114,0.95,0.97,0.95,0.97,3668
VCN,20031114,0.5,0.52,0.5,0.5,91136
VCR,20031114,2.24,2.25,2.13,2.17,1625994
VGL,20031114,1.18,1.18,1.18,1.18,24000
VHL,20031114,0.32,0.32,0.31,0.31,120000
VIT,20031114,0.27,0.295,0.27,0.285,1192830
VKI,20031114,0.46,0.46,0.46,0.46,10000
VOY,20031114,0.21,0.21,0.205,0.205,197500
VPE,20031114,0.015,0.016,0.014,0.016,8830000
VPG,20031114,0.97,0.97,0.96,0.97,670380
VRE,20031114,0.082,0.083,0.081,0.081,2384172
VRI,20031114,0.285,0.3,0.285,0.3,646341
VRL,20031114,1.9,1.9,1.9,1.9,2250
VSG,20031114,0.092,0.093,0.09,0.091,267633
VSL,20031114,1.01,1.02,1.01,1.02,67310
VTI,20031114,0.55,0.56,0.53,0.53,2836401
VWD,20031114,1.19,1.22,1.19,1.2,105150
VXS,20031114,0.092,0.092,0.092,0.092,4240
WAB,20031114,0.97,0.97,0.97,0.97,16156
WAG,20031114,0.27,0.29,0.27,0.29,91248
WAL,20031114,0.21,0.21,0.21,0.21,10000
WAM,20031114,1.55,1.55,1.53,1.55,47606
WAN,20031114,6.58,6.61,6.56,6.61,248545
WAT,20031114,2.36,2.36,2.35,2.36,10305
WBA,20031114,0.56,0.57,0.56,0.57,20000
WBB,20031114,6.65,6.65,6.63,6.63,2500
WBC,20031114,16.1,16.18,15.88,15.93,2849958
WEB,20031114,0.037,0.037,0.035,0.035,500000
WES,20031114,28,28.09,27.8,27.9,469328
WEZ,20031114,0.5,0.5,0.48,0.5,511502
WFA,20031114,1.77,1.77,1.76,1.77,11020207
WFL,20031114,1.95,2.09,1.95,2.03,190626
WFT,20031114,3.32,3.34,3.32,3.33,2831754
WGR,20031114,0.13,0.13,0.13,0.13,100000
WHF,20031114,3.25,3.25,3.2,3.2,4569
WHS,20031114,4.96,5.1,4.96,5.01,21309
WIL,20031114,0.98,0.99,0.98,0.98,206762
WME,20031114,0.097,0.097,0.095,0.095,210000
WMG,20031114,0.135,0.135,0.135,0.135,71908
WML,20031114,0.19,0.195,0.185,0.185,276450
WMR,20031114,5.26,5.3,5.23,5.26,3379061
WON,20031114,0.063,0.065,0.063,0.065,325000
WOR,20031114,3.2,3.21,3.19,3.19,27341
WOW,20031114,11.06,11.08,10.99,11.02,2558388
WPL,20031114,13.6,13.68,13.48,13.6,1592651
WPO,20031114,0.315,0.315,0.315,0.315,500
WSA,20031114,1.06,1.06,1.02,1.03,337806
WSF,20031114,14.1,14.14,14.05,14.09,412632
WSG,20031114,0.015,0.015,0.014,0.014,114735
WSS,20031114,0.1,0.1,0.1,0.1,32400
WST,20031114,0.7,0.7,0.7,0.7,9487
WTE,20031114,0.033,0.033,0.032,0.032,1393620
WTP,20031114,0.57,0.57,0.55,0.56,77533
WWA,20031114,0.84,0.84,0.84,0.84,5000
WWM,20031114,0.022,0.022,0.022,0.022,25680
WYL,20031114,3.78,3.8,3.77,3.8,116426
XAN,20031114,0.16,0.16,0.16,0.16,115000
XAO,20031114,3230.3,3230.5,3214.9,3215.4,0
XDJ,20031114,1973.2,1973.6,1942.8,1944,0
XEJ,20031114,4519.2,4550.1,4514,4528.1,0
XEN,20031114,0.056,0.056,0.051,0.055,217900
XFJ,20031114,3934.7,3947.4,3916.7,3918.9,0
XFL,20031114,3198.5,3198.5,3176.5,3178,0
XHJ,20031114,3449.8,3453.8,3429.5,3441.2,0
XIJ,20031114,293.4,294.3,288.4,288.4,0
XJO,20031114,3217.7,3217.7,3200.7,3201.8,0
XKO,20031114,3223.7,3223.9,3207.1,3208.2,0
XMD,20031114,2970.3,2980.2,2970.3,2974.6,0
XMJ,20031114,5246.7,5246.7,5188.5,5195.5,0
XNJ,20031114,3519.9,3531.2,3515.6,3519.9,0
XPJ,20031114,1413.2,1422.2,1413.2,1419.7,0
XSJ,20031114,4201.2,4209.2,4189.1,4199.4,0
XSO,20031114,1843.1,1848.2,1843.1,1846.9,0
XTJ,20031114,1655.5,1670.8,1655.5,1667.3,0
XTL,20031114,1816.2,1816.2,1801.3,1802.3,0
XTO,20031114,2617.8,2617.8,2603,2603.8,0
XUJ,20031114,3460.2,3479.2,3460.2,3469,0
XXJ,20031114,3990.8,4002.8,3965.3,3967.2,0
YAM,20031114,0.014,0.014,0.013,0.013,5426039
YGL,20031114,0.073,0.073,0.073,0.073,100000
YTL,20031114,0.06,0.066,0.06,0.061,560354
ZEL,20031114,0.15,0.155,0.15,0.155,40000
ZIM,20031114,4.05,4.05,4.05,4.05,1450
ZYL,20031114,0.021,0.021,0.02,0.02,3748930
