AAC,20030402,0.91,0.92,0.89,0.89,248052
AAT,20030402,0.175,0.175,0.175,0.175,75000
AAU,20030402,0.87,0.9,0.87,0.9,3150
ABB,20030402,3.3,3.3,3.26,3.26,2400
ABC,20030402,1.1,1.14,1.07,1.12,498501
ABG,20030402,2.11,2.11,2.11,2.11,10400
ABI,20030402,0.35,0.35,0.315,0.315,87620
ABK,20030402,0.125,0.125,0.125,0.125,4999
ABP,20030402,1.16,1.16,1.15,1.15,207066
ABS,20030402,2.3,2.3,2.28,2.28,21947
ABX,20030402,0.73,0.74,0.73,0.74,113250
ACU,20030402,0.11,0.11,0.11,0.11,9615
ADA,20030402,0.7,0.71,0.7,0.7,12000
ADB,20030402,7.44,7.46,7.36,7.44,50264
ADG,20030402,2.76,2.88,2.76,2.85,4970
ADN,20030402,0.13,0.13,0.13,0.13,28000
ADP,20030402,2.95,2.99,2.95,2.99,13835561
ADU,20030402,0.28,0.32,0.28,0.315,1416966
ADV,20030402,0.06,0.06,0.06,0.06,27050
ADX,20030402,0.415,0.43,0.415,0.43,106000
ADZ,20030402,1.13,1.13,1.1,1.1,426185
AEC,20030402,1.02,1.05,1.02,1.05,20000
AEI,20030402,0.215,0.215,0.215,0.215,15000
AEN,20030402,0.27,0.27,0.27,0.27,37050
AEO,20030402,1.35,1.35,1.32,1.32,24980
AES,20030402,0.17,0.17,0.17,0.17,10000
AET,20030402,0.7,0.7,0.65,0.65,30084
AEX,20030402,0.029,0.029,0.029,0.029,64000
AFI,20030402,3.16,3.16,3.12,3.15,239917
AFM,20030402,0.029,0.029,0.029,0.029,43000
AGG,20030402,9.93,9.93,9.8,9.8,5131
AGI,20030402,0.48,0.48,0.46,0.46,17730
AGL,20030402,11.22,11.22,11,11.15,4283135
AGM,20030402,0.05,0.055,0.05,0.055,150000
AGP,20030402,0.6,0.6,0.6,0.6,600
AGT,20030402,0.21,0.21,0.21,0.21,12600
AGX,20030402,0.325,0.33,0.325,0.325,91169
AHD,20030402,2.38,2.38,2.35,2.35,8417
AHT,20030402,0.16,0.16,0.155,0.155,60000
AIA,20030402,4.85,4.85,4.85,4.85,180000
AIE,20030402,0.18,0.18,0.18,0.18,28300
AIM,20030402,0.017,0.017,0.017,0.017,32000
AIP,20030402,1.16,1.16,1.15,1.16,2285558
AIX,20030402,1.36,1.38,1.36,1.36,130377
AIZ,20030402,0.445,0.45,0.43,0.435,399566
AJL,20030402,1.1,1.1,1.1,1.1,20094
ALK,20030402,0.34,0.34,0.33,0.33,165000
ALL,20030402,1.61,1.61,1.55,1.56,6276087
ALN,20030402,4.25,4.29,4.23,4.23,62615
ALR,20030402,0.9,0.9,0.9,0.9,26430
ALS,20030402,4,4,3.94,4,30099
ALZ,20030402,1.41,1.42,1.4,1.4,169980
AMC,20030402,8.11,8.19,8.08,8.16,1802532
AMG,20030402,0.04,0.04,0.036,0.036,22850
AMH,20030402,0.7,0.7,0.7,0.7,53173
AML,20030402,0.41,0.42,0.41,0.415,186062
AMM,20030402,0.083,0.083,0.083,0.083,6500
AMP,20030402,7.1,7.13,6.95,7.01,6444357
AMS,20030402,0.1,0.1,0.1,0.1,322000
AMU,20030402,0.1,0.1,0.1,0.1,157700
ANC,20030402,5.55,5.65,5.55,5.6,6700
ANE,20030402,2.4,2.42,2.4,2.42,5250
ANL,20030402,0.08,0.08,0.079,0.08,619853
ANM,20030402,0.43,0.43,0.41,0.41,125729
ANN,20030402,5.43,5.43,5.32,5.34,383544
ANP,20030402,0.065,0.065,0.062,0.065,153332
ANX,20030402,0.125,0.125,0.12,0.12,50000
ANZ,20030402,18.3,18.41,18.06,18.06,5519943
AOE,20030402,0.1,0.1,0.1,0.1,70000
AOF,20030402,1.14,1.14,1.13,1.13,826902
AOO,20030402,0.12,0.12,0.12,0.12,139851
APA,20030402,2.63,2.69,2.62,2.69,138036
APE,20030402,5.05,5.05,5.05,5.05,3000
APG,20030402,0.035,0.035,0.035,0.035,200000
API,20030402,2.54,2.54,2.45,2.45,13100
APL,20030402,0.13,0.13,0.125,0.125,6000
APN,20030402,3.24,3.27,3.19,3.2,795995
APZ,20030402,0.155,0.16,0.155,0.16,50000
AQP,20030402,5.9,5.9,5.75,5.75,32117
ARA,20030402,0.225,0.225,0.22,0.225,233277
ARC,20030402,0.039,0.041,0.039,0.041,444300
ARG,20030402,4.35,4.39,4.32,4.39,42921
ARL,20030402,0.21,0.22,0.205,0.22,81704
ARP,20030402,2.3,2.3,2.3,2.3,13309
ARQ,20030402,0.62,0.62,0.59,0.6,389980
ART,20030402,1.71,1.73,1.7,1.73,7641376
ARX,20030402,0.021,0.021,0.021,0.021,100167
ASB,20030402,0.74,0.75,0.68,0.68,200024
ASC,20030402,0.055,0.055,0.055,0.055,47547
ASL,20030402,0.56,0.57,0.56,0.56,70025
ASX,20030402,11,11.08,10.91,11.07,152269
ATC,20030402,0.016,0.016,0.012,0.012,369150
ATG,20030402,0.57,0.57,0.57,0.57,42000
ATN,20030402,0.007,0.007,0.006,0.006,227500
ATP,20030402,0.285,0.285,0.28,0.28,33000
ATR,20030402,1.15,1.15,1.15,1.15,10000
ATT,20030402,0.24,0.24,0.24,0.24,4251
ATX,20030402,0.08,0.08,0.08,0.08,24000
AUH,20030402,0.028,0.028,0.028,0.028,34200
AUL,20030402,0.006,0.006,0.006,0.006,80900
AUM,20030402,0.06,0.06,0.06,0.06,265000
AUN,20030402,0.19,0.19,0.18,0.185,135392
AUO,20030402,0.49,0.495,0.49,0.49,163430
AUY,20030402,0.042,0.042,0.04,0.04,111528
AVA,20030402,0.03,0.03,0.03,0.03,258421
AVJ,20030402,1.06,1.06,1.06,1.06,71169
AVL,20030402,0.145,0.145,0.14,0.14,215633
AVN,20030402,0.01,0.01,0.01,0.01,70000
AVV,20030402,0.6,0.6,0.6,0.6,180
AWB,20030402,3.6,3.61,3.51,3.55,106274
AWC,20030402,4.04,4.19,4.03,4.18,16406218
AWE,20030402,0.72,0.72,0.71,0.71,57276
AWL,20030402,0.032,0.032,0.032,0.032,115041
AWP,20030402,3.8,3.85,3.75,3.75,4225
AXA,20030402,2.04,2.07,2.03,2.06,2253683
AXM,20030402,0.15,0.15,0.15,0.15,25000
AXN,20030402,0.17,0.175,0.17,0.17,24000
AYO,20030402,0.67,0.7,0.67,0.7,690233
BBB,20030402,0.105,0.105,0.105,0.105,12500
BBG,20030402,4.95,4.95,4.78,4.83,1041039
BCA,20030402,1.28,1.29,1.27,1.28,300378
BDG,20030402,0.215,0.215,0.205,0.205,294565
BDL,20030402,0.02,0.023,0.02,0.021,1683222
BEN,20030402,7.7,7.74,7.68,7.68,126727
BGD,20030402,0.075,0.075,0.075,0.075,215000
BGF,20030402,0.04,0.04,0.037,0.037,800632
BGN,20030402,0.27,0.29,0.26,0.26,135000
BHP,20030402,9.16,9.24,9.16,9.19,6882785
BIC,20030402,0.3,0.3,0.3,0.3,10000
BIG,20030402,0.015,0.015,0.014,0.014,200000
BIL,20030402,4.45,4.53,4.45,4.53,4975261
BIR,20030402,0.73,0.75,0.72,0.75,899659
BIT,20030402,0.28,0.28,0.28,0.28,18000
BKR,20030402,0.185,0.185,0.185,0.185,26000
BKS,20030402,0.025,0.025,0.021,0.021,235173
BKW,20030402,6.7,6.75,6.7,6.7,14200
BLD,20030402,4.6,4.6,4.46,4.46,3819672
BLT,20030402,0.465,0.465,0.465,0.465,10000
BLZ,20030402,0.045,0.045,0.045,0.045,200000
BMC,20030402,0.017,0.017,0.015,0.015,735500
BMX,20030402,0.155,0.155,0.155,0.155,96700
BNO,20030402,0.32,0.32,0.32,0.32,6000
BOQ,20030402,7.53,7.65,7.53,7.59,100892
BPC,20030402,0.53,0.54,0.53,0.53,1241543
BPO,20030402,0.054,0.06,0.054,0.06,43000
BPT,20030402,0.32,0.325,0.32,0.325,52929
BRE,20030402,0.007,0.007,0.007,0.007,100000
BRK,20030402,1.15,1.17,1.15,1.15,31600
BRS,20030402,3.32,3.33,3.31,3.31,166837
BRZ,20030402,1.13,1.13,1.11,1.12,91295
BSA,20030402,0.12,0.12,0.12,0.12,2500
BSG,20030402,0.19,0.195,0.185,0.19,73550
BSL,20030402,3.2,3.2,3.15,3.16,6693728
BSN,20030402,0.04,0.04,0.04,0.04,4000
BSO,20030402,3.3,3.34,3.27,3.27,9755
BTA,20030402,0.38,0.405,0.38,0.385,12780
BTE,20030402,0.485,0.49,0.485,0.49,28000
BTG,20030402,0.38,0.38,0.38,0.38,110000
BUG,20030402,0.62,0.64,0.58,0.64,21800
BUU,20030402,0.018,0.018,0.018,0.018,10000
BUY,20030402,0.086,0.086,0.086,0.086,16636
BWA,20030402,3.52,3.57,3.51,3.52,104152
BWI,20030402,0.9,0.9,0.89,0.89,50610
BWP,20030402,1.39,1.4,1.39,1.4,188060
CAA,20030402,2.78,2.78,2.74,2.77,9147
CAB,20030402,2.87,2.87,2.78,2.81,303114
CAI,20030402,0.52,0.52,0.52,0.52,350
CAL,20030402,0.21,0.21,0.21,0.21,14000
CAT,20030402,3.5,3.5,3.5,3.5,3000
CBA,20030402,26.35,26.52,26.13,26.22,4098376
CBH,20030402,0.075,0.078,0.074,0.078,535062
CBT,20030402,0.105,0.11,0.105,0.105,156320
CCL,20030402,5.66,5.7,5.6,5.6,3266963
CCO,20030402,0.008,0.008,0.008,0.008,20301
CCV,20030402,0.08,0.08,0.08,0.08,250000
CDC,20030402,1.67,1.67,1.64,1.64,12800
CDF,20030402,1.03,1.03,1.02,1.02,46597
CDO,20030402,2.72,2.74,2.66,2.68,250731
CDP,20030402,2.42,2.42,2.4,2.4,7296
CDR,20030402,0.75,0.75,0.75,0.75,10000
CDX,20030402,1.5,1.6,1.5,1.6,49857
CEP,20030402,3.71,3.71,3.67,3.69,1538982
CEQ,20030402,1.59,1.61,1.59,1.61,10200
CEY,20030402,2.12,2.12,2.09,2.09,287282
CFA,20030402,0.04,0.04,0.04,0.04,25000
CFI,20030402,0.43,0.43,0.43,0.43,46721
CFR,20030402,0.006,0.006,0.006,0.006,1425849
CGC,20030402,0.51,0.51,0.49,0.5,148498
CHB,20030402,20.75,21.76,20.75,21.76,621
CHF,20030402,0.3,0.3,0.28,0.28,22339
CHL,20030402,0.14,0.145,0.14,0.145,20000
CHQ,20030402,0.58,0.6,0.57,0.6,22984
CHS,20030402,0.05,0.05,0.05,0.05,1500
CHY,20030402,1.59,1.59,1.55,1.55,96800
CIN,20030402,10.6,10.6,10.6,10.6,6000
CIR,20030402,1.11,1.11,1.08,1.09,10753
CKG,20030402,0.036,0.036,0.036,0.036,37500
CKR,20030402,0.55,0.55,0.54,0.54,83817
CKS,20030402,0.27,0.27,0.27,0.27,37600
CLE,20030402,0.26,0.26,0.24,0.25,71866
CLH,20030402,2.03,2.03,2,2,144539
CLI,20030402,2.07,2.09,2.03,2.05,232709
CLO,20030402,0.445,0.45,0.435,0.45,103117
CLT,20030402,0.68,0.68,0.66,0.66,70389
CLV,20030402,0.33,0.36,0.33,0.35,955700
CMI,20030402,1.65,1.65,1.65,1.65,1200
CML,20030402,6.22,6.34,6.16,6.25,2340003
CMP,20030402,0.28,0.285,0.28,0.285,11750
CMQ,20030402,2.95,2.99,2.95,2.99,17185
CMS,20030402,0.025,0.025,0.025,0.025,3000
CMX,20030402,0.048,0.05,0.048,0.05,48000
CNB,20030402,1.26,1.26,1.24,1.24,17000
CND,20030402,0.81,0.84,0.81,0.84,46999
CNM,20030402,0.012,0.012,0.012,0.012,98282
CNT,20030402,0.205,0.205,0.205,0.205,75000
COA,20030402,2.34,2.34,2.24,2.27,351993
COE,20030402,0.094,0.1,0.094,0.1,124039
COF,20030402,3.3,3.35,3.3,3.34,13530
COH,20030402,33.21,33.36,33.17,33.2,195753
COU,20030402,0.395,0.405,0.395,0.405,141500
CPA,20030402,1.15,1.16,1.14,1.15,7633155
CPB,20030402,4.33,4.33,4.31,4.31,6500
CPC,20030402,0.28,0.28,0.28,0.28,50000
CPH,20030402,0.48,0.49,0.475,0.49,1445449
CPI,20030402,0.87,0.87,0.87,0.87,4000
CPK,20030402,2.03,2.03,2.03,2.03,6000
CPU,20030402,1.43,1.49,1.43,1.46,1136909
CRG,20030402,8.56,8.57,8.47,8.47,36707
CRL,20030402,0.053,0.053,0.053,0.053,20000
CRS,20030402,0.68,0.69,0.65,0.66,1481077
CRT,20030402,0.9,0.9,0.9,0.9,39123
CSI,20030402,0.085,0.09,0.085,0.09,318533
CSL,20030402,15.11,15.35,14.88,15.02,987995
CSM,20030402,0.59,0.6,0.58,0.59,125698
CSR,20030402,1.59,1.61,1.56,1.58,11053398
CST,20030402,1.5,1.5,1.5,1.5,25128
CSY,20030402,0.058,0.067,0.058,0.067,182818
CTI,20030402,0.31,0.315,0.31,0.315,27538
CTL,20030402,2.2,2.22,2.15,2.15,234155
CTO,20030402,0.12,0.12,0.115,0.115,230400
CTX,20030402,2.36,2.39,2.36,2.38,1658276
CTY,20030402,1,1,1,1,10000
CUE,20030402,0.049,0.05,0.047,0.047,697603
CUL,20030402,0.04,0.04,0.04,0.04,175000
CVN,20030402,0.039,0.039,0.039,0.039,200000
CWP,20030402,0.76,0.76,0.76,0.76,3580
CXP,20030402,3.9,3.9,3.8,3.81,799415
CYD,20030402,0.046,0.046,0.046,0.046,30000
CYG,20030402,4.4,4.48,4.35,4.35,421752
DBS,20030402,0.13,0.13,0.1,0.1,144166
DCL,20030402,0.08,0.08,0.078,0.08,188026
DDF,20030402,1.19,1.2,1.18,1.18,12921916
DEG,20030402,0.115,0.12,0.115,0.12,158330
DES,20030402,0.03,0.03,0.03,0.03,17537
DFT,20030402,0.005,0.005,0.005,0.005,1884000
DGM,20030402,0.029,0.029,0.029,0.029,30000
DID,20030402,0.049,0.05,0.049,0.05,99747
DIO,20030402,0.1,0.105,0.1,0.105,40000
DIT,20030402,1.73,1.74,1.72,1.72,202260
DJS,20030402,1.08,1.1,1.08,1.09,385225
DJW,20030402,3.2,3.22,3.2,3.22,118759
DLS,20030402,0.07,0.07,0.07,0.07,15000
DMX,20030402,0.105,0.105,0.1,0.105,55000
DOM,20030402,0.55,0.55,0.55,0.55,16199
DOT,20030402,1.14,1.14,1.08,1.08,6178544
DOW,20030402,0.56,0.57,0.55,0.57,1228852
DRA,20030402,0.07,0.07,0.069,0.069,58297
DRD,20030402,4.4,4.4,4.2,4.2,5400
DRE,20030402,1.7,1.7,1.65,1.65,15000
DTL,20030402,1.02,1.04,1.02,1.02,8500
DUI,20030402,1.67,1.67,1.66,1.66,1445
DVC,20030402,1.61,1.61,1.57,1.58,243934
DVN,20030402,0.475,0.475,0.47,0.475,379180
DWY,20030402,0.2,0.2,0.18,0.2,147000
EBG,20030402,0.077,0.077,0.077,0.077,2000
EBT,20030402,0.125,0.13,0.125,0.125,140791
ECU,20030402,0.032,0.033,0.032,0.033,90000
EGI,20030402,0.07,0.07,0.07,0.07,20
EGO,20030402,0.01,0.01,0.009,0.01,3118922
EHO,20030402,0.017,0.017,0.014,0.014,175000
EIF,20030402,0.084,0.084,0.084,0.084,10000
EIL,20030402,0.17,0.17,0.17,0.17,10500
EIR,20030402,0.018,0.023,0.018,0.023,5476215
ELX,20030402,0.345,0.35,0.345,0.345,21750
EMB,20030402,2.3,2.3,2.3,2.3,5000
EMP,20030402,0.58,0.58,0.57,0.57,76800
EMS,20030402,0.195,0.195,0.19,0.19,20000
ENE,20030402,1.83,1.83,1.77,1.77,64959
ENV,20030402,1.01,1.02,1.01,1.01,239597
EOS,20030402,1.08,1.08,1.08,1.08,15000
EPR,20030402,0.135,0.135,0.135,0.135,21645
EPT,20030402,0.145,0.15,0.145,0.15,59184
EQI,20030402,0.89,0.9,0.89,0.9,58300
EQS,20030402,0.054,0.054,0.054,0.054,4250
ERA,20030402,2.32,2.32,2.32,2.32,6475
ERG,20030402,0.11,0.115,0.105,0.105,4845756
ESI,20030402,0.25,0.25,0.23,0.23,22000
EST,20030402,0.049,0.049,0.048,0.048,20887
ESX,20030402,0.022,0.022,0.022,0.022,20000
ETR,20030402,0.36,0.36,0.36,0.36,1425
ETT,20030402,0.047,0.047,0.047,0.047,37552
ETW,20030402,0.9,0.92,0.9,0.9,21579
EUG,20030402,0.07,0.07,0.07,0.07,188334
EWC,20030402,0.024,0.024,0.021,0.021,75074
EZE,20030402,0.055,0.055,0.055,0.055,2000
FAN,20030402,2.11,2.11,2.1,2.1,6740
FAR,20030402,0.04,0.045,0.04,0.045,593992
FBU,20030402,3.05,3.14,3.05,3.1,7750
FCL,20030402,1.43,1.46,1.41,1.41,4160320
FCN,20030402,0.07,0.078,0.07,0.078,234273
FDR,20030402,0.075,0.075,0.075,0.075,45000
FEA,20030402,0.105,0.105,0.105,0.105,23000
FFL,20030402,1.77,1.77,1.77,1.77,4500
FFS,20030402,0.92,0.92,0.92,0.92,25
FGL,20030402,4.47,4.47,4.34,4.36,4946306
FKP,20030402,1.58,1.6,1.58,1.6,72401
FLK,20030402,0.58,0.58,0.58,0.58,5000
FLT,20030402,18.8,18.8,18.3,18.3,8574
FOA,20030402,17.9,17.9,17.7,17.75,328446
FOL,20030402,0.51,0.51,0.51,0.51,5000
FPA,20030402,8.6,8.6,8.6,8.6,7464
FPF,20030402,1.16,1.16,1.16,1.16,6111
FPH,20030402,8.5,8.5,8.4,8.4,2916
FRM,20030402,0.47,0.47,0.47,0.47,15000
FTR,20030402,0.44,0.45,0.44,0.45,64921
FUN,20030402,1.09,1.09,1.08,1.08,152737
FUT,20030402,0.015,0.015,0.014,0.014,60000
FWD,20030402,3.35,3.37,3.34,3.37,37900
FXJ,20030402,3.1,3.1,3.01,3.02,2048742
GAN,20030402,1.36,1.37,1.33,1.33,4383511
GAP,20030402,1.9,1.93,1.9,1.92,1712082
GAS,20030402,2.23,2.24,2.21,2.22,201044
GBG,20030402,0.195,0.2,0.19,0.19,238047
GBN,20030402,0.052,0.052,0.051,0.051,30000
GBR,20030402,0.49,0.5,0.49,0.5,14000
GCR,20030402,0.05,0.05,0.05,0.05,789632
GDM,20030402,0.36,0.36,0.35,0.35,34000
GDP,20030402,1.14,1.14,1.1,1.11,30618
GDY,20030402,0.52,0.53,0.52,0.53,14846
GEL,20030402,0.007,0.007,0.007,0.007,9231
GFD,20030402,0.5,0.51,0.5,0.51,110000
GGL,20030402,0.495,0.495,0.485,0.49,229290
GGY,20030402,0.032,0.034,0.032,0.034,154167
GHG,20030402,0.54,0.55,0.53,0.53,89663
GLB,20030402,0.22,0.225,0.2,0.21,3532451
GMF,20030402,1.63,1.64,1.63,1.63,146911
GNC,20030402,10.22,10.4,10.12,10.12,4905
GNS,20030402,9.61,9.63,9.5,9.5,106169
GOA,20030402,0.13,0.13,0.13,0.13,5000
GOW,20030402,1.9,1.9,1.9,1.9,739
GPG,20030402,1.42,1.42,1.42,1.42,3000
GPN,20030402,0.023,0.023,0.018,0.018,630000
GPO,20030402,0.018,0.018,0.018,0.018,14719
GPT,20030402,2.93,2.93,2.85,2.87,4685560
GRD,20030402,1.01,1.03,1.01,1.03,103367
GRN,20030402,0.14,0.14,0.13,0.13,500
GRO,20030402,0.46,0.46,0.46,0.46,1270
GRP,20030402,1,1,1,1,6000
GRR,20030402,0.225,0.225,0.225,0.225,10000
GRV,20030402,0.055,0.055,0.055,0.055,100000
GTG,20030402,0.235,0.235,0.235,0.235,13500
GTM,20030402,0.049,0.049,0.046,0.046,668094
GTP,20030402,0.63,0.64,0.63,0.64,69475
GUD,20030402,4.08,4.08,3.97,3.97,27859
GUL,20030402,0.017,0.017,0.017,0.017,199734
GUN,20030402,0.11,0.11,0.1,0.1,75837
GVM,20030402,0.025,0.026,0.025,0.026,330000
GWT,20030402,2.55,2.55,2.51,2.51,108127
GYM,20030402,0.425,0.425,0.39,0.39,862594
HAN,20030402,8.1,8.19,8.1,8.19,539
HAO,20030402,0.064,0.064,0.064,0.064,49000
HBR,20030402,0.32,0.32,0.32,0.32,29488
HCN,20030402,0.48,0.48,0.48,0.48,30000
HDN,20030402,0.105,0.105,0.105,0.105,6400
HDR,20030402,0.465,0.475,0.46,0.475,359943
HGR,20030402,0.06,0.06,0.056,0.056,175000
HHM,20030402,0.12,0.12,0.12,0.12,10000
HIC,20030402,0.53,0.54,0.53,0.53,84000
HIG,20030402,0.265,0.275,0.265,0.275,84762
HIL,20030402,3.31,3.31,3.25,3.25,56912
HLL,20030402,0.026,0.026,0.026,0.026,3000
HLX,20030402,0.18,0.18,0.18,0.18,4511
HLY,20030402,5.6,5.6,5.5,5.5,213759
HMC,20030402,0.036,0.038,0.036,0.038,250000
HML,20030402,0.2,0.2,0.2,0.2,100000
HNG,20030402,1.14,1.14,1.14,1.14,11456
HPL,20030402,0.29,0.3,0.29,0.3,65003
HPX,20030402,1.36,1.36,1.31,1.32,17968
HRD,20030402,0.061,0.08,0.05,0.08,35000
HRR,20030402,0.12,0.13,0.12,0.13,29000
HRT,20030402,0.135,0.14,0.135,0.14,11500
HSP,20030402,2.28,2.28,2.26,2.26,4418
HTA,20030402,0.285,0.285,0.275,0.275,159589
HUG,20030402,0.085,0.085,0.085,0.085,81000
HVN,20030402,2.03,2.05,2.02,2.02,796221
HWE,20030402,0.72,0.72,0.68,0.68,180791
HWI,20030402,1.72,1.74,1.7,1.74,29355
HWT,20030402,0.465,0.465,0.465,0.465,7010
HWW,20030402,0.055,0.055,0.055,0.055,55000
HZN,20030402,0.072,0.072,0.072,0.072,21862
IAG,20030402,2.9,2.97,2.88,2.94,5125624
IAS,20030402,1.68,1.68,1.67,1.68,39626
IAT,20030402,0.07,0.07,0.07,0.07,130826
IBA,20030402,0.12,0.125,0.12,0.125,60000
ICE,20030402,0.045,0.045,0.045,0.045,137556
ICN,20030402,0.03,0.03,0.03,0.03,74000
ICO,20030402,0.003,0.003,0.003,0.003,6395000
ICS,20030402,0.36,0.4,0.36,0.4,94907
IDT,20030402,1.91,1.91,1.91,1.91,3299
IFM,20030402,0.8,0.8,0.76,0.77,43042
IGO,20030402,0.32,0.325,0.32,0.325,129287
IGP,20030402,1.7,1.7,1.7,1.7,250
IHG,20030402,0.235,0.235,0.23,0.23,247000
IIF,20030402,1.68,1.68,1.66,1.68,1366997
ILU,20030402,4.04,4.04,4,4,1166586
IMA,20030402,0.115,0.115,0.11,0.115,128120
IMD,20030402,0.125,0.125,0.125,0.125,200000
IMH,20030402,0.18,0.18,0.18,0.18,122050
IMU,20030402,0.115,0.115,0.115,0.115,133333
IMW,20030402,0.012,0.012,0.012,0.012,100000
INL,20030402,0.079,0.079,0.079,0.079,10900
INT,20030402,0.165,0.175,0.165,0.17,131350
IOC,20030402,1.5,1.5,1.47,1.5,20834
IOF,20030402,1.14,1.14,1.13,1.13,946902
ION,20030402,1.92,1.93,1.88,1.88,316948
IPG,20030402,2,2,1.95,1.98,768222
IPH,20030402,1.75,1.75,1.75,1.75,35342
IPN,20030402,0.065,0.065,0.065,0.065,828206
IRC,20030402,0.056,0.056,0.056,0.056,170000
IRE,20030402,1.82,1.85,1.74,1.76,21164
IRI,20030402,0.2,0.2,0.18,0.18,111687
ITC,20030402,0.018,0.018,0.018,0.018,10000
IWF,20030402,1.14,1.14,1.14,1.14,6894
IWI,20030402,2.86,2.9,2.86,2.89,97992
IWL,20030402,0.17,0.18,0.17,0.18,293836
IYS,20030402,1.08,1.1,1.08,1.1,15000
JAK,20030402,0.155,0.155,0.155,0.155,97000
JAM,20030402,0.18,0.18,0.18,0.18,70000
JBM,20030402,1.84,1.85,1.82,1.82,365703
JET,20030402,0.175,0.175,0.175,0.175,58353
JFG,20030402,3.27,3.27,3.19,3.19,251852
JFM,20030402,1.11,1.12,1.1,1.1,54786
JHX,20030402,5.95,6.06,5.91,5.91,1809021
JLA,20030402,0.016,0.016,0.016,0.016,10625
JRV,20030402,0.032,0.032,0.032,0.032,18000
JUM,20030402,0.017,0.022,0.017,0.022,133100
JUP,20030402,6.25,6.25,6.2,6.2,893727
KAZ,20030402,0.14,0.145,0.135,0.135,1174498
KCN,20030402,3.59,3.59,3.47,3.47,99792
KIM,20030402,0.37,0.4,0.365,0.37,365386
KLM,20030402,0.19,0.195,0.19,0.195,116500
KLS,20030402,0.018,0.018,0.018,0.018,25000
KRS,20030402,0.325,0.325,0.325,0.325,4230
KRZ,20030402,0.008,0.008,0.007,0.008,603000
KSC,20030402,2.9,2.9,2.88,2.88,6000
KYC,20030402,1.25,1.28,1.25,1.27,77114
KZL,20030402,0.57,0.57,0.56,0.56,12100
LAF,20030402,0.08,0.08,0.08,0.08,34237
LAK,20030402,0.15,0.155,0.15,0.155,6000
LCL,20030402,0.71,0.71,0.71,0.71,50000
LCO,20030402,1.5,1.5,1.5,1.5,5212
LEG,20030402,0.028,0.028,0.026,0.026,310000
LEI,20030402,8.9,8.95,8.81,8.81,380630
LEL,20030402,0.16,0.16,0.16,0.16,25000
LHG,20030402,1.36,1.37,1.31,1.32,8849255
LKO,20030402,0.022,0.022,0.021,0.021,252052
LLC,20030402,9.12,9.19,9.07,9.15,325241
LNN,20030402,5.2,5.23,5.15,5.2,313577
LOD,20030402,0.19,0.19,0.19,0.19,2600
LOK,20030402,0.24,0.24,0.23,0.235,12516706
LRL,20030402,0.095,0.115,0.09,0.115,130900
LSG,20030402,1.37,1.38,1.36,1.37,719364
LUM,20030402,0.24,0.24,0.24,0.24,40000
LUO,20030402,1.32,1.32,1.29,1.29,926196
MAG,20030402,1.38,1.38,1.38,1.38,4000
MAH,20030402,0.145,0.145,0.135,0.14,214500
MAP,20030402,0.92,0.94,0.9,0.9,3509136
MAQ,20030402,0.075,0.075,0.075,0.075,52500
MAR,20030402,0.18,0.18,0.18,0.18,136110
MAY,20030402,2.96,3,2.92,3,1669999
MBG,20030402,0.045,0.045,0.043,0.045,648000
MBL,20030402,24.2,24.3,23.78,23.78,859305
MBP,20030402,0.69,0.69,0.66,0.66,75250
MCA,20030402,0.92,0.95,0.9,0.95,172542
MCC,20030402,1.21,1.21,1.21,1.21,12300
MCG,20030402,2.46,2.46,2.43,2.45,42031
MCL,20030402,0.011,0.011,0.011,0.011,2000
MCP,20030402,2.45,2.45,2.41,2.43,270800
MCR,20030402,0.29,0.29,0.29,0.29,146483
MCW,20030402,1.67,1.67,1.65,1.65,2106041
MDC,20030402,1.46,1.5,1.46,1.5,10333
MDE,20030402,0.7,0.7,0.7,0.7,981
MDM,20030402,0.031,0.031,0.031,0.031,1
MDS,20030402,0.125,0.125,0.125,0.125,17500
MEE,20030402,0.072,0.074,0.072,0.073,119200
MEO,20030402,0.13,0.14,0.13,0.14,161702
MGI,20030402,1.49,1.49,1.48,1.49,2497875
MGM,20030402,1.4,1.44,1.4,1.4,180582
MGR,20030402,4.11,4.13,4.03,4.05,1704849
MGW,20030402,4.34,4.34,4.2,4.23,38588
MGX,20030402,0.092,0.092,0.091,0.091,124000
MIA,20030402,0.58,0.58,0.55,0.57,225436
MIC,20030402,0.006,0.006,0.006,0.006,30000
MIG,20030402,3.15,3.15,3.05,3.05,4153015
MIL,20030402,0.1,0.1,0.1,0.1,138647
MIM,20030402,1.5,1.55,1.49,1.55,15485865
MIR,20030402,1,1,1,1,81999
MJN,20030402,0.011,0.011,0.011,0.011,88345
MLB,20030402,0.335,0.335,0.335,0.335,29100
MLE,20030402,0.71,0.71,0.7,0.7,234206
MLT,20030402,11.48,11.55,11.48,11.55,6617
MMN,20030402,0.089,0.089,0.081,0.081,361100
MNR,20030402,0.76,0.77,0.76,0.77,7000
MOB,20030402,0.205,0.235,0.205,0.23,247197
MOD,20030402,0.205,0.205,0.2,0.2,540000
MOF,20030402,1.18,1.18,1.16,1.16,1145059
MOO,20030402,0.07,0.07,0.06,0.06,80000
MOS,20030402,0.13,0.13,0.125,0.125,44690
MPB,20030402,3.4,3.4,3.4,3.4,2500
MPD,20030402,0.165,0.165,0.16,0.16,30000
MPH,20030402,0.43,0.43,0.43,0.43,2392
MPI,20030402,0.087,0.088,0.086,0.088,210000
MPM,20030402,0.37,0.37,0.37,0.37,4292
MPO,20030402,0.036,0.036,0.036,0.036,50000
MRC,20030402,0.13,0.14,0.13,0.14,225500
MRL,20030402,1.95,1.97,1.9,1.9,499295
MRM,20030402,0.18,0.18,0.18,0.18,27000
MRS,20030402,0.18,0.18,0.18,0.18,25000
MRX,20030402,0.039,0.039,0.038,0.038,82000
MSC,20030402,0.12,0.12,0.115,0.12,55000
MST,20030402,0.395,0.4,0.395,0.4,94275
MTR,20030402,0.1,0.105,0.1,0.105,40000
MTT,20030402,1.97,2.02,1.97,2,1934752
MUR,20030402,0.028,0.028,0.027,0.027,70000
MXA,20030402,0.005,0.005,0.005,0.005,54000
MXI,20030402,0.32,0.33,0.32,0.33,240176
MXL,20030402,0.1,0.1,0.1,0.1,40000
MXS,20030402,0.018,0.018,0.018,0.018,35298
MYO,20030402,0.68,0.68,0.66,0.66,10000
NAB,20030402,32.61,32.7,32.33,32.35,5247380
NAI,20030402,0.045,0.045,0.045,0.045,5000
NAL,20030402,0.46,0.46,0.45,0.45,85296
NAM,20030402,0.245,0.25,0.245,0.245,37913
NBL,20030402,1.41,1.43,1.41,1.43,16970
NCI,20030402,1.09,1.09,1.09,1.09,1500
NCM,20030402,6.53,6.53,6.28,6.31,2326183
NCP,20030402,11.05,11.16,10.93,11.03,18190074
NDC,20030402,0.076,0.076,0.075,0.075,226000
NDO,20030402,0.013,0.014,0.013,0.014,306000
NEM,20030402,4.22,4.23,4.2,4.23,54532
NEV,20030402,1.83,1.84,1.82,1.83,46044
NFD,20030402,3.25,3.25,3.16,3.16,346348
NFM,20030402,18.65,18.65,18.65,18.65,2521
NHL,20030402,0.24,0.24,0.23,0.23,88000
NHM,20030402,0.012,0.012,0.012,0.012,70000
NNG,20030402,0.275,0.275,0.275,0.275,6000
NOL,20030402,0.29,0.295,0.29,0.295,31000
NPX,20030402,3.2,3.2,3.2,3.2,2000
NRL,20030402,0.031,0.031,0.031,0.031,10000
NRT,20030402,3.45,3.45,3.16,3.23,813468
NTG,20030402,0.048,0.05,0.046,0.05,224792
NUF,20030402,3.85,3.87,3.81,3.83,144188
NVE,20030402,0.315,0.315,0.305,0.305,65000
NVS,20030402,1.14,1.15,1.13,1.13,16885
NWE,20030402,0.046,0.046,0.044,0.044,248000
NXS,20030402,0.036,0.036,0.036,0.036,92000
OCA,20030402,3.76,3.76,3.76,3.76,1000
OCO,20030402,0.016,0.017,0.016,0.017,41039
OEC,20030402,0.155,0.16,0.155,0.155,82221
OIL,20030402,0.33,0.345,0.32,0.345,5800
OKN,20030402,0.84,0.85,0.84,0.85,38183
OMI,20030402,3.31,3.31,3.25,3.25,19197
OPI,20030402,0.081,0.081,0.081,0.081,10478
OPL,20030402,0.085,0.085,0.085,0.085,150000
OPS,20030402,3.5,3.5,3.42,3.43,67893
ORG,20030402,4.25,4.29,4.12,4.12,2106413
ORI,20030402,9.02,9.19,9.02,9.06,746008
ORL,20030402,4.25,4.25,4.25,4.25,6852
ORO,20030402,0.125,0.125,0.12,0.12,86299
ORP,20030402,0.015,0.016,0.014,0.014,351000
OSH,20030402,0.63,0.64,0.6,0.61,4805451
OST,20030402,1.72,1.73,1.67,1.67,2254064
OXR,20030402,0.5,0.5,0.48,0.49,1210139
PBB,20030402,3.37,3.43,3.37,3.38,254810
PBD,20030402,0.68,0.68,0.67,0.67,24650
PBL,20030402,8.34,8.35,8.2,8.27,1553949
PBO,20030402,0.6,0.65,0.6,0.65,6275
PBT,20030402,0.79,0.79,0.78,0.78,7520
PCG,20030402,0.18,0.185,0.18,0.18,217811
PCL,20030402,0.016,0.017,0.016,0.017,1180000
PDG,20030402,15.9,16,15.45,15.45,12373
PEM,20030402,0.58,0.6,0.58,0.6,543350
PEP,20030402,0.67,0.67,0.67,0.67,2500
PGL,20030402,0.72,0.72,0.72,0.72,1100
PHL,20030402,0.14,0.14,0.14,0.14,35000
PHY,20030402,2.9,2.9,2.83,2.85,131348
PIE,20030402,0.014,0.014,0.014,0.014,15600
PIL,20030402,0.115,0.115,0.115,0.115,6800
PLA,20030402,0.35,0.35,0.35,0.35,50000
PLF,20030402,1.55,1.63,1.55,1.63,63728
PLL,20030402,0.33,0.33,0.32,0.32,5500
PLT,20030402,1,1,0.92,0.92,4500
PMC,20030402,1.81,1.82,1.81,1.82,49917
PMG,20030402,2.96,2.96,2.95,2.95,10000
PMM,20030402,1.18,1.2,1.13,1.14,3042602
PMP,20030402,0.45,0.46,0.45,0.45,167593
PMV,20030402,1.9,1.9,1.9,1.9,12500
PNA,20030402,0.041,0.041,0.039,0.039,150000
POF,20030402,1.41,1.42,1.36,1.37,1385104
PPB,20030402,3.6,3.6,3.6,3.6,2900
PPH,20030402,1.22,1.25,1.2,1.22,111003
PPK,20030402,0.88,0.88,0.88,0.88,31000
PPP,20030402,0.073,0.074,0.073,0.074,61000
PPT,20030402,29.1,29.24,29,29.1,59216
PPX,20030402,5.05,5.13,5.04,5.06,1028332
PRG,20030402,1.8,1.8,1.8,1.8,37991
PRK,20030402,11.98,12,11.66,11.66,825841
PRO,20030402,0.115,0.115,0.115,0.115,99800
PRR,20030402,0.26,0.26,0.255,0.255,10000
PRT,20030402,2.22,2.25,2.22,2.25,24618
PRX,20030402,0.97,0.97,0.97,0.97,200000
PRY,20030402,3.65,3.66,3.65,3.65,16939
PSA,20030402,0.41,0.42,0.41,0.42,142489
PSD,20030402,0.16,0.16,0.16,0.16,92000
PSI,20030402,0.22,0.22,0.22,0.22,33000
PSL,20030402,0.042,0.042,0.042,0.042,10000
PSN,20030402,4.95,4.95,4.75,4.75,2150
PSV,20030402,0.17,0.175,0.17,0.17,1244472
PSX,20030402,0.14,0.145,0.14,0.145,147640
PTD,20030402,1.26,1.33,1.26,1.33,5111839
PWR,20030402,0.036,0.037,0.034,0.035,1739500
PWT,20030402,0.056,0.056,0.055,0.055,157350
QAN,20030402,3.1,3.16,3.06,3.06,13231678
QBE,20030402,8.46,8.5,8.35,8.36,2534612
QCH,20030402,3.19,3.2,3.19,3.2,22700
QED,20030402,0.05,0.05,0.05,0.05,40000
QGC,20030402,0.21,0.215,0.2,0.215,160000
QMM,20030402,0.055,0.055,0.055,0.055,60000
QPX,20030402,0.365,0.365,0.36,0.36,76600
QTK,20030402,0.02,0.02,0.02,0.02,1035078
QTL,20030402,0.007,0.007,0.007,0.007,600000
QUR,20030402,0.022,0.022,0.022,0.022,30000
RAC,20030402,0.18,0.18,0.18,0.18,25048
RBS,20030402,4.38,4.38,4.35,4.35,6950
RCD,20030402,2.38,2.38,2.32,2.32,38322
RCT,20030402,1.43,1.43,1.43,1.43,4000
RDF,20030402,0.51,0.52,0.5,0.51,135138
RDR,20030402,0.185,0.19,0.185,0.185,100000
REB,20030402,2.01,2.03,2.01,2.03,93223
REH,20030402,6.45,6.45,6.45,6.45,473
REL,20030402,0.083,0.083,0.082,0.082,220000
REM,20030402,0.22,0.22,0.22,0.22,17857
RFS,20030402,0.27,0.27,0.265,0.265,33288
RHC,20030402,3.3,3.39,3.3,3.39,113621
RIC,20030402,1.48,1.5,1.46,1.48,156331
RIN,20030402,4.91,4.92,4.85,4.87,3479604
RIO,20030402,31.52,31.9,31.25,31.26,1322172
RKN,20030402,0.275,0.275,0.27,0.27,264600
RLD,20030402,0.06,0.06,0.06,0.06,12000
RMD,20030402,5.3,5.31,5.28,5.3,301894
RMG,20030402,0.035,0.035,0.035,0.035,50000
RML,20030402,0.07,0.07,0.065,0.065,1866
RMS,20030402,0.17,0.17,0.17,0.17,90000
RMW,20030402,1.1,1.11,1.1,1.11,2000
ROC,20030402,1.25,1.25,1.23,1.23,15287
ROK,20030402,3,3.05,3,3.05,13523
RPC,20030402,0.38,0.38,0.375,0.375,17000
RRS,20030402,0.019,0.019,0.019,0.019,250000
RSG,20030402,0.65,0.65,0.65,0.65,10845
RSN,20030402,0.025,0.025,0.025,0.025,50000
RUP,20030402,5.25,5.25,5.25,5.25,18497
RYW,20030402,0.08,0.083,0.08,0.081,322862
SAF,20030402,0.14,0.14,0.13,0.13,58050
SAQ,20030402,4.4,4.43,4.4,4.4,25213
SBC,20030402,7.9,7.97,7.8,7.85,229746
SBE,20030402,1.42,1.44,1.42,1.44,8647
SBM,20030402,0.08,0.08,0.079,0.079,60000
SBP,20030402,0.089,0.09,0.088,0.088,123830
SCE,20030402,0.021,0.021,0.021,0.021,34990
SCF,20030402,105.8,105.8,105.5,105.8,2957
SDG,20030402,0.5,0.5,0.5,0.5,113000
SDI,20030402,4.54,4.6,4.54,4.6,19248
SED,20030402,0.135,0.135,0.13,0.13,800000
SEL,20030402,1.83,1.83,1.82,1.82,151000
SEN,20030402,0.065,0.065,0.064,0.064,13000
SEV,20030402,3.75,3.77,3.71,3.75,624304
SFC,20030402,13.3,13.3,13.25,13.25,6190
SFD,20030402,0.19,0.19,0.19,0.19,13774
SFE,20030402,2.77,2.77,2.74,2.74,55503
SFG,20030402,0.017,0.017,0.016,0.016,511500
SGB,20030402,19.42,19.42,19.11,19.26,940645
SGL,20030402,0.28,0.29,0.26,0.26,92679
SGN,20030402,2.7,2.7,2.68,2.69,307666
SGP,20030402,4.88,4.88,4.82,4.82,2507322
SGS,20030402,0.9,0.91,0.9,0.91,15000
SGT,20030402,1.28,1.32,1.28,1.32,678910
SGW,20030402,1.71,1.71,1.65,1.65,405347
SGX,20030402,1.88,1.88,1.8,1.8,7000
SHL,20030402,6,6,5.8,5.84,646657
SHV,20030402,3.59,3.6,3.59,3.59,8112
SIE,20030402,0.066,0.067,0.063,0.065,1721858
SIG,20030402,4.35,4.35,4.28,4.3,160198
SKE,20030402,2.09,2.14,2.08,2.14,75307
SKR,20030402,0.052,0.052,0.05,0.05,1874350
SLF,20030402,14.61,14.61,14.61,14.61,3628
SLM,20030402,1.8,1.8,1.8,1.8,5500
SLT,20030402,0.055,0.055,0.055,0.055,833
SLX,20030402,0.98,1.12,0.98,1.12,1201690
SMC,20030402,0.23,0.23,0.23,0.23,155900
SML,20030402,0.02,0.02,0.02,0.02,87253
SMS,20030402,8.13,8.25,8.05,8.05,285903
SMX,20030402,0.23,0.235,0.22,0.22,274431
SMY,20030402,0.32,0.32,0.32,0.32,83360
SNX,20030402,0.87,0.88,0.87,0.88,70288
SOH,20030402,0.355,0.37,0.355,0.365,103995
SOL,20030402,5.15,5.15,5.15,5.15,31900
SOT,20030402,0.79,0.8,0.79,0.79,96500
SPC,20030402,1.25,1.25,1.22,1.23,121149
SPL,20030402,0.28,0.28,0.28,0.28,3000
SPP,20030402,0.175,0.175,0.17,0.17,51640
SPT,20030402,3.95,4.09,3.95,4.09,795142
SPX,20030402,0.43,0.43,0.43,0.43,43779
SRI,20030402,0.23,0.235,0.23,0.23,441377
SRL,20030402,0.55,0.55,0.55,0.55,80000
SRP,20030402,3.22,3.32,3.18,3.31,2184089
SRT,20030402,0.003,0.003,0.003,0.003,959974
SRV,20030402,1.1,1.1,1.1,1.1,18046
SRX,20030402,4.8,4.82,4.8,4.82,19804
SST,20030402,1.21,1.21,1.21,1.21,320
SSX,20030402,1.08,1.1,1.07,1.1,2056029
STL,20030402,0.06,0.061,0.06,0.061,220000
STN,20030402,0.125,0.125,0.125,0.125,47579
STO,20030402,5.81,5.82,5.66,5.69,574825
STP,20030402,0.22,0.22,0.215,0.215,83500
STT,20030402,0.012,0.012,0.012,0.012,240000
STW,20030402,29.56,29.57,29.5,29.54,1335
SUN,20030402,10.15,10.16,9.93,9.96,1010906
SYG,20030402,0.01,0.01,0.01,0.01,2000
SYM,20030402,0.78,0.8,0.78,0.78,200632
TAA,20030402,0.044,0.044,0.044,0.044,29418
TAB,20030402,3.09,3.09,3.04,3.05,551048
TAH,20030402,10,10.1,9.97,10,1739477
TAP,20030402,1.41,1.43,1.4,1.41,149137
TBC,20030402,0.165,0.17,0.165,0.17,40001
TCL,20030402,4.46,4.47,4.3,4.4,1345627
TEE,20030402,0.016,0.016,0.016,0.016,60500
TEL,20030402,4.18,4.26,4.17,4.21,1155161
TEM,20030402,1.56,1.62,1.56,1.6,505318
TEN,20030402,2.01,2.01,2,2,581833
TGG,20030402,1.02,1.03,1,1,98283
THG,20030402,0.64,0.64,0.62,0.63,194321
THX,20030402,0.24,0.245,0.24,0.245,24240
TIF,20030402,0.385,0.385,0.38,0.38,132282
TIM,20030402,0.495,0.51,0.495,0.5,86615
TKG,20030402,0.006,0.006,0.006,0.006,60000
TKR,20030402,1.58,1.58,1.58,1.58,2102
TLS,20030402,4.13,4.14,4.1,4.14,32548995
TMO,20030402,0.48,0.48,0.48,0.48,10000
TMS,20030402,0.037,0.037,0.035,0.035,143200
TNE,20030402,0.255,0.26,0.25,0.26,146627
TNY,20030402,0.045,0.049,0.045,0.049,650000
TOL,20030402,6.5,6.5,6.39,6.4,385110
TOR,20030402,1.57,1.57,1.57,1.57,172
TOX,20030402,0.033,0.033,0.033,0.033,5715
TPX,20030402,9.1,9.1,9.1,9.1,2000
TRG,20030402,4.1,4.1,4,4,13000
TRY,20030402,1.75,1.75,1.75,1.75,2300
TSE,20030402,2.88,2.88,2.8,2.84,1159431
TWR,20030402,1.84,1.84,1.82,1.82,7327
TXT,20030402,1.4,1.4,1.4,1.4,10000
UCL,20030402,0.035,0.038,0.032,0.032,257800
UEC,20030402,0.125,0.125,0.125,0.125,32000
UEL,20030402,3.11,3.12,3.1,3.1,313524
UGL,20030402,2.86,2.86,2.76,2.85,78716
UNI,20030402,1.45,1.47,1.38,1.39,432710
UTB,20030402,4.84,4.88,4.84,4.85,524455
UXC,20030402,0.6,0.6,0.59,0.6,88365
VCM,20030402,0.9,0.9,0.85,0.85,2600
VCR,20030402,1.16,1.17,1.14,1.16,553088
VGL,20030402,0.94,0.94,0.91,0.92,47635
VHL,20030402,0.185,0.185,0.185,0.185,13125
VIA,20030402,0.03,0.032,0.03,0.032,50000
VIT,20030402,0.19,0.19,0.19,0.19,15300
VKI,20030402,0.265,0.265,0.265,0.265,58600
VLR,20030402,0.07,0.07,0.07,0.07,15000
VPE,20030402,0.013,0.013,0.013,0.013,329517
VPG,20030402,0.95,0.96,0.95,0.96,405623
VRE,20030402,0.01,0.01,0.01,0.01,500000
VRI,20030402,0.33,0.33,0.33,0.33,10000
VRL,20030402,1.12,1.13,1.1,1.13,158961
VSL,20030402,1.05,1.05,1,1,102545
VTI,20030402,0.2,0.21,0.19,0.19,71750
VWD,20030402,0.84,0.85,0.84,0.85,5929
WAM,20030402,1.4,1.4,1.4,1.4,45350
WAN,20030402,5.1,5.13,5.08,5.1,295075
WAT,20030402,1.7,1.75,1.7,1.75,19885
WBA,20030402,0.55,0.55,0.55,0.55,26700
WBC,20030402,15.95,15.95,15.21,15.21,10033486
WDP,20030402,1.98,1.98,1.93,1.93,56201
WEB,20030402,0.047,0.047,0.046,0.046,138850
WES,20030402,22.97,23,22.37,22.55,1026992
WEZ,20030402,0.37,0.37,0.37,0.37,10000
WFA,20030402,2,2,1.97,1.97,13619220
WFT,20030402,3.37,3.38,3.32,3.33,8358229
WGR,20030402,0.09,0.09,0.09,0.09,1500
WHL,20030402,0.105,0.105,0.105,0.105,33334
WHS,20030402,5.13,5.15,5.13,5.15,1190
WME,20030402,0.105,0.105,0.1,0.1,354000
WMM,20030402,0.12,0.13,0.12,0.13,80980
WMR,20030402,3.72,3.77,3.71,3.72,4417578
WMT,20030402,0.036,0.038,0.036,0.038,2846825
WON,20030402,0.008,0.008,0.008,0.008,1763312
WOR,20030402,1.76,1.76,1.76,1.76,23900
WOW,20030402,11.99,12.02,11.75,11.78,2639142
WPL,20030402,10.63,10.76,10.54,10.56,1696635
WPO,20030402,0.035,0.035,0.035,0.035,18000
WSA,20030402,0.44,0.44,0.42,0.425,383180
WSF,20030402,13.31,13.45,13.26,13.36,761441
WSG,20030402,0.013,0.013,0.013,0.013,120000
WSS,20030402,0.058,0.058,0.058,0.058,10000
WTE,20030402,0.013,0.013,0.013,0.013,882000
WTP,20030402,0.38,0.38,0.38,0.38,10000
WWA,20030402,0.78,0.78,0.78,0.78,5000
WYL,20030402,3.08,3.1,3.07,3.1,46432
XAN,20030402,0.245,0.245,0.24,0.24,150000
XAO,20030402,2844.2,2874,2844.2,2847.4,0
XDJ,20030402,1615,1662.4,1615,1648.6,0
XEJ,20030402,3808.5,3828.9,3753.1,3760.3,0
XEL,20030402,0.054,0.054,0.054,0.054,85000
XFJ,20030402,3821.1,3857.8,3799.3,3799.3,0
XFL,20030402,2918.9,2953.6,2918.9,2923.5,0
XHJ,20030402,2977.4,2998,2965.8,2980.5,0
XIJ,20030402,176.5,179.4,170.3,170.3,0
XJO,20030402,2882.2,2913.1,2882.2,2882.3,0
XKO,20030402,2877.4,2907.9,2877.4,2877.6,0
XMD,20030402,2468.1,2480,2446.8,2446.8,0
XMJ,20030402,4093.5,4144.6,4093.5,4123.7,0
XNJ,20030402,3037.2,3073.8,3019.5,3019.9,0
XPJ,20030402,1460.5,1465,1440.7,1444.9,0
XSJ,20030402,4087.4,4100,4045.5,4045.5,0
XSO,20030402,1441.4,1449.2,1436.3,1437.7,0
XTJ,20030402,1434.1,1452.9,1434.1,1452.9,0
XTL,20030402,1691.7,1714.5,1691.7,1695.5,0
XTO,20030402,2359.9,2385.8,2359.9,2360.5,0
XUJ,20030402,3471.2,3471.2,3420,3449.6,0
XXJ,20030402,3820.5,3863.5,3803.4,3803.4,0
YAM,20030402,0.006,0.006,0.006,0.006,41000
YTL,20030402,0.088,0.088,0.085,0.085,308505
ZAL,20030402,0.02,0.02,0.02,0.02,28000
ZEL,20030402,0.145,0.145,0.145,0.145,5000
ZIM,20030402,2.44,2.45,2.4,2.4,22173
ZYL,20030402,0.011,0.011,0.011,0.011,6500
