AAC,20031015,1.27,1.29,1.27,1.28,159147
AAI,20031015,66,66,66,66,200000
AAR,20031015,0.033,0.034,0.032,0.034,2652358
AAT,20031015,0.365,0.365,0.36,0.365,985256
AAU,20031015,1.2,1.2,1.15,1.15,5007
ABB,20031015,4.01,4.05,4.01,4.05,14638
ABC,20031015,1.46,1.46,1.43,1.44,249751
ABG,20031015,3.55,3.58,3.55,3.55,19317
ABI,20031015,0.235,0.24,0.235,0.24,822000
ABK,20031015,0.22,0.25,0.215,0.25,1528194
ABP,20031015,1.16,1.17,1.16,1.17,16834
ABS,20031015,3.8,3.8,3.67,3.7,461532
ABX,20031015,1.8,1.8,1.8,1.8,70000
ACF,20031015,1.04,1.04,1.03,1.04,87250
ACU,20031015,0.175,0.175,0.175,0.175,346556
ADA,20031015,0.76,0.76,0.75,0.75,44331
ADB,20031015,8.22,8.23,8.2,8.2,157297
ADG,20031015,3.97,4,3.95,3.95,38192
ADM,20031015,0.053,0.053,0.05,0.05,282000
ADN,20031015,0.22,0.22,0.215,0.215,45286
ADS,20031015,0.12,0.13,0.12,0.13,20490
ADT,20031015,1.05,1.05,1.05,1.05,19686
ADU,20031015,0.8,0.8,0.75,0.75,309273
ADV,20031015,0.097,0.1,0.096,0.1,200500
ADX,20031015,0.305,0.32,0.305,0.32,80000
ADZ,20031015,1.65,1.66,1.64,1.65,871557
AEC,20031015,1.67,1.67,1.64,1.64,13405
AEI,20031015,0.52,0.59,0.52,0.56,304658
AEN,20031015,0.84,0.85,0.84,0.84,80000
AEO,20031015,1.51,1.6,1.51,1.6,232966
AES,20031015,0.2,0.2,0.2,0.2,15349
AET,20031015,0.84,0.84,0.82,0.82,18330
AEX,20031015,0.074,0.084,0.074,0.079,12188715
AFC,20031015,0.395,0.405,0.395,0.405,52470
AFF,20031015,0.3,0.3,0.3,0.3,5661
AFI,20031015,3.43,3.46,3.4,3.4,245175
AFM,20031015,0.027,0.034,0.027,0.033,6987500
AFT,20031015,0.07,0.073,0.069,0.072,8183072
AGG,20031015,11,11,10.8,10.9,10933
AGH,20031015,0.84,0.84,0.84,0.84,10045
AGI,20031015,0.55,0.57,0.55,0.55,45496
AGL,20031015,10.73,10.77,10.68,10.7,856830
AGM,20031015,0.16,0.16,0.15,0.15,1403553
AGS,20031015,0.07,0.074,0.07,0.074,117757
AGT,20031015,0.56,0.58,0.56,0.58,151900
AGX,20031015,0.8,0.8,0.74,0.79,1213138
AGY,20031015,0.19,0.19,0.185,0.185,86670
AGZ,20031015,0.007,0.007,0.006,0.006,1581000
AHD,20031015,3.11,3.14,3.1,3.1,23330
AHO,20031015,0.42,0.42,0.415,0.415,44000
AHS,20031015,1.1,1.1,1.09,1.09,85530
AIA,20031015,5.52,5.52,5.52,5.52,6212
AIM,20031015,0.04,0.042,0.036,0.036,1846783
AIX,20031015,1.67,1.68,1.65,1.65,381830
AIZ,20031015,0.455,0.46,0.455,0.46,483557
AJL,20031015,2.28,2.28,2.25,2.28,67315
AKD,20031015,0.024,0.024,0.023,0.023,465916
ALE,20031015,0.06,0.06,0.06,0.06,18500
ALK,20031015,0.455,0.455,0.435,0.44,783915
ALL,20031015,1.92,1.93,1.87,1.89,1593684
ALN,20031015,6.55,6.57,6.52,6.55,230282
ALO,20031015,0.58,0.62,0.58,0.62,21600
ALR,20031015,0.95,0.95,0.95,0.95,22241
ALS,20031015,5.28,5.28,5.25,5.26,23515
ALT,20031015,0.065,0.065,0.056,0.056,46559
ALU,20031015,0.7,0.71,0.69,0.69,650990
ALZ,20031015,1.74,1.74,1.71,1.72,391682
AMC,20031015,9.06,9.09,8.97,8.99,2873627
AMH,20031015,0.06,0.06,0.06,0.06,7590
AML,20031015,0.69,0.7,0.68,0.69,268389
AMM,20031015,0.17,0.17,0.145,0.155,5359924
AMP,20031015,6.87,6.93,6.76,6.77,16368535
AMU,20031015,0.375,0.38,0.335,0.35,1769264
ANC,20031015,6.69,6.7,6.65,6.7,8950
ANE,20031015,2.96,2.96,2.94,2.95,101315
ANK,20031015,0.097,0.097,0.096,0.096,133318
ANL,20031015,0.205,0.205,0.195,0.195,204969551
ANM,20031015,0.086,0.087,0.083,0.085,233522
ANN,20031015,7.1,7.14,6.99,7.02,787809
ANP,20031015,0.14,0.145,0.14,0.14,670374
ANX,20031015,0.35,0.35,0.34,0.35,134668
ANZ,20031015,18.2,18.39,18.16,18.39,3395990
AOE,20031015,0.18,0.18,0.175,0.175,255000
AOO,20031015,0.22,0.22,0.21,0.21,110774
APA,20031015,2.65,2.68,2.64,2.65,70376
APE,20031015,6.57,6.6,6.55,6.6,2669
APG,20031015,0.099,0.11,0.098,0.105,4140133
API,20031015,2.55,2.57,2.55,2.57,104129
APL,20031015,0.29,0.3,0.29,0.3,3358
APN,20031015,3.8,3.84,3.8,3.82,1804382
APZ,20031015,0.155,0.155,0.15,0.15,8000
AQA,20031015,0.6,0.6,0.6,0.6,17753
AQP,20031015,7.7,7.75,7.68,7.69,36439
AQT,20031015,0.06,0.06,0.06,0.06,3334
ARA,20031015,0.38,0.39,0.38,0.39,84460
ARE,20031015,0.135,0.135,0.135,0.135,20000
ARG,20031015,5.17,5.3,5.17,5.3,51994
ARL,20031015,0.32,0.325,0.31,0.325,1358303
ARO,20031015,0.25,0.25,0.25,0.25,10000
ARP,20031015,3.24,3.26,3.24,3.26,11106
ARQ,20031015,0.95,0.95,0.91,0.92,396361
ARX,20031015,0.059,0.061,0.059,0.06,1425203
ASB,20031015,1,1.03,1,1.01,257537
ASC,20031015,0.058,0.063,0.058,0.062,1837931
ASL,20031015,0.68,0.7,0.68,0.7,188154
ASX,20031015,14.96,14.99,14.92,14.96,199243
ASZ,20031015,0.4,0.4,0.4,0.4,4000
ATG,20031015,0.69,0.72,0.69,0.69,557243
ATN,20031015,0.17,0.175,0.17,0.175,436733
ATP,20031015,0.21,0.215,0.21,0.21,67600
ATR,20031015,2,2,1.9,1.9,19000
ATT,20031015,0.205,0.205,0.2,0.2,16067
ATX,20031015,0.26,0.26,0.24,0.24,1102253
AUI,20031015,4.3,4.3,4.3,4.3,14240
AUL,20031015,0.014,0.014,0.014,0.014,285700
AUM,20031015,0.046,0.046,0.044,0.046,700143
AUN,20031015,0.395,0.405,0.39,0.395,3484481
AUO,20031015,0.63,0.67,0.63,0.67,3062222
AUY,20031015,0.074,0.079,0.072,0.079,1316000
AUZ,20031015,0.24,0.25,0.235,0.24,2009473
AVA,20031015,0.043,0.043,0.042,0.042,788000
AVJ,20031015,1.73,1.75,1.72,1.75,147600
AVL,20031015,0.35,0.35,0.335,0.34,1328787
AVN,20031015,0.051,0.051,0.048,0.049,15655092
AVO,20031015,0.195,0.205,0.19,0.19,660310
AVR,20031015,0.37,0.37,0.355,0.355,32450
AVT,20031015,0.33,0.34,0.31,0.31,55176
AVV,20031015,1.61,1.65,1.6,1.63,63990
AWB,20031015,4.03,4.04,4.01,4.04,769213
AWC,20031015,5.95,5.96,5.84,5.84,5420781
AWE,20031015,1.08,1.12,1.08,1.1,1219092
AWL,20031015,0.034,0.034,0.034,0.034,350000
AWP,20031015,7.95,7.95,7.9,7.9,4328
AXA,20031015,2.7,2.74,2.7,2.74,2761775
AXL,20031015,0.071,0.074,0.067,0.074,903298
AXM,20031015,0.205,0.215,0.205,0.215,322142
AXN,20031015,0.27,0.27,0.265,0.27,291108
AYO,20031015,1.25,1.32,1.24,1.27,549955
AZL,20031015,0.021,0.021,0.021,0.021,213000
AZR,20031015,0.12,0.12,0.115,0.115,3637000
BAR,20031015,0.089,0.089,0.082,0.082,147000
BBB,20031015,0.16,0.16,0.16,0.16,13040
BBG,20031015,7.55,7.55,7.5,7.5,815258
BCA,20031015,2.29,2.29,2.27,2.29,604190
BCL,20031015,0.495,0.5,0.49,0.5,236400
BDG,20031015,0.25,0.255,0.24,0.245,1310603
BDL,20031015,0.03,0.038,0.03,0.036,190660699
BDS,20031015,2.6,2.62,2.58,2.61,8000
BEL,20031015,0.5,0.5,0.495,0.495,230000
BEN,20031015,8.8,8.8,8.76,8.77,333809
BER,20031015,0.72,0.72,0.71,0.71,33500
BGD,20031015,0.057,0.057,0.057,0.057,19000
BGF,20031015,0.145,0.145,0.135,0.14,1267863
BGN,20031015,0.375,0.375,0.35,0.355,294200
BHL,20031015,4.6,4.6,4.6,4.6,3080
BHP,20031015,11.78,11.79,11.64,11.73,20690221
BIC,20031015,0.3,0.3,0.3,0.3,34730
BIL,20031015,4.72,4.75,4.69,4.74,3746959
BIR,20031015,1.15,1.16,1.15,1.15,1356947
BIT,20031015,0.35,0.35,0.335,0.335,6550
BKA,20031015,0.22,0.245,0.22,0.245,170738
BKL,20031015,7.72,7.74,7.7,7.71,51874
BKM,20031015,0.02,0.02,0.02,0.02,350000
BKR,20031015,0.345,0.35,0.34,0.34,36400
BKS,20031015,0.053,0.06,0.037,0.04,2655022
BKV,20031015,0.085,0.089,0.08,0.089,80000
BKW,20031015,9,9.06,8.98,9.06,116741
BKY,20031015,0.29,0.32,0.285,0.285,666783
BLD,20031015,5.51,5.57,5.51,5.54,2101695
BLN,20031015,0.235,0.24,0.23,0.235,378591
BLT,20031015,1.11,1.11,1.08,1.08,3000
BLZ,20031015,0.042,0.042,0.042,0.042,323000
BMX,20031015,0.165,0.165,0.16,0.16,36000
BNO,20031015,0.38,0.385,0.37,0.38,356338
BOC,20031015,0.145,0.15,0.14,0.15,109221
BOL,20031015,1.18,1.25,1.18,1.2,3404867
BOQ,20031015,9.37,9.6,9.37,9.6,110248
BPC,20031015,0.69,0.7,0.68,0.69,6553690
BPG,20031015,0.062,0.062,0.061,0.061,80000
BPO,20031015,0.1,0.11,0.1,0.11,1397440
BPT,20031015,0.395,0.395,0.385,0.395,441111
BQT,20031015,0.14,0.14,0.13,0.135,59722
BRE,20031015,0.016,0.016,0.016,0.016,137500
BRK,20031015,1.54,1.55,1.53,1.54,57650
BRO,20031015,0.065,0.067,0.065,0.065,178500
BRW,20031015,0.09,0.09,0.084,0.084,5180388
BRZ,20031015,1.29,1.29,1.27,1.28,298304
BSA,20031015,0.15,0.15,0.15,0.15,4000
BSG,20031015,0.325,0.325,0.32,0.32,154000
BSL,20031015,5.39,5.44,5.37,5.44,2323370
BSO,20031015,3.37,3.37,3.34,3.35,36275
BTA,20031015,0.56,0.56,0.54,0.55,321703
BTC,20031015,0.48,0.485,0.46,0.46,300108
BTV,20031015,0.12,0.12,0.115,0.115,403936
BUG,20031015,0.64,0.64,0.63,0.63,17000
BUU,20031015,0.047,0.047,0.045,0.045,158289
BUY,20031015,0.135,0.135,0.13,0.13,4113712
BWI,20031015,0.9,0.9,0.9,0.9,24500
BWP,20031015,1.52,1.52,1.51,1.52,180366
BYI,20031015,0.3,0.3,0.3,0.3,400000
CAA,20031015,2.5,2.52,2.49,2.52,145342
CAB,20031015,3.08,3.1,3.08,3.08,128090
CAG,20031015,0.036,0.036,0.034,0.035,396920
CAI,20031015,0.59,0.59,0.59,0.59,950
CAL,20031015,0.33,0.34,0.33,0.34,13538
CBA,20031015,28.19,28.38,28.1,28.2,2746097
CBD,20031015,0.012,0.012,0.011,0.012,25074002
CBH,20031015,0.145,0.16,0.145,0.15,6165083
CBR,20031015,4.26,4.26,4.26,4.26,950
CBT,20031015,0.088,0.088,0.086,0.087,439500
CCE,20031015,0.395,0.4,0.385,0.39,1382243
CCL,20031015,5.75,5.77,5.7,5.72,2005231
CCO,20031015,0.015,0.015,0.015,0.015,46000
CCV,20031015,0.13,0.13,0.13,0.13,29000
CDC,20031015,1.4,1.4,1.38,1.38,46621
CDF,20031015,1.178,1.178,1.178,1.178,2500
CDK,20031015,0.84,0.84,0.84,0.84,9000
CDO,20031015,3.45,3.57,3.45,3.57,34170
CDP,20031015,2.46,2.46,2.46,2.46,2900
CDR,20031015,1.08,1.08,1.06,1.06,74747
CDX,20031015,2.6,2.65,2.6,2.65,56450
CED,20031015,0.08,0.083,0.08,0.083,88121
CEP,20031015,3.89,3.93,3.88,3.92,1078950
CEQ,20031015,2,2.03,2,2,61500
CEY,20031015,2.55,2.59,2.54,2.55,277572
CFG,20031015,0.52,0.52,0.51,0.51,4160384
CFI,20031015,0.62,0.62,0.6,0.61,38849
CFR,20031015,0.035,0.036,0.034,0.035,5032185
CGX,20031015,0.49,0.49,0.47,0.47,35100
CHB,20031015,26,26,26,26,241
CHF,20031015,0.43,0.43,0.41,0.41,46128
CHL,20031015,0.13,0.13,0.125,0.125,15398
CHQ,20031015,0.9,0.91,0.89,0.9,534781
CHT,20031015,0.017,0.017,0.011,0.017,2057000
CHY,20031015,1.56,1.56,1.55,1.55,258697
CIN,20031015,12.35,12.5,12.35,12.5,28873
CIR,20031015,2.34,2.35,2.3,2.35,19415
CIY,20031015,3.5,3.95,3.5,3.9,87005
CKG,20031015,0.085,0.088,0.077,0.082,6915918
CKR,20031015,0.71,0.71,0.7,0.7,40372
CLH,20031015,1.7,1.71,1.69,1.7,59582
CLO,20031015,0.7,0.7,0.69,0.69,79194
CLT,20031015,0.89,0.92,0.89,0.91,61172
CLV,20031015,0.6,0.6,0.59,0.59,285165
CMI,20031015,2.12,2.13,2.12,2.13,15348
CML,20031015,7.82,7.84,7.77,7.78,2196189
CMP,20031015,0.35,0.35,0.325,0.325,72412
CMQ,20031015,5.6,5.68,5.58,5.67,29717
CMR,20031015,0.28,0.28,0.255,0.255,149020
CMS,20031015,0.078,0.078,0.073,0.074,246000
CMX,20031015,0.235,0.235,0.225,0.225,1189500
CND,20031015,1.31,1.32,1.3,1.32,48700
CNM,20031015,0.031,0.031,0.029,0.03,1878332
CNN,20031015,0.12,0.13,0.12,0.125,152600
CNT,20031015,0.29,0.29,0.28,0.28,619000
COA,20031015,2.65,2.66,2.63,2.63,1068617
COE,20031015,0.28,0.285,0.275,0.28,1293459
COF,20031015,5.59,5.59,5.47,5.47,4695
COH,20031015,32.4,32.47,32.15,32.22,185429
COO,20031015,0.04,0.043,0.04,0.04,414930
COU,20031015,0.62,0.62,0.6,0.62,192400
CPA,20031015,1.16,1.17,1.15,1.16,10789796
CPB,20031015,6.08,6.08,6,6,78404
CPI,20031015,1.07,1.07,1.07,1.07,5333
CPN,20031015,0.071,0.071,0.065,0.065,251500
CPS,20031015,0.21,0.21,0.21,0.21,24000
CPU,20031015,3.33,3.4,3.33,3.33,1746374
CQT,20031015,0.295,0.3,0.29,0.3,135500
CRD,20031015,0.19,0.19,0.18,0.185,562005
CRG,20031015,10.41,10.48,10.3,10.3,420309
CRL,20031015,0.1,0.1,0.094,0.098,292000
CRS,20031015,0.72,0.73,0.71,0.71,1362973
CRT,20031015,0.68,0.7,0.68,0.7,86000
CRU,20031015,0.455,0.455,0.44,0.44,35339
CSI,20031015,0.32,0.36,0.32,0.355,2853294
CSL,20031015,17,17.3,16.98,16.98,680405
CSM,20031015,0.93,0.94,0.92,0.92,171595
CSR,20031015,2.13,2.13,2.1,2.11,2288512
CST,20031015,1.46,1.51,1.46,1.51,47421
CSY,20031015,0.049,0.05,0.049,0.05,580564
CTE,20031015,0.4,0.4,0.4,0.4,12500
CTI,20031015,0.55,0.55,0.55,0.55,13700
CTL,20031015,1.5,1.51,1.48,1.49,171663
CTO,20031015,0.29,0.305,0.29,0.3,1164546
CTX,20031015,4.07,4.07,3.89,3.98,380775
CUE,20031015,0.059,0.06,0.054,0.055,1779031
CUL,20031015,0.048,0.048,0.045,0.046,740550
CVL,20031015,0.038,0.038,0.038,0.038,100000
CVN,20031015,0.043,0.045,0.042,0.043,790088
CVS,20031015,0.08,0.093,0.08,0.093,48500
CWG,20031015,0.14,0.14,0.14,0.14,50000
CWP,20031015,1.34,1.34,1.31,1.31,7220
CXP,20031015,5.55,5.63,5.55,5.63,90643
CYD,20031015,0.27,0.28,0.27,0.28,209448
CYG,20031015,5.46,5.5,5.46,5.5,60438
DDF,20031015,1.14,1.14,1.12,1.13,7091874
DDV,20031015,0.14,0.14,0.12,0.12,78500
DEG,20031015,0.205,0.205,0.19,0.195,466899
DES,20031015,0.063,0.063,0.063,0.063,15000
DFT,20031015,0.016,0.021,0.015,0.019,12932648
DGH,20031015,0.86,0.86,0.84,0.84,5264
DGM,20031015,0.038,0.04,0.036,0.04,261730
DID,20031015,0.085,0.085,0.085,0.085,15074
DIO,20031015,0.14,0.14,0.135,0.14,2232500
DIT,20031015,1.75,1.77,1.74,1.76,1529981
DJS,20031015,1.48,1.49,1.47,1.48,586274
DJW,20031015,3.44,3.46,3.43,3.45,74143
DKN,20031015,0.13,0.13,0.13,0.13,50000
DLS,20031015,0.055,0.055,0.054,0.054,264500
DMX,20031015,0.115,0.13,0.11,0.13,518105
DMY,20031015,0.47,0.47,0.43,0.43,14000
DNS,20031015,0.24,0.24,0.24,0.24,123970
DNX,20031015,0.21,0.21,0.205,0.205,21226
DOM,20031015,0.58,0.6,0.57,0.6,594500
DOT,20031015,1.11,1.13,1.11,1.13,651050
DOW,20031015,0.92,0.94,0.92,0.93,1406939
DPL,20031015,0.99,1.01,0.98,0.98,23400
DRA,20031015,0.185,0.185,0.18,0.185,351700
DRD,20031015,4.22,4.22,4.15,4.15,6700
DRE,20031015,2.88,2.94,2.88,2.9,85391
DTL,20031015,1.93,1.93,1.85,1.88,28542
DUI,20031015,1.86,1.86,1.85,1.85,399015
DVC,20031015,2.24,2.27,2.24,2.26,673405
DVN,20031015,0.8,0.82,0.79,0.79,749362
DWY,20031015,0.54,0.54,0.54,0.54,739
DYL,20031015,0.031,0.031,0.029,0.031,1795000
EBG,20031015,0.115,0.115,0.115,0.115,3000
EBR,20031015,0.079,0.08,0.077,0.079,533000
EBT,20031015,0.12,0.125,0.12,0.12,680096
ECS,20031015,0.04,0.04,0.04,0.04,10000
ECU,20031015,0.044,0.046,0.044,0.046,441181
EDN,20031015,0.125,0.125,0.12,0.125,544660
EGI,20031015,0.08,0.082,0.08,0.082,115000
EGL,20031015,0.29,0.31,0.29,0.305,838465
EGO,20031015,0.015,0.017,0.014,0.015,26148060
EHO,20031015,0.041,0.044,0.04,0.04,519986
EIF,20031015,0.2,0.2,0.2,0.2,325000
EIR,20031015,0.028,0.028,0.028,0.028,100000
ELL,20031015,0.185,0.185,0.17,0.18,411586
ELX,20031015,0.345,0.365,0.34,0.365,2540418
EMI,20031015,0.1,0.1,0.1,0.1,559225
EMM,20031015,0.09,0.091,0.09,0.091,30000
EMP,20031015,0.69,0.69,0.68,0.69,108903
EMS,20031015,0.45,0.455,0.435,0.445,229500
ENE,20031015,2.63,2.63,2.59,2.59,267881
ENV,20031015,1.07,1.07,1.06,1.07,252091
EOS,20031015,2.65,2.71,2.65,2.66,56694
EPR,20031015,0.15,0.16,0.15,0.155,74998
EPT,20031015,0.79,0.81,0.71,0.74,2739446
EQI,20031015,1.62,1.62,1.59,1.6,503502
EQR,20031015,0.185,0.185,0.175,0.18,375700
EQS,20031015,0.19,0.22,0.19,0.205,4188963
EQX,20031015,0.39,0.395,0.38,0.38,145828
ERA,20031015,3.5,3.5,3.5,3.5,243
ERG,20031015,1.3,1.32,1.26,1.3,4455970
ESG,20031015,0.105,0.105,0.1,0.1,350000
ESI,20031015,0.275,0.28,0.27,0.28,239950
ESL,20031015,0.21,0.235,0.21,0.235,14800
EST,20031015,0.081,0.081,0.079,0.079,230000
ESV,20031015,0.2,0.2,0.2,0.2,20000
ETC,20031015,0.017,0.017,0.017,0.017,247000
ETR,20031015,0.83,0.84,0.82,0.82,103142
ETT,20031015,0.098,0.11,0.094,0.11,5772637
ETW,20031015,1.25,1.26,1.24,1.26,43907
EUG,20031015,0.069,0.085,0.069,0.075,884257
EVM,20031015,0.13,0.13,0.13,0.13,9000
EWC,20031015,0.029,0.03,0.029,0.03,1893610
EWL,20031015,0.048,0.05,0.048,0.05,100000
EXS,20031015,0.235,0.245,0.235,0.24,1083315
EXT,20031015,0.025,0.025,0.024,0.024,2265554
EZE,20031015,0.18,0.205,0.18,0.2,324952
EZI,20031015,0.02,0.02,0.02,0.02,75029
EZL,20031015,0.72,0.75,0.72,0.75,13800
FAN,20031015,3.92,3.92,3.82,3.92,7167
FAR,20031015,0.047,0.053,0.047,0.049,1181200
FBU,20031015,3.66,3.7,3.66,3.7,114707
FCL,20031015,1.54,1.54,1.5,1.52,1794843
FCN,20031015,0.25,0.25,0.2,0.215,3164250
FDL,20031015,0.062,0.075,0.062,0.075,1971766
FDR,20031015,0.083,0.083,0.078,0.078,49526
FEA,20031015,0.245,0.245,0.24,0.24,111600
FFL,20031015,2.11,2.14,2.11,2.14,81147
FFS,20031015,1.12,1.12,1.12,1.12,3038
FGL,20031015,4.46,4.48,4.41,4.44,17137035
FKP,20031015,2.82,2.82,2.75,2.79,282663
FLE,20031015,0.25,0.25,0.25,0.25,20000
FLK,20031015,0.8,0.8,0.8,0.8,5000
FLO,20031015,0.034,0.035,0.03,0.033,3444996
FLT,20031015,21.48,21.6,21.48,21.48,20995
FMG,20031015,0.25,0.25,0.25,0.25,200000
FOA,20031015,18.95,19.18,18.77,19.18,590538
FPA,20031015,12.74,12.85,12.74,12.8,21092
FPF,20031015,1.19,1.19,1.19,1.19,8245
FPG,20031015,0.37,0.37,0.37,0.37,19139
FPH,20031015,10.95,10.95,10.9,10.9,408202
FPS,20031015,0.58,0.59,0.57,0.57,51736
FRL,20031015,0.16,0.16,0.155,0.155,338828
FRM,20031015,0.41,0.44,0.41,0.44,25000
FTR,20031015,0.68,0.68,0.66,0.66,36608
FUN,20031015,1.84,1.84,1.82,1.82,104240
FUT,20031015,0.009,0.009,0.009,0.009,83562
FWD,20031015,5.18,5.18,5.12,5.15,39903
FXJ,20031015,3.58,3.62,3.57,3.59,9122934
FXR,20031015,0.66,0.66,0.58,0.6,612950
GAN,20031015,1.3,1.3,1.29,1.29,6428224
GAP,20031015,2.62,2.65,2.6,2.6,55438
GAS,20031015,2.18,2.19,2.15,2.17,452070
GBG,20031015,0.16,0.165,0.16,0.165,1358300
GBL,20031015,0.055,0.058,0.055,0.058,419500
GBN,20031015,0.058,0.058,0.058,0.058,279
GBP,20031015,0.195,0.195,0.17,0.17,80400
GBR,20031015,0.455,0.455,0.4,0.43,78445
GCA,20031015,0.95,0.95,0.95,0.95,196000
GCN,20031015,0.091,0.093,0.091,0.093,480000
GCR,20031015,0.088,0.089,0.087,0.088,376000
GDA,20031015,0.025,0.025,0.022,0.023,2462242
GDM,20031015,0.62,0.64,0.62,0.64,63600
GDN,20031015,0.047,0.047,0.042,0.044,407000
GDP,20031015,0.61,0.61,0.58,0.58,56149
GDY,20031015,1.15,1.15,1.1,1.14,100432
GED,20031015,0.12,0.135,0.12,0.13,210000
GEE,20031015,0.54,0.56,0.54,0.56,39400
GEN,20031015,0.9,0.9,0.9,0.9,1600
GFD,20031015,0.82,0.82,0.8,0.82,13376
GGL,20031015,0.51,0.52,0.51,0.52,285266
GGN,20031015,0.3,0.3,0.28,0.28,277800
GGP,20031015,0.26,0.28,0.26,0.265,1251506
GGY,20031015,0.056,0.057,0.054,0.054,462637
GHG,20031015,0.63,0.64,0.63,0.64,55465
GIP,20031015,0.078,0.078,0.078,0.078,15000
GIR,20031015,0.18,0.18,0.16,0.16,200000
GKR,20031015,0.29,0.29,0.28,0.29,259276
GLB,20031015,0.49,0.495,0.485,0.49,460096
GLN,20031015,0.3,0.31,0.285,0.285,66500
GME,20031015,0.065,0.065,0.065,0.065,220000
GML,20031015,0.155,0.155,0.15,0.155,65000
GNC,20031015,13.22,13.31,13.22,13.31,9649
GNS,20031015,13.01,13.04,12.9,12.9,367361
GOA,20031015,0.155,0.155,0.155,0.155,31841
GOG,20031015,0.2,0.2,0.195,0.2,307000
GOI,20031015,0.4,0.4,0.4,0.4,30000
GOW,20031015,2.33,2.33,2.33,2.33,15000
GPG,20031015,1.47,1.48,1.47,1.48,66008
GPN,20031015,0.021,0.021,0.021,0.021,50000
GPT,20031015,2.88,2.91,2.87,2.91,3390682
GRD,20031015,1.73,1.73,1.66,1.69,77219
GRN,20031015,0.61,0.61,0.6,0.61,45460
GRO,20031015,0.91,0.91,0.87,0.87,15000
GRP,20031015,1.5,1.51,1.47,1.51,34687
GRR,20031015,0.37,0.38,0.37,0.37,32000
GSE,20031015,0.058,0.064,0.058,0.064,847813
GTG,20031015,0.66,0.66,0.62,0.64,976511
GTI,20031015,0.045,0.045,0.045,0.045,99999
GTM,20031015,0.098,0.098,0.094,0.094,5153076
GTP,20031015,1.68,1.68,1.63,1.65,616661
GUD,20031015,6.19,6.25,6.15,6.16,123576
GUL,20031015,0.031,0.031,0.031,0.031,84330
GUN,20031015,0.23,0.23,0.22,0.22,121500
GVM,20031015,0.03,0.03,0.028,0.03,260000
GWT,20031015,2.9,2.9,2.87,2.87,429516
GYM,20031015,0.59,0.6,0.58,0.58,301760
GZL,20031015,2.55,2.55,2.55,2.55,2000
HAO,20031015,0.1,0.11,0.1,0.105,678000
HAV,20031015,0.215,0.23,0.215,0.22,734860
HBL,20031015,0.415,0.42,0.415,0.42,19394
HBR,20031015,0.5,0.52,0.5,0.5,60000
HCD,20031015,0.75,0.75,0.75,0.75,6000
HCN,20031015,1.34,1.4,1.34,1.35,53481
HCY,20031015,0.034,0.034,0.033,0.034,2430420
HDR,20031015,0.69,0.7,0.67,0.69,1447683
HEG,20031015,0.205,0.24,0.205,0.24,30000
HER,20031015,0.63,0.63,0.61,0.61,117008
HGO,20031015,0.165,0.165,0.16,0.16,200000
HHL,20031015,4.15,4.15,4.15,4.15,20708
HHM,20031015,0.35,0.35,0.34,0.34,111543
HIC,20031015,0.64,0.64,0.63,0.64,71875
HIG,20031015,0.335,0.34,0.33,0.335,1051122
HII,20031015,0.094,0.094,0.094,0.094,10600
HIL,20031015,3.76,3.8,3.76,3.76,80804
HIT,20031015,0.067,0.067,0.065,0.065,386800
HLD,20031015,0.56,0.57,0.56,0.56,32500
HLL,20031015,0.048,0.049,0.048,0.049,50000
HLM,20031015,0.12,0.13,0.12,0.13,24936
HLT,20031015,0.48,0.48,0.44,0.48,117083
HLX,20031015,0.24,0.26,0.24,0.26,92900
HLY,20031015,6.48,6.49,6.4,6.4,163902
HMC,20031015,0.042,0.042,0.04,0.04,566000
HME,20031015,5.3,5.3,5.3,5.3,1616
HNG,20031015,1.6,1.61,1.6,1.61,46120
HOM,20031015,0.37,0.38,0.35,0.38,1580668
HPL,20031015,0.5,0.5,0.5,0.5,28643
HPX,20031015,1.33,1.39,1.33,1.37,356590
HRD,20031015,0.375,0.385,0.375,0.38,137000
HRR,20031015,0.22,0.22,0.21,0.21,102300
HRZ,20031015,0.078,0.078,0.078,0.078,105000
HSN,20031015,0.345,0.35,0.335,0.34,64087
HSP,20031015,3.03,3.03,3.01,3.03,75636
HTA,20031015,0.335,0.335,0.33,0.33,66029
HTE,20031015,0.06,0.06,0.059,0.06,1093000
HTL,20031015,0.19,0.23,0.16,0.21,10183230
HUG,20031015,0.089,0.09,0.085,0.085,134000
HVN,20031015,3.32,3.35,3.31,3.32,4687431
HWE,20031015,1.05,1.06,1.04,1.04,415892
HWG,20031015,0.13,0.13,0.125,0.125,258000
HWI,20031015,2.53,2.55,2.53,2.55,245876
HWT,20031015,1.01,1.07,1.01,1.06,129179
HYO,20031015,0.019,0.019,0.019,0.019,100000
HZN,20031015,0.082,0.086,0.082,0.084,147870
IAG,20031015,4.3,4.32,4.26,4.27,5646451
IAS,20031015,1.5,1.5,1.43,1.46,250100
IAT,20031015,0.06,0.06,0.052,0.052,65000
IBC,20031015,0.56,0.56,0.56,0.56,61054
ICE,20031015,0.023,0.024,0.022,0.024,2084272
ICN,20031015,0.035,0.035,0.035,0.035,50000
ICO,20031015,0.005,0.006,0.005,0.006,1558334
ICS,20031015,0.51,0.51,0.485,0.5,114400
IDT,20031015,2.05,2.05,2.04,2.05,25500
IEQ,20031015,0.03,0.03,0.03,0.03,10417
IFM,20031015,1.14,1.18,1.14,1.14,1370504
IGL,20031015,0.36,0.365,0.36,0.36,228297
IGO,20031015,1.19,1.19,1.13,1.17,529490
IGP,20031015,2.35,2.35,2.35,2.35,50432
IHG,20031015,0.61,0.61,0.6,0.6,296466
IIF,20031015,1.68,1.69,1.67,1.68,914692
IIN,20031015,3,3.01,3,3.01,78727
ILU,20031015,4.7,4.7,4.57,4.64,1206074
IMA,20031015,0.385,0.395,0.35,0.365,518940
IMD,20031015,0.18,0.18,0.175,0.175,535365
IMF,20031015,0.8,0.8,0.79,0.8,140760
IMH,20031015,0.25,0.255,0.25,0.25,54300
IMP,20031015,0.021,0.021,0.018,0.019,8826360
IMU,20031015,0.275,0.275,0.27,0.27,144997
INL,20031015,0.056,0.056,0.054,0.054,1003301
INT,20031015,0.051,0.055,0.05,0.05,802331
INX,20031015,0.42,0.42,0.4,0.405,79143
IOC,20031015,3.43,3.5,3.43,3.5,4000
IOF,20031015,1.13,1.14,1.12,1.13,4245866
ION,20031015,2.23,2.25,2.22,2.23,634411
IPG,20031015,2,2,1.98,2,1636774
IPL,20031015,15.66,15.66,15.66,15.66,3651
IPN,20031015,0.054,0.054,0.049,0.049,2478000
IRC,20031015,0.089,0.089,0.089,0.089,167092
IRE,20031015,2.45,2.49,2.44,2.49,188238
IRI,20031015,0.23,0.23,0.22,0.22,58200
IRN,20031015,0.46,0.54,0.46,0.52,1108861
ITE,20031015,0.18,0.3,0.18,0.29,4378478
IVK,20031015,0.03,0.03,0.03,0.03,1304100
IVN,20031015,12.8,13.05,12.8,13.05,21999
IWF,20031015,1.67,1.67,1.64,1.65,55149
IWI,20031015,1.97,1.98,1.97,1.97,163548
IWL,20031015,0.29,0.305,0.275,0.275,2690029
JAK,20031015,0.295,0.3,0.295,0.295,364530
JBM,20031015,4.63,4.65,4.49,4.51,1225693
JET,20031015,0.19,0.19,0.19,0.19,12000
JFG,20031015,2.85,2.87,2.84,2.84,192275
JFM,20031015,1.11,1.12,1.11,1.11,603027
JHX,20031015,7.8,7.88,7.72,7.85,2226482
JRL,20031015,0.41,0.41,0.39,0.4,56901
JRR,20031015,0.7,0.7,0.68,0.7,234100
JRV,20031015,0.018,0.019,0.018,0.018,404998
JUP,20031015,6.48,6.54,6.48,6.54,211211
JWM,20031015,0.125,0.125,0.125,0.125,5000
JYC,20031015,0.74,0.74,0.73,0.73,3500
KAE,20031015,0.041,0.041,0.04,0.04,84500
KAZ,20031015,0.3,0.305,0.3,0.3,1445017
KBO,20031015,0.079,0.08,0.079,0.079,674399
KBS,20031015,0.68,0.68,0.68,0.68,2500
KCG,20031015,0.05,0.05,0.05,0.05,168334
KCN,20031015,3.52,3.54,3.4,3.41,1269881
KIA,20031015,0.56,0.56,0.55,0.56,72000
KIM,20031015,0.93,0.94,0.87,0.9,4345172
KLM,20031015,0.36,0.38,0.36,0.38,5200
KLS,20031015,0.027,0.027,0.026,0.026,150000
KME,20031015,0.71,0.71,0.71,0.71,37148
KMN,20031015,0.035,0.035,0.035,0.035,22000
KNH,20031015,0.34,0.34,0.335,0.34,235000
KRS,20031015,0.62,0.64,0.62,0.64,508204
KYC,20031015,1.35,1.35,1.32,1.32,44700
KZL,20031015,1.15,1.15,1.12,1.13,571279
LAF,20031015,0.125,0.125,0.12,0.12,2236562
LAK,20031015,0.14,0.15,0.14,0.14,288500
LAL,20031015,0.037,0.037,0.037,0.037,20000
LAS,20031015,0.11,0.11,0.1,0.1,451750
LAU,20031015,0.33,0.33,0.33,0.33,52500
LCE,20031015,0.23,0.23,0.23,0.23,4100
LCL,20031015,0.86,0.87,0.86,0.87,60000
LCO,20031015,2.18,2.2,2.18,2.18,14125
LCP,20031015,0.63,0.63,0.63,0.63,1078
LEG,20031015,0.054,0.055,0.054,0.055,105500
LEI,20031015,10.41,10.48,10.31,10.32,683488
LEL,20031015,0.18,0.18,0.18,0.18,4370
LEV,20031015,2.9,2.92,2.9,2.92,12523
LHG,20031015,1.77,1.78,1.73,1.74,5737348
LIM,20031015,8.85,8.91,8.85,8.9,2100
LIO,20031015,0.007,0.007,0.006,0.007,403333
LKO,20031015,0.021,0.021,0.02,0.02,2926300
LLC,20031015,10.25,10.36,10.25,10.35,954373
LMC,20031015,2.39,2.39,2.38,2.38,6060
LMG,20031015,0.041,0.041,0.04,0.04,74957
LNN,20031015,5.49,5.58,5.49,5.55,2296698
LOD,20031015,0.195,0.195,0.195,0.195,25000
LOK,20031015,0.11,0.11,0.105,0.105,6599986
LRL,20031015,0.255,0.305,0.255,0.27,268800
LRX,20031015,0.195,0.195,0.195,0.195,50000
LSG,20031015,2.37,2.43,2.37,2.4,309969
LUM,20031015,0.75,0.75,0.71,0.73,687650
LUO,20031015,1.27,1.28,1.26,1.28,4364972
LYC,20031015,0.6,0.6,0.56,0.56,633475
MAA,20031015,0.47,0.48,0.42,0.435,118000
MAH,20031015,0.33,0.335,0.325,0.335,1946655
MAP,20031015,1.92,1.92,1.86,1.88,3433167
MAQ,20031015,0.25,0.27,0.25,0.27,268967
MAR,20031015,0.19,0.21,0.19,0.2,237056
MAY,20031015,3.4,3.4,3.34,3.38,2007145
MBG,20031015,0.053,0.053,0.052,0.053,200009
MBL,20031015,35.88,36.05,35.7,35.79,1349582
MBP,20031015,1.25,1.27,1.21,1.23,318533
MBX,20031015,0.045,0.061,0.045,0.061,3952749
MCA,20031015,0.81,0.81,0.8,0.8,40691
MCC,20031015,1.1,1.12,1.09,1.12,151351
MCG,20031015,3.05,3.05,3.03,3.03,277163
MCK,20031015,0.5,0.5,0.5,0.5,40000
MCL,20031015,0.012,0.012,0.012,0.012,118307
MCO,20031015,0.054,0.054,0.053,0.053,370000
MCP,20031015,4.1,4.1,3.98,4,44230
MCR,20031015,1.01,1.04,1,1.04,2598980
MCW,20031015,1.63,1.66,1.63,1.66,1406664
MDE,20031015,1.2,1.22,1.2,1.22,342566
MDL,20031015,0.3,0.32,0.3,0.32,134045
MDM,20031015,0.125,0.125,0.12,0.12,1313879
MDS,20031015,0.17,0.17,0.165,0.17,235000
MEE,20031015,0.12,0.12,0.115,0.12,647117
MEO,20031015,0.098,0.098,0.095,0.095,82500
MFI,20031015,0.92,0.92,0.91,0.91,40000
MFS,20031015,1.33,1.35,1.33,1.35,16000
MGI,20031015,1.59,1.6,1.58,1.6,3177836
MGM,20031015,2.85,2.86,2.76,2.81,45221
MGR,20031015,4.32,4.33,4.29,4.32,1717514
MGW,20031015,5.08,5.09,4.99,5,198002
MGX,20031015,0.185,0.2,0.18,0.2,12392503
MIA,20031015,0.67,0.68,0.66,0.66,630560
MIC,20031015,0.14,0.14,0.125,0.13,6845004
MIG,20031015,3.29,3.3,3.21,3.22,7016358
MIK,20031015,0.055,0.058,0.053,0.053,283222
MIL,20031015,0.091,0.091,0.085,0.085,409165
MIR,20031015,1.34,1.34,1.32,1.32,38700
MIS,20031015,0.34,0.36,0.29,0.29,223300
MLB,20031015,0.53,0.56,0.53,0.56,86335
MLE,20031015,0.94,0.94,0.92,0.92,86215
MLT,20031015,13.8,13.9,13.8,13.9,10808
MMN,20031015,0.145,0.145,0.14,0.145,1393734
MND,20031015,4.7,4.7,4.54,4.64,55789
MNR,20031015,0.9,0.95,0.9,0.95,221656
MOD,20031015,0.31,0.31,0.31,0.31,10900
MOF,20031015,1.14,1.15,1.13,1.15,4985814
MOO,20031015,0.105,0.105,0.1,0.1,926413
MOS,20031015,0.195,0.195,0.19,0.195,2065063
MPD,20031015,0.3,0.3,0.29,0.29,8000
MPH,20031015,0.5,0.51,0.49,0.5,308799
MPI,20031015,0.082,0.087,0.082,0.082,9764270
MPM,20031015,1.65,1.79,1.65,1.7,553468
MPO,20031015,0.068,0.069,0.067,0.067,351040
MPR,20031015,1.08,1.1,1.08,1.1,1300853
MPY,20031015,0.15,0.15,0.15,0.15,7500
MRC,20031015,0.31,0.31,0.31,0.31,101900
MRL,20031015,1.9,1.94,1.9,1.94,443987
MRM,20031015,0.325,0.325,0.315,0.325,37707
MRS,20031015,0.35,0.35,0.31,0.35,45760
MRX,20031015,0.088,0.088,0.085,0.086,3993750
MRY,20031015,0.01,0.01,0.01,0.01,3512500
MSC,20031015,0.145,0.145,0.14,0.14,885080
MSF,20031015,6.51,6.51,6.5,6.5,4198
MSO,20031015,0.048,0.048,0.048,0.048,30500
MST,20031015,0.51,0.51,0.49,0.49,149750
MTB,20031015,0.125,0.125,0.12,0.125,588000
MTH,20031015,0.53,0.57,0.53,0.55,95954
MTR,20031015,0.365,0.365,0.345,0.35,283594
MTT,20031015,2.3,2.32,2.28,2.31,390695
MUL,20031015,0.091,0.096,0.089,0.091,119473850
MUR,20031015,0.025,0.03,0.025,0.03,1466000
MWE,20031015,0.25,0.255,0.245,0.25,570985
MXA,20031015,0.006,0.007,0.006,0.007,31312024
MXI,20031015,0.63,0.66,0.63,0.65,626852
MXL,20031015,0.12,0.12,0.115,0.115,778093
MYO,20031015,1.05,1.05,1.02,1.02,64829
NAB,20031015,30.84,31.25,30.82,31.12,3764629
NAI,20031015,0.067,0.068,0.065,0.065,975550
NAL,20031015,1.6,1.64,1.57,1.64,426329
NAM,20031015,0.44,0.445,0.44,0.44,68590
NAV,20031015,0.195,0.195,0.19,0.19,280015
NBL,20031015,1.69,1.69,1.67,1.67,2550
NCH,20031015,0.2,0.2,0.19,0.19,12000
NCI,20031015,1.54,1.54,1.54,1.54,4000
NCM,20031015,11.9,11.92,11.61,11.68,1751586
NCP,20031015,12.59,12.73,12.45,12.5,8591974
NDC,20031015,0.22,0.22,0.205,0.205,943560
NDO,20031015,0.019,0.02,0.019,0.019,566000
NEM,20031015,5.84,5.84,5.77,5.79,174538
NFD,20031015,4.1,4.12,4.05,4.05,367928
NHC,20031015,0.63,0.64,0.63,0.63,140404
NHE,20031015,0.12,0.12,0.12,0.12,15000
NHL,20031015,0.17,0.17,0.17,0.17,4000
NHM,20031015,0.014,0.014,0.013,0.013,1767274
NIA,20031015,0.052,0.052,0.052,0.052,20250
NKP,20031015,1.1,1.1,1.06,1.09,44688
NLB,20031015,0.235,0.235,0.2,0.2,55300
NOL,20031015,0.18,0.18,0.17,0.17,66310
NRT,20031015,6.2,6.28,6.15,6.17,92927
NTC,20031015,0.235,0.235,0.225,0.225,116522
NTG,20031015,0.13,0.145,0.13,0.13,6074894
NUF,20031015,5.14,5.17,5.01,5.12,479867
NVE,20031015,0.225,0.225,0.22,0.22,45000
NVS,20031015,1.41,1.41,1.37,1.37,458427
NWA,20031015,0.08,0.08,0.08,0.08,170000
NWE,20031015,0.046,0.048,0.046,0.048,288680
NWK,20031015,0.21,0.21,0.21,0.21,5000
NXS,20031015,0.087,0.087,0.087,0.087,70495
NZO,20031015,0.29,0.29,0.29,0.29,25000
OCO,20031015,0.027,0.037,0.027,0.034,31126652
OEC,20031015,0.195,0.2,0.195,0.195,645013
OFM,20031015,2.1,2.1,2.05,2.05,28104
OHL,20031015,0.025,0.025,0.025,0.025,95000
OIL,20031015,0.52,0.52,0.51,0.51,94786
OKN,20031015,1.2,1.23,1.2,1.21,53561
OLE,20031015,0.097,0.105,0.097,0.105,308000
OMI,20031015,3.72,3.75,3.65,3.75,36005
OMP,20031015,3.61,3.64,3.61,3.63,302384
OPI,20031015,0.235,0.235,0.22,0.22,72220
OPL,20031015,0.08,0.084,0.075,0.084,822494
OPM,20031015,0.01,0.01,0.01,0.01,2025714
OPS,20031015,3.77,3.77,3.76,3.77,3890
ORC,20031015,0.047,0.05,0.046,0.046,215613
ORG,20031015,4.32,4.34,4.31,4.32,2290892
ORI,20031015,12.8,12.88,12.67,12.85,368806
ORL,20031015,6.23,6.23,6.23,6.23,1400
ORO,20031015,0.145,0.145,0.14,0.145,120000
ORP,20031015,0.037,0.037,0.036,0.037,873000
OSH,20031015,1.15,1.16,1.12,1.12,6395996
OST,20031015,2.37,2.4,2.36,2.38,1449956
OXR,20031015,0.84,0.84,0.82,0.83,4354078
PAY,20031015,2,2,2,2,850
PBB,20031015,5.04,5.06,5.01,5.05,295821
PBD,20031015,1.18,1.21,1.18,1.21,982548
PBI,20031015,0.31,0.32,0.3,0.32,208913
PBL,20031015,11.88,11.98,11.8,11.85,1989390
PBO,20031015,0.86,0.9,0.85,0.9,112000
PBT,20031015,0.63,0.65,0.63,0.64,52570
PCG,20031015,0.36,0.36,0.35,0.355,192480
PCL,20031015,0.073,0.075,0.07,0.075,1625522
PCO,20031015,0.051,0.052,0.05,0.052,51000
PDG,20031015,20.5,20.5,20.11,20.11,12456
PDN,20031015,0.028,0.03,0.028,0.028,1367272
PEL,20031015,0.115,0.12,0.115,0.12,298000
PEM,20031015,1.1,1.1,1.02,1.05,933323
PEP,20031015,0.9,0.91,0.89,0.9,206495
PFP,20031015,0.55,0.55,0.55,0.55,1000
PGL,20031015,1.66,1.66,1.62,1.65,37200
PHL,20031015,0.14,0.145,0.14,0.145,157177
PHY,20031015,3.21,3.24,3.18,3.18,215218
PIE,20031015,0.027,0.027,0.027,0.027,100000
PIF,20031015,1.15,1.16,1.15,1.16,504248
PIL,20031015,0.18,0.2,0.18,0.195,2228911
PLA,20031015,0.2,0.26,0.2,0.245,722052
PLF,20031015,2.59,2.62,2.57,2.6,75000
PLL,20031015,0.086,0.09,0.086,0.086,39493
PLT,20031015,0.84,0.89,0.84,0.88,47215
PLW,20031015,3.98,3.98,3.98,3.98,26701
PLX,20031015,0.075,0.08,0.075,0.08,385000
PMC,20031015,2.48,2.48,2.43,2.45,216257
PME,20031015,0.86,0.87,0.86,0.86,41805
PMG,20031015,8.45,8.45,8.45,8.45,6163
PMH,20031015,0.037,0.037,0.037,0.037,130000
PMM,20031015,1.53,1.53,1.51,1.52,762848
PMN,20031015,3.21,3.24,3.2,3.21,6006117
PMP,20031015,0.97,0.99,0.97,0.98,809030
PMV,20031015,3.06,3.2,3.06,3.2,4500
PMX,20031015,0.105,0.105,0.105,0.105,1167
PNA,20031015,0.099,0.105,0.099,0.1,1559100
PNO,20031015,0.037,0.037,0.036,0.036,160000
PPD,20031015,0.53,0.53,0.51,0.51,110889
PPK,20031015,1.01,1.03,1.01,1.03,173760
PPP,20031015,0.095,0.096,0.091,0.091,104423
PPR,20031015,0.55,0.55,0.48,0.55,35000
PPT,20031015,39.5,39.53,39.22,39.3,171529
PPX,20031015,5.44,5.45,5.41,5.44,1140985
PRE,20031015,0.024,0.031,0.024,0.029,6102954
PRG,20031015,2.4,2.4,2.36,2.38,53177
PRK,20031015,14.06,14.3,14,14.2,642864
PRM,20031015,0.19,0.19,0.19,0.19,49972
PRO,20031015,0.135,0.135,0.135,0.135,1000
PRR,20031015,0.33,0.33,0.325,0.325,82606
PRT,20031015,2.59,2.59,2.54,2.54,56072
PRX,20031015,0.78,0.78,0.78,0.78,322688
PRY,20031015,4.45,4.46,4.45,4.46,8328
PSA,20031015,0.87,0.9,0.86,0.9,294677
PSD,20031015,0.61,0.61,0.57,0.59,1021070
PSG,20031015,0.295,0.295,0.295,0.295,176800
PSI,20031015,0.245,0.245,0.245,0.245,4538
PSL,20031015,0.054,0.054,0.054,0.054,47293
PSV,20031015,0.335,0.38,0.335,0.36,3129428
PSX,20031015,0.255,0.255,0.245,0.245,64215
PTD,20031015,1.13,1.14,1.07,1.07,4245899
PTS,20031015,0.145,0.145,0.145,0.145,270000
PWR,20031015,0.051,0.052,0.047,0.048,1910162
PWT,20031015,0.048,0.048,0.044,0.046,22548751
QAD,20031015,0.03,0.033,0.029,0.029,536000
QAN,20031015,3.56,3.64,3.56,3.62,19582535
QBE,20031015,10.14,10.14,9.94,9.97,2633435
QCH,20031015,3.49,3.62,3.49,3.62,34816
QED,20031015,0.06,0.06,0.06,0.06,12250
QGC,20031015,0.26,0.26,0.25,0.25,297958
QRS,20031015,0.185,0.185,0.185,0.185,77600
QTK,20031015,0.006,0.008,0.006,0.007,167734494
QTM,20031015,0.44,0.44,0.44,0.44,10000
QUE,20031015,0.21,0.21,0.205,0.205,28000
QUR,20031015,0.095,0.095,0.095,0.095,350
QVL,20031015,0.015,0.015,0.014,0.014,3579899
RAB,20031015,1.15,1.15,1.13,1.13,4320
RAC,20031015,0.26,0.26,0.25,0.25,71300
RBK,20031015,0.495,0.5,0.495,0.495,157000
RBS,20031015,6.98,7,6.96,6.96,17010
RCD,20031015,3.09,3.13,3.09,3.1,206685
RCH,20031015,0.011,0.011,0.011,0.011,25000
RCR,20031015,0.43,0.46,0.43,0.44,290850
RDF,20031015,0.91,0.92,0.87,0.87,187644
RDR,20031015,0.21,0.21,0.21,0.21,113000
REA,20031015,0.63,0.63,0.63,0.63,110000
REB,20031015,3.45,3.45,3.35,3.37,923712
RED,20031015,0.095,0.097,0.091,0.095,1450000
REG,20031015,2.8,2.8,2.77,2.8,6648
REH,20031015,7.75,7.75,7.75,7.75,4200
REL,20031015,0.15,0.15,0.145,0.15,1556780
REM,20031015,0.72,0.75,0.72,0.72,358090
RFS,20031015,0.255,0.255,0.25,0.255,119775
RGL,20031015,0.16,0.16,0.16,0.16,95000
RHC,20031015,4.37,4.38,4.25,4.29,156027
RHL,20031015,4.05,4.05,4,4.05,9732
RIC,20031015,1.46,1.47,1.45,1.45,904119
RIM,20031015,0.04,0.05,0.04,0.047,2204942
RIN,20031015,6.37,6.39,6.27,6.31,2494722
RIO,20031015,35.88,35.88,35.57,35.7,2987738
RKN,20031015,0.56,0.56,0.54,0.55,46090
RLD,20031015,0.125,0.135,0.125,0.135,229726
RMD,20031015,6.64,6.64,6.5,6.53,318815
RMG,20031015,0.056,0.057,0.056,0.057,268000
RMI,20031015,0.009,0.009,0.008,0.008,5009130
RML,20031015,0.069,0.069,0.064,0.064,200015
RMS,20031015,0.165,0.165,0.15,0.16,143125
RND,20031015,0.7,0.72,0.7,0.7,22200
RNG,20031015,0.31,0.33,0.31,0.33,126252
ROC,20031015,1.47,1.48,1.43,1.44,240538
ROK,20031015,3.47,3.47,3.47,3.47,921
RPC,20031015,0.425,0.425,0.42,0.42,46570
RPD,20031015,0.36,0.36,0.36,0.36,5000
RPH,20031015,1.12,1.14,1.12,1.13,5128455
RPT,20031015,0.031,0.031,0.031,0.031,92000
RRS,20031015,0.053,0.078,0.053,0.078,23825908
RRT,20031015,1.09,1.1,1.08,1.08,64000
RSG,20031015,1.21,1.21,1.16,1.18,172491
RSN,20031015,0.07,0.077,0.067,0.077,2030638
RTM,20031015,0.057,0.057,0.056,0.056,311614
RUP,20031015,7.1,7.1,7.08,7.08,58513
SAQ,20031015,4.99,5.06,4.99,5.06,6605
SAX,20031015,0.205,0.205,0.205,0.205,3850
SBC,20031015,9.8,10.1,9.8,10.05,510042
SBM,20031015,0.084,0.084,0.082,0.082,1010500
SBP,20031015,0.125,0.13,0.125,0.13,224709
SBS,20031015,0.07,0.081,0.07,0.081,5856728
SCD,20031015,0.029,0.029,0.028,0.028,1326740
SCE,20031015,0.031,0.032,0.031,0.032,53400
SCF,20031015,109,109,108.66,108.8,3723
SCX,20031015,0.044,0.045,0.044,0.045,25000
SDG,20031015,1.19,1.2,1.18,1.18,53750
SDI,20031015,9,9.75,9,9.74,21460
SED,20031015,0.25,0.25,0.24,0.24,588000
SEE,20031015,0.08,0.087,0.08,0.084,1520297
SEL,20031015,0.97,0.98,0.97,0.97,34000
SEN,20031015,0.069,0.069,0.068,0.068,466564
SES,20031015,0.16,0.16,0.16,0.16,5031
SEV,20031015,6.15,6.16,6.12,6.15,342139
SFC,20031015,14.28,14.29,14.28,14.29,9783
SFE,20031015,4.42,4.43,4.38,4.42,1047208
SFG,20031015,0.02,0.02,0.018,0.019,1380000
SGB,20031015,21.37,21.4,21.32,21.4,893402
SGL,20031015,0.85,0.86,0.83,0.84,1620361
SGN,20031015,3.34,3.37,3.33,3.35,93940
SGP,20031015,4.89,4.9,4.86,4.89,3618875
SGS,20031015,1.21,1.24,1.21,1.21,6000
SGT,20031015,1.5,1.52,1.5,1.51,397392
SGV,20031015,0.037,0.037,0.035,0.035,273000
SGW,20031015,3.6,3.75,3.55,3.74,3690151
SGX,20031015,3.61,3.75,3.61,3.75,513000
SHG,20031015,0.27,0.27,0.255,0.255,122100
SHL,20031015,6.9,6.94,6.88,6.92,454381
SHV,20031015,5.6,5.6,5.5,5.54,9775
SIB,20031015,1.15,1.15,1.15,1.15,9570
SIE,20031015,0.088,0.094,0.087,0.093,3049197
SIG,20031015,6.88,6.9,6.86,6.9,210564
SIU,20031015,0.45,0.45,0.45,0.45,6000
SKE,20031015,2.83,2.84,2.75,2.83,67798
SKG,20031015,0.068,0.068,0.065,0.065,820000
SKR,20031015,0.062,0.063,0.061,0.061,2096328
SKS,20031015,0.265,0.265,0.265,0.265,750
SLA,20031015,0.205,0.205,0.2,0.205,138179
SLF,20031015,14.6,14.6,14.56,14.57,4433
SLM,20031015,3.1,3.17,3.1,3.17,15415
SLT,20031015,0.62,0.67,0.62,0.67,396900
SLV,20031015,0.37,0.42,0.37,0.4,512375
SLX,20031015,0.54,0.54,0.52,0.53,110198
SMA,20031015,0.023,0.024,0.023,0.024,105000
SMC,20031015,0.235,0.245,0.235,0.245,61685
SML,20031015,0.065,0.065,0.064,0.065,503364
SMM,20031015,0.063,0.065,0.062,0.065,297609
SMO,20031015,0.029,0.029,0.029,0.029,10648
SMS,20031015,10.85,10.89,10.81,10.88,341562
SMX,20031015,0.26,0.26,0.25,0.25,1929596
SMY,20031015,0.72,0.73,0.69,0.71,1998329
SNF,20031015,0.8,0.8,0.79,0.8,5975
SNL,20031015,0.42,0.42,0.42,0.42,10000
SOH,20031015,0.64,0.65,0.64,0.65,720513
SOL,20031015,6.6,6.62,6.5,6.53,41695
SOT,20031015,1.4,1.4,1.39,1.39,83554
SOU,20031015,0.038,0.039,0.038,0.039,1636993
SPC,20031015,1.4,1.41,1.38,1.4,260731
SPD,20031015,0.27,0.27,0.27,0.27,19224
SPH,20031015,0.155,0.155,0.155,0.155,750
SPL,20031015,0.6,0.63,0.6,0.63,38660
SPP,20031015,0.26,0.27,0.26,0.27,409000
SPT,20031015,5.45,5.45,5.35,5.4,388950
SPX,20031015,0.65,0.65,0.64,0.64,110000
SRA,20031015,0.135,0.14,0.13,0.135,271000
SRI,20031015,0.255,0.26,0.255,0.255,608330
SRL,20031015,0.91,0.91,0.9,0.9,903485
SRP,20031015,3.14,3.16,3.12,3.13,1707099
SRV,20031015,1.77,2,1.77,2,74236
SRX,20031015,4.72,4.72,4.69,4.69,19400
SSH,20031015,0.105,0.105,0.105,0.105,90192
SSN,20031015,0.14,0.14,0.14,0.14,5500
SSR,20031015,0.68,0.68,0.68,0.68,10000
SSS,20031015,3.29,3.29,3.22,3.22,1160
SSX,20031015,1.31,1.38,1.3,1.36,4120551
STE,20031015,0.069,0.069,0.069,0.069,23000
STL,20031015,0.14,0.155,0.135,0.155,348170
STN,20031015,0.17,0.17,0.17,0.17,2009
STO,20031015,6.05,6.1,5.99,6.04,3379027
STP,20031015,0.175,0.175,0.17,0.17,162500
STS,20031015,0.475,0.475,0.475,0.475,8800
STT,20031015,0.023,0.023,0.023,0.023,100000
STU,20031015,0.74,0.74,0.68,0.69,213288
STV,20031015,11.1,11.1,11.1,11.1,88
STW,20031015,33.55,33.6,33.48,33.48,903098
SUN,20031015,12.41,12.49,12.4,12.43,983175
SUR,20031015,0.1,0.1,0.1,0.1,62320
SWG,20031015,0.064,0.065,0.064,0.065,167000
SWT,20031015,0.094,0.1,0.094,0.096,1282920
SYG,20031015,0.009,0.009,0.009,0.009,166666
SYM,20031015,1.07,1.09,1.07,1.07,62157
TAA,20031015,0.11,0.115,0.11,0.115,308000
TAB,20031015,3.36,3.36,3.36,3.36,30132
TAH,20031015,11.8,11.89,11.76,11.84,965704
TAM,20031015,0.165,0.165,0.16,0.165,1332500
TAN,20031015,1.45,1.45,1.45,1.45,36789
TAP,20031015,1.6,1.61,1.56,1.56,319982
TAS,20031015,0.125,0.125,0.12,0.12,95416
TAW,20031015,0.95,0.95,0.94,0.94,35500
TBC,20031015,0.18,0.185,0.175,0.18,980708
TCL,20031015,4.25,4.25,4.16,4.16,4461621
TCP,20031015,1.01,1.01,1.01,1.01,1500
TEE,20031015,0.053,0.053,0.05,0.05,465000
TEL,20031015,4.31,4.31,4.28,4.31,4325854
TEM,20031015,1.47,1.47,1.46,1.46,83749
TEN,20031015,2.71,2.74,2.7,2.7,2309326
TER,20031015,0.17,0.18,0.17,0.18,41666
TGD,20031015,0.15,0.15,0.14,0.145,55173
TGG,20031015,1.23,1.25,1.22,1.22,51153
TGS,20031015,0.062,0.063,0.062,0.063,144339
THG,20031015,0.6,0.61,0.59,0.61,148085
THX,20031015,0.56,0.59,0.56,0.59,606262
TIF,20031015,0.48,0.49,0.48,0.48,84939
TIM,20031015,1.36,1.38,1.34,1.38,351938
TIR,20031015,0.56,0.56,0.51,0.52,1642037
TKG,20031015,0.006,0.007,0.006,0.006,3060700
TKR,20031015,1.67,1.67,1.65,1.65,10607
TLS,20031015,4.86,4.88,4.83,4.83,15133469
TLT,20031015,0.59,0.59,0.58,0.59,16180
TMS,20031015,0.034,0.034,0.029,0.029,6184933
TNE,20031015,0.455,0.46,0.45,0.455,626321
TOL,20031015,7.88,7.89,7.75,7.86,479433
TOR,20031015,1.47,1.49,1.47,1.48,10731
TOX,20031015,0.015,0.018,0.014,0.018,1768250
TPX,20031015,12.35,12.35,12.35,12.35,2500
TRG,20031015,6.7,6.85,6.7,6.85,54000
TRU,20031015,7.01,7.01,7,7,3000
TRY,20031015,1.85,1.89,1.83,1.89,23732
TSE,20031015,4.02,4.05,3.98,4,72684
TTL,20031015,0.047,0.047,0.044,0.046,1781987
TTR,20031015,0.255,0.255,0.245,0.255,1190445
TVL,20031015,0.165,0.165,0.15,0.15,231778
TVN,20031015,0.305,0.31,0.305,0.31,20531
TWD,20031015,1.65,1.65,1.65,1.65,10716
TWR,20031015,1.15,1.15,1.13,1.13,872666
TXT,20031015,2.37,2.37,2.37,2.37,113715
UCL,20031015,0.026,0.036,0.025,0.035,17601169
UEC,20031015,0.305,0.32,0.305,0.32,698032
UGL,20031015,3.86,3.9,3.86,3.88,187664
UNI,20031015,2.15,2.15,2.06,2.09,209734
UOS,20031015,0.4,0.4,0.4,0.4,22500
URL,20031015,0.17,0.17,0.165,0.17,285000
UTB,20031015,6.75,6.75,6.75,6.75,8124
UXC,20031015,0.9,0.9,0.88,0.89,182106
VCN,20031015,0.42,0.45,0.4,0.44,415170
VCR,20031015,2.31,2.39,2.31,2.39,930690
VGL,20031015,1.14,1.16,1.14,1.16,259421
VHL,20031015,0.245,0.27,0.24,0.265,3219256
VII,20031015,0.185,0.185,0.185,0.185,55000
VIT,20031015,0.295,0.305,0.295,0.295,258000
VOY,20031015,0.205,0.205,0.2,0.2,400440
VPE,20031015,0.02,0.02,0.019,0.019,3681370
VPG,20031015,1.01,1.01,1,1.01,448438
VRE,20031015,0.072,0.074,0.071,0.073,7542230
VRI,20031015,0.295,0.295,0.28,0.285,274309
VRL,20031015,1.7,1.7,1.66,1.67,152799
VSG,20031015,0.099,0.105,0.099,0.099,269333
VSL,20031015,1.13,1.13,1.1,1.1,159113
VTI,20031015,0.47,0.48,0.465,0.47,110783
VWD,20031015,1.38,1.4,1.38,1.39,90007
VXS,20031015,0.115,0.115,0.115,0.115,10000
WAM,20031015,1.63,1.63,1.61,1.63,99963
WAN,20031015,6.15,6.22,6.15,6.2,161562
WBA,20031015,0.465,0.465,0.46,0.46,57303
WBB,20031015,6.8,6.8,6.8,6.8,2500
WBC,20031015,16.66,16.69,16.55,16.63,4398821
WDP,20031015,1.8,1.8,1.8,1.8,3200
WEB,20031015,0.038,0.038,0.037,0.037,81365
WES,20031015,27.9,28.04,27.9,27.97,922223
WEZ,20031015,0.57,0.57,0.55,0.56,251500
WFA,20031015,1.87,1.89,1.86,1.89,9040797
WFL,20031015,1.85,1.88,1.84,1.85,20736
WFT,20031015,3.44,3.46,3.43,3.46,4247049
WGR,20031015,0.12,0.125,0.115,0.125,443000
WHF,20031015,3.35,3.35,3.35,3.35,1550
WHS,20031015,4.87,4.87,4.87,4.87,7184
WIF,20031015,0.195,0.195,0.195,0.195,1000
WIL,20031015,1.04,1.05,1.04,1.04,153400
WME,20031015,0.09,0.09,0.09,0.09,130100
WMG,20031015,0.105,0.105,0.105,0.105,45000
WMR,20031015,5.16,5.16,4.95,4.97,7641716
WON,20031015,0.055,0.095,0.055,0.078,5434612
WOR,20031015,3.19,3.26,3.19,3.26,139079
WOW,20031015,11.18,11.18,11.07,11.09,4594841
WPL,20031015,13.95,14.05,13.9,13.96,1534692
WPO,20031015,0.35,0.35,0.35,0.35,5000
WSA,20031015,1.92,1.93,1.88,1.91,757588
WSF,20031015,14.17,14.19,14,14,1907774
WSG,20031015,0.016,0.016,0.014,0.014,44500
WSY,20031015,0.024,0.024,0.024,0.024,1527267
WTE,20031015,0.041,0.042,0.039,0.04,6675250
WTP,20031015,0.57,0.57,0.56,0.56,35000
WWM,20031015,0.02,0.02,0.017,0.017,107500
WYL,20031015,4.21,4.22,4.15,4.15,193298
XAN,20031015,0.17,0.17,0.165,0.17,446000
XAO,20031015,3291.6,3305.6,3289,3291.9,0
XDJ,20031015,1976.5,1995.3,1968.1,1971.4,0
XEJ,20031015,4583.9,4632.7,4580.9,4595.6,0
XEN,20031015,0.06,0.065,0.06,0.06,122992
XFJ,20031015,4040.7,4069.3,4040,4061.3,0
XFL,20031015,3271.6,3286.2,3269.1,3271.8,0
XHJ,20031015,3526.3,3548.4,3512,3518.4,0
XIJ,20031015,283.6,289.3,283.6,286.3,0
XJO,20031015,3282.9,3297,3280.5,3283.7,0
XKO,20031015,3288.6,3302.5,3286,3289.3,0
XMD,20031015,2984.8,2994.1,2979.8,2985.8,0
XMJ,20031015,5386.2,5386.2,5330,5347.3,0
XNJ,20031015,3568.8,3589.4,3566.9,3575.3,0
XPJ,20031015,1453.1,1469,1453.1,1468.7,0
XSJ,20031015,4250.3,4262,4228.7,4240.1,0
XSO,20031015,1873.4,1880.7,1872.3,1876.4,0
XTJ,20031015,1675.5,1682.4,1666.7,1667.6,0
XTL,20031015,1866.6,1875.2,1864,1865.5,0
XTO,20031015,2671.3,2682.7,2669.1,2671.6,0
XUJ,20031015,3547.4,3569.1,3546.6,3550.3,0
XXJ,20031015,4097.1,4125.9,4096,4112.9,0
YAM,20031015,0.013,0.013,0.012,0.013,7485307
YGL,20031015,0.089,0.09,0.086,0.086,260000
YTL,20031015,0.072,0.073,0.072,0.072,150500
ZIM,20031015,3.85,3.86,3.85,3.86,7297
ZYL,20031015,0.018,0.018,0.017,0.017,3998000
