AAC,20020412,0.87,0.88,0.86,0.86,95000
AAT,20020412,0.24,0.25,0.24,0.24,81839
AAU,20020412,0.85,0.85,0.83,0.83,18514
ABC,20020412,0.82,0.85,0.81,0.85,222513
ABG,20020412,2.19,2.2,2.11,2.2,12988
ABI,20020412,1.61,1.61,1.54,1.55,71329
ABK,20020412,0.48,0.48,0.48,0.48,1000
ABS,20020412,13.4,13.65,13.4,13.5,7090
ACU,20020412,0.205,0.205,0.2,0.2,156350
ADA,20020412,1.21,1.21,1.14,1.14,203784
ADB,20020412,7.2,7.22,7.18,7.2,104061
ADM,20020412,0.047,0.047,0.047,0.047,20000
ADN,20020412,0.12,0.12,0.12,0.12,225591
ADP,20020412,2.48,2.48,2.47,2.47,230829
ADR,20020412,0.059,0.059,0.057,0.057,438190
ADV,20020412,0.077,0.077,0.077,0.077,70000
ADX,20020412,0.42,0.42,0.4,0.415,180289
ADZ,20020412,2.35,2.38,2.33,2.34,432423
AEH,20020412,0.071,0.071,0.065,0.07,65000
AEO,20020412,1.9,1.92,1.89,1.9,598425
AET,20020412,1.3,1.3,1.26,1.26,2000
AEX,20020412,0.135,0.135,0.13,0.135,472702
AFI,20020412,3.11,3.15,3.1,3.12,355269
AFM,20020412,0.033,0.033,0.03,0.03,761000
AGA,20020412,0.006,0.006,0.006,0.006,366666
AGG,20020412,8.77,8.78,8.71,8.71,6955
AGH,20020412,0.79,0.8,0.79,0.8,217536
AGI,20020412,1.27,1.27,1.26,1.27,200001
AGL,20020412,9.29,9.35,9.27,9.33,2764684
AGM,20020412,0.055,0.055,0.052,0.052,100000
AGP,20020412,0.5,0.5,0.5,0.5,1200
AGS,20020412,0.051,0.051,0.051,0.051,8065
AGT,20020412,0.75,0.75,0.72,0.72,15000
AGX,20020412,0.44,0.46,0.44,0.46,111200
AGY,20020412,0.425,0.46,0.425,0.46,68604
AGZ,20020412,0.011,0.011,0.01,0.01,1164000
AHD,20020412,2.65,2.65,2.64,2.65,9021
AIA,20020412,3.62,3.62,3.62,3.62,200
AIE,20020412,0.12,0.12,0.115,0.115,53222
AIP,20020412,1.07,1.08,1.07,1.07,276552
AIX,20020412,1.48,1.48,1.46,1.46,701455
AIZ,20020412,0.3,0.31,0.3,0.31,363854
AJL,20020412,0.87,0.89,0.87,0.88,127390
AKD,20020412,0.027,0.027,0.025,0.025,161411
ALK,20020412,0.345,0.35,0.34,0.345,236100
ALL,20020412,6.02,6.06,5.93,5.95,1299046
ALN,20020412,3.95,3.96,3.95,3.95,86630
ALO,20020412,0.6,0.6,0.6,0.6,1450
ALS,20020412,3.5,3.5,3.46,3.46,25166
ALU,20020412,1.6,1.75,1.42,1.44,1017447
ALZ,20020412,1.57,1.57,1.55,1.57,49090
AMB,20020412,0.415,0.42,0.415,0.42,20000
AMC,20020412,7.46,7.46,7.32,7.33,3375014
AMH,20020412,1.78,1.8,1.78,1.78,90800
AML,20020412,0.72,0.72,0.7,0.72,50846
AMM,20020412,0.075,0.078,0.075,0.076,264350
AMP,20020412,18.57,18.67,18.51,18.51,2959906
AMS,20020412,0.11,0.11,0.11,0.11,19609
AMV,20020412,0.011,0.011,0.011,0.011,1400
ANC,20020412,5.92,5.92,5.92,5.92,17441
ANE,20020412,2.15,2.17,2.14,2.17,54790
ANK,20020412,0.053,0.053,0.053,0.053,20000
ANL,20020412,0.415,0.415,0.4,0.405,575041
ANM,20020412,0.5,0.51,0.5,0.51,57500
ANP,20020412,0.14,0.14,0.135,0.14,73600
ANX,20020412,0.3,0.3,0.29,0.29,4000
ANZ,20020412,17.88,17.99,17.8,17.95,5627350
AOF,20020412,1.22,1.22,1.21,1.21,214429
AOG,20020412,1.81,1.82,1.81,1.82,36100
AOR,20020412,2.82,2.82,2.72,2.72,937725
APA,20020412,2.51,2.55,2.5,2.54,113228
APE,20020412,4.8,4.8,4.8,4.8,202
APG,20020412,0.084,0.084,0.082,0.082,40000
API,20020412,4,4.09,4,4.09,21448
APN,20020412,3.98,4.01,3.97,4,1257723
APZ,20020412,0.043,0.043,0.042,0.042,16550
AQA,20020412,0.42,0.42,0.42,0.42,20000
AQP,20020412,9.4,9.65,9.4,9.65,180131
ARA,20020412,0.255,0.255,0.255,0.255,2500
ARG,20020412,4.35,4.38,4.34,4.35,64822
ARL,20020412,0.27,0.28,0.27,0.27,319770
ARP,20020412,12.9,12.9,12.8,12.9,1753
ARQ,20020412,0.485,0.49,0.475,0.48,424168
ART,20020412,1.38,1.38,1.37,1.38,425911
ASB,20020412,1.59,1.62,1.59,1.6,630455
ASC,20020412,0.21,0.215,0.21,0.215,396033
ASL,20020412,0.34,0.34,0.3,0.3,483994
ASP,20020412,0.052,0.052,0.052,0.052,80000
ASU,20020412,0.009,0.009,0.009,0.009,100000
ASX,20020412,13.2,13.44,13.2,13.42,265710
ATC,20020412,0.425,0.445,0.425,0.44,880697
ATE,20020412,0.145,0.145,0.145,0.145,50000
ATN,20020412,0.022,0.023,0.022,0.022,289263
ATP,20020412,0.49,0.5,0.48,0.48,69919
ATT,20020412,0.06,0.06,0.057,0.057,21350
ATX,20020412,0.055,0.06,0.055,0.06,30000
ATY,20020412,0.075,0.075,0.075,0.075,9655
AUD,20020412,2.14,2.15,2.13,2.13,308453
AUG,20020412,0.17,0.175,0.17,0.175,236962
AUI,20020412,4.6,4.6,4.5,4.5,3769
AUL,20020412,0.038,0.038,0.037,0.037,1744361
AUM,20020412,0.055,0.057,0.054,0.054,1700000
AUN,20020412,0.205,0.205,0.2,0.205,410542
AUO,20020412,0.61,0.62,0.61,0.62,273852
AUR,20020412,0.091,0.091,0.09,0.09,130000
AUY,20020412,0.25,0.25,0.23,0.23,226252
AVC,20020412,0.125,0.125,0.125,0.125,4000
AVJ,20020412,1,1,1,1,6000
AVL,20020412,0.11,0.11,0.11,0.11,210000
AVN,20020412,0.016,0.017,0.015,0.015,1251946
AVR,20020412,0.435,0.435,0.4,0.405,44996
AVT,20020412,0.05,0.052,0.048,0.048,292500
AWB,20020412,4.04,4.04,3.98,4,229261
AWE,20020412,0.8,0.81,0.8,0.8,185789
AXA,20020412,3,3.03,3,3,1461956
AXI,20020412,0.015,0.015,0.015,0.015,21400
AXL,20020412,0.027,0.027,0.025,0.025,29320
AXN,20020412,0.57,0.57,0.54,0.55,892138
AYO,20020412,0.8,0.83,0.8,0.83,218558
AZE,20020412,0.015,0.015,0.015,0.015,49900
AZL,20020412,0.022,0.022,0.021,0.021,145750
AZR,20020412,0.042,0.042,0.041,0.041,233000
BAR,20020412,0.36,0.36,0.36,0.36,150000
BBB,20020412,0.14,0.14,0.135,0.135,20000
BBG,20020412,8.65,8.7,8.25,8.4,748443
BCA,20020412,4.5,4.5,4.46,4.5,1871394
BDG,20020412,0.265,0.27,0.26,0.265,405633
BDL,20020412,0.32,0.32,0.31,0.31,347981
BEN,20020412,6.99,6.99,6.92,6.92,77862
BER,20020412,0.45,0.49,0.45,0.49,3150
BGD,20020412,0.08,0.08,0.078,0.078,46703
BGN,20020412,1,1.01,0.98,0.98,40041
BHL,20020412,4.75,4.75,4.75,4.75,12000
BHP,20020412,11.2,11.69,11.2,11.64,8525569
BIC,20020412,0.42,0.42,0.4,0.4,50000
BIL,20020412,9.65,9.65,9.56,9.59,5123152
BIR,20020412,0.86,0.89,0.86,0.89,3515320
BIT,20020412,0.35,0.35,0.35,0.35,31156
BKA,20020412,0.17,0.18,0.17,0.17,455000
BKL,20020412,6.65,6.7,6.65,6.7,420
BKV,20020412,0.14,0.14,0.14,0.14,10000
BKW,20020412,7.01,7.18,7.01,7.18,15175
BLD,20020412,3.57,3.63,3.54,3.63,1997161
BLN,20020412,0.095,0.1,0.095,0.1,336966
BLO,20020412,0.12,0.12,0.12,0.12,311754
BLR,20020412,0.05,0.05,0.049,0.049,10000
BLZ,20020412,0.072,0.078,0.072,0.073,223500
BMC,20020412,0.042,0.049,0.042,0.047,2878408
BMS,20020412,1.03,1.03,1.03,1.03,52000
BMX,20020412,0.37,0.37,0.36,0.36,236957
BNO,20020412,0.71,0.78,0.71,0.78,235242
BOC,20020412,0.155,0.155,0.155,0.155,3342
BOQ,20020412,7.22,7.22,7.01,7.1,20544
BPC,20020412,0.65,0.66,0.64,0.65,2487047
BPO,20020412,0.145,0.15,0.145,0.15,63543
BPT,20020412,0.049,0.049,0.048,0.049,9762937
BRE,20020412,0.01,0.01,0.009,0.009,968571
BRI,20020412,0.3,0.3,0.3,0.3,7500
BRL,20020412,10.38,10.38,10.29,10.33,267588
BRS,20020412,2.7,2.73,2.69,2.73,847179
BRZ,20020412,2.45,2.46,2.42,2.42,103851
BSG,20020412,0.14,0.14,0.14,0.14,136350
BSO,20020412,3.62,3.62,3.61,3.62,8257
BTA,20020412,0.57,0.57,0.56,0.57,72900
BTC,20020412,0.385,0.385,0.385,0.385,6000
BTE,20020412,0.63,0.63,0.62,0.62,464255
BTG,20020412,0.83,0.83,0.82,0.82,16000
BTO,20020412,1.5,1.51,1.5,1.51,1807902
BUG,20020412,0.8,0.8,0.79,0.8,15000
BUY,20020412,0.175,0.18,0.175,0.18,73649
BWA,20020412,4.6,4.63,4.6,4.61,168573
BWI,20020412,0.95,0.96,0.93,0.95,42427
BWP,20020412,1.27,1.28,1.27,1.27,98901
BWT,20020412,0.015,0.015,0.015,0.015,333400
BYO,20020412,0.08,0.08,0.08,0.08,410000
CAA,20020412,2.42,2.44,2.37,2.44,52593
CAB,20020412,3.1,3.1,3.1,3.1,251512
CAG,20020412,0.047,0.048,0.046,0.046,529681
CAI,20020412,0.54,0.54,0.53,0.53,10700
CAT,20020412,4.15,4.35,4.15,4.33,36250
CBA,20020412,31.25,31.35,31.05,31.2,1450193
CBD,20020412,0.011,0.011,0.011,0.011,25000
CBH,20020412,0.07,0.074,0.068,0.074,162632
CBO,20020412,0.023,0.023,0.023,0.023,40210
CBT,20020412,0.1,0.105,0.1,0.105,66760
CBW,20020412,0.325,0.33,0.315,0.315,62629
CCH,20020412,0.125,0.125,0.125,0.125,53576
CCL,20020412,5.88,6.03,5.88,6.01,8594358
CCO,20020412,0.017,0.02,0.017,0.02,170000
CCP,20020412,0.84,0.84,0.84,0.84,2700
CCV,20020412,0.041,0.041,0.041,0.041,120000
CCW,20020412,0.07,0.07,0.07,0.07,10000
CDF,20020412,1.18,1.18,1.18,1.18,10937
CDK,20020412,0.57,0.57,0.57,0.57,2800
CDO,20020412,3.07,3.1,3.03,3.03,64155
CDP,20020412,2.26,2.26,2.26,2.26,7000
CDR,20020412,0.69,0.73,0.69,0.73,50120
CDX,20020412,1.88,1.88,1.88,1.88,6100
CED,20020412,0.11,0.11,0.11,0.11,6400
CEN,20020412,3.25,3.25,3.25,3.25,7500
CEP,20020412,3.52,3.54,3.51,3.52,1387596
CEQ,20020412,1.76,1.86,1.76,1.86,82896
CEW,20020412,0.96,0.98,0.94,0.98,72944
CEY,20020412,2.33,2.33,2.28,2.28,61145
CFA,20020412,0.06,0.06,0.06,0.06,126825
CFR,20020412,0.015,0.016,0.015,0.016,1151000
CFS,20020412,0.6,0.6,0.6,0.6,20000
CFT,20020412,2.12,2.13,2.11,2.13,235112
CGC,20020412,0.041,0.043,0.041,0.043,357500
CHB,20020412,23.5,23.5,23.5,23.5,566
CHF,20020412,0.71,0.71,0.7,0.71,46815
CHL,20020412,0.25,0.255,0.25,0.255,134825
CHO,20020412,16.65,16.65,16.65,16.65,500
CHP,20020412,0.035,0.035,0.035,0.035,2600
CHQ,20020412,0.35,0.35,0.325,0.325,61036
CHS,20020412,0.05,0.05,0.05,0.05,15000
CHV,20020412,0.65,0.66,0.65,0.66,36500
CIM,20020412,0.052,0.052,0.052,0.052,50000
CIN,20020412,10.44,10.44,10.44,10.44,700
CIR,20020412,2.14,2.18,2.1,2.17,30060
CIY,20020412,2.5,2.5,2,2,10200
CKG,20020412,0.026,0.028,0.026,0.028,570000
CKR,20020412,0.79,0.79,0.79,0.79,50000
CKS,20020412,0.105,0.115,0.1,0.115,1262250
CLA,20020412,0.081,0.081,0.079,0.079,245000
CLH,20020412,3.44,3.47,3.4,3.47,132904
CLI,20020412,3.15,3.24,3.1,3.16,2311689
CLO,20020412,0.92,0.92,0.89,0.9,130093
CLT,20020412,1.49,1.5,1.49,1.5,9707
CLV,20020412,0.175,0.18,0.175,0.18,31500
CMI,20020412,1.42,1.42,1.36,1.36,4000
CMP,20020412,0.63,0.63,0.61,0.61,22283
CMQ,20020412,2.3,2.3,2.26,2.3,59096
CMS,20020412,0.075,0.075,0.074,0.074,201520
CMW,20020412,0.071,0.071,0.07,0.07,298540
CMX,20020412,0.07,0.07,0.07,0.07,59000
CNB,20020412,0.82,0.82,0.82,0.82,3400
CND,20020412,1.1,1.1,1.09,1.1,26423
CNE,20020412,0.13,0.13,0.13,0.13,10000
CNF,20020412,0.032,0.032,0.032,0.032,20000
CNM,20020412,0.02,0.02,0.02,0.02,735000
CNN,20020412,0.16,0.16,0.15,0.16,60000
CNT,20020412,0.245,0.245,0.24,0.24,67000
COA,20020412,2.05,2.08,2.05,2.08,274988
COE,20020412,0.155,0.155,0.15,0.155,900541
COF,20020412,1.8,1.8,1.8,1.8,1000
COH,20020412,41.28,41.3,40.95,41.3,46079
COM,20020412,0.16,0.16,0.16,0.16,1600
COO,20020412,0.068,0.068,0.068,0.068,18557
CPA,20020412,1.16,1.17,1.16,1.16,1774210
CPB,20020412,5.64,5.7,5.64,5.7,6849
CPC,20020412,0.37,0.38,0.36,0.38,115604
CPG,20020412,0.02,0.021,0.02,0.021,176000
CPH,20020412,0.405,0.41,0.405,0.405,388961
CPI,20020412,1.07,1.07,1.04,1.07,34106
CPN,20020412,0.19,0.19,0.19,0.19,1500
CPU,20020412,2.54,2.56,2.53,2.55,1263105
CQT,20020412,0.087,0.089,0.087,0.087,338629
CRG,20020412,8.61,8.7,8.6,8.63,15077
CRL,20020412,0.079,0.079,0.075,0.075,368000
CRS,20020412,0.57,0.58,0.57,0.57,1935782
CRT,20020412,1.25,1.25,1.24,1.24,8250
CRU,20020412,0.3,0.3,0.3,0.3,4100
CSB,20020412,0.155,0.155,0.155,0.155,13000
CSG,20020412,0.014,0.014,0.012,0.013,621194
CSL,20020412,41.1,41.9,40.77,41.9,230674
CSM,20020412,0.66,0.66,0.65,0.65,260500
CSR,20020412,6.27,6.3,6.24,6.24,4904294
CST,20020412,1.22,1.36,1.2,1.36,250716
CSY,20020412,0.115,0.115,0.115,0.115,274464
CTI,20020412,0.2,0.2,0.2,0.2,55000
CTL,20020412,2.5,2.5,2.41,2.47,35421
CTX,20020412,1.7,1.7,1.65,1.67,275061
CUE,20020412,0.046,0.046,0.045,0.046,50000
CUL,20020412,0.037,0.037,0.034,0.034,1100000
CUS,20020412,0.07,0.07,0.07,0.07,43000
CVI,20020412,0.25,0.25,0.25,0.25,20000
CVN,20020412,0.052,0.052,0.052,0.052,100220
CWP,20020412,0.54,0.55,0.5,0.5,18792
CXP,20020412,4.84,4.88,4.82,4.84,40301
CYG,20020412,3.77,3.77,3.74,3.74,4500
DCL,20020412,0.38,0.385,0.375,0.385,261470
DDF,20020412,1.14,1.15,1.14,1.15,262149
DES,20020412,0.032,0.032,0.032,0.032,17250
DFT,20020412,0.012,0.013,0.012,0.012,338196
DGH,20020412,0.56,0.56,0.56,0.56,2000
DGM,20020412,0.005,0.005,0.005,0.005,139473
DID,20020412,0.095,0.095,0.094,0.095,94719
DIO,20020412,0.125,0.13,0.12,0.12,4151500
DIT,20020412,1.59,1.6,1.59,1.6,163376
DJS,20020412,1.21,1.22,1.2,1.21,1840700
DJW,20020412,3.7,3.73,3.66,3.73,93125
DKN,20020412,0.22,0.24,0.22,0.24,142260
DKS,20020412,9.39,9.39,9.39,9.39,540
DMX,20020412,0.34,0.345,0.33,0.345,172976
DNS,20020412,0.041,0.041,0.041,0.041,22948
DOT,20020412,1.26,1.27,1.26,1.26,424993
DOW,20020412,0.88,0.89,0.87,0.89,656671
DRA,20020412,0.092,0.095,0.092,0.092,450150
DRD,20020412,7,7.25,6.71,6.71,30285
DRE,20020412,1.65,1.67,1.65,1.65,147774
DRN,20020412,0.069,0.069,0.067,0.067,67000
DSF,20020412,0.5,0.5,0.5,0.5,20000
DTL,20020412,0.9,0.91,0.9,0.91,28500
DUI,20020412,2.06,2.1,2.06,2.1,25700
DVC,20020412,2.01,2.03,2.01,2.02,20400
DVN,20020412,0.46,0.46,0.455,0.455,82320
DVT,20020412,0.04,0.04,0.039,0.04,1819105
DWY,20020412,0.96,0.98,0.96,0.98,136668
EBR,20020412,0.094,0.097,0.092,0.092,96900
EBT,20020412,0.195,0.21,0.195,0.205,281157
ECL,20020412,0.084,0.086,0.083,0.083,402000
ECP,20020412,0.405,0.41,0.395,0.395,1618713
ECS,20020412,0.235,0.235,0.23,0.23,7581
EDN,20020412,0.265,0.265,0.26,0.26,49759
EEL,20020412,0.25,0.25,0.24,0.24,82815
EFN,20020412,0.038,0.038,0.038,0.038,20000
EGI,20020412,0.29,0.29,0.29,0.29,20230
EGL,20020412,0.13,0.135,0.13,0.135,28329
EGO,20020412,0.028,0.029,0.028,0.029,357661
EIF,20020412,0.165,0.17,0.16,0.16,152875
EIL,20020412,0.21,0.21,0.21,0.21,27500
EKL,20020412,0.12,0.12,0.12,0.12,30000
ELL,20020412,0.115,0.115,0.115,0.115,2083
ELX,20020412,1.2,1.2,1.16,1.19,83979
EMP,20020412,0.64,0.64,0.63,0.63,300000
EMS,20020412,0.175,0.18,0.175,0.18,9000
ENE,20020412,4.24,4.24,4.1,4.11,226651
ENV,20020412,0.86,0.86,0.85,0.85,266751
EPT,20020412,0.19,0.19,0.19,0.19,67500
EQI,20020412,0.85,0.85,0.83,0.84,32200
EQM,20020412,0.72,0.72,0.72,0.72,900
EQR,20020412,0.1,0.1,0.095,0.1,691250
ERA,20020412,2.07,2.07,2.07,2.07,1646
ERG,20020412,0.235,0.25,0.235,0.245,4628414
ERS,20020412,0.82,0.82,0.82,0.82,900
ESE,20020412,0.079,0.08,0.079,0.08,1476268
ESI,20020412,0.455,0.455,0.455,0.455,84500
ESL,20020412,0.26,0.26,0.26,0.26,1000
EST,20020412,0.078,0.078,0.078,0.078,6000
ESX,20020412,0.14,0.14,0.135,0.135,42500
ETR,20020412,0.57,0.57,0.57,0.57,3500
ETT,20020412,0.046,0.047,0.044,0.044,472197
ETW,20020412,1.58,1.58,1.58,1.58,3700
EVM,20020412,0.29,0.3,0.29,0.29,229190
EWC,20020412,0.056,0.056,0.056,0.056,56000
EWL,20020412,0.1,0.1,0.1,0.1,10000
EZE,20020412,0.14,0.14,0.14,0.14,17904
EZY,20020412,0.105,0.105,0.105,0.105,20000
FAN,20020412,1.59,1.59,1.59,1.59,1489
FAR,20020412,0.094,0.094,0.09,0.092,55000
FBU,20020412,2.37,2.37,2.37,2.37,1922
FCL,20020412,1.73,1.73,1.69,1.7,1456719
FDL,20020412,0.135,0.14,0.135,0.14,74000
FDR,20020412,1.47,1.51,1.47,1.5,27800
FEA,20020412,0.125,0.125,0.125,0.125,66000
FFI,20020412,1.2,1.2,1.2,1.2,20000
FFL,20020412,1.95,1.95,1.95,1.95,14176
FGL,20020412,4.73,4.73,4.7,4.71,5466771
FGR,20020412,0.018,0.019,0.018,0.019,930000
FHT,20020412,0.105,0.105,0.105,0.105,1250
FKP,20020412,1.16,1.18,1.15,1.17,85622
FLO,20020412,0.072,0.072,0.072,0.072,50000
FLT,20020412,26.6,26.6,26.49,26.55,15501
FNC,20020412,0.425,0.435,0.42,0.425,71308
FOA,20020412,15.9,16.2,15.9,16.07,84960
FPA,20020412,7.65,7.65,7.65,7.65,4281
FPF,20020412,1.18,1.18,1.18,1.18,6500
FPH,20020412,7.3,7.39,7.3,7.33,184313
FPS,20020412,0.8,0.82,0.8,0.82,303000
FTR,20020412,0.3,0.315,0.3,0.315,50401
FUN,20020412,0.62,0.62,0.61,0.62,72800
FWD,20020412,2.15,2.15,2.15,2.15,51671
FXJ,20020412,3.81,3.81,3.76,3.77,2243135
GAN,20020412,1.14,1.15,1.14,1.14,3947233
GAP,20020412,0.87,0.87,0.86,0.86,28000
GAS,20020412,1.96,1.97,1.96,1.96,123457
GBG,20020412,0.26,0.26,0.255,0.26,25100
GBL,20020412,0.1,0.1,0.1,0.1,101000
GBR,20020412,0.97,0.98,0.96,0.97,38690
GCN,20020412,0.13,0.13,0.12,0.12,50000
GDM,20020412,0.71,0.71,0.7,0.7,188000
GDP,20020412,2.15,2.15,2.12,2.12,35832
GED,20020412,0.071,0.071,0.071,0.071,27084
GFD,20020412,0.41,0.41,0.41,0.41,123000
GGL,20020412,0.75,0.77,0.75,0.76,569032
GGR,20020412,0.08,0.08,0.076,0.076,125813
GGY,20020412,0.039,0.039,0.039,0.039,40000
GHG,20020412,0.74,0.75,0.74,0.75,85395
GIP,20020412,0.085,0.085,0.085,0.085,15000
GIR,20020412,0.087,0.087,0.087,0.087,10000
GLB,20020412,2.04,2.05,2.02,2.02,78550
GLP,20020412,0.15,0.16,0.15,0.16,35900
GMF,20020412,1.55,1.57,1.55,1.57,1866688
GML,20020412,0.3,0.3,0.3,0.3,19266
GNC,20020412,13,13.02,12.95,13,12120
GNS,20020412,6.15,6.17,6.15,6.17,56795
GOD,20020412,0.018,0.018,0.017,0.017,1750000
GOW,20020412,1.95,1.97,1.89,1.89,65217
GPN,20020412,0.019,0.02,0.019,0.02,1231821
GPO,20020412,0.085,0.085,0.085,0.085,10000
GPT,20020412,2.72,2.72,2.71,2.72,2502523
GRD,20020412,1.19,1.19,1.18,1.19,63732
GRN,20020412,0.072,0.079,0.072,0.073,156000
GRO,20020412,1.8,1.8,1.76,1.8,5000
GRT,20020412,0.27,0.27,0.27,0.27,5000
GSE,20020412,0.054,0.054,0.054,0.054,40195
GSP,20020412,1.57,1.57,1.57,1.57,50989
GTG,20020412,0.6,0.66,0.6,0.66,1341589
GTM,20020412,0.042,0.042,0.04,0.041,1005491
GTP,20020412,1.15,1.23,1.15,1.23,351672
GUD,20020412,2.43,2.47,2.42,2.47,29035
GUN,20020412,0.195,0.2,0.19,0.19,113500
GVM,20020412,0.044,0.047,0.044,0.047,272500
GWT,20020412,2.47,2.5,2.45,2.47,213522
GYM,20020412,1.1,1.1,1.09,1.09,78700
HAN,20020412,13.32,13.32,13.32,13.32,11420
HAV,20020412,0.17,0.17,0.16,0.16,170000
HBL,20020412,0.33,0.33,0.33,0.33,6365
HBR,20020412,0.39,0.39,0.39,0.39,1500
HCN,20020412,0.58,0.58,0.58,0.58,46200
HDN,20020412,0.275,0.29,0.275,0.285,241200
HDR,20020412,0.66,0.66,0.65,0.66,365166
HER,20020412,0.47,0.47,0.46,0.46,37500
HFY,20020412,1.44,1.45,1.44,1.45,3371
HGL,20020412,0.155,0.155,0.14,0.155,75800
HGR,20020412,0.06,0.06,0.06,0.06,30000
HGV,20020412,0.65,0.66,0.65,0.66,22000
HHL,20020412,4.41,4.48,4.4,4.48,3370
HHM,20020412,0.17,0.17,0.17,0.17,6666
HIC,20020412,0.62,0.63,0.62,0.63,45000
HIG,20020412,0.22,0.22,0.205,0.21,128300
HII,20020412,1.55,1.55,1.5,1.55,20000
HIL,20020412,3.05,3.06,3.05,3.05,143000
HJB,20020412,0.36,0.36,0.36,0.36,50908
HLL,20020412,0.05,0.05,0.05,0.05,1971
HLM,20020412,0.14,0.14,0.14,0.14,1600
HLT,20020412,0.055,0.055,0.055,0.055,52319
HLX,20020412,0.34,0.35,0.32,0.32,32000
HLY,20020412,4.96,4.96,4.89,4.92,149929
HMC,20020412,0.059,0.063,0.059,0.063,741146
HME,20020412,3.11,3.11,3.08,3.1,34959
HML,20020412,0.195,0.195,0.18,0.18,40340
HNG,20020412,1.27,1.27,1.27,1.27,23000
HOM,20020412,0.9,0.9,0.9,0.9,6000
HPL,20020412,0.65,0.65,0.64,0.64,25724
HPX,20020412,1.95,1.99,1.95,1.99,35324
HRD,20020412,0.14,0.14,0.13,0.135,92000
HRK,20020412,0.165,0.185,0.165,0.18,959626
HRR,20020412,0.19,0.2,0.19,0.2,63500
HRT,20020412,0.15,0.16,0.15,0.155,163800
HRZ,20020412,0.215,0.215,0.21,0.21,80000
HSN,20020412,0.42,0.43,0.42,0.43,102700
HSP,20020412,2.7,2.72,2.68,2.72,65076
HTA,20020412,0.445,0.45,0.435,0.44,737055
HTE,20020412,0.115,0.115,0.11,0.115,78752
HVN,20020412,3.74,3.74,3.65,3.7,723416
HWE,20020412,1.05,1.06,1.04,1.04,876178
HWI,20020412,1.78,1.78,1.71,1.75,274402
HWT,20020412,0.53,0.56,0.53,0.56,3000
IAG,20020412,3.29,3.29,3.26,3.26,5945630
IAS,20020412,0.42,0.42,0.4,0.4,25080
IAT,20020412,0.285,0.285,0.27,0.275,183320
IBA,20020412,0.205,0.205,0.205,0.205,18500
ICO,20020412,0.004,0.004,0.003,0.004,8097963
IDE,20020412,0.83,0.83,0.8,0.8,29964
IDT,20020412,3.52,3.54,3.52,3.52,9430
IDX,20020412,2.75,2.75,2.75,2.75,25300
IFM,20020412,1.17,1.19,1.15,1.19,463804
IGO,20020412,0.36,0.36,0.36,0.36,17450
IGP,20020412,2.3,2.31,2.3,2.3,20867
IHG,20020412,0.48,0.49,0.48,0.48,35446
IIF,20020412,1.6,1.61,1.6,1.6,1292671
IIN,20020412,0.75,0.75,0.75,0.75,2700
ILU,20020412,4.55,4.58,4.49,4.5,566455
IMD,20020412,0.215,0.215,0.215,0.215,10610
IMF,20020412,0.18,0.185,0.18,0.185,85560
IMI,20020412,0.05,0.05,0.05,0.05,40000
IMP,20020412,0.022,0.022,0.022,0.022,36000
INO,20020412,0.29,0.325,0.285,0.325,128763
INV,20020412,0.075,0.075,0.075,0.075,20000
INX,20020412,0.085,0.085,0.085,0.085,220200
IOC,20020412,1.6,1.6,1.55,1.55,19830
IOF,20020412,1.19,1.2,1.19,1.2,330189
ION,20020412,2.84,2.86,2.81,2.82,459697
IPG,20020412,2.01,2.02,2.01,2.02,568227
IPH,20020412,1.54,1.54,1.53,1.53,91322
IRC,20020412,0.058,0.058,0.058,0.058,33700
IRE,20020412,2.76,2.78,2.76,2.78,4902
IRI,20020412,0.63,0.63,0.63,0.63,56402
ISC,20020412,0.061,0.061,0.061,0.061,10200
ISY,20020412,0.014,0.014,0.014,0.014,75806
ITC,20020412,0.04,0.04,0.038,0.038,101500
ITE,20020412,0.1,0.1,0.1,0.1,10000
ITG,20020412,0.67,0.67,0.65,0.65,9850
ITP,20020412,0.05,0.05,0.05,0.05,7500
IWF,20020412,0.95,0.95,0.95,0.95,2000
IWI,20020412,2.92,2.92,2.9,2.9,13318
IWL,20020412,0.225,0.225,0.225,0.225,3000
IXL,20020412,0.028,0.03,0.028,0.03,116062
JBM,20020412,1.56,1.56,1.55,1.55,85207
JFG,20020412,2.96,2.99,2.96,2.99,28906
JHX,20020412,6.4,6.42,6.35,6.39,2777843
JLA,20020412,0.029,0.029,0.027,0.027,72935
JRR,20020412,1.25,1.25,1.25,1.25,4900
JRV,20020412,0.043,0.043,0.043,0.043,150000
JUP,20020412,5.01,5.05,4.96,5.02,24729417
JYC,20020412,0.28,0.28,0.275,0.275,13000
KAZ,20020412,0.61,0.63,0.61,0.62,3058795
KCG,20020412,0.1,0.1,0.1,0.1,45087
KCN,20020412,1.88,1.9,1.88,1.89,70669
KGM,20020412,0.235,0.235,0.235,0.235,14085
KIM,20020412,0.71,0.76,0.71,0.75,246330
KLS,20020412,0.062,0.062,0.06,0.06,155206
KMN,20020412,0.043,0.045,0.043,0.045,42905
KRZ,20020412,0.01,0.01,0.009,0.009,1038500
KYC,20020412,1.28,1.31,1.25,1.3,24100
KZL,20020412,0.37,0.37,0.36,0.36,95425
LAK,20020412,0.27,0.28,0.27,0.28,361748
LAS,20020412,0.14,0.14,0.14,0.14,3000
LCE,20020412,0.185,0.185,0.185,0.185,10000
LCH,20020412,0.105,0.105,0.1,0.1,167300
LCL,20020412,1.1,1.1,1.06,1.06,72938
LCO,20020412,1.52,1.55,1.52,1.55,161010
LEG,20020412,0.075,0.075,0.075,0.075,30000
LEI,20020412,10.22,10.3,10.16,10.18,180125
LHG,20020412,1.25,1.25,1.2,1.21,7027544
LKO,20020412,0.025,0.025,0.025,0.025,260000
LLC,20020412,11.51,11.6,11.45,11.6,932234
LNN,20020412,4.82,4.83,4.79,4.79,454534
LOK,20020412,0.315,0.32,0.31,0.32,7003993
LON,20020412,0.445,0.445,0.445,0.445,2473
LPD,20020412,0.55,0.55,0.55,0.55,27500
LRL,20020412,0.155,0.155,0.155,0.155,30000
LSG,20020412,0.87,0.87,0.87,0.87,11000
LUO,20020412,1.52,1.53,1.52,1.53,546500
LYC,20020412,0.245,0.255,0.245,0.255,45949
MAH,20020412,0.315,0.32,0.315,0.32,299276
MAQ,20020412,0.115,0.12,0.115,0.12,104000
MAY,20020412,5.15,5.15,5.07,5.09,5404308
MBG,20020412,0.073,0.075,0.073,0.075,150000
MBL,20020412,33.35,33.51,33.31,33.45,487879
MBP,20020412,0.81,0.81,0.8,0.81,23259
MCA,20020412,1.17,1.24,1.13,1.24,53845
MCC,20020412,1.67,1.68,1.65,1.68,50065
MCP,20020412,1.68,1.7,1.67,1.7,31150
MCR,20020412,0.22,0.22,0.21,0.215,325530
MCW,20020412,1.59,1.6,1.59,1.59,4278014
MDL,20020412,0.17,0.175,0.17,0.175,125000
MDM,20020412,0.076,0.08,0.076,0.08,100000
MEE,20020412,0.078,0.078,0.072,0.072,775000
MGE,20020412,0.435,0.46,0.43,0.46,227503
MGI,20020412,1.45,1.45,1.43,1.44,4722588
MGM,20020412,1.53,1.53,1.46,1.46,390906
MGP,20020412,0.95,0.95,0.95,0.95,202
MGR,20020412,3.96,3.97,3.95,3.97,1243139
MGW,20020412,4.85,4.87,4.78,4.78,15864
MGX,20020412,0.3,0.305,0.29,0.305,2574344
MHI,20020412,0.2,0.205,0.2,0.205,5000
MIA,20020412,1.32,1.32,1.3,1.31,560104
MIC,20020412,0.016,0.016,0.015,0.015,269883
MIG,20020412,3.32,3.36,3.31,3.36,4131118
MIK,20020412,0.13,0.13,0.13,0.13,26500
MIM,20020412,1.32,1.34,1.31,1.33,7148807
MIR,20020412,1.14,1.16,1.14,1.16,67661
MJN,20020412,0.09,0.09,0.082,0.082,208487
MLB,20020412,0.82,0.82,0.8,0.81,33879
MLE,20020412,0.68,0.68,0.67,0.68,101960
MLT,20020412,12.25,12.3,12.25,12.3,5750
MMD,20020412,0.82,0.82,0.8,0.81,242342
MME,20020412,0.27,0.27,0.27,0.27,8334
MMN,20020412,0.05,0.05,0.05,0.05,466000
MND,20020412,2.22,2.22,2.19,2.22,8365
MNR,20020412,1.6,1.63,1.58,1.58,57093
MOB,20020412,0.095,0.095,0.095,0.095,65000
MOD,20020412,0.425,0.425,0.425,0.425,3000
MOF,20020412,1.27,1.28,1.26,1.26,2977707
MOS,20020412,0.21,0.21,0.2,0.205,616464
MPB,20020412,3.65,3.65,3.65,3.65,400
MPD,20020412,0.15,0.16,0.15,0.155,280000
MPI,20020412,0.13,0.135,0.125,0.125,931500
MPO,20020412,0.03,0.03,0.03,0.03,200000
MRC,20020412,0.145,0.155,0.145,0.15,710500
MRL,20020412,2.75,2.83,2.74,2.8,347916
MRM,20020412,0.365,0.37,0.355,0.37,144000
MRX,20020412,0.095,0.095,0.093,0.095,219400
MRY,20020412,0.014,0.015,0.012,0.012,2628743
MSC,20020412,0.265,0.265,0.26,0.26,35000
MSF,20020412,6.2,6.2,6.2,6.2,350
MSI,20020412,0.04,0.04,0.04,0.04,75000
MST,20020412,1.13,1.14,1.11,1.12,207240
MTB,20020412,0.135,0.135,0.135,0.135,199443
MTR,20020412,0.4,0.41,0.4,0.4,142650
MTT,20020412,1.72,1.8,1.68,1.78,834339
MUL,20020412,0.022,0.024,0.022,0.024,918750
MUR,20020412,0.85,0.89,0.85,0.89,214276
MXA,20020412,0.024,0.025,0.024,0.025,655671
MXE,20020412,0.115,0.115,0.11,0.11,572500
MXI,20020412,0.15,0.15,0.15,0.15,15000
MXO,20020412,0.135,0.135,0.125,0.125,2216259
MYC,20020412,0.026,0.029,0.026,0.029,661692
MYO,20020412,0.73,0.73,0.72,0.72,108700
MZG,20020412,0.06,0.06,0.058,0.058,304319
NAB,20020412,32.93,33.18,32.88,33.06,3016225
NAL,20020412,0.84,0.85,0.84,0.85,204100
NAM,20020412,0.33,0.33,0.325,0.325,29700
NAU,20020412,0.3,0.3,0.3,0.3,12362
NBL,20020412,1.08,1.08,1.07,1.08,55290
NCA,20020412,0.135,0.135,0.115,0.115,70000
NCM,20020412,5.75,5.75,5.6,5.62,833384
NCP,20020412,12.59,12.62,12.46,12.49,6029014
NDC,20020412,0.265,0.28,0.265,0.27,116982
NDO,20020412,0.019,0.02,0.019,0.02,1180000
NEM,20020412,5.25,5.29,5.25,5.27,215089
NEV,20020412,2.6,2.65,2.58,2.65,99368
NFD,20020412,3.05,3.07,3.05,3.06,1021706
NFG,20020412,0.07,0.07,0.06,0.06,14000
NFM,20020412,14,14,13.8,13.8,13350
NFO,20020412,0.08,0.08,0.08,0.08,70000
NHM,20020412,0.025,0.027,0.025,0.026,1475000
NHR,20020412,0.23,0.23,0.23,0.23,6000
NIX,20020412,0.51,0.52,0.51,0.52,67800
NNG,20020412,0.235,0.235,0.22,0.22,109782
NOL,20020412,0.35,0.35,0.34,0.34,32589
NRT,20020412,2.79,2.86,2.76,2.79,364608
NSL,20020412,0.145,0.145,0.145,0.145,6846
NTC,20020412,0.09,0.09,0.09,0.09,40000
NTG,20020412,1.36,1.39,1.35,1.38,95005
NUF,20020412,3.9,3.95,3.89,3.9,18525
NVS,20020412,2.14,2.14,2,2.04,643031
NWE,20020412,0.08,0.08,0.078,0.078,74000
NWL,20020412,0.18,0.18,0.175,0.18,213201
NZO,20020412,0.305,0.34,0.305,0.34,38872
OBJ,20020412,0.03,0.031,0.03,0.031,47000
OCL,20020412,0.28,0.33,0.28,0.33,24300
OCO,20020412,0.095,0.095,0.09,0.09,1365760
OEC,20020412,0.305,0.32,0.305,0.315,207290
OFM,20020412,1.86,1.9,1.83,1.86,57572
OIL,20020412,1.12,1.12,1.1,1.1,116163
OKN,20020412,0.93,0.93,0.92,0.92,31000
OLE,20020412,0.235,0.25,0.235,0.25,29282
OMH,20020412,0.1,0.1,0.096,0.096,80000
OMI,20020412,1.04,1.04,1.03,1.03,7737
OMP,20020412,3.54,3.54,3.48,3.51,10400
OPS,20020412,3.4,3.5,3.4,3.49,49688
ORC,20020412,0.044,0.044,0.044,0.044,50000
ORG,20020412,3.11,3.12,3.08,3.12,944162
ORI,20020412,8.04,8.1,8.01,8.07,809973
ORL,20020412,4.6,4.6,4.6,4.6,690
ORP,20020412,0.028,0.029,0.028,0.029,200000
OSH,20020412,1.16,1.16,1.12,1.13,8122630
OST,20020412,1.4,1.42,1.38,1.39,2099935
OTR,20020412,0.28,0.315,0.28,0.29,17675
OTT,20020412,0.055,0.058,0.055,0.057,1344328
OXR,20020412,0.285,0.295,0.285,0.29,976188
PAH,20020412,0.082,0.084,0.08,0.084,247000
PAI,20020412,0.055,0.055,0.055,0.055,28000
PAL,20020412,0.185,0.19,0.185,0.185,297010
PAR,20020412,0.285,0.295,0.285,0.29,232550
PBB,20020412,3.83,3.86,3.79,3.85,325258
PBL,20020412,9.9,9.93,9.85,9.93,292778
PBO,20020412,1.5,1.52,1.5,1.5,15950
PBT,20020412,2,2,1.92,1.95,158516
PBV,20020412,2,2,2,2,2000
PCG,20020412,0.09,0.095,0.09,0.092,216000
PCL,20020412,0.042,0.043,0.041,0.042,780500
PCO,20020412,0.088,0.09,0.087,0.089,488000
PDN,20020412,0.041,0.045,0.041,0.043,438400
PDP,20020412,1.26,1.3,1.25,1.28,3762232
PEG,20020412,0.055,0.055,0.055,0.055,20000
PEL,20020412,0.12,0.12,0.12,0.12,43495
PEM,20020412,0.79,0.79,0.76,0.76,89590
PEP,20020412,0.82,0.83,0.81,0.83,30000
PFP,20020412,1.33,1.33,1.33,1.33,2000
PGL,20020412,1.43,1.43,1.38,1.38,10000
PHT,20020412,0.4,0.4,0.4,0.4,20000
PHY,20020412,3.63,3.74,3.62,3.72,93266
PIE,20020412,0.03,0.03,0.03,0.03,4885000
PIL,20020412,0.29,0.29,0.275,0.275,1767612
PKT,20020412,0.025,0.025,0.025,0.025,16500
PLA,20020412,0.46,0.47,0.46,0.47,29080
PLF,20020412,2.48,2.48,2.45,2.45,61516
PLL,20020412,1.8,1.8,1.8,1.8,10000
PLN,20020412,0.32,0.32,0.305,0.305,82000
PLT,20020412,2.6,2.6,2.56,2.6,148580
PLW,20020412,4.48,4.48,4.48,4.48,855
PMA,20020412,0.11,0.11,0.11,0.11,2000
PMC,20020412,2.36,2.39,2.35,2.35,144455
PMD,20020412,0.013,0.014,0.013,0.014,250000
PME,20020412,1.2,1.21,1.2,1.2,13650
PMM,20020412,2.32,2.42,2.32,2.4,944799
PMP,20020412,0.91,0.91,0.88,0.88,351863
PMT,20020412,7.68,7.68,7.68,7.68,700
PMX,20020412,0.021,0.021,0.021,0.021,600000
PNA,20020412,0.038,0.039,0.038,0.039,62900
POT,20020412,0.06,0.06,0.052,0.052,56000
PPD,20020412,0.315,0.315,0.315,0.315,51000
PPH,20020412,2,2,1.92,1.93,43096
PPK,20020412,1.2,1.23,1.2,1.23,2293
PPP,20020412,0.076,0.079,0.074,0.074,239585
PPR,20020412,0.64,0.64,0.64,0.64,7000
PPT,20020412,46,46.7,46,46.7,16437
PPX,20020412,5.37,5.38,5.35,5.35,601162
PRG,20020412,2.42,2.45,2.41,2.45,20300
PRK,20020412,16.88,16.98,16.75,16.78,737499
PRM,20020412,0.28,0.295,0.28,0.295,17300
PRR,20020412,0.59,0.59,0.57,0.57,122010
PRT,20020412,2.5,2.53,2.5,2.53,98248
PRY,20020412,4.3,4.3,4.25,4.3,125342
PSD,20020412,0.215,0.225,0.215,0.225,18600
PSV,20020412,0.115,0.115,0.115,0.115,155000
PSX,20020412,0.068,0.068,0.065,0.065,95900
PTD,20020412,2.66,2.92,2.64,2.86,2807428
PVL,20020412,0.31,0.31,0.31,0.31,160
PWR,20020412,0.235,0.245,0.225,0.23,3869534
PWT,20020412,0.105,0.11,0.105,0.105,800070
QAD,20020412,0.41,0.41,0.41,0.41,2250
QAN,20020412,4.45,4.48,4.41,4.43,11740192
QBE,20020412,7.2,7.2,6.98,7.03,4720756
QCH,20020412,3.68,3.7,3.68,3.7,35370
QGC,20020412,0.39,0.395,0.38,0.395,216067
QML,20020412,0.18,0.22,0.18,0.21,123243
QMM,20020412,0.045,0.045,0.045,0.045,10000
QPX,20020412,0.56,0.56,0.56,0.56,2000
QTK,20020412,0.045,0.045,0.044,0.045,1529500
QTL,20020412,0.033,0.041,0.033,0.04,7320781
QUE,20020412,0.07,0.07,0.07,0.07,42108
QUR,20020412,0.032,0.032,0.027,0.027,106040
QVL,20020412,0.31,0.31,0.3,0.305,127000
RAC,20020412,0.1,0.105,0.1,0.1,464700
RBC,20020412,0.53,0.53,0.53,0.53,700
RBK,20020412,0.25,0.25,0.24,0.24,239960
RBL,20020412,0.48,0.48,0.48,0.48,5000
RCR,20020412,0.375,0.39,0.375,0.375,32887
RCT,20020412,1.4,1.4,1.4,1.4,20000
RDF,20020412,0.75,0.75,0.74,0.74,31171
REA,20020412,0.165,0.165,0.165,0.165,11000
REB,20020412,2.07,2.14,2.07,2.14,67209
REC,20020412,0.24,0.24,0.24,0.24,4000
REG,20020412,2.35,2.35,2.3,2.3,66000
REH,20020412,27,27,27,27,550
REL,20020412,0.15,0.16,0.15,0.16,3055332
RFS,20020412,0.33,0.33,0.325,0.33,346280
RGL,20020412,0.175,0.18,0.175,0.18,197396
RGS,20020412,0.5,0.5,0.49,0.49,24100
RHC,20020412,4.55,4.55,4.5,4.5,592154
RHL,20020412,3.91,3.91,3.75,3.75,5415
RIC,20020412,1.23,1.26,1.22,1.26,268514
RIO,20020412,37,37.46,37,37.25,2193271
RKN,20020412,0.145,0.145,0.14,0.14,123400
RLD,20020412,0.115,0.115,0.11,0.11,50000
RMD,20020412,7.24,7.34,7.24,7.3,646284
RMG,20020412,0.19,0.195,0.19,0.19,384000
RML,20020412,0.005,0.005,0.005,0.005,300000
RND,20020412,0.99,0.99,0.99,0.99,7500
ROC,20020412,1.39,1.4,1.39,1.4,145435
ROK,20020412,3.49,3.49,3.49,3.49,789
RPT,20020412,0.048,0.05,0.048,0.05,70000
RRS,20020412,0.047,0.049,0.046,0.049,735075
RSG,20020412,0.78,0.79,0.78,0.78,74370
RTM,20020412,0.06,0.06,0.055,0.055,418492
RUP,20020412,4.8,4.8,4.8,4.8,5358
SAQ,20020412,4.28,4.28,4.2,4.25,31800
SAX,20020412,0.14,0.14,0.14,0.14,1000
SBC,20020412,11.2,11.25,11.18,11.19,62354
SBE,20020412,1.74,1.74,1.74,1.74,1000
SBM,20020412,0.19,0.195,0.18,0.19,2476256
SBP,20020412,0.18,0.18,0.17,0.17,566000
SBS,20020412,0.045,0.045,0.041,0.041,972515
SCD,20020412,0.05,0.05,0.048,0.048,40000
SCE,20020412,0.067,0.068,0.065,0.067,398900
SCN,20020412,0.003,0.003,0.002,0.002,4600000
SDG,20020412,0.55,0.55,0.53,0.53,48000
SDI,20020412,2.11,2.15,2.1,2.12,13000
SDR,20020412,0.28,0.28,0.28,0.28,30000
SDS,20020412,0.49,0.5,0.49,0.49,16500
SED,20020412,0.15,0.155,0.15,0.15,64725
SEE,20020412,0.07,0.072,0.07,0.072,85000
SEL,20020412,2.15,2.2,2.09,2.19,16426
SEN,20020412,0.083,0.084,0.08,0.08,397528
SES,20020412,0.135,0.135,0.135,0.135,40000
SEV,20020412,7.01,7.02,7,7,600693
SFC,20020412,9.01,9.08,9.01,9.08,2000
SFD,20020412,0.36,0.36,0.36,0.36,10000
SFG,20020412,0.035,0.035,0.035,0.035,31250
SFL,20020412,1.62,1.62,1.6,1.6,42042
SGB,20020412,18.31,18.44,18.23,18.43,494871
SGC,20020412,0.375,0.39,0.37,0.39,195606
SGN,20020412,4.29,4.29,4.2,4.2,31835
SGO,20020412,0.33,0.33,0.325,0.33,33400
SGP,20020412,4.29,4.29,4.27,4.28,751746
SGS,20020412,1.02,1.03,1,1,71242
SGT,20020412,1.62,1.63,1.62,1.63,2989556
SGV,20020412,0.165,0.165,0.165,0.165,50000
SGW,20020412,6.28,6.29,6.23,6.25,622982
SHL,20020412,5.74,5.74,5.68,5.68,1849642
SHM,20020412,0.165,0.165,0.165,0.165,51600
SHV,20020412,2.45,2.5,2.4,2.5,128994
SIG,20020412,5.05,5.06,4.99,5.05,257545
SKC,20020412,4.85,4.87,4.85,4.87,16885
SKD,20020412,0.19,0.195,0.19,0.195,471582
SKE,20020412,1.52,1.52,1.45,1.46,51075
SKG,20020412,0.075,0.075,0.075,0.075,30000
SKN,20020412,0.21,0.21,0.21,0.21,25000
SKR,20020412,0.087,0.087,0.085,0.085,1973835
SLF,20020412,14.04,14.04,14.04,14.04,630
SLN,20020412,0.63,0.64,0.63,0.64,401000
SLV,20020412,0.16,0.16,0.16,0.16,10000
SLX,20020412,3.01,3.01,2.95,3.01,81154
SMA,20020412,0.021,0.021,0.021,0.021,48285
SMC,20020412,0.084,0.084,0.083,0.083,50000
SML,20020412,0.024,0.024,0.024,0.024,390000
SMS,20020412,6.8,6.81,6.75,6.8,70693
SMX,20020412,0.5,0.51,0.48,0.5,587076
SMY,20020412,0.36,0.38,0.36,0.38,209489
SNC,20020412,0.14,0.14,0.14,0.14,7200
SNF,20020412,0.75,0.75,0.75,0.75,15488
SNX,20020412,1.12,1.12,1.09,1.1,175465
SOF,20020412,0.097,0.097,0.09,0.09,676400
SOH,20020412,0.7,0.71,0.69,0.69,201886
SOL,20020412,58.11,59,58.1,58.1,23217
SOT,20020412,0.68,0.7,0.68,0.7,200696
SOU,20020412,0.034,0.034,0.033,0.034,508000
SPC,20020412,1.31,1.33,1.28,1.28,385649
SPL,20020412,0.88,0.89,0.88,0.88,37070
SPP,20020412,0.35,0.38,0.35,0.38,169140
SPT,20020412,4.61,4.64,4.55,4.62,824660
SPX,20020412,0.072,0.076,0.072,0.076,992300
SRA,20020412,0.65,0.65,0.6,0.6,57500
SRI,20020412,0.3,0.31,0.3,0.31,1927514
SRL,20020412,0.57,0.57,0.55,0.55,29919
SRO,20020412,0.11,0.115,0.11,0.11,2798332
SRP,20020412,6.58,6.58,6.41,6.47,1808669
SRV,20020412,2.55,2.55,2.52,2.55,3064
SRX,20020412,1.62,1.62,1.62,1.62,21850
SSH,20020412,0.235,0.24,0.235,0.24,16500
SSI,20020412,1.2,1.2,1.2,1.2,45800
SSR,20020412,0.75,0.76,0.74,0.76,36000
SST,20020412,1.36,1.36,1.36,1.36,4054
SSX,20020412,1.35,1.35,1.33,1.34,654312
STN,20020412,0.24,0.24,0.235,0.235,127150
STO,20020412,5.84,5.9,5.84,5.9,1094256
STP,20020412,0.54,0.56,0.54,0.55,95000
STT,20020412,0.023,0.023,0.022,0.022,387415
STU,20020412,0.485,0.5,0.485,0.5,621337
STW,20020412,34.22,34.22,34.18,34.18,4595
SUA,20020412,0.06,0.06,0.06,0.06,15000
SUN,20020412,12.27,12.3,12.05,12.07,1161491
SUP,20020412,0.066,0.066,0.066,0.066,50000
SUR,20020412,0.057,0.057,0.057,0.057,6500
SVP,20020412,0.032,0.032,0.032,0.032,266
SVS,20020412,0.72,0.72,0.72,0.72,457
SWG,20020412,0.068,0.07,0.06,0.06,507108
SWS,20020412,3.01,3.03,3.01,3.03,44266
SWT,20020412,0.079,0.08,0.079,0.08,63000
SYM,20020412,1.22,1.22,1.19,1.22,146155
TAB,20020412,2.79,2.81,2.77,2.81,633686
TAH,20020412,11.42,11.52,11.42,11.52,973470
TAI,20020412,0.078,0.078,0.078,0.078,225
TAM,20020412,0.155,0.16,0.15,0.155,1963237
TAN,20020412,1.11,1.11,1.11,1.11,45000
TAP,20020412,1.67,1.67,1.6,1.62,76860
TAS,20020412,0.175,0.175,0.17,0.175,111193
TAW,20020412,0.75,0.76,0.75,0.75,22600
TBC,20020412,0.13,0.13,0.13,0.13,6000
TBL,20020412,0.016,0.016,0.015,0.015,142000
TBR,20020412,0.99,1,0.99,1,60000
TCL,20020412,4.03,4.05,4.01,4.05,516070
TEE,20020412,0.028,0.028,0.028,0.028,9150
TEH,20020412,0.06,0.06,0.055,0.06,55500
TEL,20020412,4.04,4.05,4.01,4.02,256151
TEM,20020412,2.71,2.72,2.7,2.7,265153
TEN,20020412,2.12,2.2,2.12,2.19,2358402
TER,20020412,0.28,0.28,0.28,0.28,20000
TGG,20020412,1.69,1.7,1.69,1.7,8385
TGL,20020412,0.22,0.22,0.22,0.22,9644
TGS,20020412,0.2,0.215,0.2,0.215,25500
THG,20020412,0.57,0.57,0.56,0.57,306499
THX,20020412,0.8,0.85,0.79,0.85,120300
TIF,20020412,0.69,0.7,0.68,0.68,46465
TIM,20020412,0.63,0.63,0.61,0.62,359306
TIR,20020412,0.16,0.17,0.155,0.17,28000
TKG,20020412,0.023,0.023,0.022,0.022,683948
TKR,20020412,1.33,1.4,1.33,1.4,34092
TLE,20020412,0.06,0.07,0.059,0.07,674500
TLO,20020412,0.02,0.023,0.02,0.023,1125820
TLS,20020412,5.25,5.28,5.21,5.23,33694240
TLT,20020412,0.28,0.28,0.28,0.28,2200
TMO,20020412,0.62,0.62,0.62,0.62,5000
TMS,20020412,0.52,0.53,0.51,0.52,641805
TMT,20020412,1.04,1.05,1.04,1.04,83537
TNE,20020412,0.75,0.75,0.71,0.73,439735
TNY,20020412,0.049,0.049,0.043,0.048,915000
TOL,20020412,35.65,36,35.5,35.98,46888
TOR,20020412,1.42,1.42,1.4,1.4,95525
TPL,20020412,0.021,0.021,0.02,0.02,26500
TQL,20020412,3.3,3.32,3.3,3.31,39963
TRG,20020412,5,5,5,5,32500
TRT,20020412,0.009,0.009,0.009,0.009,174803
TRY,20020412,1.3,1.3,1.3,1.3,27500
TSE,20020412,2.71,2.71,2.7,2.71,53398
TSR,20020412,0.56,0.56,0.56,0.56,7200
TSS,20020412,0.39,0.4,0.39,0.4,95360
TST,20020412,0.15,0.15,0.15,0.15,10000
TTH,20020412,0.17,0.17,0.17,0.17,85
TTL,20020412,0.05,0.05,0.05,0.05,100000
TTR,20020412,0.048,0.048,0.047,0.047,114000
TVL,20020412,0.16,0.165,0.16,0.165,60000
TVS,20020412,0.032,0.032,0.031,0.032,100000
TWD,20020412,0.92,0.92,0.92,0.92,2000
TWR,20020412,4.12,4.15,4.12,4.15,203271
UCL,20020412,0.012,0.013,0.012,0.013,848450
UEC,20020412,0.12,0.125,0.115,0.115,123933
UEL,20020412,2.08,2.09,2.07,2.08,228835
UGL,20020412,2.99,3.17,2.98,3.17,124951
USC,20020412,0.57,0.58,0.56,0.58,74440
VCM,20020412,1.66,1.66,1.66,1.66,1000
VGL,20020412,1.15,1.16,1.14,1.15,77275
VII,20020412,0.55,0.55,0.55,0.55,2000
VIT,20020412,0.295,0.295,0.29,0.295,83707
VKI,20020412,0.25,0.26,0.24,0.25,912252
VLS,20020412,1.1,1.1,1.1,1.1,38300
VNA,20020412,0.023,0.025,0.023,0.024,103817
VOS,20020412,0.013,0.013,0.013,0.013,200300
VOY,20020412,0.2,0.205,0.2,0.2,1065575
VPE,20020412,0.026,0.027,0.026,0.026,706848
VRI,20020412,0.85,0.85,0.84,0.84,189900
VRL,20020412,1.7,1.71,1.68,1.68,126269
VSL,20020412,1.76,1.78,1.69,1.69,430801
VTI,20020412,0.315,0.315,0.295,0.3,364102
VWD,20020412,0.7,0.7,0.69,0.69,248240
VXS,20020412,0.175,0.175,0.175,0.175,12000
WAL,20020412,0.39,0.39,0.38,0.38,19000
WAM,20020412,1.55,1.55,1.54,1.54,33426
WAN,20020412,5.08,5.11,5.08,5.1,175088
WBB,20020412,5.81,5.82,5.8,5.8,18000
WBC,20020412,15.24,15.4,15.22,15.38,5974505
WEB,20020412,0.16,0.16,0.15,0.15,330297
WEG,20020412,5.3,5.3,5.3,5.3,193
WES,20020412,29.9,29.91,29.48,29.79,659921
WET,20020412,0.055,0.055,0.055,0.055,19000
WFA,20020412,1.93,1.94,1.92,1.92,6173829
WFT,20020412,3.23,3.24,3.23,3.24,5695844
WHL,20020412,0.06,0.065,0.06,0.065,390000
WHS,20020412,6.1,6.1,6,6,1080
WIT,20020412,1.2,1.2,1.2,1.2,2500
WJM,20020412,5.92,5.93,5.92,5.93,2025
WMC,20020412,9.66,9.7,9.63,9.67,5792371
WME,20020412,0.066,0.07,0.065,0.07,116000
WMM,20020412,0.21,0.21,0.21,0.21,100000
WMT,20020412,0.054,0.054,0.05,0.051,1822001
WON,20020412,0.035,0.037,0.035,0.037,372578
WOW,20020412,12.6,12.73,12.6,12.67,2339659
WPL,20020412,14.12,14.12,14,14.04,1406584
WRF,20020412,0.3,0.3,0.3,0.3,35000
WSA,20020412,0.215,0.215,0.2,0.215,174000
WSF,20020412,16.1,16.2,16.05,16.15,454806
WSG,20020412,0.039,0.04,0.038,0.04,536689
WSY,20020412,0.072,0.079,0.066,0.066,1056000
WTE,20020412,0.01,0.01,0.01,0.01,150000
WTL,20020412,0.1,0.1,0.1,0.1,20000
WTP,20020412,0.41,0.41,0.41,0.41,4000
WWA,20020412,0.93,0.93,0.93,0.93,4000
WYL,20020412,2.41,2.41,2.25,2.25,104917
XAN,20020412,0.36,0.365,0.36,0.36,88829
XAO,20020412,3319.8,3319.8,3301.5,3307.7,0
XDJ,20020412,2016.5,2016.5,1989.8,1994.5,0
XEJ,20020412,4376.3,4376.3,4312.3,4327.4,0
XEN,20020412,0.1,0.1,0.1,0.1,30000
XFJ,20020412,4222.5,4225,4208,4218.5,0
XFL,20020412,3455.1,3455.1,3432.5,3441,0
XHJ,20020412,4804.8,4826.1,4779.5,4825,0
XIJ,20020412,418.4,418.5,410.8,414.3,0
XJO,20020412,3367.4,3367.4,3347.9,3354.5,0
XKO,20020412,3362.5,3362.5,3343.3,3349.9,0
XMD,20020412,2591,2591,2578.7,2582.5,0
XMJ,20020412,4590.3,4590.3,4532.7,4558.1,0
XNJ,20020412,4222.1,4222.1,4193.4,4209.4,0
XPJ,20020412,1390.7,1396.4,1390.2,1393.5,0
XSJ,20020412,4539.8,4548.7,4523.9,4542.7,0
XSO,20020412,1736.6,1736.6,1729.8,1735.5,0
XTJ,20020412,1806,1806.3,1786.8,1793.2,0
XTL,20020412,2007.7,2007.7,1992.9,1999.2,0
XTO,20020412,2752.1,2752.1,2735.7,2741.1,0
XUJ,20020412,3016.6,3026.8,3002.7,3019.9,0
XXJ,20020412,4356.5,4357.5,4337.3,4349.9,0
YAM,20020412,0.015,0.015,0.015,0.015,6
YDR,20020412,0.065,0.075,0.065,0.075,2715000
YTL,20020412,0.19,0.19,0.18,0.18,201504
ZEL,20020412,0.16,0.16,0.16,0.16,45000
ZIM,20020412,1.17,1.35,1.17,1.35,85876
ZYL,20020412,0.038,0.038,0.038,0.038,12000
