AAC,20020829,0.74,0.74,0.72,0.72,122200
AAT,20020829,0.215,0.22,0.21,0.21,168438
AAU,20020829,1.05,1.05,1.04,1.04,6569
ABC,20020829,0.94,0.95,0.92,0.92,950371
ABG,20020829,2.16,2.16,2.16,2.16,1000
ABI,20020829,1.18,1.18,1.13,1.13,5705
ABK,20020829,0.37,0.37,0.37,0.37,15000
ABS,20020829,14.5,14.5,14.14,14.3,16730
ABX,20020829,0.435,0.435,0.43,0.43,44261
ACE,20020829,0.055,0.055,0.055,0.055,16900
ACV,20020829,0.16,0.16,0.16,0.16,74700
ADA,20020829,0.75,0.75,0.75,0.75,23056
ADB,20020829,7.2,7.39,7.15,7.24,109794
ADG,20020829,2.78,2.95,2.78,2.95,8110
ADN,20020829,0.105,0.105,0.105,0.105,50000
ADP,20020829,2.54,2.55,2.53,2.53,2247034
ADU,20020829,0.13,0.13,0.13,0.13,35000
ADZ,20020829,2.05,2.12,2.04,2.08,656962
AEN,20020829,0.2,0.2,0.2,0.2,7763
AEO,20020829,1.6,1.62,1.6,1.6,1296806
AES,20020829,0.265,0.265,0.265,0.265,3000
AET,20020829,0.92,0.92,0.9,0.9,2400
AEX,20020829,0.052,0.065,0.052,0.065,42100
AFC,20020829,0.52,0.52,0.5,0.5,1219000
AFI,20020829,3.25,3.29,3.25,3.27,195964
AFM,20020829,0.026,0.03,0.025,0.03,343333
AGG,20020829,8.25,8.25,8.12,8.12,2959
AGH,20020829,0.72,0.72,0.71,0.71,322000
AGI,20020829,0.94,0.98,0.94,0.98,153167
AGL,20020829,9.9,9.98,9.88,9.97,2752505
AGM,20020829,0.042,0.042,0.042,0.042,101142
AGS,20020829,0.05,0.05,0.05,0.05,20000
AGT,20020829,0.6,0.6,0.6,0.6,1274
AGX,20020829,0.34,0.34,0.335,0.335,12000
AGY,20020829,0.17,0.17,0.17,0.17,12000
AGZ,20020829,0.006,0.007,0.006,0.006,1005000
AHD,20020829,2.6,2.62,2.55,2.62,16870
AHT,20020829,0.315,0.315,0.31,0.31,58684
AIA,20020829,3.6,3.6,3.6,3.6,70000
AIE,20020829,0.17,0.17,0.17,0.17,194118
AIP,20020829,1.08,1.1,1.08,1.1,807722
AIS,20020829,0.11,0.11,0.11,0.11,293333
AIX,20020829,1.49,1.51,1.49,1.5,481631
AIZ,20020829,0.53,0.53,0.5,0.53,779219
AJL,20020829,0.89,0.9,0.89,0.9,24500
ALL,20020829,5.27,5.27,5.05,5.18,573802
ALN,20020829,4.04,4.06,4.04,4.04,74305
ALR,20020829,1.1,1.11,1.1,1.11,20450
ALS,20020829,3.86,3.9,3.86,3.88,8398
ALU,20020829,1.4,1.44,1.4,1.44,31500
ALZ,20020829,1.38,1.38,1.37,1.38,328413
AMC,20020829,8.7,8.81,8.6,8.8,2160502
AMH,20020829,1.7,1.7,1.7,1.7,13400
AML,20020829,0.46,0.46,0.45,0.45,54617
AMM,20020829,0.1,0.105,0.095,0.095,2489392
AMP,20020829,14.1,14.15,14,14.03,1474913
ANC,20020829,5.62,5.62,5.62,5.62,200
ANE,20020829,2.3,2.3,2.28,2.28,41650
ANL,20020829,0.445,0.445,0.41,0.41,369746
ANM,20020829,0.51,0.51,0.475,0.475,256116
ANN,20020829,6.98,6.99,6.93,6.98,362307
ANP,20020829,0.125,0.125,0.125,0.125,94100
ANX,20020829,0.22,0.22,0.21,0.21,48742
ANZ,20020829,18.64,18.95,18.55,18.94,3830865
AOF,20020829,1.17,1.17,1.16,1.16,3713482
AOR,20020829,3.28,3.36,3.28,3.32,2738303
APA,20020829,2.4,2.42,2.38,2.4,37171
APG,20020829,0.056,0.056,0.056,0.056,20000
API,20020829,3.31,3.31,3.3,3.3,13933
APN,20020829,3.12,3.17,3.1,3.16,353500
AQL,20020829,0.041,0.055,0.041,0.055,140617
AQP,20020829,7,7.05,7,7.05,10011
ARA,20020829,0.205,0.21,0.205,0.21,152500
ARE,20020829,0.18,0.18,0.165,0.165,2200
ARG,20020829,4.49,4.52,4.46,4.48,85865
ARL,20020829,0.27,0.27,0.26,0.265,657534
ARP,20020829,14.1,14.1,14.1,14.1,1873
ARQ,20020829,0.495,0.52,0.485,0.495,1693685
ART,20020829,1.37,1.37,1.36,1.37,532959
ASB,20020829,1.18,1.23,1.18,1.19,138905
ASC,20020829,0.24,0.245,0.235,0.24,1867624
ASL,20020829,0.4,0.415,0.4,0.415,31175
ASX,20020829,12.73,12.73,12.45,12.59,134633
ATC,20020829,0.27,0.27,0.265,0.265,51500
ATG,20020829,0.36,0.36,0.36,0.36,53795
ATI,20020829,0.11,0.11,0.1,0.1,29900
ATN,20020829,0.011,0.011,0.011,0.011,150000
ATP,20020829,0.435,0.435,0.43,0.43,39000
ATX,20020829,0.077,0.077,0.077,0.077,15000
ATY,20020829,0.061,0.061,0.061,0.061,7200
AUD,20020829,2.12,2.13,2.12,2.13,10724
AUG,20020829,0.205,0.21,0.205,0.205,834846
AUI,20020829,4.2,4.2,4.15,4.15,4744
AUL,20020829,0.012,0.012,0.011,0.011,365512
AUM,20020829,0.063,0.07,0.063,0.07,543000
AUN,20020829,0.18,0.185,0.175,0.185,155601
AUO,20020829,0.56,0.56,0.55,0.55,138420
AUY,20020829,0.085,0.09,0.085,0.09,123339
AVA,20020829,0.034,0.034,0.034,0.034,8000
AVJ,20020829,0.96,0.97,0.95,0.95,11900
AVL,20020829,0.145,0.15,0.145,0.145,353738
AVN,20020829,0.012,0.013,0.012,0.013,59668
AVO,20020829,0.13,0.13,0.13,0.13,15000
AVR,20020829,0.27,0.27,0.27,0.27,15841
AWB,20020829,3.4,3.45,3.38,3.4,143636
AWE,20020829,0.67,0.7,0.67,0.7,75573
AWL,20020829,0.045,0.055,0.045,0.05,350000
AXA,20020829,2.6,2.6,2.57,2.59,617958
AXN,20020829,0.29,0.3,0.28,0.28,119675
AYO,20020829,0.5,0.56,0.5,0.55,1153564
AZL,20020829,0.025,0.025,0.025,0.025,16850
BAR,20020829,0.3,0.31,0.3,0.31,39000
BBB,20020829,0.09,0.09,0.09,0.09,20000
BBG,20020829,7.99,8.17,7.7,7.97,18095787
BCA,20020829,3.64,3.7,3.6,3.64,75807
BDG,20020829,0.28,0.28,0.27,0.275,1018057
BDS,20020829,1.95,1.95,1.95,1.95,1000
BEN,20020829,7.95,7.95,7.85,7.85,39239
BER,20020829,0.55,0.55,0.55,0.55,13627
BFS,20020829,0.06,0.085,0.06,0.085,48500
BGD,20020829,0.062,0.062,0.062,0.062,20000
BGN,20020829,0.49,0.495,0.44,0.44,24833
BHP,20020829,9.31,9.31,9.21,9.27,11986227
BIL,20020829,7,7.18,6.87,6.96,20522593
BIR,20020829,0.83,0.83,0.81,0.82,946765
BIT,20020829,0.48,0.5,0.465,0.47,565299
BKM,20020829,0.021,0.021,0.019,0.019,356216
BKR,20020829,0.15,0.15,0.135,0.135,23500
BKS,20020829,0.035,0.035,0.035,0.035,15000
BKV,20020829,0.087,0.088,0.087,0.088,8000
BKW,20020829,6.77,6.77,6.55,6.7,27682
BLD,20020829,4.27,4.28,4.26,4.27,462347
BLO,20020829,0.15,0.15,0.15,0.15,91000
BLT,20020829,0.22,0.22,0.22,0.22,20100
BMX,20020829,0.285,0.29,0.28,0.28,118614
BNO,20020829,0.62,0.62,0.61,0.61,40996
BOQ,20020829,7.37,7.43,7.32,7.43,42303
BPC,20020829,0.63,0.64,0.62,0.64,1234807
BPO,20020829,0.11,0.115,0.105,0.11,206000
BPT,20020829,0.38,0.39,0.38,0.38,301103
BRE,20020829,0.005,0.005,0.005,0.005,60000
BRI,20020829,0.29,0.29,0.29,0.29,3000
BRL,20020829,9.25,9.3,9.18,9.22,637120
BRS,20020829,2.83,2.87,2.82,2.82,125159
BRZ,20020829,2.12,2.12,2.1,2.1,374581
BSG,20020829,0.145,0.145,0.145,0.145,28670
BSL,20020829,2.79,2.79,2.74,2.77,3623969
BSO,20020829,3.35,3.35,3.33,3.33,14088
BTA,20020829,0.55,0.55,0.52,0.52,70321
BTC,20020829,0.315,0.33,0.315,0.33,5000
BTE,20020829,0.6,0.6,0.59,0.59,90626
BTO,20020829,1.42,1.43,1.42,1.42,1986986
BUG,20020829,0.58,0.58,0.58,0.58,13200
BUY,20020829,0.11,0.11,0.105,0.105,11630
BWA,20020829,4.13,4.17,4.1,4.13,593906
BWI,20020829,0.85,0.88,0.85,0.88,5700
BWP,20020829,1.37,1.38,1.37,1.38,517827
CAA,20020829,2.62,2.65,2.6,2.62,124711
CAB,20020829,3,3,3,3,57213
CAG,20020829,0.036,0.036,0.036,0.036,70000
CAI,20020829,0.52,0.52,0.52,0.52,24760
CAT,20020829,4.6,4.6,4.6,4.6,3400
CBA,20020829,30.66,31.05,30.6,31.01,2662003
CBH,20020829,0.049,0.049,0.048,0.049,175815
CBO,20020829,0.019,0.019,0.019,0.019,66500
CBT,20020829,0.097,0.097,0.095,0.096,438381
CCH,20020829,0.145,0.145,0.145,0.145,100000
CCK,20020829,0.16,0.16,0.16,0.16,3000
CCL,20020829,6.39,6.48,6.38,6.47,1250044
CCV,20020829,0.05,0.051,0.049,0.051,719705
CDF,20020829,1.1,1.1,1.1,1.1,3131
CDL,20020829,0.07,0.07,0.07,0.07,200000
CDO,20020829,3,3.06,3,3.05,21879
CDP,20020829,2.26,2.26,2.26,2.26,7000
CDR,20020829,0.86,0.87,0.86,0.87,28467
CED,20020829,0.061,0.061,0.061,0.061,17379
CEP,20020829,3.63,3.66,3.62,3.64,614446
CEQ,20020829,1.67,1.69,1.67,1.67,14800
CEW,20020829,0.87,0.88,0.87,0.88,8546
CEY,20020829,1.92,1.93,1.91,1.93,275528
CFR,20020829,0.016,0.016,0.015,0.015,947785
CFT,20020829,2.39,2.41,2.38,2.41,8222432
CHB,20020829,28.46,28.47,28.46,28.47,344
CHF,20020829,0.5,0.5,0.45,0.46,87233
CHL,20020829,0.22,0.22,0.22,0.22,22357
CHO,20020829,16.85,16.85,16.85,16.85,365
CHP,20020829,0.035,0.035,0.035,0.035,50000
CHQ,20020829,0.42,0.42,0.42,0.42,48528
CHS,20020829,0.06,0.06,0.06,0.06,13575
CHY,20020829,1.47,1.49,1.46,1.46,8500
CIR,20020829,1.93,1.93,1.86,1.9,47699
CKG,20020829,0.039,0.044,0.038,0.043,5941743
CKR,20020829,0.75,0.75,0.75,0.75,14000
CKS,20020829,0.24,0.24,0.24,0.24,2500
CLE,20020829,0.265,0.265,0.265,0.265,10000
CLH,20020829,3.64,3.64,3.53,3.54,182604
CLI,20020829,2.67,2.76,2.62,2.76,207420
CLO,20020829,0.8,0.8,0.8,0.8,154125
CLT,20020829,1.39,1.42,1.39,1.42,3000
CLV,20020829,0.21,0.22,0.205,0.205,61074
CML,20020829,5.82,5.93,5.82,5.91,3274782
CMP,20020829,0.28,0.295,0.27,0.295,53723
CMQ,20020829,2.87,2.87,2.79,2.83,51594
CMR,20020829,0.32,0.32,0.32,0.32,30000
CMS,20020829,0.047,0.048,0.047,0.048,155000
CNB,20020829,0.74,0.74,0.74,0.74,3000
CND,20020829,0.92,0.94,0.92,0.93,34598
CNM,20020829,0.015,0.015,0.015,0.015,56000
CNN,20020829,0.11,0.12,0.11,0.12,256600
CNT,20020829,0.255,0.26,0.255,0.26,15000
COA,20020829,2.47,2.48,2.3,2.31,703693
COE,20020829,0.15,0.155,0.145,0.155,64343
COH,20020829,38.5,38.5,38.12,38.12,115646
COO,20020829,0.087,0.09,0.075,0.084,698415
COU,20020829,0.46,0.46,0.45,0.45,94090
CPA,20020829,1.16,1.17,1.16,1.16,1792497
CPB,20020829,4.65,4.7,4.65,4.7,9414
CPC,20020829,0.31,0.32,0.31,0.32,10000
CPE,20020829,0.009,0.009,0.009,0.009,185000
CPH,20020829,0.365,0.37,0.36,0.37,910173
CPI,20020829,0.8,0.8,0.79,0.79,3685
CPU,20020829,2.15,2.18,2.09,2.18,4102637
CQT,20020829,0.065,0.067,0.065,0.067,244000
CRG,20020829,8.39,8.41,8.37,8.37,191193
CRS,20020829,0.66,0.67,0.65,0.67,681495
CRT,20020829,1.06,1.06,1,1.01,11411
CSB,20020829,0.135,0.135,0.13,0.13,33410
CSG,20020829,0.009,0.009,0.009,0.009,500000
CSI,20020829,0.059,0.059,0.059,0.059,300000
CSL,20020829,22.89,23.05,22.19,22.7,1186186
CSM,20020829,0.67,0.68,0.67,0.67,31021
CSR,20020829,6.57,6.62,6.55,6.57,1173711
CST,20020829,1.81,1.83,1.79,1.79,22380
CSY,20020829,0.115,0.12,0.115,0.12,117230
CTE,20020829,0.57,0.57,0.56,0.56,20000
CTI,20020829,0.21,0.21,0.21,0.21,2873
CTL,20020829,2.55,2.69,2.55,2.62,61156
CTO,20020829,0.068,0.07,0.068,0.068,92150
CTX,20020829,1.73,1.83,1.73,1.82,264085
CUE,20020829,0.049,0.049,0.048,0.048,153010
CUL,20020829,0.03,0.03,0.03,0.03,210000
CVI,20020829,0.15,0.15,0.15,0.15,113800
CVN,20020829,0.05,0.05,0.048,0.048,644850
CWP,20020829,0.67,0.67,0.66,0.66,4907
CXP,20020829,5.3,5.37,5.3,5.37,278423
CYD,20020829,0.15,0.15,0.15,0.15,150000
CYG,20020829,3.92,3.92,3.9,3.92,12385
DCL,20020829,0.16,0.16,0.16,0.16,57940
DDF,20020829,1.14,1.15,1.14,1.14,2484782
DES,20020829,0.025,0.025,0.023,0.025,480400
DFT,20020829,0.007,0.007,0.007,0.007,218800
DGM,20020829,0.003,0.003,0.003,0.003,503333
DID,20020829,0.085,0.085,0.08,0.08,59730
DIO,20020829,0.125,0.13,0.125,0.13,53000
DIT,20020829,1.65,1.66,1.64,1.64,1220236
DJS,20020829,1.1,1.11,1.1,1.1,381438
DJW,20020829,3.55,3.58,3.55,3.56,64892
DKN,20020829,0.18,0.18,0.175,0.175,14999
DKS,20020829,11,11,11,11,2000
DLS,20020829,0.059,0.061,0.059,0.061,68000
DOM,20020829,0.6,0.61,0.59,0.61,91390
DOT,20020829,1.18,1.18,1.17,1.17,2925913
DOW,20020829,0.61,0.61,0.6,0.61,873139
DRA,20020829,0.064,0.068,0.063,0.068,129765
DRD,20020829,6.15,6.15,5.95,5.95,828
DRE,20020829,1.5,1.5,1.5,1.5,11000
DRN,20020829,0.063,0.063,0.06,0.06,175000
DTL,20020829,1.1,1.13,1.1,1.11,13967
DVC,20020829,2,2.02,2,2.02,34695
DVN,20020829,0.68,0.68,0.65,0.66,1060951
DVT,20020829,0.031,0.032,0.031,0.032,2598862
DWY,20020829,0.41,0.41,0.41,0.41,49000
EBT,20020829,0.165,0.165,0.16,0.16,56373
ECL,20020829,0.08,0.08,0.08,0.08,30000
ECP,20020829,0.375,0.39,0.365,0.385,627470
ECS,20020829,0.125,0.125,0.125,0.125,10000
EDN,20020829,0.18,0.18,0.18,0.18,10000
EEL,20020829,0.095,0.11,0.095,0.105,155101
EGI,20020829,0.11,0.11,0.11,0.11,2000
EGO,20020829,0.028,0.029,0.027,0.029,326100
EIF,20020829,0.19,0.19,0.185,0.185,71890
EIL,20020829,0.15,0.15,0.15,0.15,3000
EIR,20020829,0.027,0.027,0.027,0.027,105360
EKL,20020829,0.05,0.05,0.05,0.05,1500
ELC,20020829,0.062,0.062,0.061,0.061,30000
ELL,20020829,0.08,0.08,0.071,0.071,2670
ELX,20020829,1.05,1.06,1.03,1.04,874751
EMP,20020829,0.7,0.72,0.7,0.7,61688
ENE,20020829,4.5,4.5,4.34,4.4,271413
ENV,20020829,0.91,0.91,0.9,0.91,403048
EPR,20020829,0.17,0.17,0.16,0.16,238200
EPT,20020829,0.16,0.16,0.14,0.14,16000
EQI,20020829,0.88,0.88,0.87,0.88,12762
EQR,20020829,0.085,0.085,0.085,0.085,33000
EQS,20020829,0.052,0.052,0.05,0.05,60000
EQT,20020829,6.5,6.5,6.5,6.5,8000
ERA,20020829,1.77,1.77,1.77,1.77,1125
ERG,20020829,0.245,0.25,0.235,0.24,5600469
ESI,20020829,0.43,0.455,0.405,0.45,75100
EST,20020829,0.042,0.042,0.04,0.041,980000
ESV,20020829,0.2,0.2,0.185,0.185,125000
ETT,20020829,0.035,0.035,0.034,0.034,150000
ETW,20020829,1.03,1.03,1.01,1.01,85450
EUG,20020829,0.075,0.079,0.075,0.079,264078
EUR,20020829,0.015,0.015,0.015,0.015,32500
EVM,20020829,0.21,0.21,0.21,0.21,2500
EZE,20020829,0.105,0.105,0.105,0.105,4400
EZL,20020829,0.65,0.65,0.65,0.65,5000
FAN,20020829,1.71,1.74,1.71,1.74,4800
FAR,20020829,0.075,0.08,0.075,0.08,11000
FCL,20020829,1.28,1.29,1.26,1.28,816144
FDL,20020829,0.09,0.09,0.09,0.09,4000
FDR,20020829,0.24,0.25,0.23,0.23,45000
FEA,20020829,0.13,0.13,0.125,0.125,57400
FFL,20020829,1.95,1.95,1.92,1.95,14927
FFS,20020829,0.2,0.2,0.195,0.195,25000
FGL,20020829,4.89,4.95,4.88,4.95,6259546
FKP,20020829,1.22,1.26,1.22,1.22,352314
FLK,20020829,0.54,0.55,0.54,0.55,12683
FLO,20020829,0.025,0.025,0.024,0.024,607560
FLT,20020829,26.99,26.99,25.9,26,36777
FOA,20020829,19.36,19.44,19.3,19.34,698324
FPA,20020829,8.4,8.4,8.4,8.4,50214
FPF,20020829,1.23,1.23,1.23,1.23,24500
FPG,20020829,0.25,0.25,0.25,0.25,4500
FPH,20020829,8.09,8.2,8.09,8.09,5033
FSL,20020829,0.023,0.023,0.023,0.023,25000
FTR,20020829,0.46,0.46,0.42,0.46,27074
FUN,20020829,0.76,0.76,0.75,0.75,39638
FUT,20020829,0.028,0.028,0.027,0.027,738825
FWD,20020829,2.82,2.88,2.82,2.88,18353
FXJ,20020829,2.96,3.01,2.96,3.01,1841915
FXR,20020829,0.23,0.24,0.23,0.24,45000
GAN,20020829,1.24,1.26,1.23,1.25,1269581
GAP,20020829,1.24,1.24,1.22,1.22,5100
GAS,20020829,1.95,1.96,1.94,1.96,635911
GBG,20020829,0.265,0.265,0.265,0.265,110658
GBN,20020829,0.08,0.08,0.08,0.08,12000
GBS,20020829,0.021,0.021,0.017,0.021,430000
GCR,20020829,0.078,0.078,0.077,0.077,65000
GDA,20020829,0.009,0.009,0.009,0.009,500
GDM,20020829,0.59,0.6,0.59,0.6,30000
GDP,20020829,1.6,1.63,1.6,1.63,13401
GFD,20020829,0.36,0.36,0.36,0.36,54375
GGL,20020829,0.64,0.64,0.62,0.63,1067109
GGN,20020829,0.25,0.25,0.25,0.25,50000
GHG,20020829,0.6,0.62,0.6,0.61,57325
GHR,20020829,0.05,0.05,0.05,0.05,50000
GIP,20020829,0.068,0.068,0.068,0.068,30000
GIR,20020829,0.093,0.093,0.092,0.092,10000
GKR,20020829,0.11,0.11,0.11,0.11,173460
GLB,20020829,1.79,1.79,1.73,1.75,216117
GME,20020829,0.027,0.027,0.027,0.027,178333
GMF,20020829,1.65,1.65,1.63,1.63,4105833
GML,20020829,0.235,0.235,0.23,0.23,26056
GMS,20020829,0.31,0.31,0.3,0.3,125000
GNC,20020829,10,10.1,10,10,7024
GNR,20020829,0.092,0.092,0.092,0.092,45000
GNS,20020829,7.43,7.7,7.42,7.6,423818
GOW,20020829,1.75,1.75,1.75,1.75,288763
GPN,20020829,0.017,0.017,0.017,0.017,234439
GPT,20020829,2.76,2.77,2.75,2.75,11818424
GRD,20020829,0.99,0.99,0.98,0.98,31438
GRN,20020829,0.024,0.025,0.022,0.022,579450
GRO,20020829,0.56,0.56,0.56,0.56,3708
GRR,20020829,0.15,0.15,0.15,0.15,12000
GSP,20020829,1.48,1.48,1.48,1.48,5000
GTA,20020829,0.27,0.27,0.27,0.27,5000
GTG,20020829,0.405,0.405,0.375,0.385,106710
GTM,20020829,0.03,0.03,0.03,0.03,483334
GTP,20020829,0.66,0.66,0.64,0.64,358866
GUD,20020829,3.65,3.71,3.65,3.7,384339
GUL,20020829,0.017,0.017,0.017,0.017,8000
GUN,20020829,0.12,0.125,0.12,0.125,48619
GVM,20020829,0.04,0.04,0.038,0.039,1706059
GWT,20020829,2.61,2.64,2.61,2.64,60571
GYM,20020829,0.89,0.9,0.87,0.89,40466
HAN,20020829,10.9,10.9,10.9,10.9,300
HCN,20020829,0.67,0.67,0.65,0.67,44693
HDN,20020829,0.2,0.205,0.2,0.205,105000
HDR,20020829,0.83,0.86,0.83,0.84,1186647
HER,20020829,0.54,0.54,0.53,0.53,12665
HGR,20020829,0.07,0.075,0.07,0.075,110000
HGV,20020829,0.455,0.46,0.455,0.46,12222
HHL,20020829,4.6,4.6,4.6,4.6,1000
HIG,20020829,0.36,0.365,0.36,0.365,482458
HII,20020829,0.145,0.145,0.14,0.14,28200
HIL,20020829,3.27,3.27,3.26,3.27,101248
HIT,20020829,0.3,0.31,0.29,0.29,17000
HJB,20020829,0.235,0.235,0.235,0.235,4200
HLM,20020829,0.145,0.145,0.145,0.145,15000
HLY,20020829,5.03,5.03,4.99,5,392795
HMC,20020829,0.053,0.053,0.053,0.053,10000
HME,20020829,2.85,2.85,2.8,2.8,2350
HOM,20020829,0.75,0.75,0.71,0.71,59241
HPL,20020829,0.47,0.47,0.47,0.47,10000
HPX,20020829,1.49,1.51,1.49,1.51,7141
HRD,20020829,0.055,0.055,0.055,0.055,13000
HSN,20020829,0.27,0.27,0.19,0.2,381117
HSP,20020829,2.35,2.35,2.25,2.26,98100
HTA,20020829,0.36,0.36,0.36,0.36,283705
HTE,20020829,0.07,0.07,0.065,0.065,149285
HUG,20020829,0.072,0.072,0.072,0.072,27000
HVN,20020829,3.03,3.04,3,3.02,2098367
HWE,20020829,0.74,0.74,0.72,0.72,295355
HWI,20020829,2.25,2.25,2.22,2.22,89236
HWT,20020829,0.65,0.66,0.65,0.66,26500
IAG,20020829,3.12,3.21,3.12,3.18,9101359
IAS,20020829,1.05,1.07,1.05,1.07,62000
IAT,20020829,0.1,0.1,0.1,0.1,139515
IBA,20020829,0.14,0.14,0.14,0.14,48312
ICE,20020829,0.045,0.045,0.045,0.045,750
ICN,20020829,0.039,0.039,0.039,0.039,150000
ICO,20020829,0.003,0.004,0.003,0.004,82000
ICP,20020829,0.165,0.165,0.165,0.165,20000
ICS,20020829,0.77,0.78,0.72,0.75,318511
ICT,20020829,8.2,8.2,8.2,8.2,1000
IDT,20020829,2.24,2.34,2.24,2.26,33471
IFM,20020829,0.85,0.87,0.83,0.87,201388
IGF,20020829,0.225,0.225,0.225,0.225,30000
IGM,20020829,0.017,0.017,0.017,0.017,91600
IGO,20020829,0.34,0.34,0.335,0.335,14416
IGP,20020829,2.4,2.41,2.35,2.41,30762
IHG,20020829,0.365,0.365,0.34,0.34,302562
IIF,20020829,1.65,1.66,1.65,1.65,336457
IIN,20020829,0.93,0.96,0.92,0.96,336450
ILU,20020829,4.87,4.9,4.83,4.84,1203763
IMA,20020829,0.14,0.14,0.135,0.14,72785
IMD,20020829,0.195,0.195,0.19,0.19,50000
IMF,20020829,0.17,0.17,0.16,0.16,63000
IMH,20020829,0.16,0.16,0.16,0.16,16000
IMP,20020829,0.012,0.014,0.012,0.012,63719
IMU,20020829,0.012,0.015,0.012,0.014,7426430
INO,20020829,0.115,0.115,0.11,0.11,18000
INT,20020829,0.064,0.064,0.064,0.064,27500
IOC,20020829,0.97,0.97,0.93,0.93,51800
IOF,20020829,1.2,1.2,1.19,1.19,684370
ION,20020829,2.22,2.23,2.15,2.2,663009
IPG,20020829,1.97,1.98,1.97,1.97,1838202
IPH,20020829,1.59,1.59,1.57,1.57,5366
IRC,20020829,0.055,0.055,0.055,0.055,10000
IRE,20020829,2.29,2.32,2.29,2.32,63530
IRI,20020829,0.48,0.48,0.47,0.47,46855
IRN,20020829,0.205,0.205,0.2,0.2,138120
ISC,20020829,0.046,0.05,0.046,0.05,46500
ISY,20020829,0.015,0.015,0.015,0.015,176100
ITC,20020829,0.054,0.054,0.05,0.054,131456
ITE,20020829,0.12,0.12,0.12,0.12,610000
IVK,20020829,0.017,0.017,0.017,0.017,1000000
IWF,20020829,0.89,0.89,0.89,0.89,19000
IWI,20020829,2.37,2.37,2.35,2.37,24712
IWL,20020829,0.255,0.255,0.255,0.255,16500
IXL,20020829,0.021,0.024,0.021,0.024,47000
IYS,20020829,1.4,1.4,1.4,1.4,38000
JAK,20020829,0.14,0.14,0.14,0.14,17350
JBM,20020829,1.58,1.6,1.57,1.6,23388
JET,20020829,0.18,0.18,0.175,0.175,135000
JFG,20020829,3.1,3.1,3.05,3.05,21877
JHX,20020829,6.81,6.86,6.75,6.75,1915011
JLA,20020829,0.021,0.021,0.021,0.021,1600
JRL,20020829,0.19,0.19,0.19,0.19,5000
JRR,20020829,0.9,0.92,0.9,0.92,87197
JUM,20020829,0.023,0.025,0.022,0.025,258695
JUP,20020829,5.48,5.54,5.48,5.51,421895
JYC,20020829,0.65,0.65,0.65,0.65,10070
KAZ,20020829,0.255,0.265,0.25,0.265,1002694
KBO,20020829,0.032,0.032,0.032,0.032,29000
KCN,20020829,3,3.07,3,3.07,184708
KIM,20020829,0.45,0.45,0.44,0.44,102987
KLS,20020829,0.04,0.04,0.04,0.04,150000
KMN,20020829,0.025,0.03,0.025,0.03,350000
KOV,20020829,1.48,1.48,1.45,1.45,4000
KRZ,20020829,0.004,0.005,0.004,0.004,1388667
KSC,20020829,2.65,2.75,2.65,2.7,44350
KYC,20020829,1.05,1.1,1.01,1.1,56465
KZL,20020829,0.4,0.4,0.39,0.39,59600
LAF,20020829,0.046,0.05,0.046,0.046,147000
LAK,20020829,0.25,0.25,0.245,0.25,142100
LAS,20020829,0.078,0.078,0.078,0.078,7500
LCH,20020829,0.11,0.11,0.1,0.105,1660100
LCL,20020829,0.75,0.8,0.75,0.78,1563780
LCO,20020829,1.57,1.57,1.55,1.55,11620
LCP,20020829,0.57,0.57,0.57,0.57,9068
LDW,20020829,2.4,2.4,2.4,2.4,14600
LEI,20020829,10.95,11.2,10.92,11.16,145787
LHG,20020829,1.21,1.21,1.17,1.18,4182092
LKO,20020829,0.018,0.019,0.018,0.019,590685
LLC,20020829,11.2,11.2,10.86,10.86,1390978
LNN,20020829,5.24,5.25,5.2,5.23,472545
LOK,20020829,0.12,0.125,0.115,0.12,3689600
LSG,20020829,0.93,0.93,0.92,0.92,16000
LUM,20020829,0.061,0.061,0.06,0.06,250000
LUO,20020829,1.42,1.43,1.42,1.42,935940
LYC,20020829,0.18,0.18,0.18,0.18,2750
MAH,20020829,0.255,0.26,0.255,0.255,316800
MAP,20020829,1.29,1.29,1.27,1.27,6576845
MAQ,20020829,0.125,0.125,0.115,0.12,124510
MAY,20020829,3.69,3.72,3.68,3.71,2910779
MBG,20020829,0.058,0.063,0.058,0.061,187857
MBL,20020829,24.7,24.7,24.25,24.43,495602
MBP,20020829,0.87,0.88,0.82,0.85,207220
MCA,20020829,1.05,1.05,1.04,1.04,24500
MCC,20020829,1.17,1.2,1.16,1.2,13300
MCG,20020829,1.8,1.8,1.8,1.8,147726
MCH,20020829,0.43,0.43,0.43,0.43,4411
MCP,20020829,2.01,2.01,2,2,7000
MCR,20020829,0.265,0.27,0.26,0.26,477260
MCW,20020829,1.58,1.6,1.58,1.6,969914
MDC,20020829,1.64,1.65,1.64,1.65,3146
MEE,20020829,0.06,0.06,0.06,0.06,39780
MGD,20020829,0.061,0.061,0.06,0.06,20000
MGE,20020829,0.49,0.49,0.49,0.49,9000
MGI,20020829,1.41,1.41,1.38,1.39,2253351
MGM,20020829,1.32,1.32,1.29,1.31,772652
MGR,20020829,4.13,4.14,4.12,4.12,2110526
MGW,20020829,4.65,4.65,4.64,4.65,15724
MGX,20020829,0.18,0.185,0.18,0.18,268333
MIA,20020829,0.89,0.89,0.87,0.88,674541
MIG,20020829,2.87,2.88,2.81,2.83,4627897
MIK,20020829,0.063,0.063,0.063,0.063,37000
MIM,20020829,1.16,1.18,1.15,1.17,5421814
MIR,20020829,1.04,1.04,1.03,1.04,11900
MJN,20020829,0.032,0.032,0.03,0.03,312500
MLB,20020829,0.5,0.51,0.5,0.5,94500
MLE,20020829,0.68,0.69,0.68,0.68,145074
MLT,20020829,11.95,12.08,11.95,12.04,24487
MME,20020829,0.195,0.195,0.17,0.17,13333
MMN,20020829,0.099,0.099,0.096,0.099,132500
MND,20020829,2.75,2.75,2.65,2.65,9990
MNR,20020829,1.01,1.04,0.96,1.04,94400
MNS,20020829,0.97,0.97,0.97,0.97,500
MOD,20020829,0.31,0.31,0.31,0.31,5215
MOF,20020829,1.24,1.24,1.23,1.23,4095976
MOS,20020829,0.205,0.21,0.205,0.21,323550
MPB,20020829,3.45,3.45,3.45,3.45,3217
MPD,20020829,0.18,0.18,0.18,0.18,45000
MPH,20020829,0.44,0.46,0.44,0.445,265000
MPI,20020829,0.105,0.11,0.105,0.11,28000
MPO,20020829,0.042,0.042,0.037,0.04,535000
MRC,20020829,0.15,0.165,0.15,0.165,547500
MRL,20020829,2.29,2.29,2.13,2.15,612137
MRM,20020829,0.315,0.315,0.3,0.3,131573
MRX,20020829,0.047,0.05,0.047,0.05,282300
MRY,20020829,0.011,0.011,0.011,0.011,80000
MSC,20020829,0.24,0.245,0.23,0.23,57050
MSF,20020829,6.3,6.3,6.3,6.3,2000
MST,20020829,0.72,0.72,0.69,0.69,97885
MTB,20020829,0.09,0.09,0.085,0.085,47700
MTR,20020829,0.21,0.21,0.195,0.195,46000
MTT,20020829,2.2,2.22,2.18,2.19,1725425
MUL,20020829,0.008,0.008,0.008,0.008,959200
MUR,20020829,0.091,0.091,0.085,0.089,70153
MXI,20020829,0.195,0.195,0.185,0.19,127118
MXL,20020829,0.13,0.14,0.125,0.135,1679254
MXO,20020829,0.052,0.052,0.046,0.05,1115271
MXS,20020829,0.049,0.049,0.047,0.047,340000
MYO,20020829,0.71,0.71,0.69,0.69,83206
MZG,20020829,0.042,0.042,0.04,0.04,183752
NAB,20020829,34.33,35.01,34.3,34.99,4551353
NAL,20020829,0.62,0.63,0.61,0.63,170808
NAM,20020829,0.24,0.24,0.24,0.24,30000
NAU,20020829,0.14,0.145,0.12,0.145,11000
NBL,20020829,0.93,0.93,0.93,0.93,28630
NCI,20020829,1.06,1.06,1.04,1.04,9800
NCM,20020829,6.51,6.63,6.2,6.6,2557634
NCP,20020829,9.73,9.79,9.53,9.62,11188086
NDC,20020829,0.135,0.135,0.13,0.13,200000
NEM,20020829,4.91,4.91,4.85,4.9,29601
NEV,20020829,2.34,2.34,2.3,2.3,29284
NFD,20020829,3.71,3.72,3.69,3.72,446128
NFG,20020829,0.06,0.06,0.06,0.06,47500
NFM,20020829,17.44,17.45,16.85,16.85,10980
NHL,20020829,0.95,0.96,0.94,0.96,212275
NHR,20020829,0.22,0.22,0.22,0.22,10000
NIX,20020829,0.55,0.56,0.54,0.56,205380
NOL,20020829,0.35,0.35,0.35,0.35,17110
NPS,20020829,1.15,1.15,1,1,521250
NRT,20020829,1.43,1.43,1.36,1.36,544290
NSL,20020829,0.3,0.3,0.3,0.3,12000
NTG,20020829,1.46,1.46,1.42,1.43,28700
NUF,20020829,3.53,3.53,3.44,3.45,39803
NVS,20020829,1.35,1.36,1.32,1.32,162708
NWE,20020829,0.083,0.085,0.082,0.082,368883
NWL,20020829,0.13,0.135,0.125,0.125,734628
NZO,20020829,0.285,0.285,0.285,0.285,2600
OEC,20020829,0.26,0.26,0.255,0.255,246239
OFM,20020829,1.72,1.8,1.7,1.8,37646
OHL,20020829,0.022,0.022,0.022,0.022,50000
OIL,20020829,0.69,0.69,0.69,0.69,25767
OKN,20020829,1.1,1.11,1.1,1.11,555000
OLE,20020829,0.16,0.16,0.16,0.16,77000
OMP,20020829,3.71,3.75,3.71,3.75,11808
OPL,20020829,0.1,0.1,0.1,0.1,13000
OPS,20020829,3.66,3.74,3.66,3.71,152517
ORG,20020829,3.74,3.79,3.66,3.79,2013100
ORI,20020829,9.04,9.52,9.04,9.43,1290680
ORL,20020829,4.5,4.5,4.5,4.5,1150
ORP,20020829,0.021,0.021,0.02,0.02,137000
OSH,20020829,0.84,0.85,0.81,0.84,8642002
OST,20020829,1.67,1.7,1.63,1.63,2262605
OXR,20020829,0.335,0.335,0.325,0.335,1022316
PAH,20020829,0.081,0.081,0.081,0.081,25000
PAL,20020829,0.155,0.16,0.15,0.16,253000
PAY,20020829,1,1,0.95,0.95,9664
PBB,20020829,4.15,4.15,4.13,4.15,236218
PBL,20020829,9.13,9.29,9.1,9.29,983790
PBO,20020829,1.15,1.15,1.15,1.15,27262
PBT,20020829,1.69,1.76,1.69,1.75,25659
PCG,20020829,0.105,0.105,0.105,0.105,200000
PCL,20020829,0.06,0.06,0.058,0.058,926000
PCO,20020829,0.065,0.069,0.065,0.069,42000
PDG,20020829,16.5,16.8,16.5,16.8,40883
PDN,20020829,0.026,0.026,0.026,0.026,230000
PDR,20020829,0.11,0.11,0.105,0.105,304750
PEL,20020829,0.083,0.083,0.083,0.083,505
PEM,20020829,0.8,0.8,0.78,0.79,137250
PEP,20020829,0.72,0.72,0.7,0.7,14000
PGL,20020829,1.02,1.08,1.02,1.08,4650
PHI,20020829,0.37,0.375,0.36,0.36,24000
PHT,20020829,0.295,0.295,0.295,0.295,5000
PHY,20020829,3.95,3.95,3.85,3.85,83864
PIL,20020829,0.14,0.14,0.13,0.13,179500
PLA,20020829,0.36,0.36,0.36,0.36,1666
PLF,20020829,2,2,1.97,2,6250
PLL,20020829,1.07,1.07,1.01,1.01,8850
PLW,20020829,4.01,4.01,4,4,1900
PLX,20020829,0.012,0.012,0.012,0.012,200000
PMC,20020829,2.35,2.35,2.3,2.3,125296
PME,20020829,1.15,1.15,1.13,1.13,7675
PMM,20020829,1.24,1.24,1.21,1.22,1068625
PMP,20020829,0.91,0.91,0.89,0.91,1035744
PMT,20020829,8.4,8.4,8.4,8.4,5000
PNO,20020829,0.065,0.065,0.06,0.06,50000
PPD,20020829,0.36,0.37,0.36,0.36,85000
PPH,20020829,1.44,1.44,1.43,1.44,24777
PPK,20020829,1.22,1.22,1.2,1.22,47406
PPT,20020829,42.46,42.88,42.39,42.39,29134
PPX,20020829,5.06,5.14,5.04,5.1,203928
PRE,20020829,0.011,0.011,0.011,0.011,105000
PRG,20020829,2.39,2.39,2.35,2.35,15765
PRK,20020829,16.04,16.46,15.94,15.94,1371997
PRM,20020829,0.22,0.22,0.22,0.22,4467
PRO,20020829,0.225,0.225,0.225,0.225,18000
PRR,20020829,0.38,0.38,0.38,0.38,1000
PRT,20020829,2.2,2.2,2.2,2.2,15000
PRX,20020829,0.94,0.95,0.94,0.95,210529
PRY,20020829,4.1,4.1,4.1,4.1,54938
PSA,20020829,0.25,0.265,0.25,0.26,691895
PSD,20020829,0.145,0.16,0.145,0.16,3072
PSG,20020829,0.26,0.26,0.26,0.26,45000
PSI,20020829,0.235,0.235,0.225,0.225,72170
PSV,20020829,0.165,0.165,0.165,0.165,22200
PSX,20020829,0.043,0.047,0.043,0.047,63500
PTD,20020829,2.36,2.36,2.3,2.3,188607
PTS,20020829,0.135,0.14,0.13,0.14,246085
PWR,20020829,0.054,0.055,0.052,0.052,3477220
PWT,20020829,0.086,0.086,0.079,0.08,428340
QAD,20020829,0.21,0.21,0.21,0.21,25000
QAN,20020829,4.22,4.24,4.14,4.15,10129752
QBE,20020829,7.31,7.31,7.23,7.24,1766683
QCH,20020829,3.21,3.23,3.2,3.2,18647
QED,20020829,0.096,0.096,0.095,0.095,18800
QGC,20020829,0.25,0.25,0.24,0.24,23856
QMM,20020829,0.035,0.035,0.033,0.033,10000
QPX,20020829,0.39,0.39,0.39,0.39,3000
QTI,20020829,0.37,0.37,0.37,0.37,39500
QTK,20020829,0.031,0.032,0.031,0.031,3892500
QTL,20020829,0.019,0.025,0.019,0.025,4253770
QUR,20020829,0.025,0.026,0.025,0.026,344455
QVL,20020829,0.125,0.13,0.12,0.13,31720
RAC,20020829,0.16,0.16,0.155,0.155,507218
RBK,20020829,0.295,0.295,0.285,0.285,54975
RBL,20020829,0.38,0.38,0.38,0.38,700
RCD,20020829,1.95,1.95,1.94,1.95,24179
RCM,20020829,0.16,0.16,0.16,0.16,12000
RCT,20020829,1.32,1.32,1.32,1.32,372
RDF,20020829,0.5,0.5,0.48,0.48,45350
RDR,20020829,0.24,0.25,0.24,0.25,333000
REB,20020829,2.12,2.12,2.07,2.1,63192
REC,20020829,0.38,0.38,0.38,0.38,109781
REG,20020829,2.09,2.11,2.09,2.1,301342
REH,20020829,6.45,7,6.45,7,7150
REL,20020829,0.097,0.1,0.097,0.1,156118
RFS,20020829,0.305,0.305,0.305,0.305,36000
RGS,20020829,0.64,0.64,0.63,0.63,104350
RHC,20020829,4.17,4.17,4.14,4.15,131148
RIC,20020829,1.37,1.38,1.37,1.38,523710
RIO,20020829,33.19,33.5,33.16,33.47,1012748
RKN,20020829,0.16,0.16,0.16,0.16,2400
RLD,20020829,0.12,0.12,0.11,0.12,251372
RMD,20020829,5.83,5.83,5.66,5.67,749143
RMG,20020829,0.04,0.04,0.035,0.039,961131
RMW,20020829,1.1,1.1,1.1,1.1,493
ROC,20020829,1.45,1.48,1.44,1.44,153070
ROK,20020829,3.53,3.57,3.52,3.53,9047
RPD,20020829,0.19,0.19,0.18,0.18,60000
RPG,20020829,0.17,0.17,0.17,0.17,8700
RPM,20020829,0.03,0.03,0.03,0.03,100000
RPT,20020829,0.032,0.035,0.032,0.035,105000
RSG,20020829,0.67,0.7,0.66,0.69,88246
RSN,20020829,0.115,0.115,0.11,0.115,87166
RTS,20020829,0.1,0.1,0.1,0.1,76410
RUP,20020829,4.5,4.7,4.45,4.7,4104
RYW,20020829,0.195,0.195,0.195,0.195,10000
SAQ,20020829,4.76,4.76,4.76,4.76,1000
SAX,20020829,0.11,0.11,0.11,0.11,35000
SBC,20020829,9.05,9.06,9.03,9.04,37706
SBM,20020829,0.16,0.16,0.155,0.155,411212
SBP,20020829,0.135,0.135,0.135,0.135,52000
SBS,20020829,0.018,0.018,0.018,0.018,29021
SCF,20020829,100.15,100.15,100.14,100.15,7001
SDG,20020829,0.54,0.56,0.54,0.56,17500
SDR,20020829,0.21,0.21,0.21,0.21,9500
SED,20020829,0.16,0.16,0.155,0.16,45079
SEL,20020829,1.98,1.98,1.98,1.98,2500
SEN,20020829,0.1,0.105,0.1,0.105,46037
SEV,20020829,5.21,5.26,5.21,5.25,519834
SFC,20020829,11.4,11.4,11,11,7270
SFD,20020829,0.25,0.25,0.25,0.25,6683
SFE,20020829,3.37,3.37,3.29,3.33,41009
SFG,20020829,0.017,0.017,0.017,0.017,5000
SGB,20020829,19.15,19.27,19.11,19.2,561800
SGC,20020829,0.335,0.335,0.32,0.33,167812
SGN,20020829,3.02,3.2,3.02,3.14,103248
SGP,20020829,4.39,4.41,4.38,4.39,1958270
SGS,20020829,1.31,1.39,1.31,1.35,107220
SGT,20020829,1.52,1.53,1.5,1.5,508611
SGW,20020829,4.89,4.89,4.69,4.7,690789
SHL,20020829,5.99,5.99,5.82,5.9,265709
SHV,20020829,3.15,3.28,3.15,3.26,52679
SIG,20020829,4.24,4.29,4.23,4.27,86332
SKC,20020829,6,6,6,6,2000
SKD,20020829,0.17,0.17,0.16,0.16,754500
SKE,20020829,1.41,1.46,1.41,1.46,178102
SKG,20020829,0.035,0.035,0.035,0.035,184064
SKN,20020829,0.35,0.35,0.33,0.33,974500
SKR,20020829,0.096,0.097,0.095,0.097,628000
SLF,20020829,14.3,14.3,14.3,14.3,700
SLN,20020829,0.48,0.48,0.48,0.48,7200
SLX,20020829,0.6,0.61,0.57,0.58,259332
SMA,20020829,0.019,0.019,0.018,0.018,207500
SMC,20020829,0.22,0.22,0.215,0.22,241952
SMS,20020829,6.96,7.14,6.94,7.07,109001
SMX,20020829,0.46,0.48,0.46,0.47,233485
SMY,20020829,0.37,0.37,0.36,0.36,16000
SNX,20020829,0.84,0.89,0.83,0.89,105259
SOF,20020829,0.051,0.051,0.051,0.051,5000
SOH,20020829,0.51,0.54,0.51,0.52,766350
SOL,20020829,5.43,5.5,5.4,5.45,17206
SOT,20020829,0.82,0.83,0.8,0.82,128378
SPC,20020829,1.38,1.39,1.37,1.38,454749
SPD,20020829,0.165,0.165,0.165,0.165,45500
SPH,20020829,0.08,0.08,0.08,0.08,10141
SPL,20020829,0.58,0.58,0.55,0.55,45417
SPP,20020829,0.5,0.51,0.5,0.51,10000
SPT,20020829,5,5,4.89,4.9,69642
SPX,20020829,0.61,0.61,0.59,0.59,47828
SRA,20020829,0.42,0.42,0.42,0.42,2125765
SRI,20020829,0.255,0.26,0.255,0.26,112400
SRP,20020829,5.62,5.64,5.61,5.64,2310025
SRT,20020829,0.013,0.013,0.013,0.013,69700
SRX,20020829,2.69,2.69,2.6,2.6,105792
SSH,20020829,0.12,0.12,0.12,0.12,6000
SSL,20020829,0.255,0.255,0.255,0.255,1050
SSR,20020829,0.72,0.72,0.69,0.69,83830
SSS,20020829,3.05,3.05,3.05,3.05,608
SSX,20020829,1.22,1.24,1.21,1.21,806724
STE,20020829,0.06,0.06,0.06,0.06,39000
STN,20020829,0.19,0.19,0.19,0.19,50000
STO,20020829,6.36,6.39,6.36,6.36,1702501
STP,20020829,0.47,0.47,0.46,0.465,102000
STS,20020829,0.58,0.58,0.58,0.58,1000
STT,20020829,0.021,0.021,0.021,0.021,373867
STU,20020829,0.51,0.51,0.5,0.5,10500
STW,20020829,31.21,31.36,31.21,31.36,696537
SUN,20020829,12.7,13.02,12.55,12.59,1606176
SUR,20020829,0.092,0.094,0.092,0.092,287677
SWG,20020829,0.175,0.175,0.175,0.175,2000
SWT,20020829,0.058,0.058,0.058,0.058,16546
SYL,20020829,4.15,4.15,4.15,4.15,2409
SYM,20020829,0.81,0.82,0.81,0.82,49113
TAA,20020829,0.085,0.085,0.085,0.085,44980
TAB,20020829,3.31,3.32,3.29,3.31,406169
TAH,20020829,12.5,13,12.5,12.89,1778637
TAM,20020829,0.21,0.22,0.21,0.22,448606
TAN,20020829,1.03,1.03,1.03,1.03,33600
TAP,20020829,1.51,1.54,1.51,1.54,109075
TAW,20020829,0.66,0.7,0.66,0.7,15000
TBC,20020829,0.275,0.275,0.27,0.27,72500
TBR,20020829,1.1,1.1,1.06,1.06,2000
TCL,20020829,4.04,4.09,4,4.03,1967809
TEH,20020829,0.076,0.076,0.076,0.076,1000
TEL,20020829,4.21,4.28,4.21,4.25,1002127
TEM,20020829,2,2.01,1.98,2.01,354335
TEN,20020829,1.94,1.96,1.92,1.93,651468
TER,20020829,0.245,0.245,0.235,0.24,56690
TGG,20020829,1.44,1.44,1.43,1.43,13647
THG,20020829,0.64,0.64,0.63,0.64,1039073
THX,20020829,0.37,0.37,0.37,0.37,3300
TIF,20020829,0.41,0.42,0.41,0.41,26413
TIM,20020829,0.485,0.495,0.485,0.495,187058
TIR,20020829,0.135,0.135,0.13,0.13,57000
TKG,20020829,0.015,0.016,0.014,0.016,1184000
TKR,20020829,1.38,1.45,1.38,1.4,50084
TLS,20020829,4.82,4.92,4.82,4.88,28575687
TMO,20020829,0.73,0.73,0.73,0.73,700
TMS,20020829,0.225,0.225,0.22,0.22,85357
TMT,20020829,1.06,1.08,1.06,1.08,122844
TNE,20020829,0.46,0.46,0.44,0.44,137483
TNY,20020829,0.035,0.035,0.034,0.034,68500
TOL,20020829,33.36,33.95,33.01,33.41,61325
TOR,20020829,1.28,1.28,1.28,1.28,15400
TOX,20020829,0.105,0.105,0.105,0.105,76500
TPL,20020829,0.007,0.007,0.007,0.007,5000
TPX,20020829,7.77,7.77,7.77,7.77,2000
TQL,20020829,4.21,4.24,4.17,4.21,103161
TRG,20020829,5.8,5.8,5.8,5.8,500
TRY,20020829,2.19,2.25,2.18,2.18,31780
TSE,20020829,2.95,2.95,2.9,2.91,36682
TTL,20020829,0.023,0.023,0.021,0.021,166100
TVL,20020829,0.43,0.435,0.42,0.42,255300
TVN,20020829,0.265,0.265,0.265,0.265,1000
TWR,20020829,3.4,3.4,3.4,3.4,18755
TXT,20020829,0.9,0.91,0.9,0.9,15000
UCL,20020829,0.008,0.008,0.008,0.008,128000
UEC,20020829,0.12,0.12,0.115,0.12,497000
UEL,20020829,2.56,2.58,2.56,2.58,423061
UGL,20020829,2.75,2.78,2.75,2.78,1643575
USC,20020829,0.57,0.57,0.57,0.57,93400
VCM,20020829,1.26,1.26,1.26,1.26,1340
VCR,20020829,0.59,0.59,0.56,0.58,109060
VHL,20020829,0.49,0.53,0.49,0.52,38000
VIT,20020829,0.285,0.285,0.27,0.27,124983
VKI,20020829,0.25,0.25,0.25,0.25,16552
VNA,20020829,0.021,0.021,0.021,0.021,3600
VOY,20020829,0.2,0.2,0.2,0.2,70000
VPE,20020829,0.021,0.021,0.021,0.021,1154000
VRE,20020829,0.008,0.008,0.008,0.008,402400
VRI,20020829,0.62,0.62,0.6,0.6,25000
VRL,20020829,1.37,1.4,1.37,1.4,188299
VSL,20020829,1.25,1.25,1.23,1.25,30856
VTI,20020829,0.285,0.295,0.285,0.29,357571
VWD,20020829,0.7,0.71,0.69,0.71,33874
VXS,20020829,0.115,0.115,0.115,0.115,500
WAL,20020829,0.27,0.27,0.26,0.26,14000
WAM,20020829,1.45,1.49,1.45,1.45,14400
WAN,20020829,5.12,5.22,5.12,5.22,149884
WBA,20020829,0.47,0.47,0.47,0.47,1531
WBB,20020829,6.4,6.4,6.4,6.4,2843
WBC,20020829,14.99,15.27,14.98,15.2,5883846
WDP,20020829,1.33,1.35,1.33,1.35,60145
WEB,20020829,0.082,0.082,0.08,0.08,75243
WES,20020829,29.9,30,29.75,29.75,557811
WEZ,20020829,0.22,0.22,0.22,0.22,150000
WFA,20020829,1.96,1.96,1.95,1.95,4136987
WFT,20020829,3.28,3.29,3.27,3.27,2876020
WJM,20020829,3.26,3.26,3.26,3.26,5860
WMC,20020829,7.68,7.7,7.55,7.65,3811386
WME,20020829,0.045,0.045,0.045,0.045,10000
WMT,20020829,0.029,0.029,0.028,0.028,710000
WON,20020829,0.025,0.025,0.024,0.024,130000
WOW,20020829,11.71,11.9,11.58,11.9,4639735
WPL,20020829,13.15,13.16,13.03,13.03,728411
WRF,20020829,0.3,0.3,0.3,0.3,1785
WSA,20020829,0.165,0.165,0.16,0.16,55000
WSF,20020829,13.79,13.8,13.58,13.59,1733234
WSG,20020829,0.02,0.025,0.019,0.02,5520235
WSS,20020829,0.065,0.065,0.065,0.065,40000
WTE,20020829,0.01,0.01,0.009,0.009,150000
WWA,20020829,0.94,0.94,0.93,0.94,16730
WWM,20020829,0.02,0.02,0.02,0.02,133333
WYL,20020829,2.93,2.99,2.92,2.99,270347
XAN,20020829,0.37,0.37,0.37,0.37,23000
XAO,20020829,3090.4,3090.4,3069,3082.8,0
XDJ,20020829,1691.5,1691.5,1651.3,1663.6,0
XEJ,20020829,4274.2,4275.4,4238.4,4255,0
XEL,20020829,0.09,0.09,0.082,0.082,150000
XFJ,20020829,4132.2,4154.3,4118,4148.5,0
XFL,20020829,3184.6,3184.6,3160.3,3178.6,0
XHJ,20020829,3656.9,3656.9,3596.6,3606.5,0
XIJ,20020829,273.5,275.5,272,272.2,0
XJO,20020829,3137.7,3137.7,3115.5,3130.8,0
XKO,20020829,3133.2,3133.2,3111.1,3126.3,0
XMD,20020829,2619.6,2619.6,2598,2609.4,0
XMJ,20020829,4221.1,4221.1,4161.1,4183.2,0
XNJ,20020829,3884.1,3884.1,3816.4,3817.7,0
XPJ,20020829,1408.7,1414,1407.2,1408.9,0
XSJ,20020829,4291.7,4326.5,4276.4,4326.5,0
XSO,20020829,1607.4,1607.7,1600.4,1602.7,0
XTJ,20020829,1663.4,1696.2,1663.4,1682.9,0
XTL,20020829,1844.1,1845.3,1828.6,1843.8,0
XTO,20020829,2565.6,2565.6,2546.6,2560.1,0
XUJ,20020829,3242.2,3250.3,3233.2,3247.7,0
XXJ,20020829,4234.7,4259.8,4215.7,4254.6,0
YAM,20020829,0.009,0.009,0.009,0.009,758334
YDR,20020829,0.05,0.052,0.049,0.049,217570
YGL,20020829,0.083,0.083,0.083,0.083,10000
YSL,20020829,0.45,0.45,0.45,0.45,10500
YTL,20020829,0.16,0.16,0.15,0.15,138750
ZIM,20020829,1.6,1.6,1.5,1.5,37460
ZYL,20020829,0.024,0.024,0.024,0.024,40000
