AAC,20021018,0.71,0.74,0.71,0.73,124413
AAT,20021018,0.21,0.21,0.205,0.205,204292
AAU,20021018,1.01,1.01,1.01,1.01,50016
ABB,20021018,2.52,2.53,2.51,2.53,13726
ABC,20021018,1.11,1.15,1.03,1.06,2086215
ABG,20021018,2.1,2.1,2.04,2.04,2500
ABI,20021018,1.07,1.12,1.07,1.11,34816
ABK,20021018,0.25,0.3,0.25,0.3,15600
ABS,20021018,13.3,13.3,13,13.3,22865
ACU,20021018,0.15,0.15,0.15,0.15,3850
ACX,20021018,0.18,0.18,0.18,0.18,5000
ADA,20021018,0.65,0.66,0.64,0.64,67000
ADB,20021018,7.43,7.45,7.31,7.31,84435
ADM,20021018,0.05,0.05,0.05,0.05,78485
ADN,20021018,0.105,0.105,0.105,0.105,145000
ADP,20021018,2.59,2.65,2.59,2.64,2749187
ADU,20021018,0.135,0.135,0.135,0.135,39000
ADZ,20021018,2.02,2.05,2.02,2.03,518325
AEC,20021018,0.83,0.83,0.83,0.83,1000
AEO,20021018,1.55,1.55,1.54,1.54,209305
AET,20021018,0.86,0.86,0.85,0.85,20000
AEX,20021018,0.038,0.038,0.038,0.038,3027
AFI,20021018,3.12,3.12,3.1,3.1,232523
AFM,20021018,0.029,0.03,0.029,0.03,250989
AGG,20021018,8.6,8.6,8.5,8.6,2200
AGH,20021018,0.7,0.7,0.7,0.7,35903
AGI,20021018,0.93,0.94,0.92,0.94,15450
AGL,20021018,10.24,10.25,10.08,10.08,1251151
AGT,20021018,0.5,0.5,0.5,0.5,5000
AGX,20021018,0.31,0.315,0.305,0.305,45450
AGY,20021018,0.145,0.145,0.14,0.145,50600
AGZ,20021018,0.008,0.008,0.007,0.008,1086971
AHD,20021018,2.62,2.62,2.6,2.6,794528
AHT,20021018,0.3,0.3,0.3,0.3,50000
AIE,20021018,0.15,0.155,0.15,0.155,52325
AIP,20021018,1.11,1.13,1.11,1.12,565532
AIX,20021018,1.37,1.38,1.34,1.34,205892
AIZ,20021018,0.43,0.445,0.43,0.445,424150
AJL,20021018,1.21,1.25,1.21,1.23,124063
ALK,20021018,0.2,0.22,0.2,0.22,82520
ALL,20021018,4.65,4.7,4.54,4.63,5443844
ALN,20021018,4.15,4.21,4.11,4.11,142785
ALR,20021018,0.99,0.99,0.99,0.99,7427
ALS,20021018,3.94,3.94,3.9,3.9,1748
ALU,20021018,1.41,1.41,1.4,1.4,64059
ALZ,20021018,1.34,1.36,1.34,1.36,312823
AMC,20021018,8.22,8.3,8.17,8.23,3171065
AMG,20021018,0.083,0.083,0.083,0.083,29000
AMH,20021018,1.69,1.69,1.66,1.67,109525
AML,20021018,0.39,0.4,0.38,0.38,189400
AMM,20021018,0.099,0.099,0.099,0.099,98553
AMP,20021018,12.95,13.1,12.95,12.98,5529727
AMU,20021018,0.1,0.1,0.1,0.1,50000
ANC,20021018,5.69,5.69,5.69,5.69,4000
ANE,20021018,2.29,2.32,2.29,2.31,16100
ANK,20021018,0.053,0.053,0.053,0.053,4000
ANL,20021018,0.21,0.22,0.205,0.205,240709
ANM,20021018,0.51,0.52,0.5,0.51,246070
ANN,20021018,6.79,6.8,6.75,6.78,520203
ANP,20021018,0.1,0.1,0.1,0.1,21000
ANX,20021018,0.17,0.18,0.17,0.18,51300
ANY,20021018,0.17,0.17,0.17,0.17,5000
ANZ,20021018,18.26,18.35,18.06,18.06,6557488
AOE,20021018,0.155,0.155,0.155,0.155,20000
AOF,20021018,1.17,1.19,1.16,1.18,9383348
AOR,20021018,2.79,2.81,2.75,2.75,17713897
APA,20021018,2.55,2.55,2.54,2.55,129293
APE,20021018,4.71,4.71,4.71,4.71,2000
APG,20021018,0.05,0.05,0.046,0.046,50000
API,20021018,2.92,2.92,2.9,2.9,79588
APN,20021018,2.87,2.95,2.87,2.9,1471240
AQL,20021018,0.035,0.035,0.035,0.035,15000
AQP,20021018,8.7,9,8.64,8.64,118926
ARC,20021018,0.044,0.045,0.044,0.045,59750
ARG,20021018,4.4,4.4,4.31,4.31,65969
ARL,20021018,0.22,0.235,0.215,0.22,393594
ARO,20021018,0.1,0.1,0.1,0.1,23132
ARQ,20021018,0.43,0.43,0.42,0.42,154834
ART,20021018,1.4,1.43,1.4,1.42,3831266
ARX,20021018,0.021,0.021,0.021,0.021,20000
ASB,20021018,1.29,1.29,1.25,1.25,2489281
ASL,20021018,0.38,0.385,0.37,0.385,45017
ASP,20021018,0.04,0.04,0.04,0.04,10000
ASX,20021018,11.45,11.68,11.45,11.65,363848
ATC,20021018,0.19,0.19,0.185,0.185,119508
ATG,20021018,0.48,0.48,0.48,0.48,41566
ATN,20021018,0.008,0.009,0.008,0.009,75000
ATP,20021018,0.36,0.36,0.315,0.36,606000
ATX,20021018,0.13,0.13,0.115,0.12,197473
AUG,20021018,0.18,0.18,0.17,0.17,131260
AUH,20021018,0.068,0.068,0.068,0.068,7000
AUI,20021018,4.1,4.1,4.1,4.1,5176
AUM,20021018,0.043,0.043,0.043,0.043,34000
AUN,20021018,0.135,0.135,0.13,0.13,1290589
AUO,20021018,0.54,0.54,0.53,0.53,227227
AVA,20021018,0.036,0.039,0.036,0.039,867250
AVJ,20021018,0.87,0.9,0.87,0.9,89440
AVL,20021018,0.13,0.14,0.13,0.14,828154
AVN,20021018,0.011,0.011,0.011,0.011,2000
AVT,20021018,0.02,0.02,0.02,0.02,29000
AWB,20021018,3.5,3.6,3.5,3.53,81019
AWE,20021018,0.68,0.68,0.67,0.67,307246
AWL,20021018,0.045,0.048,0.045,0.045,727000
AXA,20021018,2.53,2.53,2.49,2.49,2722054
AXI,20021018,0.017,0.017,0.017,0.017,10000
AXM,20021018,0.15,0.15,0.145,0.15,35000
AXN,20021018,0.17,0.175,0.165,0.175,502446
AYO,20021018,0.45,0.45,0.425,0.425,94883
AZL,20021018,0.023,0.023,0.023,0.023,830
BAX,20021018,1.06,1.06,1.06,1.06,2747
BBG,20021018,7.27,7.9,7.27,7.73,2110686
BBL,20021018,0.1,0.1,0.1,0.1,2000
BCA,20021018,2.78,2.78,2.7,2.7,1633303
BCH,20021018,0.057,0.057,0.052,0.055,150000
BDG,20021018,0.285,0.285,0.275,0.275,5097275
BDS,20021018,1.75,1.75,1.75,1.75,19949
BEN,20021018,8.1,8.3,8.1,8.3,362632
BER,20021018,0.6,0.6,0.6,0.6,3000
BFS,20021018,0.075,0.075,0.075,0.075,10000
BGD,20021018,0.06,0.06,0.06,0.06,300000
BGF,20021018,0.034,0.034,0.021,0.023,3090948
BGN,20021018,0.34,0.34,0.33,0.34,5161
BHP,20021018,9.95,10.05,9.9,10.03,12184967
BIL,20021018,7.03,7.14,7.01,7.11,6586542
BIR,20021018,0.8,0.8,0.78,0.78,179101
BIT,20021018,0.42,0.435,0.42,0.435,14000
BKL,20021018,6.14,6.14,6.14,6.14,1089
BKM,20021018,0.02,0.02,0.02,0.02,487582
BKS,20021018,0.03,0.03,0.029,0.03,115123
BKV,20021018,0.065,0.065,0.065,0.065,238666
BKW,20021018,5.93,5.93,5.8,5.8,55299
BLD,20021018,4.2,4.2,4.05,4.07,2571408
BLN,20021018,0.06,0.06,0.06,0.06,10000
BLO,20021018,0.105,0.105,0.1,0.105,478470
BLT,20021018,0.32,0.32,0.32,0.32,45000
BLZ,20021018,0.065,0.072,0.065,0.071,560000
BMR,20021018,0.56,0.56,0.56,0.56,64050
BMX,20021018,0.26,0.26,0.25,0.255,60582
BOC,20021018,0.15,0.15,0.15,0.15,5331
BOQ,20021018,7.12,7.15,7.12,7.13,59790
BPC,20021018,0.59,0.6,0.58,0.58,3464552
BPO,20021018,0.084,0.088,0.08,0.088,308512
BPT,20021018,0.325,0.33,0.32,0.32,94273
BRC,20021018,0.23,0.23,0.21,0.21,10000
BRI,20021018,0.365,0.365,0.36,0.36,4502550
BRK,20021018,1.49,1.51,1.49,1.5,47300
BRL,20021018,8.1,8.1,7.73,7.76,605530
BRS,20021018,2.67,2.71,2.66,2.7,625895
BRZ,20021018,1.97,1.97,1.95,1.95,82107
BSG,20021018,0.16,0.16,0.15,0.15,62000
BSL,20021018,2.98,2.99,2.94,2.96,5952213
BSO,20021018,3.3,3.3,3.3,3.3,1700
BTA,20021018,0.56,0.57,0.56,0.57,62420
BTC,20021018,0.29,0.29,0.285,0.29,10502
BTE,20021018,0.495,0.495,0.495,0.495,16212
BTG,20021018,0.52,0.53,0.52,0.53,23000
BUY,20021018,0.1,0.1,0.1,0.1,127000
BWA,20021018,4,4.05,4,4.03,214247
BWP,20021018,1.4,1.4,1.38,1.38,272771
CAA,20021018,2.75,2.78,2.75,2.78,137727
CAB,20021018,3.06,3.1,3.05,3.1,73948
CAG,20021018,0.03,0.034,0.03,0.031,4950980
CAI,20021018,0.55,0.56,0.55,0.56,30087
CAL,20021018,0.18,0.18,0.18,0.18,10000
CAT,20021018,3.85,3.85,3.75,3.75,7820
CBA,20021018,29.5,29.64,29.16,29.35,3036547
CBD,20021018,0.004,0.004,0.004,0.004,1000000
CBO,20021018,0.02,0.02,0.02,0.02,366000
CBT,20021018,0.093,0.095,0.093,0.093,174000
CCL,20021018,5.44,5.52,5.41,5.46,4082098
CCP,20021018,0.83,0.88,0.83,0.86,50000
CCV,20021018,0.054,0.055,0.054,0.055,490906
CDC,20021018,2.39,2.49,2.33,2.4,80843
CDF,20021018,1.07,1.07,1.07,1.07,15000
CDO,20021018,2.85,2.88,2.84,2.84,274914
CDP,20021018,2.26,2.26,2.26,2.26,41680
CDR,20021018,0.83,0.85,0.83,0.83,912750
CDX,20021018,1.07,1.07,0.92,0.92,4000
CED,20021018,0.046,0.046,0.046,0.046,20000
CEP,20021018,3.63,3.65,3.63,3.64,2720954
CEQ,20021018,1.67,1.67,1.67,1.67,24155
CEW,20021018,0.84,0.85,0.84,0.85,18180
CEY,20021018,1.99,1.99,1.97,1.98,734063
CFR,20021018,0.012,0.013,0.012,0.013,815122
CFS,20021018,0.72,0.73,0.72,0.73,8200
CGO,20021018,0.47,0.47,0.47,0.47,30000
CHB,20021018,26.2,26.2,26.2,26.2,1969
CHF,20021018,0.455,0.455,0.43,0.43,128613
CHO,20021018,16.21,16.3,16,16,7173
CHQ,20021018,0.465,0.47,0.465,0.465,145000
CHR,20021018,2,2,2,2,3018
CHY,20021018,1.44,1.44,1.44,1.44,208000
CIR,20021018,1.39,1.44,1.36,1.37,62471
CIY,20021018,1.3,1.37,1.3,1.34,69780
CKG,20021018,0.05,0.05,0.044,0.045,1160998
CKR,20021018,0.68,0.68,0.68,0.68,4500
CLH,20021018,3.22,3.22,3.19,3.19,75806
CLI,20021018,2.09,2.09,1.95,1.95,515221
CLO,20021018,0.75,0.77,0.74,0.75,240218
CLT,20021018,1.48,1.5,1.48,1.5,19521
CLV,20021018,0.17,0.18,0.17,0.18,46000
CMI,20021018,1.35,1.35,1.35,1.35,14350
CML,20021018,6.53,6.63,6.53,6.54,4794127
CMP,20021018,0.25,0.25,0.25,0.25,11000
CMQ,20021018,3.6,3.6,3.48,3.48,47400
CMR,20021018,0.18,0.18,0.18,0.18,30800
CMS,20021018,0.04,0.04,0.038,0.038,50000
CNB,20021018,0.78,0.78,0.75,0.75,10600
CND,20021018,0.86,0.86,0.86,0.86,48300
CNM,20021018,0.013,0.013,0.013,0.013,30000
CNN,20021018,0.08,0.08,0.08,0.08,144800
CNT,20021018,0.25,0.255,0.24,0.255,277879
COA,20021018,2.1,2.19,2.09,2.19,709086
COF,20021018,2.31,2.31,2.31,2.31,250
COH,20021018,31.25,31.25,29.6,30,596011
COO,20021018,0.057,0.075,0.057,0.07,25891500
COU,20021018,0.43,0.43,0.43,0.43,10000
CPA,20021018,1.16,1.19,1.16,1.18,10710663
CPB,20021018,4.89,4.9,4.89,4.9,12610
CPC,20021018,0.27,0.27,0.26,0.26,12000
CPH,20021018,0.345,0.345,0.34,0.34,1490377
CPI,20021018,0.84,0.84,0.84,0.84,15950
CPU,20021018,2.22,2.24,2.17,2.17,2605458
CRG,20021018,7.9,7.9,7.86,7.88,101525
CRL,20021018,0.063,0.063,0.063,0.063,10000
CRS,20021018,0.73,0.73,0.69,0.69,2202553
CRT,20021018,0.91,0.91,0.86,0.86,265150
CSG,20021018,0.007,0.007,0.006,0.006,890000
CSI,20021018,0.08,0.082,0.08,0.08,620000
CSL,20021018,18.85,18.85,17.55,17.87,3844731
CSM,20021018,0.67,0.67,0.66,0.66,7200
CSR,20021018,5.46,5.58,5.45,5.57,2422263
CST,20021018,1.67,1.74,1.67,1.71,48745
CSY,20021018,0.11,0.115,0.11,0.115,73900
CTE,20021018,0.4,0.4,0.4,0.4,3000
CTL,20021018,2.36,2.36,2.28,2.28,28795
CTO,20021018,0.076,0.076,0.076,0.076,70000
CTX,20021018,1.71,1.73,1.7,1.72,378794
CUE,20021018,0.059,0.062,0.058,0.058,1310000
CUL,20021018,0.034,0.034,0.031,0.031,330000
CVI,20021018,0.13,0.13,0.13,0.13,42000
CVN,20021018,0.073,0.073,0.07,0.073,859335
CWP,20021018,0.63,0.63,0.63,0.63,19299
CXP,20021018,4.89,4.9,4.78,4.79,174363
CYD,20021018,0.11,0.11,0.11,0.11,10000
CYG,20021018,3.9,3.9,3.9,3.9,2700
DCL,20021018,0.125,0.125,0.11,0.11,191000
DDF,20021018,1.17,1.18,1.17,1.18,3636837
DES,20021018,0.023,0.023,0.021,0.021,63865
DFT,20021018,0.006,0.006,0.006,0.006,250000
DGM,20021018,0.002,0.002,0.002,0.002,274000
DID,20021018,0.058,0.084,0.058,0.084,4751
DIO,20021018,0.105,0.105,0.1,0.1,515209
DIT,20021018,1.7,1.74,1.7,1.73,1217556
DJS,20021018,1.07,1.08,1.04,1.04,895064
DJW,20021018,3.33,3.36,3.31,3.34,43712
DKN,20021018,0.155,0.155,0.15,0.15,254469
DKS,20021018,9.8,9.8,9.8,9.8,3000
DLS,20021018,0.06,0.06,0.06,0.06,30000
DMX,20021018,0.17,0.18,0.17,0.18,342121
DOM,20021018,0.65,0.66,0.63,0.63,281835
DOT,20021018,1.2,1.2,1.19,1.19,2744145
DOW,20021018,0.61,0.61,0.59,0.59,1268903
DRA,20021018,0.052,0.052,0.052,0.052,4000
DRD,20021018,6.4,6.4,6,6,4045
DRE,20021018,1.57,1.57,1.57,1.57,12200
DRN,20021018,0.061,0.061,0.06,0.06,65853
DTL,20021018,0.9,0.9,0.9,0.9,6000
DUI,20021018,1.64,1.64,1.64,1.64,33000
DVC,20021018,1.8,1.8,1.77,1.77,50388
DVN,20021018,0.5,0.53,0.5,0.53,30525
DVT,20021018,0.032,0.033,0.031,0.031,1170282
EBT,20021018,0.145,0.145,0.14,0.145,73220
ECL,20021018,0.1,0.1,0.097,0.098,377750
ECP,20021018,0.37,0.38,0.37,0.37,282658
ECS,20021018,0.13,0.13,0.13,0.13,30000
ECU,20021018,0.014,0.014,0.014,0.014,1372000
EDN,20021018,0.15,0.15,0.14,0.15,47900
EGI,20021018,0.105,0.105,0.105,0.105,4600
EGL,20021018,0.12,0.13,0.12,0.13,27000
EGO,20021018,0.022,0.022,0.02,0.02,134150
EIL,20021018,0.15,0.15,0.15,0.15,3625
EIR,20021018,0.021,0.024,0.021,0.023,304495
EKL,20021018,0.1,0.1,0.1,0.1,192400
ELL,20021018,0.08,0.08,0.08,0.08,145157
ELX,20021018,0.95,0.95,0.93,0.95,21085
EMI,20021018,0.041,0.041,0.041,0.041,5000
EMM,20021018,0.1,0.1,0.1,0.1,50000
EMP,20021018,0.59,0.59,0.52,0.56,840466
EMS,20021018,0.08,0.08,0.075,0.075,20000
ENE,20021018,3.52,3.55,3.26,3.26,697342
ENV,20021018,0.94,0.95,0.93,0.93,391130
EOS,20021018,1.7,1.7,1.7,1.7,12780
EPR,20021018,0.22,0.22,0.22,0.22,28300
EPT,20021018,0.13,0.13,0.125,0.125,27000
EQI,20021018,0.78,0.8,0.78,0.8,37390
EQS,20021018,0.041,0.041,0.041,0.041,825
EQT,20021018,6.81,6.9,6.81,6.9,2724
ERA,20021018,1.6,1.6,1.6,1.6,16947
ERG,20021018,0.18,0.195,0.18,0.19,7898206
ESG,20021018,0.105,0.105,0.1,0.1,70000
ESI,20021018,0.35,0.35,0.35,0.35,5000
ESL,20021018,0.205,0.205,0.205,0.205,599
ESV,20021018,0.15,0.15,0.15,0.15,2000
ETT,20021018,0.036,0.038,0.036,0.038,302000
ETW,20021018,1.1,1.13,1.08,1.08,26200
EUG,20021018,0.07,0.07,0.07,0.07,25000
EVM,20021018,0.35,0.35,0.32,0.32,230847
EWC,20021018,0.032,0.033,0.032,0.033,45000
EZI,20021018,0.018,0.018,0.013,0.018,450544
EZY,20021018,0.061,0.061,0.061,0.061,6060
FAN,20021018,1.99,2,1.98,2,190547
FAR,20021018,0.075,0.075,0.074,0.075,133000
FBU,20021018,2.57,2.57,2.57,2.57,56542
FCL,20021018,1.29,1.29,1.25,1.25,2824126
FDL,20021018,0.1,0.1,0.085,0.085,20000
FDR,20021018,0.235,0.255,0.235,0.235,250000
FEA,20021018,0.12,0.12,0.12,0.12,122371
FFL,20021018,1.8,1.8,1.8,1.8,1692
FGL,20021018,4.75,4.77,4.67,4.7,8204494
FKP,20021018,1.18,1.19,1.18,1.18,66265
FLT,20021018,22.6,22.6,21.9,22.3,102831
FOA,20021018,18.59,18.65,18.51,18.59,774018
FOL,20021018,0.79,0.79,0.71,0.72,433988
FPA,20021018,8.6,8.8,8.6,8.8,7198
FPF,20021018,1.15,1.18,1.15,1.18,4921
FPG,20021018,0.285,0.29,0.285,0.29,7580
FPH,20021018,8.8,8.84,8.8,8.84,1538
FTR,20021018,0.4,0.43,0.4,0.43,16400
FUN,20021018,0.93,0.94,0.91,0.91,48694
FUT,20021018,0.029,0.03,0.029,0.03,480000
FWD,20021018,2.76,2.8,2.76,2.8,54696
FXJ,20021018,2.8,2.83,2.78,2.83,4349618
GAN,20021018,1.3,1.34,1.3,1.33,3027385
GAP,20021018,1.28,1.28,1.28,1.28,7900
GAR,20021018,0.09,0.09,0.09,0.09,10000
GAS,20021018,1.97,1.97,1.95,1.97,109941
GBG,20021018,0.23,0.23,0.225,0.225,520260
GBN,20021018,0.05,0.06,0.045,0.06,914833
GBR,20021018,0.65,0.65,0.65,0.65,18952
GCN,20021018,0.088,0.1,0.088,0.1,20000
GDM,20021018,0.58,0.6,0.58,0.59,21500
GDN,20021018,0.019,0.02,0.019,0.019,610000
GDP,20021018,1.25,1.25,1.22,1.22,12000
GDY,20021018,0.49,0.51,0.49,0.51,33300
GFD,20021018,0.415,0.415,0.415,0.415,15000
GGL,20021018,0.56,0.57,0.56,0.56,143610
GGN,20021018,0.25,0.265,0.25,0.265,50000
GHG,20021018,0.6,0.6,0.57,0.57,272676
GHR,20021018,0.045,0.045,0.045,0.045,3712
GIR,20021018,0.11,0.11,0.091,0.091,22000
GLB,20021018,1.31,1.33,1.28,1.3,146475
GMF,20021018,1.49,1.5,1.46,1.47,4386366
GML,20021018,0.19,0.19,0.19,0.19,47250
GMS,20021018,0.33,0.33,0.32,0.32,84000
GNC,20021018,8.9,8.9,8.9,8.9,1017
GNS,20021018,8.2,8.2,8.16,8.19,249261
GOD,20021018,0.015,0.016,0.015,0.015,3207468
GPN,20021018,0.016,0.016,0.016,0.016,13000
GPO,20021018,0.028,0.028,0.028,0.028,45000
GPT,20021018,2.82,2.82,2.81,2.82,17194867
GRD,20021018,1.06,1.1,1.06,1.1,490876
GRO,20021018,0.5,0.5,0.49,0.49,3000
GRR,20021018,0.125,0.125,0.125,0.125,12500
GSE,20021018,0.038,0.038,0.037,0.037,87472
GSP,20021018,1.31,1.32,1.31,1.32,31700
GTG,20021018,0.38,0.38,0.38,0.38,30000
GTM,20021018,0.035,0.039,0.035,0.039,3060598
GTP,20021018,0.58,0.59,0.57,0.58,142315
GUD,20021018,3.68,3.77,3.68,3.77,310207
GVM,20021018,0.029,0.029,0.029,0.029,139375
GWT,20021018,2.5,2.5,2.46,2.46,348373
GYM,20021018,0.76,0.76,0.75,0.75,51580
GZL,20021018,2.15,2.15,2.15,2.15,57000
HAN,20021018,8.75,8.8,8.7,8.8,561
HAV,20021018,0.07,0.071,0.07,0.071,130000
HBR,20021018,0.325,0.35,0.325,0.325,74242
HCN,20021018,0.63,0.63,0.63,0.63,1600
HDR,20021018,0.69,0.7,0.68,0.68,658661
HGV,20021018,0.46,0.46,0.46,0.46,18889
HHL,20021018,4.05,4.05,4.05,4.05,1100
HHM,20021018,0.14,0.14,0.13,0.13,50000
HIC,20021018,0.54,0.54,0.54,0.54,8759
HIG,20021018,0.275,0.28,0.265,0.265,422795
HII,20021018,0.14,0.14,0.14,0.14,12772
HIL,20021018,3.01,3.02,3,3,80200
HIT,20021018,0.21,0.21,0.21,0.21,5500
HLL,20021018,0.028,0.028,0.028,0.028,50000
HLX,20021018,0.19,0.2,0.19,0.2,46160
HLY,20021018,4.55,4.55,4.5,4.55,155536
HMC,20021018,0.05,0.05,0.05,0.05,67800
HME,20021018,3.25,3.25,3.2,3.21,11817
HML,20021018,0.2,0.21,0.2,0.21,70200
HNG,20021018,1.26,1.26,1.26,1.26,10000
HOM,20021018,0.58,0.59,0.57,0.57,19500
HPL,20021018,0.39,0.39,0.38,0.38,20000
HPX,20021018,1.65,1.69,1.64,1.66,65488
HRR,20021018,0.14,0.15,0.14,0.15,7000
HSN,20021018,0.2,0.21,0.185,0.185,71500
HSP,20021018,2.21,2.21,2.15,2.15,54511
HTA,20021018,0.235,0.24,0.225,0.23,288167
HTE,20021018,0.068,0.069,0.068,0.068,242300
HVN,20021018,2.55,2.56,2.52,2.54,1866567
HWE,20021018,0.98,1.01,0.97,0.99,298595
HWI,20021018,1.9,1.91,1.9,1.91,17040
HWT,20021018,0.53,0.53,0.52,0.53,9000
IAG,20021018,2.5,2.6,2.47,2.51,32300608
IAS,20021018,1.32,1.35,1.26,1.26,142570
IAT,20021018,0.1,0.1,0.093,0.094,140400
IBA,20021018,0.13,0.13,0.13,0.13,3000
ICH,20021018,0.017,0.017,0.017,0.017,165500
ICN,20021018,0.037,0.042,0.037,0.042,70276
ICP,20021018,0.165,0.165,0.165,0.165,2000
ICS,20021018,0.71,0.75,0.71,0.73,307971
IDT,20021018,1.95,1.97,1.95,1.95,12421
IDX,20021018,2.48,2.48,2.47,2.47,39300
IFM,20021018,0.82,0.84,0.81,0.82,284863
IGF,20021018,0.24,0.24,0.24,0.24,45000
IGM,20021018,0.011,0.011,0.011,0.011,125000
IGO,20021018,0.31,0.31,0.31,0.31,4500
IGP,20021018,2.25,2.25,2.24,2.24,22600
IHG,20021018,0.26,0.26,0.255,0.26,85369
IIF,20021018,1.67,1.73,1.67,1.7,971784
IIN,20021018,0.92,0.92,0.92,0.92,131
ILU,20021018,4.69,4.71,4.65,4.65,1976784
IMA,20021018,0.125,0.125,0.125,0.125,20000
IMF,20021018,0.29,0.315,0.29,0.305,421800
IMU,20021018,0.015,0.015,0.014,0.014,4666313
INT,20021018,0.075,0.075,0.072,0.072,80000
IOC,20021018,0.99,1,0.96,1,18021
IOF,20021018,1.18,1.2,1.17,1.19,6162970
ION,20021018,2.12,2.14,2.07,2.09,338532
IPG,20021018,2.11,2.11,2.09,2.1,4845541
IPH,20021018,1.53,1.53,1.53,1.53,35313
IRC,20021018,0.045,0.045,0.045,0.045,54000
IRE,20021018,2,2,1.97,1.98,201622
IRI,20021018,0.49,0.49,0.485,0.485,24823
IRN,20021018,0.25,0.27,0.25,0.27,134400
ISA,20021018,0.07,0.07,0.07,0.07,11957
ISC,20021018,0.058,0.064,0.058,0.064,224175
ITC,20021018,0.027,0.027,0.025,0.025,200000
ITE,20021018,0.14,0.14,0.13,0.13,105500
IVK,20021018,0.008,0.008,0.008,0.008,4167
IWF,20021018,0.97,1.01,0.97,1.01,121000
IWI,20021018,2.2,2.2,2.15,2.15,6257
IWL,20021018,0.225,0.23,0.225,0.23,19800
JBM,20021018,1.47,1.5,1.45,1.48,114407
JET,20021018,0.17,0.175,0.17,0.175,35000
JFG,20021018,3.21,3.21,3.2,3.21,83846
JHX,20021018,6.35,6.36,6.2,6.21,4479009
JLA,20021018,0.02,0.02,0.016,0.016,225225
JRR,20021018,0.87,0.87,0.87,0.87,10600
JUM,20021018,0.022,0.022,0.022,0.022,5000
JUP,20021018,5,5,4.66,4.7,3567826
KAZ,20021018,0.24,0.24,0.225,0.225,489362
KCN,20021018,2.78,2.78,2.57,2.57,87177
KIM,20021018,0.365,0.37,0.36,0.36,138150
KLS,20021018,0.038,0.038,0.038,0.038,239528
KMN,20021018,0.022,0.022,0.022,0.022,50000
KRS,20021018,0.15,0.15,0.15,0.15,50000
KRZ,20021018,0.004,0.004,0.004,0.004,2608955
KSC,20021018,2.45,2.5,2.45,2.5,2543
KYC,20021018,1.18,1.18,1.16,1.16,26100
KZL,20021018,0.41,0.41,0.41,0.41,255501
LAF,20021018,0.048,0.05,0.048,0.048,196481
LAK,20021018,0.225,0.23,0.2,0.2,430188
LAS,20021018,0.1,0.1,0.1,0.1,62500
LCH,20021018,0.081,0.084,0.08,0.08,800088
LCL,20021018,0.72,0.72,0.7,0.7,30000
LCO,20021018,1.8,1.8,1.8,1.8,22600
LCP,20021018,0.58,0.58,0.56,0.56,13334
LDW,20021018,2.4,2.4,2.3,2.3,8700
LEI,20021018,9.47,9.58,9.32,9.32,345923
LHG,20021018,1.14,1.15,1.06,1.09,29821770
LKO,20021018,0.026,0.026,0.026,0.026,887500
LLC,20021018,9.55,9.82,9.46,9.75,3751935
LMG,20021018,0.063,0.065,0.06,0.065,100325
LNN,20021018,5.42,5.42,5.33,5.37,1353803
LOC,20021018,0.039,0.045,0.039,0.045,3170000
LOK,20021018,0.11,0.115,0.105,0.115,18139230
LON,20021018,0.85,0.85,0.85,0.85,61187
LSG,20021018,0.85,0.85,0.83,0.84,251052
LUM,20021018,0.065,0.065,0.065,0.065,50000
LUO,20021018,1.39,1.42,1.39,1.41,6558099
LYC,20021018,0.13,0.13,0.13,0.13,50000
MAH,20021018,0.24,0.24,0.23,0.23,343495
MAP,20021018,0.84,0.85,0.82,0.82,2918327
MAQ,20021018,0.086,0.086,0.086,0.086,2000
MAY,20021018,3.5,3.5,3.44,3.48,2249042
MBG,20021018,0.049,0.049,0.046,0.049,172333
MBL,20021018,20.8,20.88,20.46,20.56,1134077
MBP,20021018,0.71,0.71,0.7,0.7,36500
MBX,20021018,0.039,0.039,0.039,0.039,60000
MCA,20021018,1,1.01,1,1,20000
MCC,20021018,1.25,1.26,1.25,1.26,19500
MCG,20021018,1.91,1.92,1.9,1.9,194251
MCP,20021018,2.11,2.14,2.1,2.14,15666
MCR,20021018,0.305,0.31,0.305,0.305,294500
MCT,20021018,0.08,0.08,0.08,0.08,140000
MCW,20021018,1.58,1.62,1.58,1.6,1343804
MDC,20021018,1.4,1.4,1.4,1.4,246
MDL,20021018,0.095,0.1,0.09,0.1,115556
MDM,20021018,0.047,0.047,0.047,0.047,10167
MEE,20021018,0.055,0.055,0.052,0.052,95000
MFS,20021018,1.2,1.2,1.2,1.2,900
MGE,20021018,0.5,0.5,0.495,0.5,26600
MGI,20021018,1.47,1.49,1.47,1.48,4539397
MGM,20021018,1.27,1.27,1.27,1.27,37900
MGR,20021018,4.18,4.19,4.16,4.17,2731106
MGW,20021018,4.85,4.98,4.85,4.95,47811
MGX,20021018,0.17,0.17,0.16,0.17,80790
MIA,20021018,0.8,0.82,0.8,0.82,718980
MIC,20021018,0.01,0.011,0.01,0.011,70000
MIG,20021018,2.75,2.79,2.73,2.73,2729926
MIK,20021018,0.055,0.055,0.055,0.055,63999
MIL,20021018,0.135,0.135,0.13,0.13,336661
MIM,20021018,1.17,1.22,1.16,1.19,34363603
MIR,20021018,1.01,1.01,1,1,34036
MIW,20021018,0.05,0.05,0.05,0.05,6160
MJN,20021018,0.021,0.021,0.021,0.021,280000
MLB,20021018,0.44,0.45,0.44,0.445,31880
MLE,20021018,0.65,0.65,0.65,0.65,120354
MLT,20021018,11.58,11.63,11.58,11.63,4383
MME,20021018,0.19,0.19,0.19,0.19,5000
MMN,20021018,0.085,0.088,0.085,0.088,405682
MND,20021018,2.63,2.63,2.61,2.63,12800
MNR,20021018,0.73,0.73,0.72,0.72,8200
MNS,20021018,0.95,0.97,0.95,0.97,18000
MOD,20021018,0.28,0.33,0.28,0.33,10825
MOF,20021018,1.23,1.25,1.22,1.23,4426722
MOS,20021018,0.14,0.14,0.135,0.135,636353
MPD,20021018,0.145,0.145,0.145,0.145,31000
MPH,20021018,0.45,0.46,0.45,0.46,32640
MRC,20021018,0.145,0.145,0.145,0.145,20000
MRL,20021018,2.01,2.01,1.95,1.95,1275344
MRM,20021018,0.28,0.28,0.26,0.26,98094
MRX,20021018,0.043,0.043,0.043,0.043,31000
MSC,20021018,0.195,0.2,0.195,0.2,16250
MSF,20021018,6.6,6.7,6.6,6.7,3074
MSO,20021018,0.058,0.058,0.058,0.058,70000
MST,20021018,0.56,0.56,0.55,0.55,72450
MTB,20021018,0.075,0.075,0.075,0.075,11700
MTD,20021018,0.155,0.155,0.145,0.145,50000
MTR,20021018,0.18,0.18,0.18,0.18,57300
MTT,20021018,2.2,2.23,2.16,2.21,793252
MUL,20021018,0.014,0.014,0.013,0.013,1320173
MUR,20021018,0.048,0.051,0.048,0.051,158250
MWE,20021018,0.155,0.155,0.145,0.155,358300
MXA,20021018,0.008,0.008,0.008,0.008,166200
MXI,20021018,0.175,0.175,0.175,0.175,153262
MXL,20021018,0.14,0.15,0.14,0.145,4618983
MXS,20021018,0.035,0.035,0.035,0.035,326418
MYO,20021018,0.67,0.67,0.66,0.67,167415
NAB,20021018,32.65,32.67,32.25,32.4,3764646
NAL,20021018,0.44,0.44,0.44,0.44,258200
NAM,20021018,0.23,0.23,0.225,0.225,23875
NBL,20021018,0.99,1.01,0.99,1.01,58501
NCA,20021018,0.08,0.08,0.08,0.08,8400
NCI,20021018,1,1,1,1,2054
NCM,20021018,6.2,6.27,5.92,6.04,2939242
NCP,20021018,10.3,10.6,10.25,10.46,19742379
NDC,20021018,0.14,0.14,0.14,0.14,3800
NDO,20021018,0.015,0.015,0.015,0.015,150000
NEM,20021018,4.25,4.25,4.15,4.23,285955
NEV,20021018,2.01,2.01,1.98,1.98,188528
NFD,20021018,3.7,3.7,3.66,3.67,559078
NFM,20021018,16.2,16.4,16,16.4,15274
NHL,20021018,0.88,0.89,0.88,0.89,28100
NNG,20021018,0.2,0.2,0.2,0.2,50000
NOL,20021018,0.39,0.41,0.38,0.41,385180
NRT,20021018,2.24,2.42,2.21,2.33,629233
NSL,20021018,0.3,0.3,0.3,0.3,10000
NTG,20021018,1.14,1.16,1.14,1.15,852490
NUF,20021018,3.74,3.74,3.59,3.59,104442
NVS,20021018,1.37,1.37,1.3,1.3,695893
NWE,20021018,0.092,0.094,0.091,0.094,137350
NWL,20021018,0.08,0.08,0.078,0.08,218000
NZO,20021018,0.24,0.24,0.24,0.24,727
OCO,20021018,0.044,0.045,0.043,0.043,176250
OEC,20021018,0.145,0.145,0.125,0.125,610074
OFM,20021018,2,2.05,2,2.05,7553
OIL,20021018,0.47,0.48,0.425,0.425,101503
OKN,20021018,1.12,1.13,1.1,1.13,33600
OLA,20021018,0.025,0.025,0.025,0.025,100000
OLE,20021018,0.165,0.165,0.165,0.165,50000
OMI,20021018,3.31,3.31,3,3.01,46986
OMP,20021018,3.45,3.45,3.35,3.35,31425
OPL,20021018,0.14,0.14,0.14,0.14,68000
OPS,20021018,3.6,3.62,3.59,3.6,471165
ORG,20021018,3.65,3.65,3.55,3.55,1303350
ORI,20021018,9.75,9.94,9.75,9.87,752775
ORL,20021018,3.8,3.8,3.8,3.8,4742
ORO,20021018,0.15,0.155,0.15,0.155,60000
OSH,20021018,0.72,0.74,0.71,0.74,6599914
OST,20021018,1.59,1.59,1.57,1.58,1509657
OTI,20021018,0.038,0.038,0.038,0.038,27000
OXR,20021018,0.395,0.4,0.38,0.38,2311284
PAH,20021018,0.052,0.06,0.052,0.052,1260851
PAI,20021018,0.074,0.08,0.074,0.075,96222
PBB,20021018,3.99,4.07,3.97,4.05,271820
PBL,20021018,7.38,7.5,7.37,7.43,4486450
PBO,20021018,0.96,1.02,0.96,1,28000
PBT,20021018,1.8,1.8,1.77,1.8,9132
PCE,20021018,0.105,0.105,0.096,0.096,31000
PCG,20021018,0.11,0.11,0.11,0.11,487142
PCO,20021018,0.05,0.053,0.05,0.053,65000
PDG,20021018,14.75,14.9,14.5,14.85,38641
PDR,20021018,0.105,0.105,0.105,0.105,200000
PEL,20021018,0.07,0.085,0.07,0.08,151808
PEM,20021018,0.465,0.49,0.465,0.475,215889
PEP,20021018,0.67,0.73,0.67,0.73,68149
PGL,20021018,0.88,0.88,0.88,0.88,5500
PHT,20021018,0.35,0.35,0.35,0.35,8000
PHY,20021018,3.39,3.44,3.29,3.29,389815
PIL,20021018,0.11,0.115,0.11,0.115,47000
PLA,20021018,0.31,0.33,0.31,0.33,111436
PLF,20021018,2.03,2.03,2.03,2.03,1525
PLL,20021018,0.69,0.69,0.69,0.69,10000
PLT,20021018,1.5,1.5,1.5,1.5,7508
PLW,20021018,3.8,3.85,3.8,3.85,19106
PMA,20021018,0.073,0.073,0.073,0.073,2000
PMC,20021018,2.23,2.28,2.23,2.28,186248
PME,20021018,0.96,0.96,0.96,0.96,3
PMM,20021018,1.28,1.28,1.26,1.26,564120
PMP,20021018,0.9,0.94,0.85,0.91,2941880
PMT,20021018,8.3,8.3,8.3,8.3,1000
PMV,20021018,2.15,2.15,2.15,2.15,5000
PNA,20021018,0.029,0.029,0.029,0.029,40000
PNH,20021018,0.03,0.03,0.03,0.03,100000
PNO,20021018,0.075,0.075,0.075,0.075,66600
POF,20021018,1.46,1.47,1.45,1.46,5726365
PPD,20021018,0.3,0.3,0.28,0.28,79250
PPH,20021018,1.46,1.46,1.43,1.43,44550
PPK,20021018,1.08,1.1,1.08,1.09,58750
PPP,20021018,0.084,0.084,0.084,0.084,727
PPR,20021018,0.4,0.4,0.4,0.4,641
PPT,20021018,32,32.8,32,32.6,56372
PPX,20021018,5.15,5.19,5.11,5.14,644495
PRG,20021018,2.1,2.1,2.09,2.09,60984
PRK,20021018,13.65,13.76,13.6,13.61,600167
PRO,20021018,0.17,0.17,0.17,0.17,1000
PRR,20021018,0.35,0.35,0.35,0.35,203593
PRT,20021018,1.75,1.75,1.75,1.75,1075583
PRX,20021018,0.97,0.97,0.97,0.97,46441
PRY,20021018,3.2,3.2,3.2,3.2,28867
PSA,20021018,0.285,0.285,0.275,0.275,36645
PSD,20021018,0.135,0.135,0.13,0.135,46636
PSG,20021018,0.25,0.25,0.25,0.25,40000
PSN,20021018,6.25,6.25,6.25,6.25,1
PSV,20021018,0.135,0.135,0.13,0.13,88000
PTD,20021018,2.22,2.22,2.1,2.1,336377
PTS,20021018,0.1,0.1,0.1,0.1,215772
PWR,20021018,0.025,0.034,0.025,0.032,6345431
PWT,20021018,0.062,0.066,0.06,0.061,2125931
QAD,20021018,0.14,0.14,0.14,0.14,7000
QAN,20021018,3.81,3.89,3.8,3.88,10705431
QBE,20021018,7.22,7.49,7.22,7.29,3132479
QCH,20021018,3.16,3.16,2.9,3.1,106587
QED,20021018,0.09,0.094,0.083,0.083,117753
QPX,20021018,0.34,0.35,0.335,0.35,34200
QTI,20021018,0.33,0.33,0.33,0.33,5758
QTK,20021018,0.019,0.02,0.019,0.019,293500
QVL,20021018,0.054,0.065,0.054,0.065,40800
RAC,20021018,0.14,0.14,0.14,0.14,15000
RBK,20021018,0.26,0.26,0.26,0.26,12223
RBS,20021018,3.56,3.56,3.56,3.56,9500
RCD,20021018,1.97,1.98,1.96,1.97,69234
RCR,20021018,0.295,0.295,0.28,0.28,13000
RCT,20021018,1.33,1.33,1.32,1.32,5824
RDF,20021018,0.63,0.67,0.62,0.62,44882
RDR,20021018,0.205,0.205,0.205,0.205,25000
REB,20021018,2.24,2.24,2.22,2.23,9623
RED,20021018,0.093,0.093,0.091,0.091,40000
REH,20021018,6.15,6.2,6,6.2,7150
REL,20021018,0.081,0.084,0.081,0.083,60000
RFS,20021018,0.29,0.295,0.29,0.295,121500
RGL,20021018,0.085,0.085,0.081,0.081,93100
RHC,20021018,4.09,4.15,4,4.07,163842
RIC,20021018,1.37,1.38,1.35,1.38,1635852
RIO,20021018,32.55,32.71,32.2,32.35,3527872
RKN,20021018,0.15,0.16,0.15,0.15,812010
RMD,20021018,5.62,5.65,5.45,5.52,2127110
RMG,20021018,0.038,0.038,0.038,0.038,23619
RMW,20021018,1.15,1.15,1.15,1.15,9932
ROC,20021018,1.42,1.43,1.39,1.4,38549
ROK,20021018,3.06,3.06,3,3,4599
RPC,20021018,0.405,0.405,0.4,0.4,127328
RPD,20021018,0.21,0.21,0.21,0.21,20000
RSG,20021018,0.68,0.69,0.67,0.67,68079
RSN,20021018,0.074,0.08,0.074,0.08,150881
RTM,20021018,0.046,0.046,0.046,0.046,11000
RUP,20021018,5.44,5.46,5.44,5.44,33807
SAF,20021018,0.15,0.15,0.145,0.145,20000
SAQ,20021018,4.55,4.55,4.51,4.55,38040
SBC,20021018,9.15,9.15,9.11,9.11,59185
SBE,20021018,1.82,1.82,1.8,1.8,2700
SBM,20021018,0.12,0.12,0.12,0.12,788050
SBP,20021018,0.12,0.12,0.11,0.11,284000
SBS,20021018,0.023,0.024,0.023,0.024,500000
SCF,20021018,98.6,98.7,98.5,98.65,7520
SDG,20021018,0.52,0.52,0.51,0.51,18410
SDI,20021018,3.9,3.9,3.8,3.8,26500
SDR,20021018,0.24,0.24,0.24,0.24,5000
SED,20021018,0.15,0.155,0.15,0.15,57200
SEL,20021018,1.9,1.9,1.86,1.87,32000
SEN,20021018,0.1,0.11,0.1,0.11,413000
SES,20021018,0.074,0.074,0.074,0.074,10000
SEV,20021018,4.8,4.85,4.8,4.84,695209
SFC,20021018,10.4,10.48,10.3,10.48,4940
SFD,20021018,0.18,0.18,0.18,0.18,31450
SFE,20021018,2.66,2.66,2.51,2.51,38458
SGB,20021018,16.98,16.99,16.84,16.96,1421396
SGC,20021018,0.315,0.32,0.31,0.31,69000
SGN,20021018,2.81,2.81,2.78,2.78,1230868
SGP,20021018,4.64,4.67,4.62,4.63,2749383
SGS,20021018,1.11,1.12,1.11,1.11,231788
SGT,20021018,1.45,1.49,1.45,1.46,2756712
SGW,20021018,4.42,4.42,3.13,3.15,6730981
SHL,20021018,6.1,6.3,6.09,6.28,1218392
SHV,20021018,3.15,3.4,3.15,3.27,17473
SIG,20021018,4.09,4.09,4.02,4.05,163208
SIU,20021018,0.37,0.37,0.37,0.37,30000
SKC,20021018,6.3,6.5,6.3,6.5,1361
SKD,20021018,0.155,0.155,0.145,0.145,203278
SKE,20021018,1.5,1.51,1.49,1.49,114887
SKN,20021018,0.31,0.31,0.31,0.31,13500
SKR,20021018,0.072,0.075,0.068,0.072,1647237
SLF,20021018,14.64,14.64,14.64,14.64,139491
SLV,20021018,0.125,0.125,0.125,0.125,20000
SLX,20021018,0.5,0.51,0.48,0.48,203576
SMC,20021018,0.22,0.22,0.21,0.21,18000
SML,20021018,0.02,0.02,0.02,0.02,200
SMS,20021018,6.77,6.78,6.65,6.66,384483
SMX,20021018,0.445,0.45,0.445,0.445,266948
SNO,20021018,0.39,0.39,0.39,0.39,1500
SNX,20021018,0.83,0.83,0.82,0.82,180611
SOH,20021018,0.47,0.47,0.44,0.44,247249
SOL,20021018,4.97,4.97,4.92,4.95,276553
SOT,20021018,0.8,0.81,0.77,0.77,46040
SPC,20021018,1.18,1.18,1.17,1.17,436287
SPL,20021018,0.41,0.41,0.39,0.39,125932
SPP,20021018,0.32,0.32,0.31,0.315,747575
SPT,20021018,5.35,5.35,5.29,5.31,1291890
SRA,20021018,0.43,0.445,0.43,0.445,13000
SRI,20021018,0.22,0.22,0.19,0.21,1507700
SRL,20021018,0.39,0.39,0.36,0.36,11600
SRP,20021018,5.65,5.75,5.65,5.69,998664
SRX,20021018,3.35,3.35,3.25,3.3,33850
SSH,20021018,0.12,0.12,0.12,0.12,18800
SSI,20021018,0.48,0.48,0.45,0.45,8000
SSR,20021018,0.6,0.6,0.58,0.58,35878
SSX,20021018,1.15,1.16,1.13,1.13,1107363
STE,20021018,0.055,0.055,0.055,0.055,400000
STN,20021018,0.165,0.165,0.165,0.165,6200
STO,20021018,6.3,6.3,6.15,6.15,1678647
STP,20021018,0.395,0.4,0.39,0.4,116614
STS,20021018,0.52,0.52,0.52,0.52,1490
STT,20021018,0.017,0.018,0.015,0.015,1165655
STU,20021018,0.49,0.49,0.48,0.48,46877
STW,20021018,30.62,30.62,30.47,30.47,8245
SUN,20021018,11.02,11.1,10.89,10.89,1671261
SYG,20021018,0.016,0.017,0.016,0.017,704288
SYM,20021018,1.05,1.07,1,1.06,431927
TAA,20021018,0.094,0.094,0.09,0.09,53676
TAB,20021018,3.1,3.17,3.07,3.08,2293143
TAH,20021018,12,12.1,11.71,11.85,1479914
TAI,20021018,0.075,0.075,0.075,0.075,15950
TAM,20021018,0.18,0.18,0.165,0.165,54000
TAP,20021018,1.52,1.55,1.52,1.53,167022
TAW,20021018,0.72,0.72,0.71,0.71,18110
TBC,20021018,0.25,0.25,0.25,0.25,3578
TBR,20021018,0.91,0.91,0.91,0.91,3100
TCL,20021018,3.85,3.86,3.74,3.74,1947171
TEH,20021018,0.08,0.08,0.08,0.08,10000
TEL,20021018,4.44,4.52,4.42,4.5,2951351
TEM,20021018,1.82,1.82,1.8,1.82,1184130
TEN,20021018,1.92,1.92,1.89,1.89,1946316
TGG,20021018,1.31,1.35,1.28,1.28,47459
THG,20021018,0.64,0.64,0.63,0.63,241588
THL,20021018,0.18,0.18,0.18,0.18,870
THX,20021018,0.25,0.28,0.25,0.28,41500
TIF,20021018,0.4,0.415,0.4,0.415,71304
TIM,20021018,0.59,0.59,0.55,0.56,329440
TIR,20021018,0.125,0.125,0.125,0.125,211250
TKG,20021018,0.016,0.016,0.015,0.016,218067
TKR,20021018,1.36,1.36,1.35,1.35,40704
TLE,20021018,0.072,0.072,0.072,0.072,86000
TLS,20021018,4.83,4.84,4.82,4.82,14490407
TMT,20021018,1.09,1.09,1.09,1.09,48500
TNE,20021018,0.395,0.4,0.39,0.39,210366
TNL,20021018,0.21,0.26,0.21,0.26,120000
TOL,20021018,27.61,28.45,27.5,27.73,248802
TOR,20021018,1.26,1.26,1.25,1.25,557002
TOX,20021018,0.09,0.099,0.088,0.099,223000
TQL,20021018,4.15,4.23,4.1,4.18,337394
TRY,20021018,1.69,1.69,1.65,1.65,9060
TSE,20021018,2.7,2.7,2.68,2.68,18600
TST,20021018,0.072,0.08,0.072,0.08,90000
TTL,20021018,0.023,0.025,0.023,0.025,140000
TTR,20021018,0.05,0.051,0.05,0.05,184052
TVL,20021018,0.24,0.24,0.22,0.235,75798
TVN,20021018,0.22,0.22,0.22,0.22,7700
TWD,20021018,0.95,0.95,0.95,0.95,950
TWR,20021018,3.1,3.1,3.1,3.1,7205
TXT,20021018,0.8,0.8,0.8,0.8,13500
UCL,20021018,0.005,0.005,0.005,0.005,333000
UEC,20021018,0.115,0.115,0.11,0.11,140000
UEL,20021018,2.7,2.7,2.65,2.66,954595
UGL,20021018,2.55,2.7,2.5,2.55,340883
URL,20021018,0.13,0.14,0.13,0.13,32330
VCM,20021018,1.25,1.25,1.2,1.25,10350
VCN,20021018,0.155,0.16,0.155,0.16,28000
VCR,20021018,0.81,0.81,0.79,0.8,132294
VGL,20021018,1.1,1.13,1.1,1.11,10850
VHL,20021018,0.39,0.39,0.38,0.38,6516
VIT,20021018,0.26,0.26,0.26,0.26,47272
VKI,20021018,0.24,0.24,0.24,0.24,38757
VNA,20021018,0.016,0.017,0.016,0.017,29800
VOY,20021018,0.195,0.195,0.19,0.19,310701
VPE,20021018,0.02,0.021,0.02,0.021,472718
VRE,20021018,0.009,0.009,0.009,0.009,1800
VRI,20021018,0.65,0.67,0.65,0.67,15000
VRL,20021018,1.3,1.36,1.3,1.35,232450
VSL,20021018,0.93,0.93,0.9,0.91,238627
VTI,20021018,0.3,0.3,0.29,0.29,250853
VWD,20021018,0.76,0.76,0.74,0.74,570968
VXS,20021018,0.115,0.115,0.115,0.115,100000
WAG,20021018,0.12,0.12,0.081,0.12,5365
WAM,20021018,1.46,1.47,1.46,1.46,113374
WAN,20021018,5.01,5.03,4.95,5.01,426704
WAT,20021018,1.5,1.5,1.5,1.5,1860
WBA,20021018,0.46,0.46,0.46,0.46,1
WBB,20021018,5.62,5.7,5.62,5.7,2658
WBC,20021018,13.59,13.62,13.44,13.48,5447394
WDP,20021018,1.68,1.68,1.65,1.65,13000
WEB,20021018,0.07,0.07,0.068,0.068,353500
WES,20021018,26.81,27.11,26.74,26.74,645893
WEZ,20021018,0.215,0.215,0.215,0.215,131240
WFA,20021018,2.08,2.1,2.07,2.08,9465300
WFT,20021018,3.43,3.44,3.41,3.42,14895549
WGR,20021018,0.09,0.09,0.09,0.09,10600
WHF,20021018,3.12,3.12,3.1,3.1,7500
WHS,20021018,6.15,6.16,6.05,6.15,5600
WIF,20021018,0.11,0.14,0.11,0.14,30465
WJM,20021018,3.08,3.1,3.08,3.1,9650
WMC,20021018,7.82,7.93,7.82,7.87,4367611
WME,20021018,0.05,0.05,0.05,0.05,150000
WMM,20021018,0.18,0.18,0.165,0.165,46289
WMT,20021018,0.02,0.02,0.018,0.019,513791
WNZ,20021018,2.8,2.8,2.8,2.8,7750
WOW,20021018,12.5,12.62,12.48,12.53,2325831
WPL,20021018,12.28,12.28,12.14,12.14,1565218
WPO,20021018,0.026,0.026,0.026,0.026,1000000
WSF,20021018,12.57,12.73,12.45,12.45,813670
WSG,20021018,0.017,0.017,0.014,0.015,2980000
WSS,20021018,0.076,0.076,0.076,0.076,20000
WTE,20021018,0.01,0.01,0.01,0.01,200000
WWA,20021018,0.87,0.9,0.87,0.9,20127
WWM,20021018,0.024,0.024,0.024,0.024,50000
WYL,20021018,2.94,2.94,2.87,2.91,99523
XAN,20021018,0.395,0.395,0.395,0.395,9100
XAO,20021018,2946.6,2984.4,2946.6,2967.4,0
XDJ,20021018,1616.2,1675.5,1616.2,1659.9,0
XEJ,20021018,4036.6,4063.6,3996.6,3996.6,0
XEN,20021018,0.056,0.056,0.056,0.056,108000
XFJ,20021018,3885.2,3933.4,3885.2,3900.6,0
XFL,20021018,3037.1,3083.7,3037.1,3066,0
XHJ,20021018,3318,3318,3252,3270.9,0
XIJ,20021018,237.8,245.6,237.8,241.3,0
XJO,20021018,2989.8,3028.4,2989.8,3010.6,0
XKO,20021018,2984.9,3023.1,2984.9,3005.4,0
XMD,20021018,2491.9,2498.4,2471.7,2471.7,0
XMJ,20021018,4142.4,4204.5,4142.4,4195.3,0
XNJ,20021018,3478.6,3541.1,3478.6,3516.5,0
XPJ,20021018,1453.5,1466.1,1452.2,1457.6,0
XSJ,20021018,4301.5,4335.9,4301.5,4307.5,0
XSO,20021018,1510,1522,1509.3,1509.3,0
XTJ,20021018,1667.2,1678.6,1667.2,1671.6,0
XTL,20021018,1771.4,1802.3,1771.4,1793.8,0
XTO,20021018,2446.5,2478.8,2446.5,2464.5,0
XUJ,20021018,3264,3285.7,3223.2,3223.2,0
XXJ,20021018,3902.5,3958.3,3902.5,3919,0
YAM,20021018,0.008,0.008,0.007,0.007,2168251
YDR,20021018,0.052,0.052,0.052,0.052,42254
YGL,20021018,0.066,0.067,0.064,0.067,302445
YSF,20021018,0.99,0.99,0.99,0.99,4000
YTL,20021018,0.14,0.14,0.14,0.14,137445
ZEL,20021018,0.17,0.17,0.17,0.17,26500
ZIM,20021018,1.37,1.4,1.37,1.4,39980
ZYL,20021018,0.015,0.015,0.014,0.014,50254
