AAC,20050801,1.795,1.795,1.785,1.785,77695
AAE,20050801,0.23,0.255,0.23,0.255,77000
AAM,20050801,0.23,0.23,0.23,0.23,25300
AAQ,20050801,0.58,0.59,0.58,0.59,6879
AAR,20050801,0.021,0.021,0.021,0.021,257743
AAU,20050801,0.69,0.69,0.68,0.68,31896
ABB,20050801,6.73,6.73,6.68,6.73,151557
ABC,20050801,1.94,1.945,1.91,1.925,523838
ABI,20050801,0.125,0.125,0.12,0.12,186500
ABP,20050801,1.35,1.35,1.33,1.34,72743
ABQ,20050801,0.33,0.33,0.33,0.33,10000
ABS,20050801,5.41,5.42,5.35,5.37,237351
ACE,20050801,0.225,0.225,0.22,0.22,34000
ACL,20050801,0.62,0.65,0.62,0.65,45091
ACR,20050801,0.605,0.645,0.605,0.62,147835
ACU,20050801,0.185,0.185,0.185,0.185,299000
ADA,20050801,0.25,0.25,0.25,0.25,2575
ADB,20050801,12.23,12.3,12.23,12.28,160676
ADG,20050801,3.54,3.54,3.54,3.54,2450
ADI,20050801,0.295,0.295,0.275,0.275,301500
ADK,20050801,0.091,0.1,0.086,0.095,1497000
ADN,20050801,0.33,0.33,0.31,0.31,201212
ADT,20050801,1.08,1.08,1.08,1.08,1000
ADU,20050801,0.39,0.39,0.38,0.38,58150
ADX,20050801,0.15,0.15,0.15,0.15,100000
ADY,20050801,0.13,0.13,0.12,0.125,4644710
ADZ,20050801,2.07,2.07,2.02,2.02,254725
AEC,20050801,2.31,2.31,2.31,2.31,2000
AED,20050801,0.73,0.74,0.73,0.74,36500
AEI,20050801,0.81,0.83,0.78,0.815,134075
AEM,20050801,0.055,0.055,0.055,0.055,9000
AEN,20050801,0.99,0.99,0.98,0.98,11000
AEO,20050801,1.775,1.785,1.76,1.765,367695
AEU,20050801,1.4,1.41,1.4,1.405,130397
AEX,20050801,0.037,0.037,0.035,0.037,788788
AFC,20050801,0.9,0.9,0.9,0.9,60
AFI,20050801,4.03,4.04,4,4.03,296398
AFL,20050801,0.69,0.69,0.69,0.69,3583
AFS,20050801,0.078,0.078,0.078,0.078,10000
AFT,20050801,0.014,0.015,0.014,0.015,948750
AGC,20050801,1.235,1.26,1.235,1.24,98200
AGG,20050801,9,9.1,8.92,9.1,5410
AGI,20050801,0.62,0.65,0.615,0.62,104640
AGL,20050801,14.23,14.32,14.18,14.19,681417
AGM,20050801,0.13,0.13,0.13,0.13,73018
AGO,20050801,0.25,0.25,0.25,0.25,10000
AGS,20050801,0.079,0.08,0.075,0.075,1402769
AGX,20050801,0.34,0.34,0.33,0.33,191603
AGY,20050801,0.061,0.061,0.055,0.055,205000
AHD,20050801,4.92,4.92,4.92,4.92,1896
AHO,20050801,0.62,0.62,0.62,0.62,10000
AHS,20050801,1.32,1.325,1.31,1.32,82916
AHU,20050801,6.5,6.5,6.4,6.4,420
AIA,20050801,2.01,2.02,1.98,1.98,81552
AIE,20050801,0.145,0.15,0.145,0.15,145300
AII,20050801,0.35,0.35,0.35,0.35,44715
AIM,20050801,0.059,0.063,0.059,0.061,13778560
AIX,20050801,2.47,2.48,2.45,2.45,369447
AIZ,20050801,1.165,1.165,1.165,1.165,3500
AJL,20050801,1.22,1.22,1.12,1.13,141552
AKD,20050801,0.013,0.013,0.013,0.013,300000
ALD,20050801,0.255,0.255,0.245,0.245,130640
ALK,20050801,0.155,0.155,0.15,0.15,527500
ALL,20050801,12.32,12.6,12.32,12.51,411378
ALN,20050801,9.47,9.5,9.42,9.44,521587
ALR,20050801,1.23,1.235,1.215,1.215,23506
ALS,20050801,7.7,7.85,7.7,7.8,232473
ALT,20050801,0.037,0.037,0.037,0.037,20300
ALU,20050801,0.215,0.22,0.21,0.22,132680
ALW,20050801,0.675,0.675,0.67,0.67,109145
ALZ,20050801,1.635,1.645,1.625,1.64,1164635
AMC,20050801,7,7,6.94,6.94,1400368
AMH,20050801,0.52,0.52,0.51,0.51,57005
AML,20050801,0.49,0.49,0.49,0.49,6500
AMM,20050801,0.185,0.185,0.18,0.18,368373
AMO,20050801,0.825,0.825,0.825,0.825,3500
AMP,20050801,6.74,6.79,6.74,6.77,2362478
AMU,20050801,0.85,0.865,0.85,0.85,116702
AND,20050801,0.18,0.18,0.18,0.18,685900
ANE,20050801,3.52,3.52,3.51,3.52,65921
ANG,20050801,0.29,0.29,0.29,0.29,10000
ANM,20050801,0.011,0.012,0.01,0.011,9211816
ANN,20050801,10.2,10.24,10.05,10.08,878556
ANO,20050801,0.175,0.18,0.175,0.175,30000
ANP,20050801,0.044,0.046,0.044,0.046,65002
ANX,20050801,0.39,0.39,0.39,0.39,38683
ANZ,20050801,21.39,21.44,21.3,21.32,2217632
AOE,20050801,0.45,0.475,0.45,0.47,263885
AOM,20050801,0.025,0.026,0.024,0.025,191381
AOP,20050801,0.8,0.83,0.8,0.83,27300
APA,20050801,3.79,3.86,3.75,3.78,78633
APD,20050801,1.38,1.38,1.38,1.38,220000
APG,20050801,0.04,0.04,0.038,0.038,72783
API,20050801,3.22,3.23,3.2,3.2,259397
APN,20050801,5.25,5.25,5.19,5.2,280507
APR,20050801,2.04,2.04,2.04,2.04,16000
APZ,20050801,0.2,0.205,0.2,0.2,672000
AQA,20050801,3.77,3.95,3.77,3.95,13511
AQL,20050801,0.041,0.041,0.04,0.04,100000
AQP,20050801,7.21,7.27,7.17,7.27,150930
ARA,20050801,0.33,0.34,0.33,0.34,92854
ARE,20050801,0.24,0.24,0.23,0.23,18802
ARG,20050801,5.9,5.93,5.85,5.89,53023
ARO,20050801,0.05,0.05,0.05,0.05,77700
ARP,20050801,3.26,3.32,3.26,3.3,129534
ARQ,20050801,1.905,1.97,1.905,1.97,1021326
ARU,20050801,0.245,0.245,0.235,0.24,157000
ARW,20050801,1.21,1.225,1.21,1.225,2200
ARX,20050801,0.045,0.046,0.044,0.046,993288
ASB,20050801,1.65,1.655,1.625,1.625,193590
ASC,20050801,0.04,0.044,0.04,0.042,385200
ASL,20050801,0.745,0.745,0.74,0.74,182132
ASU,20050801,0.02,0.02,0.018,0.02,359145
ASV,20050801,0.085,0.085,0.085,0.085,10000
ASX,20050801,25.6,25.75,25.52,25.58,254732
ATG,20050801,0.78,0.79,0.78,0.78,96884
ATN,20050801,0.09,0.09,0.085,0.09,106900
ATP,20050801,0.21,0.21,0.2,0.2,38500
ATR,20050801,2.79,2.85,2.79,2.85,3324
ATV,20050801,0.08,0.08,0.08,0.08,190000
ATX,20050801,0.043,0.043,0.043,0.043,135000
ATZ,20050801,0.135,0.135,0.135,0.135,60000
AUL,20050801,0.013,0.013,0.013,0.013,250000
AUN,20050801,1.105,1.105,1.08,1.08,74600
AUO,20050801,1.325,1.325,1.325,1.325,5000
AUS,20050801,0.835,0.835,0.835,0.835,15416
AUT,20050801,0.32,0.32,0.31,0.32,229625
AUV,20050801,0.18,0.18,0.18,0.18,1925
AUW,20050801,1.15,1.155,1.14,1.15,1345587
AUX,20050801,0.058,0.058,0.058,0.058,149994
AUZ,20050801,0.016,0.017,0.015,0.016,800000
AVA,20050801,0.05,0.05,0.05,0.05,90000
AVE,20050801,1.31,1.33,1.31,1.31,42930
AVJ,20050801,1.335,1.35,1.33,1.34,28425
AVM,20050801,0.46,0.46,0.455,0.455,106280
AVO,20050801,0.42,0.42,0.395,0.4,502502
AVR,20050801,0.97,0.97,0.97,0.97,10000
AVS,20050801,0.135,0.14,0.135,0.135,185300
AVV,20050801,1.26,1.26,1.25,1.25,63400
AVX,20050801,0.17,0.17,0.17,0.17,16635
AWB,20050801,4.82,4.85,4.76,4.77,372939
AWC,20050801,5.78,5.82,5.76,5.76,1041705
AWE,20050801,2.02,2.18,2.01,2.18,4056766
AWL,20050801,0.02,0.02,0.02,0.02,114667
AWP,20050801,2.42,2.46,2.41,2.45,112239
AXA,20050801,4.46,4.49,4.45,4.46,1604731
AXC,20050801,0.09,0.09,0.09,0.09,37000
AXM,20050801,0.125,0.125,0.115,0.115,87610
AXO,20050801,0.64,0.69,0.64,0.68,164871
AZA,20050801,0.73,0.74,0.725,0.74,301000
AZC,20050801,0.165,0.17,0.165,0.17,152180
AZR,20050801,0.17,0.17,0.15,0.16,8519902
AZZ,20050801,0.515,0.53,0.515,0.53,395019
BAR,20050801,0.14,0.145,0.14,0.145,620000
BAS,20050801,0.155,0.155,0.15,0.15,413400
BAX,20050801,5.4,5.4,5.24,5.24,705
BBB,20050801,0.375,0.395,0.375,0.395,5165014
BBG,20050801,14.11,14.2,14.02,14.02,137344
BBI,20050801,1.63,1.65,1.62,1.65,1384572
BCA,20050801,3.84,3.85,3.83,3.84,850439
BCD,20050801,0.36,0.365,0.36,0.365,25574
BCL,20050801,0.245,0.25,0.24,0.245,648751
BDG,20050801,1.17,1.195,1.17,1.195,225623
BDL,20050801,0.075,0.085,0.075,0.084,343879
BDM,20050801,0.51,0.51,0.51,0.51,5000
BDS,20050801,2.8,2.8,2.8,2.8,2300
BEC,20050801,0.515,0.515,0.505,0.505,125000
BEI,20050801,1.6,1.6,1.59,1.59,90491
BEN,20050801,9.83,9.93,9.83,9.84,79159
BGD,20050801,0.19,0.19,0.19,0.19,11000
BGF,20050801,0.26,0.27,0.255,0.265,4271638
BGN,20050801,0.085,0.095,0.085,0.095,207513
BHP,20050801,19.47,19.54,19.4,19.4,9680254
BIL,20050801,8.25,8.31,8.22,8.25,1428187
BIT,20050801,0.135,0.135,0.12,0.12,125506
BJT,20050801,1.385,1.385,1.375,1.385,2118796
BKA,20050801,0.27,0.27,0.265,0.265,309252
BKI,20050801,1.18,1.185,1.17,1.175,143634
BKL,20050801,13.49,13.5,13.49,13.5,1235
BKN,20050801,2.82,2.83,2.8,2.8,227283
BKP,20050801,0.22,0.22,0.21,0.215,1203270
BKR,20050801,0.295,0.295,0.29,0.29,40000
BKS,20050801,0.01,0.01,0.01,0.01,50000
BKW,20050801,10.5,10.55,10.5,10.55,1963
BKY,20050801,0.24,0.24,0.24,0.24,30000
BLD,20050801,6.7,6.73,6.69,6.7,740297
BLN,20050801,0.135,0.14,0.135,0.14,14143
BLR,20050801,0.024,0.024,0.022,0.022,3719791
BLZ,20050801,0.068,0.068,0.065,0.065,105471
BMN,20050801,0.295,0.295,0.27,0.27,54302
BMO,20050801,0.235,0.235,0.22,0.23,39696
BMX,20050801,0.205,0.23,0.205,0.225,2235342
BNB,20050801,15.35,15.51,15.31,15.41,238643
BNE,20050801,0.3,0.3,0.3,0.3,7000
BNO,20050801,0.125,0.13,0.125,0.125,157464
BNT,20050801,0.25,0.255,0.235,0.24,1488402
BOC,20050801,0.83,0.89,0.795,0.795,50250
BOD,20050801,0.05,0.05,0.05,0.05,230000
BOL,20050801,2.77,2.79,2.75,2.75,210149
BOQ,20050801,11.89,11.96,11.82,11.92,81582
BOS,20050801,0.24,0.24,0.21,0.21,88335
BOW,20050801,0.17,0.18,0.16,0.16,273120
BPC,20050801,0.91,0.915,0.905,0.905,1154727
BPO,20050801,0.033,0.033,0.031,0.031,206356
BPT,20050801,0.735,0.75,0.73,0.735,2190436
BQT,20050801,0.295,0.295,0.28,0.285,853687
BRO,20050801,0.007,0.007,0.007,0.007,1050000
BRW,20050801,0.035,0.035,0.035,0.035,250000
BRZ,20050801,1.9,1.9,1.875,1.88,54790
BSA,20050801,0.27,0.275,0.27,0.275,6500
BSG,20050801,0.64,0.64,0.625,0.635,276500
BSL,20050801,9.4,9.46,9.34,9.4,1801364
BSO,20050801,1.93,1.94,1.93,1.94,17950
BTA,20050801,0.49,0.5,0.485,0.485,169126
BTC,20050801,0.385,0.385,0.365,0.365,10000
BTV,20050801,0.041,0.043,0.041,0.041,2931512
BTX,20050801,0.4,0.4,0.39,0.39,2346667
BUY,20050801,0.093,0.093,0.09,0.092,611168
BWP,20050801,1.885,1.885,1.84,1.85,192497
BXP,20050801,0.25,0.255,0.25,0.25,314735
CAA,20050801,1.95,1.98,1.905,1.95,49249
CAB,20050801,4.85,4.85,4.79,4.79,370304
CAG,20050801,0.036,0.036,0.034,0.035,476000
CAM,20050801,0.96,0.96,0.96,0.96,7958
CAQ,20050801,0.2,0.205,0.195,0.195,283001
CAT,20050801,17.01,17.01,17.01,17.01,36
CAU,20050801,0.1,0.1,0.1,0.1,382400
CBA,20050801,38.85,39.11,38.85,38.92,1733903
CBD,20050801,0.049,0.049,0.049,0.049,40000
CBH,20050801,0.26,0.265,0.255,0.265,3044975
CCE,20050801,0.41,0.42,0.405,0.41,1503803
CCI,20050801,0.014,0.014,0.013,0.013,5400000
CCL,20050801,7.8,7.87,7.79,7.87,1196337
CCP,20050801,3.1,3.14,3.1,3.14,3500
CCS,20050801,0.045,0.045,0.045,0.045,104500
CDA,20050801,1.57,1.57,1.57,1.57,10000
CDD,20050801,2.97,2.97,2.95,2.95,7980
CDF,20050801,1.458,1.458,1.458,1.458,6639
CDL,20050801,0.058,0.058,0.058,0.058,130
CDO,20050801,4.82,4.85,4.77,4.84,174719
CDP,20050801,3.22,3.24,3.2,3.2,33213
CDR,20050801,2.37,2.41,2.35,2.4,486851
CDX,20050801,2.25,2.33,2.25,2.33,4000
CEG,20050801,1.19,1.2,1.19,1.2,20000
CEQ,20050801,2.22,2.25,2.22,2.25,36164
CEY,20050801,5,5,4.94,4.97,515998
CFI,20050801,0.77,0.77,0.76,0.76,18890
CFK,20050801,0.47,0.48,0.47,0.48,60100
CFR,20050801,0.015,0.016,0.015,0.016,172475
CFU,20050801,0.77,0.78,0.77,0.775,147523
CGF,20050801,3.26,3.28,3.23,3.24,967770
CGM,20050801,0.1,0.1,0.1,0.1,45000
CGS,20050801,0.12,0.12,0.12,0.12,50000
CHB,20050801,37.8,37.8,37.61,37.61,1078
CHD,20050801,0.95,0.955,0.95,0.95,57870
CHF,20050801,0.4,0.4,0.395,0.395,115000
CHL,20050801,0.17,0.17,0.165,0.165,15000
CHO,20050801,4.9,4.9,4.9,4.9,1250
CHP,20050801,0.05,0.05,0.05,0.05,20000
CHQ,20050801,0.82,0.82,0.81,0.81,10000
CHT,20050801,0.012,0.012,0.012,0.012,729500
CHX,20050801,1.37,1.385,1.34,1.37,493426
CHY,20050801,2.12,2.15,2.12,2.14,21837
CIG,20050801,0.055,0.058,0.054,0.057,7950036
CII,20050801,0.14,0.15,0.14,0.15,85003
CIN,20050801,15.3,15.3,15.3,15.3,8487
CIR,20050801,1.37,1.37,1.35,1.35,51750
CIX,20050801,0.43,0.435,0.43,0.435,40255
CIY,20050801,4.17,4.21,4.15,4.21,106832
CKL,20050801,0.63,0.635,0.63,0.635,117445
CKR,20050801,0.43,0.43,0.42,0.425,47358
CLF,20050801,0.195,0.195,0.195,0.195,27830
CLH,20050801,1.72,1.74,1.66,1.71,153119
CLL,20050801,0.38,0.38,0.38,0.38,5357
CLO,20050801,0.465,0.465,0.46,0.46,46971
CLT,20050801,1.46,1.475,1.45,1.475,16800
CLV,20050801,0.17,0.17,0.17,0.17,267753
CMI,20050801,1.56,1.56,1.53,1.56,8700
CML,20050801,9.37,9.39,9.35,9.37,1252599
CMO,20050801,0.012,0.012,0.011,0.011,71626
CMP,20050801,0.19,0.205,0.19,0.195,470928
CMQ,20050801,1.51,1.52,1.35,1.38,2224757
CMR,20050801,1.1,1.15,1.08,1.15,64320
CMS,20050801,0.033,0.033,0.033,0.033,25000
CMV,20050801,0.57,0.575,0.565,0.575,105500
CMW,20050801,0.33,0.33,0.32,0.32,28514
CMX,20050801,0.105,0.105,0.105,0.105,10000
CNA,20050801,40.25,40.25,40.25,40.25,140
CND,20050801,2.37,2.4,2.37,2.4,325849
CNM,20050801,0.031,0.031,0.031,0.031,30005
CNN,20050801,0.035,0.035,0.035,0.035,230000
CNP,20050801,5.56,5.7,5.56,5.6,1327118
CNT,20050801,0.3,0.3,0.3,0.3,40000
COA,20050801,4.86,4.86,4.76,4.8,156113
COE,20050801,0.3,0.31,0.3,0.305,2026137
COF,20050801,3.1,3.19,3.1,3.18,57159
COH,20050801,40.2,40.74,40.15,40.55,77252
COO,20050801,0.009,0.009,0.009,0.009,540000
COS,20050801,0.35,0.35,0.35,0.35,14300
COU,20050801,1.495,1.495,1.47,1.47,51362
CPA,20050801,1.3,1.33,1.3,1.315,7670855
CPB,20050801,9.85,9.85,9.79,9.82,11212
CPC,20050801,0.21,0.215,0.205,0.215,330000
CPI,20050801,0.51,0.51,0.51,0.51,6484
CPU,20050801,6.05,6.15,6.04,6.13,449984
CQT,20050801,0.16,0.175,0.16,0.175,675092
CRE,20050801,0.14,0.14,0.13,0.13,360913
CRG,20050801,8.51,8.8,8.51,8.7,74144
CRK,20050801,0.51,0.525,0.49,0.525,41253
CRP,20050801,0.11,0.12,0.09,0.1,167230
CRS,20050801,0.36,0.375,0.36,0.375,1953599
CRT,20050801,0.63,0.63,0.62,0.62,93843
CRU,20050801,0.8,0.8,0.8,0.8,24500
CSE,20050801,0.215,0.215,0.21,0.21,44000
CSH,20050801,1.9,1.9,1.87,1.87,7550
CSL,20050801,34.52,34.7,34.52,34.61,734713
CSM,20050801,4.1,4.12,4.07,4.08,296264
CSR,20050801,2.61,2.64,2.61,2.63,4783569
CST,20050801,2.98,2.98,2.91,2.96,23727
CTI,20050801,0.57,0.57,0.57,0.57,2000
CTL,20050801,0.845,0.85,0.835,0.845,71705
CTN,20050801,1.01,1.02,1.01,1.01,34073
CTO,20050801,0.13,0.13,0.125,0.125,316396
CTX,20050801,17.46,17.68,17.35,17.36,364406
CUE,20050801,0.275,0.29,0.26,0.28,10582318
CUL,20050801,0.03,0.031,0.028,0.031,1717000
CUO,20050801,0.02,0.02,0.019,0.02,2010600
CUS,20050801,0.135,0.155,0.135,0.145,4519943
CUY,20050801,0.58,0.58,0.51,0.57,106500
CVB,20050801,0.135,0.14,0.135,0.135,240800
CVC,20050801,1.44,1.44,1.44,1.44,4840
CVN,20050801,0.029,0.03,0.028,0.028,873000
CWP,20050801,2.6,2.6,2.6,2.6,1980
CWT,20050801,0.92,0.92,0.915,0.915,49101
CXL,20050801,0.56,0.57,0.56,0.57,15930
CXN,20050801,0.195,0.195,0.18,0.18,121063
CXP,20050801,6.11,6.11,5.95,5.96,38043
CXS,20050801,0.615,0.63,0.615,0.63,232126
CYA,20050801,1.045,1.045,1.04,1.04,162099
CYG,20050801,5.7,5.75,5.7,5.74,20884
CYN,20050801,0.415,0.415,0.4,0.4,17410
CYT,20050801,0.5,0.555,0.5,0.54,126383
DBS,20050801,0.42,0.42,0.41,0.41,66890
DDT,20050801,0.235,0.235,0.235,0.235,63800
DEG,20050801,0.23,0.245,0.225,0.245,785000
DES,20050801,0.115,0.12,0.115,0.115,270067
DEX,20050801,1.05,1.05,1.05,1.05,50000
DFT,20050801,0.014,0.014,0.013,0.013,1253168
DJS,20050801,2.08,2.08,2.04,2.05,975262
DJW,20050801,4.02,4.07,4.02,4.04,38575
DKS,20050801,10.6,10.6,10.6,10.6,700
DLS,20050801,0.069,0.071,0.068,0.068,830423
DMP,20050801,2.87,2.9,2.85,2.85,102900
DMY,20050801,0.155,0.155,0.155,0.155,6000
DNL,20050801,0.205,0.205,0.175,0.175,203532
DNS,20050801,0.045,0.045,0.04,0.04,200000
DNX,20050801,0.13,0.13,0.125,0.125,47643
DOM,20050801,0.33,0.33,0.31,0.31,180114
DON,20050801,0.2,0.2,0.2,0.2,10000
DOW,20050801,5.62,5.75,5.62,5.62,177892
DRK,20050801,0.15,0.15,0.15,0.15,100000
DRN,20050801,0.066,0.066,0.063,0.063,47400
DRT,20050801,1.38,1.395,1.38,1.385,4135384
DRX,20050801,0.145,0.145,0.145,0.145,85000
DTL,20050801,3.22,3.28,3.2,3.28,3000
DUE,20050801,2.52,2.55,2.52,2.54,1131855
DUI,20050801,2.6,2.7,2.6,2.7,18087
DUL,20050801,0.036,0.036,0.036,0.036,20000
DVC,20050801,3.95,3.99,3.94,3.95,963429
DVM,20050801,0.024,0.024,0.024,0.024,400000
DVN,20050801,0.64,0.645,0.64,0.645,54755
DYL,20050801,0.125,0.125,0.11,0.115,7808787
EBB,20050801,4.5,4.5,4.47,4.47,17510
EBR,20050801,0.094,0.094,0.092,0.093,524712
EBT,20050801,0.22,0.225,0.215,0.215,188337
ECM,20050801,0.145,0.145,0.145,0.145,13000
ECU,20050801,0.078,0.08,0.074,0.075,461800
EGL,20050801,0.11,0.11,0.11,0.11,15000
EGO,20050801,0.009,0.009,0.008,0.008,2014222
EIF,20050801,0.028,0.028,0.028,0.028,200000
ELK,20050801,0.48,0.5,0.465,0.48,107000
ELX,20050801,0.295,0.295,0.295,0.295,15448
EMI,20050801,0.25,0.25,0.25,0.25,10000
EMM,20050801,0.05,0.05,0.05,0.05,2352
EMP,20050801,0.31,0.31,0.31,0.31,5000
EMS,20050801,0.18,0.18,0.145,0.18,115852
ENE,20050801,4.3,4.33,4.26,4.33,205943
ENG,20050801,0.083,0.083,0.08,0.08,37500
ENV,20050801,1.165,1.17,1.155,1.155,266418
EON,20050801,0.67,0.67,0.67,0.67,15511
EOS,20050801,4.1,4.11,4.1,4.11,13500
EPE,20050801,0.067,0.067,0.065,0.065,280000
EPR,20050801,0.083,0.085,0.083,0.085,97233
EPT,20050801,0.47,0.5,0.44,0.49,321958
EQI,20050801,1.085,1.14,1.085,1.1,428557
EQN,20050801,0.5,0.5,0.495,0.495,123432
EQT,20050801,11.5,11.5,11.5,11.5,300
EQX,20050801,0.25,0.25,0.25,0.25,15000
ERA,20050801,15.27,15.27,14.95,14.95,20884
ERG,20050801,0.235,0.25,0.23,0.245,4088872
ESG,20050801,0.19,0.195,0.19,0.19,281697
ESV,20050801,1,1,1,1,33421
ETC,20050801,0.026,0.03,0.022,0.022,3103667
ETE,20050801,0.11,0.115,0.11,0.115,20000
ETR,20050801,1.89,1.935,1.89,1.925,199275
ETT,20050801,0.044,0.044,0.044,0.044,96126
ETW,20050801,0.41,0.415,0.4,0.415,106016
EVM,20050801,0.3,0.3,0.3,0.3,63000
EVZ,20050801,0.053,0.053,0.053,0.053,51000
EWC,20050801,0.033,0.033,0.033,0.033,65000
EXL,20050801,7.4,7.45,7.37,7.4,311648
EXR,20050801,0.39,0.4,0.39,0.395,85000
EXS,20050801,0.15,0.15,0.15,0.15,80000
EXT,20050801,0.029,0.03,0.027,0.027,41256596
EZE,20050801,0.099,0.1,0.099,0.1,242235
EZL,20050801,1.66,1.66,1.65,1.65,15200
FAN,20050801,3.68,3.68,3.68,3.68,2629
FAR,20050801,0.078,0.078,0.078,0.078,25000
FBU,20050801,6.54,6.64,6.54,6.6,41688
FCL,20050801,2.08,2.14,2.08,2.14,1354614
FCN,20050801,0.435,0.455,0.435,0.44,1301603
FCO,20050801,0.295,0.295,0.29,0.29,75724
FDL,20050801,0.022,0.022,0.021,0.021,295000
FEA,20050801,0.63,0.63,0.61,0.625,230038
FGL,20050801,5.44,5.46,5.4,5.41,3324309
FKP,20050801,3.33,3.4,3.32,3.34,208183
FLT,20050801,14.91,15,14.79,14.94,48534
FLX,20050801,2.39,2.52,2.39,2.5,171517
FMG,20050801,3,3.08,3,3,106686
FOA,20050801,27.15,27.15,26.89,26.94,489747
FPA,20050801,3.28,3.3,3.28,3.3,107340
FPF,20050801,0.049,0.049,0.047,0.047,55176
FPH,20050801,3.15,3.18,3.15,3.16,27670
FPS,20050801,0.79,0.79,0.76,0.76,11720
FRE,20050801,0.255,0.255,0.245,0.245,170000
FRI,20050801,0.42,0.43,0.42,0.43,53172
FRL,20050801,0.19,0.19,0.19,0.19,30000
FRM,20050801,0.7,0.7,0.7,0.7,1450
FRR,20050801,0.95,0.97,0.95,0.97,33000
FUN,20050801,1.99,1.99,1.97,1.97,34414
FUS,20050801,0.012,0.012,0.012,0.012,726978
FUT,20050801,0.017,0.018,0.017,0.018,251225
FWD,20050801,6.55,6.55,6.42,6.43,209745
FXJ,20050801,4.4,4.4,4.34,4.34,687081
FXR,20050801,0.385,0.39,0.38,0.385,258400
GAA,20050801,0.89,0.89,0.87,0.88,59970
GAN,20050801,1.725,1.74,1.725,1.735,1041077
GAP,20050801,1.5,1.5,1.5,1.5,10000
GAS,20050801,2.67,2.67,2.62,2.63,390446
GAU,20050801,0.105,0.105,0.105,0.105,10000
GBG,20050801,0.081,0.084,0.08,0.083,902063
GBN,20050801,0.034,0.037,0.034,0.037,1210000
GBP,20050801,0.535,0.535,0.525,0.535,113837
GBT,20050801,1.09,1.13,1.09,1.13,17000
GCA,20050801,1.062,1.062,1.062,1.062,14500
GCH,20050801,1.105,1.117,1.105,1.117,49000
GCL,20050801,3.26,3.29,3.26,3.28,548235
GCN,20050801,0.11,0.11,0.105,0.105,185001
GCR,20050801,0.035,0.035,0.035,0.035,360000
GDA,20050801,0.004,0.004,0.004,0.004,500000
GDM,20050801,0.435,0.435,0.415,0.415,124600
GDN,20050801,0.082,0.082,0.078,0.08,1609440
GDY,20050801,1.73,1.74,1.68,1.69,80636
GEN,20050801,0.35,0.35,0.35,0.35,10000
GFD,20050801,0.59,0.59,0.56,0.59,28500
GGN,20050801,0.38,0.38,0.37,0.37,438151
GGP,20050801,0.21,0.215,0.205,0.21,474200
GGX,20050801,0.25,0.25,0.25,0.25,17630
GGY,20050801,0.034,0.034,0.033,0.033,25625
GHG,20050801,0.82,0.82,0.815,0.815,43625
GIP,20050801,0.12,0.13,0.12,0.13,124000
GIR,20050801,0.28,0.285,0.275,0.275,414764
GLB,20050801,0.33,0.335,0.33,0.335,252823
GLI,20050801,1.31,1.32,1.3,1.3,116100
GLN,20050801,0.11,0.11,0.11,0.11,3031
GLO,20050801,0.08,0.08,0.08,0.08,1750
GLS,20050801,1.28,1.28,1.28,1.28,12500
GME,20050801,0.17,0.175,0.17,0.175,133000
GMI,20050801,1.02,1.03,1.01,1.01,74519
GML,20050801,0.082,0.082,0.082,0.082,11250
GNC,20050801,11.51,11.74,11.51,11.6,15879
GNL,20050801,0.072,0.072,0.072,0.072,40000
GNS,20050801,3.83,3.87,3.82,3.84,752633
GOA,20050801,0.073,0.073,0.073,0.073,449
GOG,20050801,0.175,0.175,0.17,0.17,834863
GOP,20050801,0.14,0.14,0.14,0.14,149298
GOW,20050801,2.58,2.64,2.58,2.64,43225
GPB,20050801,1.09,1.09,1.09,1.09,10000
GPE,20050801,0.075,0.075,0.072,0.072,108917
GPG,20050801,1.85,1.85,1.845,1.845,41759
GPN,20050801,0.017,0.017,0.016,0.016,1615000
GPO,20050801,0.019,0.019,0.019,0.019,149000
GPT,20050801,3.79,3.84,3.79,3.83,2191876
GRD,20050801,2.32,2.4,2.3,2.37,462430
GRK,20050801,0.23,0.23,0.23,0.23,40000
GRN,20050801,0.55,0.55,0.52,0.52,112414
GRO,20050801,1.5,1.5,1.5,1.5,1500
GRR,20050801,0.67,0.7,0.67,0.695,64543
GRY,20050801,0.24,0.24,0.24,0.24,15000
GSA,20050801,1.18,1.19,1.175,1.19,1029209
GSE,20050801,0.03,0.03,0.026,0.026,377905
GSF,20050801,0.245,0.245,0.245,0.245,533
GTG,20050801,0.45,0.46,0.445,0.45,630061
GTN,20050801,0.85,0.85,0.85,0.85,13500
GTP,20050801,3.06,3.22,3.04,3.22,2148804
GTX,20050801,0.4,0.4,0.4,0.4,25000
GUD,20050801,7.9,7.92,7.85,7.86,171199
GUL,20050801,0.022,0.022,0.022,0.022,150000
GUN,20050801,0.285,0.285,0.27,0.27,1226362
GVM,20050801,0.022,0.024,0.021,0.021,1030667
GWT,20050801,3.02,3.05,3.01,3.01,98084
GYN,20050801,0.17,0.17,0.16,0.16,55047
HAN,20050801,12.9,13,12.9,13,286
HAO,20050801,0.085,0.09,0.08,0.08,289869
HAV,20050801,0.99,0.99,0.95,0.95,68759
HCC,20050801,0.99,0.99,0.98,0.98,4315
HCY,20050801,0.016,0.016,0.015,0.016,1302450
HDF,20050801,2.66,2.67,2.65,2.65,164833
HDR,20050801,2.45,2.47,2.43,2.46,1800481
HEG,20050801,0.08,0.08,0.079,0.079,162000
HER,20050801,0.66,0.66,0.64,0.64,19468
HGI,20050801,1.5,1.515,1.5,1.51,1264221
HGO,20050801,0.17,0.17,0.17,0.17,162100
HHL,20050801,6.06,6.06,6.02,6.02,1658
HHM,20050801,0.145,0.145,0.145,0.145,203270
HHV,20050801,0.955,0.955,0.945,0.945,209250
HIC,20050801,0.76,0.76,0.76,0.76,15000
HIG,20050801,0.52,0.53,0.51,0.525,552085
HII,20050801,0.13,0.13,0.13,0.13,24984
HIL,20050801,4.5,4.57,4.5,4.51,62999
HIT,20050801,0.07,0.07,0.07,0.07,100000
HJB,20050801,0.35,0.35,0.35,0.35,16430
HLD,20050801,0.23,0.235,0.23,0.23,239030
HLS,20050801,0.07,0.07,0.07,0.07,25000
HLX,20050801,0.195,0.195,0.195,0.195,121007
HMC,20050801,0.058,0.06,0.056,0.06,1012550
HME,20050801,7.87,7.95,7.8,7.95,4771
HMR,20050801,0.48,0.48,0.46,0.46,9200
HNG,20050801,1.76,1.77,1.76,1.77,16830
HNR,20050801,0.1,0.1,0.095,0.095,60000
HOM,20050801,0.35,0.37,0.35,0.37,36000
HPX,20050801,1.77,1.78,1.77,1.78,78985
HRD,20050801,0.235,0.24,0.235,0.24,5000
HRR,20050801,0.78,0.805,0.75,0.805,745327
HSK,20050801,0.35,0.35,0.35,0.35,140000
HSN,20050801,0.26,0.26,0.26,0.26,13005
HSP,20050801,4.99,4.99,4.9,4.9,197106
HST,20050801,1.94,1.94,1.885,1.92,113491
HTA,20050801,0.28,0.28,0.27,0.275,708379
HTE,20050801,0.03,0.03,0.03,0.03,25000
HTW,20050801,0.43,0.43,0.43,0.43,174588
HUG,20050801,0.066,0.066,0.066,0.066,105563
HVN,20050801,2.69,2.72,2.69,2.72,735271
HWG,20050801,0.185,0.185,0.185,0.185,35
HWI,20050801,1.605,1.62,1.59,1.59,86145
HWT,20050801,1.52,1.52,1.5,1.5,9265
HYO,20050801,0.071,0.073,0.071,0.073,32810
HZG,20050801,0.12,0.13,0.12,0.13,51840
HZN,20050801,0.115,0.115,0.11,0.115,225000
IAG,20050801,6.06,6.16,6.03,6.08,1260340
IAS,20050801,0.245,0.255,0.245,0.255,76268
IAT,20050801,0.08,0.08,0.08,0.08,8000
IBA,20050801,0.43,0.435,0.43,0.435,68743
IBC,20050801,0.585,0.585,0.585,0.585,1750
IBR,20050801,0.35,0.35,0.35,0.35,22085
ICC,20050801,0.006,0.006,0.006,0.006,259000
ICP,20050801,0.009,0.009,0.009,0.009,2500
ICS,20050801,0.37,0.37,0.36,0.36,55781
IDT,20050801,1.82,1.82,1.8,1.8,48654
IEF,20050801,1.11,1.11,1.11,1.11,500
IFL,20050801,6.91,6.91,6.86,6.89,30869
IFM,20050801,0.59,0.595,0.59,0.595,132289
IGL,20050801,0.205,0.205,0.18,0.18,103000
IGO,20050801,1.445,1.47,1.44,1.46,493072
IGP,20050801,4.58,4.6,4.58,4.6,93160
IIF,20050801,2.16,2.18,2.16,2.17,1371532
IIG,20050801,0.03,0.03,0.03,0.03,30000
IIN,20050801,3.03,3.05,3.01,3.01,28684
ILF,20050801,1.1,1.11,1.1,1.1,1349919
ILU,20050801,8.25,8.29,8.14,8.19,855388
IMA,20050801,0.37,0.37,0.37,0.37,29175
IMH,20050801,0.12,0.125,0.12,0.125,60800
IMI,20050801,0.013,0.014,0.012,0.014,3526265
IML,20050801,0.08,0.081,0.08,0.08,120000
IMU,20050801,0.165,0.165,0.16,0.165,778821
INL,20050801,0.067,0.068,0.067,0.067,946801
INO,20050801,0.28,0.315,0.28,0.315,34783
INP,20050801,0.63,0.63,0.62,0.62,24400
INT,20050801,0.036,0.036,0.036,0.036,307000
INV,20050801,0.04,0.04,0.04,0.04,12000
IOF,20050801,1.32,1.325,1.31,1.31,434283
IOH,20050801,0.455,0.48,0.455,0.48,91187
IPA,20050801,0.91,0.95,0.91,0.95,39000
IPG,20050801,1.98,2,1.97,1.98,4123822
IPL,20050801,15.85,15.99,15.75,15.76,8554
IPN,20050801,0.072,0.072,0.072,0.072,14000
IRE,20050801,4.51,4.51,4.38,4.38,46517
IRI,20050801,0.48,0.48,0.475,0.475,63000
IRN,20050801,0.325,0.33,0.325,0.33,30000
ISS,20050801,0.205,0.205,0.205,0.205,25000
ITC,20050801,0.04,0.04,0.039,0.039,7500
ITD,20050801,0.215,0.215,0.2,0.2,35000
ITE,20050801,0.15,0.15,0.14,0.14,96034
ITF,20050801,1.12,1.14,1.095,1.14,36307
IVC,20050801,4.24,4.24,4.17,4.17,123035
IWF,20050801,1.5,1.51,1.48,1.51,58897
IWI,20050801,2.28,2.28,2.27,2.27,13009
IWL,20050801,2.8,2.8,2.73,2.75,471525
JAG,20050801,0.15,0.15,0.14,0.14,27263
JBH,20050801,3.4,3.42,3.36,3.36,55176
JBM,20050801,7.95,8.07,7.91,8.06,295793
JDV,20050801,0.865,0.865,0.865,0.865,2006
JET,20050801,0.75,0.75,0.75,0.75,25000
JFM,20050801,1.28,1.285,1.27,1.27,164129
JGL,20050801,0.12,0.12,0.105,0.105,155047
JHX,20050801,8.76,8.89,8.76,8.8,316110
JMB,20050801,0.855,1,0.855,1,110000
JML,20050801,0.225,0.23,0.22,0.225,1268300
JPR,20050801,0.075,0.075,0.075,0.075,156090
JRL,20050801,0.32,0.32,0.315,0.315,104746
JRV,20050801,0.019,0.019,0.019,0.019,1339994
JST,20050801,2.04,2.05,2.03,2.04,295116
JUM,20050801,0.075,0.075,0.072,0.075,1244870
JVG,20050801,0.16,0.16,0.16,0.16,160000
JYC,20050801,0.75,0.75,0.75,0.75,300
KAR,20050801,1.7,1.7,1.65,1.65,25556
KBO,20050801,0.075,0.083,0.075,0.082,848000
KCN,20050801,3.18,3.23,3.16,3.2,80580
KDS,20050801,0.69,0.72,0.69,0.72,130100
KHF,20050801,4.13,4.13,4.13,4.13,1000
KIA,20050801,0.027,0.033,0.027,0.032,545000
KIM,20050801,1.06,1.065,1.05,1.055,1067824
KLM,20050801,0.225,0.225,0.225,0.225,600
KME,20050801,1.42,1.42,1.41,1.41,3500
KMN,20050801,0.205,0.21,0.2,0.21,431000
KOV,20050801,4.1,4.1,4.1,4.1,347
KRS,20050801,0.25,0.255,0.245,0.255,176000
KSC,20050801,3.1,3.1,3.08,3.1,7643
KYC,20050801,1.98,2,1.95,2,45990
KZL,20050801,1.22,1.22,1.18,1.18,2049088
LAF,20050801,0.175,0.185,0.175,0.185,791552
LAU,20050801,0.185,0.185,0.185,0.185,10000
LBY,20050801,0.21,0.21,0.21,0.21,25000
LCP,20050801,0.585,0.585,0.585,0.585,21001
LCT,20050801,0.22,0.22,0.22,0.22,70000
LEF,20050801,0.12,0.12,0.12,0.12,50000
LEG,20050801,0.105,0.105,0.105,0.105,628517
LEI,20050801,12.55,12.68,12.55,12.64,1569991
LEP,20050801,2.19,2.19,2.15,2.15,278400
LFE,20050801,1.02,1.09,1,1,215047
LGD,20050801,0.57,0.57,0.57,0.57,42000
LHG,20050801,1.315,1.365,1.31,1.35,15209791
LIM,20050801,7.2,7.3,7.2,7.3,14428
LIO,20050801,0.005,0.005,0.005,0.005,9400000
LIP,20050801,1.65,1.65,1.615,1.615,50250
LKO,20050801,0.025,0.026,0.025,0.025,4332000
LKP,20050801,0.053,0.055,0.053,0.055,751041
LLC,20050801,13.02,13.1,12.95,13.01,388967
LMC,20050801,2.36,2.36,2.36,2.36,8419
LMW,20050801,0.7,0.7,0.7,0.7,9850
LNG,20050801,0.45,0.45,0.43,0.43,420000
LNN,20050801,7.38,7.43,7.37,7.43,604005
LOK,20050801,0.79,0.81,0.78,0.81,60883
LOU,20050801,0.33,0.33,0.31,0.31,92368
LRF,20050801,0.835,0.835,0.835,0.835,3220
LRX,20050801,0.17,0.17,0.17,0.17,30916
LSG,20050801,1.85,1.89,1.835,1.835,106212
LUM,20050801,0.068,0.068,0.063,0.063,164362
LVL,20050801,0.1,0.105,0.077,0.081,1456180
LVR,20050801,0.71,0.72,0.71,0.715,22750
LYC,20050801,0.13,0.13,0.125,0.125,40500
LYL,20050801,2.1,2.17,2.1,2.1,16570
MAA,20050801,0.47,0.47,0.47,0.47,3000
MAG,20050801,1.4,1.5,1.4,1.4,700925
MAH,20050801,0.45,0.47,0.45,0.47,1536139
MAL,20050801,0.54,0.54,0.53,0.53,133500
MAP,20050801,3.35,3.4,3.35,3.37,7119823
MAQ,20050801,0.11,0.11,0.11,0.11,9780
MAR,20050801,0.105,0.105,0.105,0.105,40000
MAY,20050801,4.85,4.91,4.85,4.89,597762
MBL,20050801,63,63.4,62.85,62.95,469249
MBN,20050801,0.63,0.63,0.6,0.6,26300
MBP,20050801,0.675,0.7,0.67,0.675,784424
MCC,20050801,7.4,7.42,7.29,7.34,37857
MCG,20050801,6.3,6.39,6.29,6.36,539978
MCH,20050801,1.65,1.65,1.65,1.65,5000
MCL,20050801,0.004,0.004,0.004,0.004,50000
MCP,20050801,3.18,3.2,3.18,3.19,91821
MCR,20050801,0.69,0.69,0.68,0.69,406804
MCW,20050801,1.88,1.92,1.88,1.915,1076721
MDE,20050801,1.02,1.04,1,1.04,224356
MDL,20050801,0.66,0.66,0.6,0.63,199701
MDM,20050801,0.034,0.037,0.034,0.037,230000
MDS,20050801,0.075,0.075,0.07,0.07,246486
MDT,20050801,1.21,1.22,1.205,1.215,537943
MDV,20050801,0.125,0.125,0.125,0.125,8000
MDX,20050801,0.1,0.1,0.095,0.095,55000
MEE,20050801,0.035,0.035,0.035,0.035,15000
MEI,20050801,0.19,0.19,0.185,0.19,61750
MEO,20050801,0.12,0.12,0.12,0.12,80000
MEP,20050801,0.45,0.46,0.44,0.46,98635
MFS,20050801,1.74,1.76,1.735,1.76,293569
MFT,20050801,0.94,0.96,0.94,0.96,42096
MGK,20050801,1.35,1.4,1.35,1.4,9234
MGO,20050801,0.26,0.26,0.255,0.255,184500
MGQ,20050801,4,4.08,4,4.06,721921
MGR,20050801,3.82,3.9,3.8,3.87,2858552
MGW,20050801,4,4.02,3.98,3.98,615030
MGX,20050801,0.655,0.655,0.64,0.65,2229391
MGZ,20050801,0.1,0.11,0.1,0.11,85058
MHL,20050801,0.009,0.009,0.009,0.009,59714
MIC,20050801,0.07,0.07,0.069,0.069,2041500
MIG,20050801,3.96,4,3.96,3.97,3904243
MIR,20050801,1.65,1.65,1.63,1.63,10680
MIS,20050801,0.415,0.42,0.41,0.41,188817
MLB,20050801,1.255,1.255,1.25,1.25,25875
MLE,20050801,1.935,1.945,1.925,1.94,155000
MLM,20050801,0.155,0.155,0.155,0.155,10000
MLT,20050801,16.9,16.9,16.85,16.85,10172
MMA,20050801,0.96,0.97,0.96,0.96,128391
MMN,20050801,0.105,0.11,0.105,0.11,341000
MMX,20050801,0.32,0.335,0.315,0.32,383391
MND,20050801,3.57,3.76,3.55,3.72,99603
MOC,20050801,1.28,1.29,1.27,1.27,314279
MOF,20050801,1.295,1.31,1.295,1.3,4864409
MOG,20050801,0.155,0.155,0.155,0.155,93500
MOL,20050801,1.2,1.2,1.16,1.2,31600
MOO,20050801,0.043,0.043,0.043,0.043,849000
MOS,20050801,0.19,0.19,0.185,0.19,503725
MPA,20050801,0.1,0.1,0.1,0.1,19344
MPB,20050801,4.9,4.9,4.9,4.9,8017
MPD,20050801,0.1,0.105,0.092,0.092,201000
MPF,20050801,1.06,1.065,1.055,1.065,87180
MPG,20050801,0.94,0.94,0.94,0.94,3000
MPH,20050801,0.43,0.43,0.425,0.425,94750
MPI,20050801,0.051,0.054,0.051,0.054,163851
MPO,20050801,0.04,0.042,0.04,0.041,2385000
MPR,20050801,1.155,1.16,1.15,1.16,936657
MPS,20050801,1.11,1.11,1.11,1.11,26133
MRC,20050801,0.12,0.12,0.12,0.12,30000
MRE,20050801,1.885,1.885,1.865,1.87,631589
MRL,20050801,0.77,0.79,0.765,0.77,228956
MRM,20050801,0.385,0.39,0.385,0.39,77300
MRN,20050801,1.62,1.62,1.6,1.6,3690
MRX,20050801,0.061,0.064,0.06,0.061,1923848
MRY,20050801,0.008,0.008,0.008,0.008,282143
MSB,20050801,0.44,0.44,0.44,0.44,20000
MSC,20050801,0.053,0.055,0.051,0.051,2018204
MSO,20050801,0.06,0.07,0.06,0.07,496000
MST,20050801,0.18,0.18,0.17,0.17,902452
MTB,20050801,0.125,0.125,0.11,0.11,363050
MTD,20050801,0.16,0.16,0.16,0.16,6900
MTH,20050801,0.34,0.34,0.32,0.33,76800
MTI,20050801,0.445,0.47,0.445,0.465,70000
MTR,20050801,0.105,0.105,0.1,0.1,160744
MTS,20050801,4.1,4.1,4.03,4.1,893400
MUL,20050801,0.025,0.025,0.024,0.024,28597172
MUR,20050801,0.086,0.086,0.076,0.076,396716
MVP,20050801,0.705,0.705,0.69,0.69,4350
MVU,20050801,1.52,1.55,1.51,1.55,56500
MWE,20050801,0.1,0.105,0.098,0.105,169500
MWM,20050801,0.265,0.265,0.265,0.265,10000
MWR,20050801,0.033,0.035,0.033,0.035,533312
MXG,20050801,3.06,3.18,3.06,3.13,3977954
MXI,20050801,0.81,0.81,0.79,0.79,190892
MXL,20050801,0.15,0.15,0.15,0.15,170000
MYO,20050801,1.13,1.15,1.105,1.105,1013886
NAB,20050801,31.5,31.5,31.09,31.09,2281521
NAL,20050801,0.335,0.35,0.335,0.335,135000
NAM,20050801,0.735,0.735,0.73,0.73,449845
NAV,20050801,0.105,0.105,0.105,0.105,983
NCK,20050801,1.47,1.47,1.47,1.47,15000
NCM,20050801,16.37,16.61,16.37,16.58,661536
NDC,20050801,0.12,0.12,0.11,0.12,408895
NDO,20050801,0.12,0.125,0.11,0.115,3229827
NEM,20050801,5.04,5.04,4.97,5,235616
NEO,20050801,0.042,0.043,0.041,0.042,5196786
NEU,20050801,0.44,0.44,0.435,0.435,5000
NGM,20050801,0.081,0.081,0.081,0.081,5402
NHC,20050801,1.295,1.295,1.28,1.28,52575
NHE,20050801,0.13,0.13,0.125,0.13,242580
NHM,20050801,0.004,0.004,0.004,0.004,500000
NHR,20050801,0.335,0.34,0.33,0.34,418985
NIA,20050801,0.2,0.2,0.195,0.2,924238
NKL,20050801,0.11,0.115,0.11,0.115,223000
NKP,20050801,0.72,0.72,0.71,0.71,21000
NLX,20050801,0.255,0.26,0.25,0.25,2923565
NMB,20050801,0.024,0.024,0.024,0.024,4698
NMC,20050801,0.054,0.055,0.053,0.054,1622668
NMS,20050801,0.75,0.75,0.735,0.735,18000
NNG,20050801,0.23,0.23,0.23,0.23,10000
NPX,20050801,4.3,4.3,4.3,4.3,43247
NRT,20050801,4.95,5.01,4.91,4.91,70727
NSA,20050801,0.16,0.16,0.16,0.16,10000
NSX,20050801,0.505,0.51,0.49,0.49,35000
NTG,20050801,0.31,0.31,0.31,0.31,4900
NUF,20050801,10.15,10.31,10.08,10.17,151320
NVC,20050801,0.335,0.335,0.335,0.335,45000
NVE,20050801,1.41,1.41,1.4,1.4,31200
NWA,20050801,0.031,0.031,0.031,0.031,145295
NWE,20050801,0.155,0.16,0.155,0.155,374755
NWK,20050801,0.15,0.17,0.15,0.17,6500
NWS,20050801,22.9,22.95,22.75,22.9,1086975
NXS,20050801,0.405,0.42,0.405,0.415,386000
NZO,20050801,0.89,0.89,0.89,0.89,24400
OBJ,20050801,0.03,0.032,0.03,0.03,388697
OCL,20050801,1.17,1.18,1.17,1.18,23080
OCO,20050801,0.01,0.01,0.009,0.009,1500000
OEC,20050801,0.099,0.099,0.099,0.099,60526
OEL,20050801,0.265,0.265,0.25,0.25,470800
OEX,20050801,0.26,0.26,0.245,0.245,220000
OFM,20050801,2.12,2.12,2.12,2.12,850
OGD,20050801,0.59,0.59,0.585,0.59,738824
OIL,20050801,0.345,0.35,0.335,0.34,264350
OKN,20050801,1.89,1.89,1.86,1.86,6028
OLE,20050801,0.03,0.03,0.029,0.029,110000
OLH,20050801,0.925,0.925,0.925,0.925,10000
OLP,20050801,0.055,0.055,0.055,0.055,500
OMC,20050801,1.11,1.125,1.08,1.1,85899
OMH,20050801,1.11,1.12,1.1,1.1,147912
OMI,20050801,0.51,0.52,0.51,0.52,19230
OMP,20050801,2.9,2.91,2.78,2.78,200984
OPI,20050801,0.12,0.12,0.12,0.12,25000
OPL,20050801,0.52,0.52,0.51,0.51,245600
OPM,20050801,0.002,0.002,0.002,0.002,800000
ORC,20050801,0.11,0.11,0.11,0.11,10000
ORD,20050801,0.32,0.32,0.32,0.32,10000
ORG,20050801,7.3,7.37,7.26,7.35,974612
ORH,20050801,0.26,0.295,0.26,0.295,25000
ORI,20050801,19.09,19.17,18.94,19.15,1100591
ORL,20050801,2.1,2.1,2.1,2.1,1190
ORO,20050801,0.027,0.027,0.027,0.027,150000
ORP,20050801,0.016,0.016,0.015,0.015,872247
OSH,20050801,3.38,3.45,3.37,3.43,5954312
OST,20050801,2.7,2.74,2.69,2.72,2489263
OTI,20050801,0.045,0.045,0.045,0.045,20000
OTL,20050801,0.31,0.31,0.31,0.31,22786
OXR,20050801,0.98,0.99,0.975,0.985,6128699
PAA,20050801,0.19,0.19,0.185,0.19,145000
PAD,20050801,0.045,0.045,0.045,0.045,250000
PBB,20050801,2.03,2.07,2.03,2.04,347726
PBD,20050801,1.44,1.44,1.435,1.44,31836
PBG,20050801,2.38,2.38,2.34,2.37,685381
PBI,20050801,0.21,0.21,0.21,0.21,160000
PBL,20050801,15.34,15.4,15.27,15.31,417023
PBO,20050801,0.22,0.22,0.22,0.22,10000
PBT,20050801,0.165,0.175,0.165,0.175,155352
PCC,20050801,0.084,0.084,0.084,0.084,100000
PCG,20050801,0.58,0.585,0.575,0.58,181484
PCL,20050801,0.085,0.085,0.085,0.085,175000
PCP,20050801,0.15,0.15,0.15,0.15,103500
PDG,20050801,18.01,18.01,18.01,18.01,1759
PDL,20050801,1.42,1.44,1.42,1.44,7463
PDN,20050801,1.71,1.76,1.71,1.725,2826718
PEL,20050801,0.069,0.069,0.069,0.069,25000
PEM,20050801,0.72,0.725,0.715,0.715,583100
PEN,20050801,0.012,0.012,0.011,0.011,1685645
PEO,20050801,0.13,0.13,0.13,0.13,11625
PET,20050801,0.94,0.94,0.94,0.94,8487
PGA,20050801,3.02,3.05,2.99,3,8946
PGL,20050801,2.96,3.2,2.95,3.14,120669
PGS,20050801,0.15,0.15,0.14,0.14,751751
PIE,20050801,0.017,0.017,0.017,0.017,145000
PIO,20050801,0.17,0.17,0.17,0.17,21750
PLA,20050801,0.15,0.15,0.14,0.14,339000
PLF,20050801,1.1,1.1,1.06,1.06,22600
PLT,20050801,0.285,0.325,0.285,0.32,519321
PMA,20050801,0.67,0.67,0.645,0.645,38709
PMC,20050801,2.11,2.14,2.1,2.14,56198
PMH,20050801,0.013,0.014,0.013,0.014,1749763
PMM,20050801,4.1,4.2,4.07,4.15,81109
PMN,20050801,4.98,5.08,4.98,5.05,2715718
PMP,20050801,1.375,1.39,1.35,1.365,1393938
PNA,20050801,0.235,0.235,0.23,0.235,452900
PNN,20050801,0.385,0.4,0.38,0.38,210007
POL,20050801,0.18,0.18,0.18,0.18,20000
PPC,20050801,1.62,1.62,1.61,1.61,15000
PPD,20050801,0.15,0.15,0.15,0.15,6000
PPG,20050801,0.48,0.48,0.47,0.47,236191
PPK,20050801,0.915,0.915,0.915,0.915,6000
PPP,20050801,0.14,0.14,0.135,0.135,176000
PPR,20050801,1.66,1.66,1.65,1.65,14000
PPT,20050801,64,64,63.5,63.51,76486
PPX,20050801,3.51,3.54,3.46,3.48,825443
PPY,20050801,0.185,0.185,0.185,0.185,13405
PRE,20050801,0.058,0.058,0.057,0.058,3551794
PRG,20050801,3.17,3.2,3.17,3.2,9575
PRK,20050801,5.8,5.88,5.75,5.86,1025698
PRO,20050801,0.12,0.12,0.12,0.12,1500
PRR,20050801,0.115,0.115,0.115,0.115,85000
PRT,20050801,3.1,3.1,3.06,3.06,6792
PRU,20050801,0.17,0.2,0.17,0.2,239714
PRV,20050801,0.955,0.96,0.955,0.96,81516
PRY,20050801,9.35,9.35,9.33,9.35,42630
PSA,20050801,1.2,1.21,1.2,1.21,183997
PSD,20050801,0.865,0.875,0.86,0.875,251150
PSH,20050801,2.13,2.14,2.12,2.14,175205
PSN,20050801,7.1,7.1,7.1,7.1,1000
PSV,20050801,0.305,0.32,0.305,0.32,1661744
PSX,20050801,0.23,0.23,0.225,0.225,188600
PTD,20050801,1.585,1.585,1.57,1.575,521059
PTS,20050801,0.097,0.098,0.095,0.098,430000
PWK,20050801,1.02,1.03,1.02,1.02,15500
PWR,20050801,0.345,0.345,0.31,0.315,79550
PWT,20050801,1,1,0.98,1,10714
PXL,20050801,0.34,0.34,0.34,0.34,5000
PXS,20050801,1.85,1.85,1.77,1.78,87707
PYC,20050801,0.18,0.18,0.18,0.18,112500
QAN,20050801,3.3,3.32,3.28,3.3,3117567
QBE,20050801,16.9,16.99,16.81,16.88,1079166
QCH,20050801,4.04,4.04,4.03,4.03,10500
QED,20050801,0.046,0.046,0.045,0.045,213700
QFX,20050801,0.145,0.145,0.145,0.145,5000
QGC,20050801,0.465,0.47,0.46,0.46,752532
QMG,20050801,0.41,0.42,0.41,0.42,58000
QOL,20050801,0.18,0.18,0.17,0.17,60000
QRS,20050801,0.12,0.12,0.115,0.115,391500
QTI,20050801,0.82,0.82,0.82,0.82,2000
QUR,20050801,0.019,0.019,0.019,0.019,33000
RAT,20050801,1.17,1.17,1.17,1.17,11550
RAU,20050801,0.11,0.11,0.11,0.11,50372
RBY,20050801,0.012,0.012,0.012,0.012,50000
RCD,20050801,5.91,5.95,5.89,5.93,198512
RCL,20050801,2.8,2.88,2.8,2.85,148956
RCR,20050801,0.87,0.87,0.865,0.865,45500
RCT,20050801,3.02,3.02,3.02,3.02,9581
RDF,20050801,3.15,3.25,3.13,3.2,58808
RDM,20050801,0.28,0.28,0.27,0.275,324557
REA,20050801,1.68,1.73,1.68,1.73,72503
REB,20050801,2.16,2.16,2.13,2.13,8900
RED,20050801,0.105,0.105,0.098,0.1,435000
REL,20050801,0.165,0.165,0.165,0.165,78542
RER,20050801,0.195,0.195,0.19,0.195,59000
RGA,20050801,0.52,0.52,0.51,0.51,15000
RHC,20050801,8.55,8.63,8.48,8.49,137225
RHD,20050801,0.63,0.63,0.62,0.62,41488
RHL,20050801,4.01,4.01,4,4,1000
RHT,20050801,0.175,0.18,0.175,0.18,532270
RIC,20050801,1.4,1.41,1.4,1.4,493768
RIN,20050801,15.03,15.06,14.9,14.93,1059581
RIO,20050801,49.12,49.5,49.02,49.3,1187526
RIV,20050801,0.72,0.725,0.72,0.72,65250
RKN,20050801,0.87,0.87,0.865,0.87,24400
RMD,20050801,8.73,8.87,8.73,8.75,168804
RMI,20050801,0.125,0.125,0.125,0.125,100000
RML,20050801,0.18,0.18,0.18,0.18,60000
RMS,20050801,0.16,0.16,0.16,0.16,20000
RNG,20050801,0.12,0.13,0.12,0.13,604300
ROC,20050801,2.38,2.44,2.37,2.44,659932
ROK,20050801,4.3,4.38,4.3,4.38,6118
RPC,20050801,0.64,0.65,0.64,0.64,40750
RPT,20050801,0.065,0.071,0.065,0.07,25530889
RRL,20050801,0.115,0.115,0.11,0.115,598342
RRS,20050801,0.025,0.026,0.025,0.025,2964000
RRT,20050801,0.88,0.88,0.88,0.88,35000
RSG,20050801,1.21,1.22,1.205,1.215,269303
RSN,20050801,0.165,0.165,0.16,0.165,1505385
RSP,20050801,1.105,1.105,1.09,1.09,89100
RTL,20050801,0.29,0.29,0.28,0.28,36000
RTM,20050801,0.049,0.05,0.048,0.049,3576100
RUP,20050801,10.78,10.89,10.78,10.85,20444
RUR,20050801,0.23,0.23,0.22,0.22,196000
RVR,20050801,0.225,0.225,0.22,0.22,70000
RXL,20050801,0.15,0.16,0.15,0.16,353000
SAH,20050801,0.074,0.074,0.074,0.074,32000
SAI,20050801,2.68,2.69,2.58,2.66,24200
SAQ,20050801,5.4,5.4,5.4,5.4,1000
SAR,20050801,0.089,0.089,0.089,0.089,30000
SAU,20050801,0.14,0.14,0.14,0.14,198550
SBC,20050801,12.79,12.95,12.79,12.9,19315
SBL,20050801,0.05,0.05,0.05,0.05,20000
SBM,20050801,0.13,0.14,0.13,0.135,2592603
SBP,20050801,0.081,0.081,0.08,0.08,199150
SBR,20050801,0.19,0.23,0.19,0.23,159950
SBS,20050801,0.04,0.047,0.04,0.04,915245
SCF,20050801,111.25,111.3,111.2,111.25,248
SCV,20050801,0.65,0.65,0.625,0.625,9238
SDG,20050801,1.59,1.63,1.59,1.63,166730
SDI,20050801,0.835,0.835,0.75,0.785,401520
SDL,20050801,0.017,0.017,0.017,0.017,200000
SDR,20050801,0.155,0.155,0.155,0.155,30000
SDS,20050801,0.74,0.74,0.74,0.74,28860
SEA,20050801,0.445,0.445,0.43,0.43,178103
SED,20050801,0.2,0.2,0.185,0.185,819000
SEK,20050801,2.52,2.62,2.52,2.58,156799
SEL,20050801,1.95,1.95,1.95,1.95,3000
SEM,20050801,4.6,4.6,4.5,4.56,18065
SEN,20050801,0.31,0.31,0.3,0.305,1180949
SEV,20050801,7.48,7.63,7.45,7.51,159473
SFC,20050801,5.94,6,5.94,6,7952
SFE,20050801,11.02,11.07,10.92,10.92,228181
SFY,20050801,42.7,43.31,42.6,43.31,2100
SGB,20050801,26.72,26.75,26.6,26.7,480107
SGL,20050801,0.505,0.525,0.5,0.52,207250
SGN,20050801,3.05,3.07,3.01,3.01,137270
SGP,20050801,5.73,5.77,5.72,5.75,2053754
SGS,20050801,1.17,1.17,1.17,1.17,12000
SGT,20050801,2.2,2.22,2.2,2.22,1493931
SHC,20050801,0.295,0.3,0.295,0.3,33400
SHG,20050801,0.41,0.46,0.41,0.46,67000
SHL,20050801,12.81,12.88,12.65,12.8,335481
SHN,20050801,0.045,0.045,0.045,0.045,685092
SHV,20050801,9.91,10,9.91,10,5566
SIE,20050801,0.045,0.048,0.045,0.047,833564
SIG,20050801,9.27,9.44,9.27,9.44,112653
SIM,20050801,0.26,0.27,0.26,0.265,78539
SKC,20050801,4.38,4.38,4.37,4.38,8697
SKE,20050801,2.95,2.95,2.83,2.94,95129
SKG,20050801,0.63,0.63,0.63,0.63,5000
SKR,20050801,0.032,0.034,0.032,0.033,597220
SKW,20050801,0.17,0.17,0.17,0.17,79500
SLA,20050801,0.15,0.15,0.14,0.15,50000
SLM,20050801,4.9,4.94,4.83,4.86,6706
SLT,20050801,0.255,0.26,0.255,0.26,15000
SLV,20050801,0.39,0.39,0.385,0.385,133650
SLX,20050801,1.165,1.195,1.15,1.15,60050
SMC,20050801,0.17,0.17,0.17,0.17,8300
SML,20050801,0.115,0.12,0.105,0.105,1829452
SMM,20050801,0.545,0.58,0.545,0.57,1635328
SMN,20050801,0.13,0.135,0.13,0.135,100181
SMO,20050801,0.096,0.11,0.096,0.105,12318305
SMS,20050801,15.95,16.14,15.76,15.95,172962
SMX,20050801,1.865,1.865,1.85,1.85,20950
SMY,20050801,0.85,0.85,0.84,0.85,160592
SNF,20050801,0.37,0.39,0.37,0.39,76900
SNL,20050801,0.485,0.485,0.485,0.485,1000
SNN,20050801,0.26,0.27,0.26,0.265,507905
SOE,20050801,0.21,0.215,0.21,0.21,132000
SOL,20050801,9.6,9.68,9.6,9.63,14972
SOO,20050801,0.3,0.31,0.3,0.305,72446
SOT,20050801,1.635,1.685,1.635,1.67,145694
SPD,20050801,0.24,0.24,0.22,0.22,5000
SPH,20050801,0.69,0.7,0.69,0.7,91334
SPL,20050801,0.53,0.555,0.53,0.55,376026
SPR,20050801,1.02,1.03,1.02,1.03,6000
SPT,20050801,5.36,5.49,5.3,5.45,245036
SRA,20050801,0.06,0.06,0.057,0.058,445000
SRI,20050801,0.069,0.072,0.069,0.072,718667
SRL,20050801,1.97,1.995,1.97,1.97,127982
SRX,20050801,1.815,1.815,1.815,1.815,2500
SRZ,20050801,0.29,0.29,0.265,0.265,198489
SSI,20050801,3.49,3.49,3.45,3.49,53235
SSN,20050801,0.28,0.285,0.28,0.285,110700
SSX,20050801,1.24,1.255,1.24,1.245,410442
STE,20050801,0.084,0.084,0.084,0.084,61000
STI,20050801,0.305,0.31,0.295,0.295,13436
STO,20050801,10.69,10.8,10.6,10.72,2240087
STR,20050801,0.215,0.235,0.215,0.235,300000
STT,20050801,0.017,0.017,0.017,0.017,52811
STU,20050801,1.13,1.22,1.13,1.195,625560
STW,20050801,43.48,43.52,43.45,43.48,6178
STX,20050801,0.145,0.15,0.145,0.15,88553
SUL,20050801,3.04,3.04,2.95,2.95,43809
SUN,20050801,20.35,20.36,20.19,20.24,621776
SUR,20050801,0.2,0.2,0.2,0.2,51150
SWG,20050801,0.021,0.022,0.02,0.02,1405899
SYM,20050801,1.53,1.53,1.52,1.52,58939
SYN,20050801,2.2,2.28,2.2,2.24,32690
TAA,20050801,0.02,0.02,0.02,0.02,342067
TAH,20050801,15.91,15.97,15.83,15.9,1404272
TAM,20050801,0.082,0.086,0.082,0.085,2132500
TAP,20050801,2.79,2.81,2.75,2.77,1142182
TAS,20050801,0.155,0.17,0.155,0.17,590136
TAW,20050801,0.85,0.85,0.85,0.85,13700
TBC,20050801,0.25,0.25,0.245,0.245,51394
TCI,20050801,1.28,1.28,1.28,1.28,95450
TCL,20050801,7.14,7.21,7.13,7.14,990257
TEA,20050801,0.099,0.105,0.093,0.1,5273619
TEE,20050801,0.021,0.022,0.021,0.022,1959500
TEL,20050801,5.67,5.7,5.67,5.67,813962
TEN,20050801,3.74,3.75,3.71,3.71,908679
TFC,20050801,0.465,0.465,0.465,0.465,20000
TFE,20050801,0.29,0.29,0.29,0.29,135936
TFS,20050801,0.07,0.07,0.07,0.07,34200
TGF,20050801,0.14,0.15,0.14,0.15,655774
TGG,20050801,1.31,1.35,1.31,1.35,19900
TGP,20050801,3.16,3.17,3.14,3.16,76916
TGR,20050801,0.83,0.83,0.83,0.83,3000
TGS,20050801,0.19,0.19,0.19,0.19,5000
THG,20050801,0.72,0.725,0.72,0.72,145279
THK,20050801,1,1,0.98,0.99,118461
THX,20050801,0.27,0.28,0.27,0.27,58420
TIM,20050801,2.22,2.23,2.22,2.23,180018
TIR,20050801,0.056,0.056,0.054,0.054,330818
TIS,20050801,0.7,0.7,0.655,0.655,7970
TKR,20050801,1.035,1.035,1.03,1.03,25500
TLS,20050801,5.06,5.07,5.05,5.05,7284975
TMO,20050801,0.45,0.46,0.445,0.45,170400
TMS,20050801,0.039,0.041,0.039,0.041,1730122
TNE,20050801,0.605,0.605,0.6,0.6,177681
TNG,20050801,0.265,0.27,0.265,0.27,259200
TNL,20050801,0.245,0.245,0.245,0.245,2100
TNS,20050801,3.41,3.41,3.4,3.4,3000
TOL,20050801,13.45,13.58,13.34,13.34,435150
TOR,20050801,1.75,1.75,1.75,1.75,2963
TOX,20050801,0.044,0.045,0.043,0.044,5138777
TPI,20050801,4.27,4.4,4.25,4.35,307540
TPX,20050801,6.8,6.8,6.8,6.8,100
TRS,20050801,2.89,2.89,2.87,2.88,32350
TRU,20050801,9.85,9.9,9.84,9.9,5507
TRY,20050801,2.6,2.6,2.55,2.6,14537
TSE,20050801,7.42,7.49,7.39,7.45,79035
TSH,20050801,0.37,0.37,0.37,0.37,30000
TSO,20050801,2.12,2.14,2.11,2.12,2543692
TST,20050801,0.11,0.12,0.11,0.12,31200
TTI,20050801,0.335,0.335,0.32,0.325,268818
TTR,20050801,0.195,0.195,0.19,0.19,60200
TTS,20050801,3.25,3.25,3.23,3.24,1684574
TTT,20050801,0.69,0.69,0.69,0.69,84100
TWD,20050801,1.45,1.455,1.41,1.41,11245
TWO,20050801,1.35,1.35,1.35,1.35,65120
TWR,20050801,1.945,1.95,1.94,1.94,242243
TYC,20050801,0.77,0.77,0.745,0.745,94260
TZL,20050801,0.64,0.64,0.62,0.63,419724
TZN,20050801,0.355,0.355,0.345,0.355,91000
UCL,20050801,0.03,0.03,0.029,0.029,159000
UCM,20050801,1.07,1.07,1.03,1.07,3800
UGL,20050801,9.22,9.26,9.19,9.2,123688
UKD,20050801,0.12,0.12,0.12,0.12,8000
UNI,20050801,0.55,0.55,0.54,0.54,62771
UNW,20050801,0.48,0.48,0.445,0.47,698440
URL,20050801,0.145,0.145,0.14,0.145,247000
UTB,20050801,14,14.02,13.73,13.73,165701
UXC,20050801,0.86,0.86,0.84,0.86,143610
VBA,20050801,1.65,1.67,1.65,1.65,55655
VCM,20050801,1.8,1.8,1.8,1.8,150
VCN,20050801,0.39,0.395,0.38,0.38,95000
VCR,20050801,1.5,1.5,1.43,1.43,605962
VGH,20050801,3.85,3.85,3.83,3.85,37285
VGL,20050801,1.425,1.435,1.42,1.435,173631
VGP,20050801,1.07,1.07,1.06,1.06,6500
VHL,20050801,0.305,0.305,0.3,0.3,20000
VLL,20050801,0.45,0.48,0.445,0.48,1460358
VOF,20050801,0.95,0.95,0.95,0.95,22200
VOY,20050801,0.315,0.325,0.315,0.32,2266757
VPE,20050801,0.026,0.026,0.025,0.025,3008520
VPG,20050801,1.38,1.385,1.35,1.35,319623
VRE,20050801,0.14,0.14,0.135,0.14,329037
VRL,20050801,2.75,2.81,2.75,2.81,58415
VSG,20050801,0.026,0.028,0.026,0.028,193274
VSL,20050801,1.21,1.23,1.19,1.19,136398
VTI,20050801,0.87,0.92,0.87,0.9,373207
VTP,20050801,0.955,0.955,0.93,0.955,122450
VWD,20050801,1.4,1.42,1.38,1.4,213310
WAB,20050801,1.005,1.005,1.005,1.005,5000
WAG,20050801,0.12,0.13,0.12,0.13,180000
WAL,20050801,0.15,0.15,0.15,0.15,2310
WAM,20050801,1.37,1.37,1.37,1.37,24263
WAN,20050801,8.65,8.74,8.6,8.6,150117
WAS,20050801,0.042,0.045,0.037,0.043,2835606
WAT,20050801,3.59,3.59,3.58,3.59,6797
WBA,20050801,0.64,0.64,0.59,0.605,80713
WBB,20050801,8,8,8,8,616
WBC,20050801,19.66,19.74,19.61,19.64,2210198
WCB,20050801,3.92,3.92,3.92,3.92,10690
WCG,20050801,1.45,1.49,1.45,1.49,2000
WCP,20050801,0.02,0.02,0.02,0.02,200000
WDC,20050801,17.9,18.01,17.86,17.97,1982811
WEB,20050801,0.26,0.3,0.26,0.3,2615910
WES,20050801,39.69,39.8,39.37,39.69,539431
WEZ,20050801,0.071,0.071,0.071,0.071,7000
WFL,20050801,2.31,2.31,2.25,2.25,5990
WGP,20050801,0.15,0.15,0.15,0.15,50000
WGR,20050801,0.135,0.135,0.135,0.135,65873
WHF,20050801,3.52,3.52,3.52,3.52,1600
WHS,20050801,3.43,3.43,3.43,3.43,1445
WIL,20050801,0.9,0.905,0.9,0.9,219011
WLL,20050801,1.2,1.2,1.2,1.2,26000
WLS,20050801,0.905,0.905,0.905,0.905,58139
WME,20050801,0.065,0.065,0.06,0.065,574188
WMG,20050801,0.071,0.071,0.071,0.071,78375
WNZ,20050801,5.95,5.95,5.95,5.95,200
WOR,20050801,8.19,8.2,8.06,8.06,345948
WOW,20050801,16.33,16.36,16.18,16.18,1464846
WPL,20050801,30.26,30.59,30.25,30.56,874080
WRF,20050801,0.36,0.36,0.36,0.36,20000
WSA,20050801,1.8,1.85,1.78,1.785,303504
WSS,20050801,0.086,0.086,0.086,0.086,16570
WTE,20050801,0.043,0.044,0.043,0.044,4155829
WTP,20050801,1.23,1.23,1.21,1.23,26900
WWA,20050801,0.88,0.88,0.88,0.88,6000
WWM,20050801,0.027,0.027,0.027,0.027,161955
WYL,20050801,2.42,2.43,2.4,2.42,164657
XAN,20050801,0.007,0.007,0.007,0.007,115000
XAO,20050801,4346.7,4351.1,4333.2,4337.6,0
XBL,20050801,0.17,0.17,0.155,0.16,27000
XBW,20050801,33919.8,33919.8,33919.8,33919.8,0
XDJ,20050801,2295.7,2295.7,2279.8,2283.9,0
XEJ,20050801,9729.5,9813.8,9716.1,9808.6,0
XFJ,20050801,5174,5178.4,5154,5159.2,0
XFL,20050801,4322.1,4325.1,4309.4,4309.7,0
XHJ,20050801,5423.7,5424.6,5390.1,5395.9,0
XIJ,20050801,416.5,416.6,411.7,414,0
XJO,20050801,4388.8,4393.8,4374.7,4378,0
XKO,20050801,4382,4387.1,4368.3,4371.6,0
XMD,20050801,4270.9,4285.7,4251.9,4268,0
XMJ,20050801,7780.3,7815,7780.3,7783.4,0
XNJ,20050801,5180.4,5185.2,5148.5,5159.2,0
XPJ,20050801,1839,1846.4,1830.5,1841.4,0
XSJ,20050801,5678.9,5678.9,5627.1,5632.7,0
XSO,20050801,2460,2464.4,2452.2,2458.3,0
XTJ,20050801,1802.8,1805.2,1797.7,1797.7,0
XTL,20050801,2355.9,2358.2,2348.5,2348.5,0
XTO,20050801,3564.3,3568.3,3553.2,3555.3,0
XUJ,20050801,4972.2,4977.3,4938.3,4940.1,0
XXJ,20050801,5276.7,5279.8,5255.4,5255.4,0
YAM,20050801,0.007,0.007,0.007,0.007,542000
YGL,20050801,0.028,0.028,0.028,0.028,20000
YML,20050801,0.195,0.195,0.195,0.195,6825
ZBB,20050801,0.3,0.3,0.285,0.285,62000
ZFX,20050801,3.22,3.29,3.19,3.27,3057388
ZIM,20050801,3.24,3.26,3.24,3.25,1834
ZYL,20050801,0.003,0.004,0.003,0.004,2528402
