AAC,20050419,1.55,1.55,1.52,1.52,201058
AAE,20050419,0.21,0.225,0.21,0.22,126737
AAM,20050419,0.29,0.29,0.29,0.29,13489
AAQ,20050419,0.75,0.765,0.75,0.755,63357
AAR,20050419,0.022,0.022,0.019,0.021,9121402
AAT,20050419,0.17,0.17,0.17,0.17,30000
AAU,20050419,1.06,1.07,1.06,1.07,6400
ABB,20050419,6.33,6.41,6.3,6.4,63700
ABC,20050419,1.65,1.69,1.65,1.65,1126162
ABI,20050419,0.145,0.145,0.11,0.11,1238663
ABP,20050419,1.335,1.34,1.33,1.33,205890
ABQ,20050419,0.3,0.3,0.3,0.3,3000
ABS,20050419,5.64,5.75,5.61,5.75,894183
ACE,20050419,0.15,0.16,0.15,0.16,60000
ACL,20050419,0.57,0.57,0.56,0.565,50500
ACR,20050419,0.57,0.58,0.56,0.56,26000
ACU,20050419,0.16,0.16,0.15,0.15,88500
ADB,20050419,10.24,10.59,10.24,10.59,294642
ADI,20050419,0.23,0.24,0.23,0.24,34000
ADN,20050419,0.21,0.23,0.21,0.23,30500
ADT,20050419,0.85,0.85,0.85,0.85,32673
ADU,20050419,0.52,0.53,0.52,0.53,37800
ADX,20050419,0.14,0.14,0.13,0.13,50000
ADY,20050419,0.098,0.11,0.098,0.105,18459647
ADZ,20050419,1.8,1.85,1.78,1.85,433872
AEC,20050419,1.71,1.72,1.66,1.66,15810
AEF,20050419,17.5,17.5,17.5,17.5,1000
AEI,20050419,0.43,0.43,0.43,0.43,15000
AEN,20050419,0.87,0.87,0.87,0.87,12600
AEO,20050419,1.66,1.7,1.66,1.7,54590
AEU,20050419,1.48,1.48,1.445,1.45,130731
AEX,20050419,0.039,0.039,0.038,0.039,1418773
AFC,20050419,0.7,0.7,0.7,0.7,5000
AFI,20050419,3.53,3.56,3.5,3.55,335624
AFT,20050419,0.014,0.014,0.013,0.013,2327200
AGC,20050419,1.5,1.55,1.5,1.55,34500
AGG,20050419,8.42,8.67,8.42,8.67,11370
AGI,20050419,0.63,0.64,0.63,0.64,64880
AGL,20050419,13.6,13.82,13.6,13.77,968771
AGM,20050419,0.135,0.145,0.135,0.145,2701301
AGO,20050419,0.19,0.2,0.19,0.2,30465
AGS,20050419,0.045,0.046,0.045,0.046,245435
AGX,20050419,0.35,0.35,0.31,0.345,128775
AGZ,20050419,0.2,0.2,0.2,0.2,7135
AHD,20050419,4.1,4.2,4.1,4.2,39843
AHG,20050419,0.065,0.065,0.063,0.063,158715
AHO,20050419,0.66,0.66,0.66,0.66,77500
AHS,20050419,1.195,1.225,1.19,1.2,120816
AHU,20050419,5,5,5,5,30
AIA,20050419,1.94,1.95,1.88,1.88,43702
AIE,20050419,0.17,0.17,0.17,0.17,5739
AII,20050419,0.25,0.26,0.25,0.26,100000
AIM,20050419,0.047,0.051,0.047,0.048,3112420
AIX,20050419,2.2,2.27,2.2,2.23,1853953
AIZ,20050419,1.33,1.35,1.33,1.35,9315
AJL,20050419,1.725,1.8,1.725,1.8,58400
ALB,20050419,0.75,0.77,0.75,0.77,23500
ALD,20050419,0.23,0.235,0.225,0.235,112099
ALK,20050419,0.175,0.18,0.175,0.175,270600
ALL,20050419,10.3,10.45,10.1,10.25,968767
ALN,20050419,8.68,8.9,8.65,8.79,937159
ALR,20050419,1.14,1.14,1.135,1.135,22000
ALS,20050419,7.39,7.47,7.36,7.47,181938
ALU,20050419,0.28,0.28,0.28,0.28,11000
ALW,20050419,0.39,0.39,0.39,0.39,100000
ALZ,20050419,1.61,1.635,1.61,1.63,2518874
AMC,20050419,6.76,6.83,6.76,6.8,2546566
AMG,20050419,0.028,0.029,0.028,0.029,458000
AMH,20050419,0.47,0.475,0.465,0.475,33513
AML,20050419,0.4,0.42,0.4,0.42,74100
AMM,20050419,0.175,0.175,0.165,0.165,95900
AMO,20050419,0.9,0.9,0.9,0.9,5500
AMP,20050419,6.6,6.68,6.58,6.68,8720489
AMU,20050419,0.615,0.66,0.615,0.66,249805
ANC,20050419,8.74,8.75,8.74,8.75,750
AND,20050419,0.095,0.1,0.095,0.1,500000
ANE,20050419,3.67,3.68,3.63,3.68,197833
ANG,20050419,0.32,0.33,0.32,0.33,83000
ANM,20050419,0.014,0.015,0.013,0.014,822445
ANN,20050419,9.5,9.8,9.5,9.77,409689
ANO,20050419,0.13,0.14,0.13,0.135,120000
ANP,20050419,0.048,0.05,0.047,0.05,454962
ANX,20050419,0.44,0.445,0.44,0.445,25000
ANZ,20050419,20.65,20.76,20.6,20.76,5566714
AOE,20050419,0.34,0.355,0.33,0.335,449368
APA,20050419,3.68,3.69,3.62,3.62,91875
APE,20050419,7.75,7.75,7.74,7.75,5924
APG,20050419,0.045,0.048,0.045,0.047,278000
API,20050419,2.83,2.92,2.82,2.92,126328
APN,20050419,4.57,4.78,4.57,4.7,557891
APZ,20050419,0.2,0.2,0.2,0.2,2174316
AQA,20050419,2.12,2.12,2.12,2.12,8000
AQP,20050419,6.04,6.04,5.76,5.76,49573
ARE,20050419,0.22,0.24,0.22,0.24,12562
ARG,20050419,5.38,5.4,5.34,5.35,73765
ARM,20050419,0.27,0.27,0.27,0.27,40000
ARO,20050419,0.045,0.045,0.04,0.04,145000
ARP,20050419,3.57,3.61,3.54,3.54,2090606
ARQ,20050419,1.62,1.705,1.62,1.7,525740
ARU,20050419,0.15,0.17,0.15,0.17,86700
ARZ,20050419,0.19,0.19,0.19,0.19,20000
ASB,20050419,1.7,1.73,1.7,1.7,349069
ASC,20050419,0.043,0.047,0.042,0.042,439500
ASL,20050419,0.69,0.73,0.67,0.72,252932
ASV,20050419,0.11,0.11,0.105,0.11,98000
ASX,20050419,19.56,20,19.56,20,333886
ASZ,20050419,0.41,0.41,0.41,0.41,40000
ATG,20050419,0.785,0.81,0.775,0.79,154306
ATN,20050419,0.115,0.115,0.11,0.11,100000
ATP,20050419,0.21,0.21,0.21,0.21,69957
ATR,20050419,2.62,2.8,2.61,2.8,12871
ATX,20050419,0.051,0.051,0.049,0.049,290000
ATZ,20050419,0.17,0.17,0.17,0.17,1500
AUH,20050419,0.05,0.054,0.05,0.054,180000
AUL,20050419,0.016,0.016,0.015,0.015,1151923
AUM,20050419,0.027,0.027,0.02,0.023,1906500
AUN,20050419,0.85,0.87,0.85,0.865,195595
AUO,20050419,1.305,1.36,1.305,1.36,1785767
AUS,20050419,0.88,0.9,0.88,0.9,42710
AUW,20050419,0.885,0.905,0.88,0.895,604750
AUX,20050419,0.036,0.039,0.036,0.039,545000
AUZ,20050419,0.057,0.058,0.055,0.055,191649
AVA,20050419,0.05,0.052,0.05,0.052,315000
AVE,20050419,1.39,1.45,1.36,1.45,64200
AVJ,20050419,1.3,1.39,1.28,1.335,100970
AVM,20050419,0.51,0.53,0.5,0.53,594000
AVO,20050419,0.28,0.28,0.275,0.28,162618
AVR,20050419,0.91,0.935,0.91,0.93,25623
AVS,20050419,0.36,0.36,0.36,0.36,102780
AVT,20050419,0.046,0.046,0.046,0.046,1111
AVV,20050419,1.205,1.23,1.2,1.23,104270
AVX,20050419,0.16,0.175,0.155,0.175,242500
AWB,20050419,4.75,4.75,4.67,4.7,882033
AWC,20050419,5.65,5.79,5.57,5.79,14273482
AWE,20050419,1.655,1.68,1.655,1.67,1441278
AWP,20050419,11.82,12.25,11.82,12.02,10757
AXA,20050419,4.18,4.19,4.14,4.19,4806434
AXC,20050419,0.094,0.095,0.094,0.095,20000
AXD,20050419,0.14,0.14,0.135,0.135,95000
AXM,20050419,0.115,0.12,0.115,0.12,89596
AXO,20050419,0.12,0.12,0.12,0.12,20000
AZA,20050419,0.63,0.64,0.6,0.6,51100
AZC,20050419,0.16,0.16,0.16,0.16,72963
AZR,20050419,0.225,0.235,0.22,0.22,5061508
AZZ,20050419,0.53,0.53,0.515,0.52,157263
BAR,20050419,0.105,0.105,0.1,0.1,200000
BAS,20050419,0.135,0.14,0.135,0.14,879500
BAX,20050419,5.15,5.15,5.1,5.1,18172
BBB,20050419,0.41,0.44,0.41,0.42,262747
BBG,20050419,11.66,11.97,11.66,11.9,649795
BCA,20050419,2.88,2.95,2.77,2.91,393081
BCD,20050419,0.37,0.38,0.37,0.37,94426
BCL,20050419,0.2,0.205,0.2,0.2,226000
BDG,20050419,1.17,1.19,1.09,1.1,321841
BDI,20050419,0.26,0.28,0.26,0.28,53535
BDL,20050419,0.071,0.075,0.071,0.072,25642
BEN,20050419,9.21,9.32,9.19,9.32,300879
BER,20050419,0.55,0.55,0.55,0.55,5000
BGD,20050419,0.27,0.275,0.27,0.275,337317
BGF,20050419,0.21,0.22,0.21,0.22,3088650
BGN,20050419,0.046,0.05,0.046,0.046,83000
BHP,20050419,16.69,16.81,16.6,16.81,23115420
BIL,20050419,8.11,8.32,8.11,8.24,6904335
BIT,20050419,0.14,0.15,0.13,0.15,135680
BIX,20050419,0.065,0.065,0.065,0.065,20000
BJT,20050419,1.13,1.13,1.11,1.12,1370086
BKA,20050419,0.24,0.26,0.24,0.24,67877
BKI,20050419,1.05,1.065,1.05,1.05,195600
BKL,20050419,12.52,13,12.52,13,2650
BKM,20050419,0.011,0.011,0.01,0.01,219000
BKN,20050419,2.4,2.44,2.38,2.4,476180
BKR,20050419,0.33,0.33,0.33,0.33,15000
BKS,20050419,0.013,0.013,0.013,0.013,20000
BKV,20050419,0.1,0.11,0.1,0.11,79334
BKW,20050419,10.24,10.24,10.19,10.24,5200
BLD,20050419,6.03,6.03,5.9,5.94,2791834
BLN,20050419,0.11,0.11,0.11,0.11,130000
BLT,20050419,0.2,0.2,0.2,0.2,10000
BLZ,20050419,0.06,0.065,0.06,0.065,67169
BMO,20050419,0.235,0.24,0.23,0.235,320405
BMX,20050419,0.15,0.15,0.15,0.15,156000
BNB,20050419,9.67,9.83,9.6,9.6,530505
BNO,20050419,0.165,0.17,0.165,0.17,32457
BNT,20050419,0.175,0.195,0.175,0.195,202000
BOC,20050419,1.1,1.12,1,1.02,50481
BOD,20050419,0.08,0.08,0.08,0.08,37500
BOL,20050419,1.85,1.94,1.85,1.89,127452
BOQ,20050419,10.71,10.9,10.7,10.9,431704
BOS,20050419,0.2,0.2,0.19,0.19,40000
BPC,20050419,0.925,0.955,0.925,0.95,5970301
BPG,20050419,0.06,0.06,0.06,0.06,13334
BPO,20050419,0.041,0.041,0.04,0.041,162620
BPT,20050419,0.535,0.56,0.535,0.535,1547498
BQT,20050419,0.195,0.2,0.195,0.2,282367
BRC,20050419,0.47,0.47,0.4,0.4,120000
BRO,20050419,0.006,0.006,0.006,0.006,273700
BRW,20050419,0.033,0.033,0.032,0.033,850000
BRZ,20050419,1.93,1.96,1.93,1.96,89192
BSA,20050419,0.27,0.27,0.26,0.27,217917
BSG,20050419,0.465,0.48,0.465,0.475,676757
BSL,20050419,8.14,8.18,7.97,8.05,5876999
BSO,20050419,2.28,2.32,2.28,2.32,42875
BTA,20050419,0.455,0.47,0.455,0.47,115649
BTC,20050419,0.37,0.39,0.37,0.39,53900
BTV,20050419,0.023,0.025,0.022,0.022,89370
BTX,20050419,0.7,0.7,0.69,0.69,75000
BUY,20050419,0.068,0.07,0.065,0.068,639706
BWP,20050419,1.68,1.72,1.68,1.72,859858
BXP,20050419,0.23,0.23,0.22,0.22,301500
CAA,20050419,1.85,1.9,1.85,1.9,109724
CAB,20050419,4.15,4.28,4.1,4.28,178453
CAG,20050419,0.042,0.042,0.04,0.04,864800
CAL,20050419,0.44,0.445,0.44,0.44,22500
CAM,20050419,0.99,0.99,0.985,0.985,8500
CAS,20050419,0.24,0.24,0.24,0.24,20000
CAU,20050419,0.145,0.15,0.145,0.15,69724
CAZ,20050419,0.26,0.26,0.26,0.26,46700
CBA,20050419,35.51,35.67,35.32,35.58,2293571
CBD,20050419,0.175,0.2,0.175,0.2,407023
CBH,20050419,0.28,0.295,0.28,0.295,1638776
CBR,20050419,7.2,7.34,7.2,7.34,5320
CCE,20050419,0.355,0.37,0.345,0.355,394302
CCL,20050419,8.09,8.18,8.09,8.1,4523670
CCO,20050419,0.004,0.005,0.004,0.005,300016
CCP,20050419,3.06,3.17,3.06,3.17,2853
CCV,20050419,0.25,0.25,0.23,0.25,129778
CDA,20050419,1.6,1.64,1.6,1.6,14970
CDD,20050419,2.6,2.6,2.55,2.58,5090
CDF,20050419,1.371,1.387,1.371,1.387,17100
CDL,20050419,0.06,0.06,0.06,0.06,80700
CDO,20050419,5.35,5.58,5.33,5.58,248525
CDP,20050419,3.22,3.3,3.22,3.3,12938
CDR,20050419,2.13,2.13,2.05,2.05,609905
CDS,20050419,0.095,0.095,0.09,0.09,37000
CEG,20050419,1.3,1.32,1.295,1.3,63811
CEQ,20050419,2.16,2.18,2.15,2.18,20983
CEY,20050419,4.95,5.05,4.95,5.02,2717524
CFI,20050419,0.69,0.69,0.69,0.69,10587
CFK,20050419,0.48,0.48,0.465,0.48,72773
CFR,20050419,0.019,0.021,0.019,0.021,1705000
CFU,20050419,0.69,0.725,0.69,0.72,61901
CGF,20050419,3.15,3.19,3.15,3.19,1624985
CGO,20050419,0.7,0.7,0.7,0.7,10000
CGS,20050419,0.13,0.13,0.115,0.115,20750
CGX,20050419,0.69,0.69,0.69,0.69,100000
CHB,20050419,33.2,33.2,33.2,33.2,707
CHF,20050419,0.38,0.38,0.38,0.38,10000
CHL,20050419,0.13,0.13,0.13,0.13,7715
CHO,20050419,4.89,4.89,4.89,4.89,1970
CHQ,20050419,0.82,0.82,0.82,0.82,19000
CHX,20050419,1.02,1.06,1.02,1.06,91245
CHY,20050419,1.77,1.77,1.77,1.77,1350
CIG,20050419,0.03,0.03,0.028,0.028,195000
CIN,20050419,14.8,14.8,14.8,14.8,775
CIR,20050419,1.25,1.35,1.25,1.32,21796
CIX,20050419,0.495,0.495,0.48,0.49,1152980
CIY,20050419,4.4,4.57,4.4,4.5,123575
CKL,20050419,0.665,0.665,0.66,0.66,31500
CKR,20050419,0.425,0.43,0.425,0.43,52000
CKS,20050419,0.35,0.37,0.35,0.37,8092
CLB,20050419,0.089,0.09,0.089,0.09,85996
CLF,20050419,0.59,0.605,0.58,0.6,67756
CLH,20050419,1.39,1.4,1.37,1.37,85583
CLO,20050419,0.505,0.51,0.505,0.51,559343
CLT,20050419,1.38,1.47,1.38,1.45,156242
CLV,20050419,0.15,0.16,0.145,0.155,368734
CLX,20050419,0.74,0.74,0.74,0.74,3000
CMI,20050419,1.6,1.61,1.6,1.61,23606
CMK,20050419,0.58,0.58,0.57,0.57,10000
CML,20050419,8.9,8.95,8.85,8.95,2213418
CMO,20050419,0.021,0.021,0.02,0.02,70000
CMR,20050419,0.77,0.835,0.77,0.79,266916
CMS,20050419,0.055,0.055,0.055,0.055,186063
CMX,20050419,0.11,0.125,0.1,0.1,613704
CND,20050419,1.9,1.9,1.88,1.89,59900
CNF,20050419,0.085,0.09,0.085,0.09,61650
CNM,20050419,0.028,0.028,0.028,0.028,305492
CNP,20050419,5.2,5.22,5.18,5.22,2272734
CNT,20050419,0.31,0.31,0.31,0.31,8000
COA,20050419,4.3,4.41,4.29,4.29,637873
COE,20050419,0.245,0.255,0.245,0.255,568855
COF,20050419,1.9,2.15,1.9,2.15,281287
COH,20050419,30.65,31.9,30.65,31.73,302318
COI,20050419,0.097,0.097,0.097,0.097,10000
COO,20050419,0.013,0.013,0.012,0.013,1413000
COS,20050419,0.41,0.415,0.41,0.415,20000
COU,20050419,1.3,1.31,1.295,1.31,42415
COZ,20050419,0.4,0.4,0.39,0.39,214876
CPA,20050419,1.235,1.25,1.235,1.25,3239373
CPB,20050419,9.28,9.39,9.28,9.31,5565
CPC,20050419,0.24,0.255,0.24,0.24,265000
CPI,20050419,0.7,0.77,0.64,0.68,147299
CPK,20050419,4.6,4.9,4.6,4.9,9800
CPN,20050419,0.07,0.07,0.068,0.068,150000
CPU,20050419,5.34,5.38,5.31,5.34,1504512
CQT,20050419,0.135,0.15,0.135,0.15,58800
CRD,20050419,0.245,0.25,0.245,0.245,730305
CRE,20050419,0.14,0.145,0.135,0.145,139000
CRG,20050419,8.03,8.13,8.03,8.1,116273
CRS,20050419,0.41,0.425,0.405,0.405,1415071
CRT,20050419,0.43,0.43,0.42,0.42,13056
CRU,20050419,0.67,0.69,0.67,0.69,93803
CSE,20050419,0.31,0.315,0.31,0.315,227000
CSL,20050419,31.23,32.07,31.23,31.9,3444500
CSM,20050419,3.25,3.3,3.24,3.24,863168
CSR,20050419,2.44,2.44,2.4,2.41,4164636
CST,20050419,3.01,3.11,3,3.01,48750
CTE,20050419,0.24,0.24,0.24,0.24,4165
CTF,20050419,0.2,0.21,0.2,0.21,117646
CTI,20050419,0.59,0.59,0.59,0.59,12400
CTL,20050419,1.1,1.11,1.1,1.1,154608
CTN,20050419,1,1,1,1,24100
CTO,20050419,0.115,0.115,0.11,0.11,261600
CTX,20050419,13.65,14.1,13.65,14.04,385522
CUE,20050419,0.21,0.215,0.21,0.215,1901907
CUL,20050419,0.031,0.031,0.03,0.031,395000
CUO,20050419,0.017,0.018,0.017,0.017,671000
CUS,20050419,0.105,0.105,0.105,0.105,644457
CUY,20050419,0.245,0.245,0.23,0.24,1462200
CVB,20050419,0.225,0.225,0.225,0.225,12500
CVI,20050419,0.045,0.045,0.045,0.045,8000
CVN,20050419,0.024,0.025,0.024,0.025,465000
CWG,20050419,0.12,0.12,0.115,0.115,50000
CWH,20050419,0.08,0.08,0.08,0.08,250
CWP,20050419,2.34,2.34,2.32,2.34,15500
CWT,20050419,1.02,1.02,1.02,1.02,11555
CXN,20050419,0.14,0.14,0.14,0.14,99969
CXP,20050419,6.56,6.6,6.4,6.55,79624
CYA,20050419,0.98,0.995,0.97,0.97,322610
CYG,20050419,6.3,6.3,6.2,6.3,12603
CYN,20050419,0.45,0.45,0.45,0.45,8010
CYT,20050419,0.46,0.47,0.45,0.46,54202
DBS,20050419,0.4,0.4,0.4,0.4,35000
DDT,20050419,0.35,0.35,0.345,0.35,10650
DEG,20050419,0.345,0.35,0.34,0.345,205830
DES,20050419,0.14,0.14,0.14,0.14,365714
DFT,20050419,0.013,0.013,0.012,0.012,993334
DIA,20050419,0.1,0.1,0.09,0.1,160034
DID,20050419,0.041,0.041,0.041,0.041,20506
DIO,20050419,0.072,0.072,0.071,0.071,534528
DJS,20050419,1.84,1.89,1.84,1.875,1864067
DJW,20050419,3.6,3.62,3.59,3.59,42783
DKN,20050419,0.65,0.655,0.625,0.655,50432
DKS,20050419,12.4,12.4,12.4,12.4,2000
DLS,20050419,0.074,0.078,0.074,0.077,404107
DMX,20050419,0.017,0.019,0.017,0.019,1278100
DNL,20050419,0.24,0.26,0.24,0.26,228352
DNS,20050419,0.066,0.066,0.066,0.066,10000
DNX,20050419,0.105,0.12,0.105,0.12,530000
DOM,20050419,0.255,0.27,0.235,0.25,197948
DON,20050419,0.27,0.27,0.27,0.27,14000
DOW,20050419,4.66,4.68,4.56,4.63,715941
DRA,20050419,0.185,0.205,0.185,0.205,2194357
DRD,20050419,0.95,0.95,0.91,0.93,18140
DRK,20050419,0.17,0.17,0.17,0.17,17500
DRT,20050419,1.29,1.29,1.285,1.29,5513224
DTL,20050419,2.9,2.94,2.9,2.9,34600
DUE,20050419,2.37,2.37,2.32,2.35,1601146
DUI,20050419,2.22,2.28,2.22,2.28,5190
DVC,20050419,3.35,3.38,3.34,3.36,2138961
DVN,20050419,0.62,0.66,0.62,0.63,344140
DWY,20050419,0.84,0.84,0.84,0.84,40600
DYL,20050419,0.047,0.053,0.047,0.05,18286007
EBB,20050419,4.75,4.76,4.72,4.72,8800
EBG,20050419,0.18,0.18,0.18,0.18,2700
EBR,20050419,0.091,0.094,0.09,0.093,386317
EBT,20050419,0.18,0.2,0.18,0.195,334211
ECU,20050419,0.083,0.084,0.078,0.078,643000
EDN,20050419,0.26,0.26,0.26,0.26,204
EGL,20050419,0.165,0.18,0.165,0.18,152000
EGO,20050419,0.008,0.009,0.007,0.008,6018200
EIF,20050419,0.037,0.037,0.036,0.036,284000
EIL,20050419,0.135,0.135,0.135,0.135,52500
EIV,20050419,0.085,0.1,0.085,0.1,80000
ELL,20050419,0.041,0.041,0.041,0.041,36668
ELX,20050419,0.185,0.2,0.185,0.2,136960
EMI,20050419,0.22,0.235,0.22,0.235,179000
EMP,20050419,0.425,0.425,0.42,0.42,28445
ENE,20050419,3.69,3.71,3.61,3.71,132443
ENV,20050419,1.105,1.12,1.095,1.12,328586
EOS,20050419,4.35,4.45,4.35,4.45,5396
EPE,20050419,0.12,0.12,0.12,0.12,14000
EPR,20050419,0.09,0.09,0.09,0.09,43000
EPT,20050419,0.58,0.58,0.53,0.555,126030
EQI,20050419,1.03,1.06,1.03,1.06,78285
EQN,20050419,0.46,0.46,0.46,0.46,8333
EQT,20050419,11.8,11.8,11.8,11.8,24238
EQX,20050419,0.17,0.17,0.16,0.16,31944
ERA,20050419,8.5,8.79,8.5,8.6,36636
ERG,20050419,0.285,0.285,0.275,0.275,1623877
ESG,20050419,0.195,0.2,0.185,0.185,258000
ESV,20050419,0.77,0.77,0.77,0.77,25680
ETC,20050419,0.005,0.006,0.004,0.006,3676500
ETE,20050419,0.17,0.17,0.17,0.17,20000
ETR,20050419,1.5,1.59,1.5,1.54,134405
ETT,20050419,0.043,0.05,0.043,0.05,20000
ETW,20050419,0.82,0.88,0.82,0.85,111794
EUG,20050419,0.165,0.165,0.165,0.165,22000
EVM,20050419,0.3,0.33,0.3,0.33,89090
EVZ,20050419,0.062,0.062,0.062,0.062,1000
EWC,20050419,0.042,0.045,0.042,0.042,187862
EXL,20050419,7.25,7.55,7.25,7.4,1052411
EXR,20050419,0.66,0.66,0.63,0.66,70456
EXS,20050419,0.155,0.155,0.15,0.15,87000
EXT,20050419,0.017,0.018,0.017,0.018,2615586
EZE,20050419,0.1,0.1,0.1,0.1,3800
EZL,20050419,1.39,1.43,1.39,1.43,23210
FAN,20050419,3.72,3.78,3.71,3.78,40769
FAR,20050419,0.089,0.095,0.089,0.092,734759
FBU,20050419,6.08,6.11,6.05,6.07,45094
FCL,20050419,2.17,2.21,2.14,2.2,1680985
FCN,20050419,0.425,0.45,0.425,0.44,1090055
FCO,20050419,0.22,0.22,0.22,0.22,31028
FDL,20050419,0.021,0.021,0.021,0.021,170000
FEA,20050419,0.54,0.54,0.52,0.52,223000
FGL,20050419,5.34,5.42,5.34,5.42,8120605
FKP,20050419,3.46,3.48,3.35,3.39,767442
FLK,20050419,0.8,0.8,0.8,0.8,5934
FLT,20050419,14.95,15.25,14.95,15,75211
FLX,20050419,2.78,2.89,2.72,2.75,7835698
FMG,20050419,2.33,2.57,2.33,2.49,257894
FOA,20050419,24.6,24.6,24.05,24.06,3562491
FPA,20050419,2.6,2.62,2.55,2.55,81735
FPF,20050419,0.58,0.58,0.58,0.58,9552
FPG,20050419,0.62,0.62,0.62,0.62,2000
FPH,20050419,2.68,2.7,2.68,2.7,552005
FPS,20050419,0.75,0.78,0.75,0.78,31013
FRR,20050419,0.915,0.92,0.91,0.91,203140
FUN,20050419,1.72,1.785,1.72,1.765,127950
FUS,20050419,0.013,0.013,0.013,0.013,655316
FWD,20050419,7.97,8.24,7.97,8.17,101566
FXJ,20050419,3.99,3.99,3.85,3.87,12628338
GAA,20050419,1.01,1.05,1,1.02,31870
GAN,20050419,1.555,1.565,1.545,1.555,1617549
GAP,20050419,2.01,2.02,2,2.02,54328
GAS,20050419,2.47,2.52,2.47,2.5,189826
GAU,20050419,0.12,0.12,0.12,0.12,30000
GBG,20050419,0.08,0.085,0.078,0.078,2533093
GBP,20050419,0.45,0.47,0.415,0.425,456015
GBR,20050419,0.195,0.195,0.195,0.195,12000
GCA,20050419,0.953,0.953,0.953,0.953,25000
GCH,20050419,1.054,1.054,1.054,1.054,50000
GCL,20050419,3.15,3.21,3.12,3.18,631741
GCR,20050419,0.043,0.045,0.042,0.044,556150
GDA,20050419,0.005,0.005,0.005,0.005,2315025
GDM,20050419,0.395,0.4,0.39,0.4,55220
GDR,20050419,0.175,0.175,0.175,0.175,10000
GDY,20050419,1.38,1.53,1.38,1.44,400961
GFD,20050419,0.68,0.69,0.68,0.69,31750
GGN,20050419,0.355,0.385,0.355,0.375,1657438
GGP,20050419,0.18,0.18,0.18,0.18,55555
GHG,20050419,0.76,0.765,0.76,0.765,19711
GIP,20050419,0.11,0.11,0.11,0.11,38000
GIR,20050419,0.19,0.195,0.19,0.195,60000
GLB,20050419,0.335,0.35,0.33,0.35,182164
GLI,20050419,1.11,1.11,1.09,1.095,142000
GLN,20050419,0.155,0.155,0.155,0.155,10858
GME,20050419,0.17,0.175,0.17,0.175,32180
GMI,20050419,0.97,1,0.97,1,77080
GML,20050419,0.1,0.1,0.095,0.095,86000
GNC,20050419,13,13.65,13,13.4,5968
GNL,20050419,0.07,0.071,0.07,0.07,251000
GNS,20050419,3.79,3.97,3.78,3.97,563949
GOA,20050419,0.095,0.095,0.095,0.095,7066
GOG,20050419,0.19,0.19,0.19,0.19,149000
GOW,20050419,2.69,2.69,2.65,2.65,2200
GPE,20050419,0.099,0.099,0.098,0.098,83200
GPG,20050419,1.79,1.825,1.78,1.8,90033
GPN,20050419,0.016,0.019,0.016,0.019,1350200
GPO,20050419,0.035,0.035,0.032,0.032,93560
GPT,20050419,3.68,3.68,3.65,3.67,4668796
GRD,20050419,1.72,1.78,1.705,1.71,625304
GRN,20050419,0.68,0.68,0.63,0.66,110175
GRO,20050419,1.21,1.21,1.2,1.2,55474
GRR,20050419,1.25,1.265,1.2,1.25,90727
GRY,20050419,0.19,0.2,0.185,0.185,124000
GSA,20050419,1.115,1.12,1.105,1.105,1443028
GSE,20050419,0.03,0.03,0.03,0.03,128000
GSF,20050419,0.35,0.35,0.35,0.35,200
GTG,20050419,0.39,0.4,0.38,0.39,296000
GTM,20050419,0.032,0.034,0.031,0.031,7709193
GTP,20050419,3.57,3.6,3.52,3.58,1045933
GUD,20050419,6,6.13,6,6.11,239086
GUN,20050419,0.23,0.24,0.23,0.235,174500
GVM,20050419,0.025,0.027,0.024,0.027,462013
GWR,20050419,0.245,0.245,0.245,0.245,40200
GWT,20050419,2.75,2.75,2.72,2.74,430433
GZL,20050419,3.1,3.1,3.1,3.1,1000
HAN,20050419,12.01,12.01,12.01,12.01,300
HAO,20050419,0.077,0.078,0.077,0.078,40000
HAV,20050419,0.92,0.99,0.92,0.93,127350
HBL,20050419,0.35,0.35,0.34,0.34,57142
HCC,20050419,1.145,1.15,1.145,1.15,5200
HCY,20050419,0.017,0.017,0.017,0.017,440000
HDF,20050419,2.51,2.52,2.5,2.52,176764
HDN,20050419,0.21,0.21,0.21,0.21,131250
HDR,20050419,1.785,1.82,1.785,1.8,1782776
HER,20050419,0.64,0.64,0.64,0.64,20000
HGL,20050419,0.021,0.021,0.021,0.021,2092
HGO,20050419,0.145,0.15,0.13,0.14,534602
HGR,20050419,0.15,0.15,0.15,0.15,2000
HHL,20050419,6.4,6.53,6.4,6.5,3719
HHM,20050419,0.175,0.175,0.16,0.16,120000
HHV,20050419,0.925,0.93,0.92,0.93,318502
HIB,20050419,1.29,1.29,1.29,1.29,16000
HIC,20050419,0.7,0.72,0.7,0.72,12000
HIG,20050419,0.45,0.45,0.43,0.435,1652878
HIL,20050419,4,4.1,3.98,4.03,171884
HLD,20050419,0.265,0.27,0.26,0.27,73000
HLL,20050419,0.12,0.12,0.12,0.12,6667
HLT,20050419,0.395,0.4,0.395,0.4,86452
HLY,20050419,10.98,10.98,10.8,10.88,223649
HME,20050419,7.12,7.12,7.12,7.12,524
HNG,20050419,1.77,1.77,1.77,1.77,6611
HNR,20050419,0.16,0.16,0.16,0.16,50000
HOM,20050419,0.325,0.325,0.3,0.3,7768
HPX,20050419,1.655,1.69,1.655,1.69,38625
HRD,20050419,0.265,0.265,0.265,0.265,6070
HRR,20050419,0.7,0.725,0.675,0.675,1516468
HSC,20050419,0.295,0.295,0.295,0.295,7000
HSK,20050419,0.36,0.36,0.36,0.36,100000
HSN,20050419,0.37,0.38,0.37,0.375,26000
HSP,20050419,4.52,4.71,4.52,4.6,668712
HST,20050419,1.49,1.49,1.47,1.48,241473
HTA,20050419,0.29,0.3,0.29,0.3,368188
HTE,20050419,0.04,0.04,0.04,0.04,54858
HTW,20050419,0.395,0.4,0.39,0.4,153150
HUG,20050419,0.066,0.066,0.066,0.066,200000
HVN,20050419,2.5,2.55,2.5,2.52,2901804
HWI,20050419,1.6,1.68,1.56,1.68,220112
HWT,20050419,1.38,1.38,1.29,1.38,74997
HYO,20050419,0.073,0.077,0.073,0.073,44617
HZG,20050419,0.135,0.135,0.13,0.13,27500
HZN,20050419,0.115,0.115,0.115,0.115,20000
IAG,20050419,5.8,6.03,5.8,6,1961711
IAT,20050419,0.081,0.09,0.081,0.09,20000
IBA,20050419,0.585,0.6,0.57,0.6,216277
IBC,20050419,0.535,0.535,0.535,0.535,28483
IBT,20050419,1.52,1.595,1.52,1.595,130000
ICC,20050419,0.008,0.009,0.008,0.008,2618000
ICE,20050419,0.018,0.018,0.018,0.018,218750
ICN,20050419,0.032,0.032,0.032,0.032,128126
ICP,20050419,0.065,0.068,0.065,0.068,303223
ICS,20050419,0.35,0.38,0.34,0.34,24000
IEF,20050419,1.12,1.12,1.12,1.12,30000
IFL,20050419,6.65,6.79,6.51,6.79,36903
IFM,20050419,0.47,0.51,0.47,0.49,591997
IGO,20050419,1.33,1.34,1.315,1.34,230525
IGP,20050419,4.22,4.35,4.16,4.35,367537
IGR,20050419,0.074,0.074,0.071,0.072,850000
IHG,20050419,0.028,0.029,0.027,0.029,507250
IIF,20050419,1.99,2.01,1.98,2.01,1301985
IIN,20050419,2.71,2.8,2.7,2.75,653537
ILU,20050419,5.75,5.75,5.6,5.65,1362021
IMA,20050419,0.395,0.4,0.395,0.4,97150
IMD,20050419,0.2,0.2,0.2,0.2,54200
IMF,20050419,0.8,0.8,0.8,0.8,841525
IMH,20050419,0.135,0.135,0.13,0.13,100428
IMI,20050419,0.022,0.024,0.022,0.023,1335000
IML,20050419,0.091,0.091,0.091,0.091,10000
IMP,20050419,0.005,0.005,0.005,0.005,800000
IMU,20050419,0.19,0.19,0.18,0.18,43500
INL,20050419,0.052,0.055,0.051,0.051,370892
INP,20050419,0.54,0.545,0.535,0.54,44191
INT,20050419,0.057,0.06,0.057,0.06,420000
IOC,20050419,3.39,3.49,3.39,3.4,20357
IOF,20050419,1.21,1.215,1.21,1.215,1164294
IPA,20050419,1.13,1.13,1.13,1.13,2000
IPG,20050419,2.05,2.06,2.03,2.06,4249099
IPL,20050419,17.61,17.8,17.61,17.8,1673
IPN,20050419,0.068,0.068,0.068,0.068,14222
IRE,20050419,3.75,3.89,3.74,3.89,574375
IRI,20050419,0.43,0.43,0.43,0.43,246679
IRN,20050419,0.43,0.44,0.43,0.43,192140
ITC,20050419,0.05,0.054,0.05,0.05,440000
ITE,20050419,0.18,0.2,0.18,0.2,618200
ITF,20050419,1.31,1.37,1.31,1.37,5000
IVC,20050419,3.91,4,3.91,4,242958
IVK,20050419,0.018,0.018,0.016,0.016,349745
IWF,20050419,1.955,2.1,1.95,2.05,85686
IWI,20050419,2.38,2.4,2.38,2.4,118713
IWL,20050419,2.66,2.66,2.6,2.6,15563
JAG,20050419,0.15,0.15,0.15,0.15,41058
JAK,20050419,0.17,0.17,0.17,0.17,2000
JBH,20050419,3.38,3.41,3.36,3.39,539941
JBM,20050419,5.32,5.53,5.32,5.45,802188
JET,20050419,0.74,0.74,0.7,0.7,71775
JFM,20050419,1.28,1.295,1.28,1.29,222159
JGL,20050419,0.13,0.13,0.13,0.13,5269
JHX,20050419,5.76,5.83,5.66,5.76,1602048
JMB,20050419,0.33,0.33,0.33,0.33,17647
JML,20050419,0.175,0.18,0.175,0.175,832722
JMS,20050419,0.125,0.135,0.125,0.13,184916
JRL,20050419,0.27,0.31,0.27,0.31,13000
JRV,20050419,0.015,0.018,0.015,0.017,13201834
JST,20050419,2.55,2.6,2.54,2.57,1764625
JUM,20050419,0.045,0.045,0.043,0.044,536058
JVG,20050419,0.14,0.14,0.14,0.14,35000
JYC,20050419,0.6,0.6,0.6,0.6,7000
KAR,20050419,1.17,1.34,1.16,1.3,111133
KBO,20050419,0.06,0.06,0.058,0.058,78000
KCN,20050419,2.07,2.11,2.03,2.09,298261
KDS,20050419,0.65,0.66,0.65,0.66,58849
KGL,20050419,0.375,0.375,0.375,0.375,5000
KIA,20050419,0.11,0.11,0.1,0.105,163000
KIM,20050419,0.99,1.04,0.99,1.025,570501
KKT,20050419,0.81,0.81,0.81,0.81,1048
KLM,20050419,0.21,0.21,0.21,0.21,1000
KME,20050419,1.95,1.95,1.95,1.95,256
KMN,20050419,0.17,0.175,0.16,0.17,4115675
KNH,20050419,0.15,0.16,0.15,0.16,104300
KOV,20050419,4.08,4.1,4.08,4.1,6013
KRS,20050419,0.335,0.34,0.335,0.34,121089
KSC,20050419,3.1,3.18,3.1,3.12,10606
KYC,20050419,1.75,1.78,1.74,1.74,29267
KZL,20050419,1.175,1.22,1.16,1.22,225776
LAF,20050419,0.18,0.19,0.18,0.18,1083219
LAL,20050419,0.075,0.075,0.075,0.075,12072419
LAU,20050419,0.225,0.24,0.225,0.225,129390
LBY,20050419,0.185,0.185,0.185,0.185,2600
LCE,20050419,0.235,0.235,0.235,0.235,1030
LCL,20050419,0.75,0.76,0.75,0.76,30000
LCT,20050419,0.28,0.28,0.255,0.255,17200
LDW,20050419,4.85,4.85,4.85,4.85,500
LEF,20050419,0.14,0.14,0.14,0.14,40000
LEG,20050419,0.09,0.098,0.09,0.091,2402583
LEI,20050419,10,10.15,9.99,10.1,992304
LEP,20050419,1.815,1.82,1.81,1.82,74680
LFE,20050419,0.685,0.74,0.68,0.74,447148
LGD,20050419,0.55,0.55,0.545,0.545,10085
LGO,20050419,0.013,0.013,0.013,0.013,250000
LHG,20050419,1.015,1.02,1.01,1.02,8715112
LIM,20050419,6.33,6.5,6.33,6.44,176397
LIO,20050419,0.007,0.007,0.007,0.007,80000
LIP,20050419,1.56,1.575,1.54,1.55,94693
LKO,20050419,0.026,0.032,0.025,0.031,5712060
LLC,20050419,11.85,11.94,11.76,11.9,1565391
LMC,20050419,2.31,2.31,2.31,2.31,201
LNG,20050419,0.33,0.37,0.33,0.37,47000
LNN,20050419,7.4,7.55,7.39,7.55,1670512
LOK,20050419,1.05,1.05,1.04,1.045,8247
LRF,20050419,0.85,0.86,0.825,0.86,102000
LRX,20050419,0.205,0.21,0.205,0.205,89642
LSG,20050419,1.77,1.82,1.77,1.805,383076
LUM,20050419,0.11,0.11,0.105,0.105,42000
LVL,20050419,0.073,0.077,0.073,0.073,171000
LVR,20050419,0.83,0.85,0.83,0.83,116017
LYC,20050419,0.2,0.21,0.2,0.2,306803
LYL,20050419,1.42,1.46,1.42,1.46,8030
MAA,20050419,0.27,0.28,0.27,0.28,30000
MAG,20050419,1.28,1.28,1.28,1.28,426
MAH,20050419,0.46,0.465,0.455,0.455,151275
MAL,20050419,0.45,0.45,0.45,0.45,286000
MAP,20050419,3.11,3.15,3.11,3.11,7948543
MAQ,20050419,0.12,0.13,0.12,0.13,50000
MAR,20050419,0.14,0.14,0.125,0.125,73600
MAY,20050419,3.67,3.73,3.63,3.73,2183996
MBL,20050419,44.69,45.32,44.65,45.32,1219171
MBN,20050419,0.51,0.51,0.505,0.505,69000
MBP,20050419,0.6,0.635,0.595,0.6,441505
MCC,20050419,6.65,6.77,6.65,6.71,1284526
MCG,20050419,5.78,5.82,5.72,5.75,874640
MCK,20050419,0.8,0.8,0.8,0.8,53077
MCO,20050419,0.15,0.17,0.15,0.16,706580
MCP,20050419,3.1,3.32,3.1,3.19,223578
MCR,20050419,0.7,0.71,0.675,0.675,1267752
MCW,20050419,1.805,1.81,1.8,1.81,1756815
MDE,20050419,0.55,0.55,0.53,0.54,503545
MDL,20050419,0.6,0.6,0.565,0.59,121382
MDM,20050419,0.036,0.036,0.035,0.035,319647
MDS,20050419,0.08,0.085,0.08,0.085,200000
MDT,20050419,1.12,1.12,1.115,1.12,2155332
MDV,20050419,0.125,0.125,0.125,0.125,12000
MEE,20050419,0.04,0.04,0.04,0.04,400000
MEI,20050419,0.25,0.25,0.245,0.245,148000
MEL,20050419,0.24,0.27,0.24,0.27,446000
MEO,20050419,0.11,0.11,0.11,0.11,20000
MEP,20050419,0.395,0.395,0.39,0.39,71975
MFS,20050419,1.23,1.36,1.23,1.32,802851
MFT,20050419,0.905,0.905,0.905,0.905,71034
MGO,20050419,0.15,0.155,0.15,0.155,165000
MGQ,20050419,3.8,3.86,3.8,3.86,2698414
MGR,20050419,4.39,4.39,4.35,4.37,3609631
MGW,20050419,4.13,4.14,4.06,4.07,685271
MGX,20050419,0.64,0.65,0.63,0.63,5907257
MGZ,20050419,0.15,0.15,0.15,0.15,10000
MHL,20050419,0.009,0.009,0.009,0.009,337200
MIC,20050419,0.064,0.066,0.064,0.066,606000
MIG,20050419,3.54,3.6,3.53,3.58,6750939
MIL,20050419,1.15,1.15,1.15,1.15,17340
MIR,20050419,1.5,1.5,1.47,1.48,86738
MIS,20050419,0.53,0.555,0.53,0.545,62832
MLB,20050419,1.27,1.285,1.25,1.27,203172
MLE,20050419,1.75,1.77,1.75,1.76,34500
MLM,20050419,0.195,0.2,0.18,0.2,89000
MLT,20050419,15.47,15.9,15.45,15.45,10674
MMA,20050419,0.995,0.995,0.99,0.99,246079
MML,20050419,0.69,0.715,0.69,0.715,4062
MMN,20050419,0.1,0.115,0.099,0.115,1622122
MMS,20050419,1.6,1.6,1.6,1.6,6000
MMX,20050419,0.285,0.31,0.28,0.31,1082596
MND,20050419,10.34,10.36,10.34,10.35,105418
MOB,20050419,0.13,0.13,0.125,0.13,85108
MOC,20050419,1.05,1.05,1.04,1.04,23600
MOF,20050419,1.245,1.26,1.245,1.26,6467905
MOG,20050419,0.21,0.21,0.2,0.2,149513
MOO,20050419,0.044,0.048,0.043,0.048,1390804
MOS,20050419,0.185,0.19,0.185,0.185,1547314
MPA,20050419,0.11,0.11,0.11,0.11,130000
MPC,20050419,0.01,0.01,0.01,0.01,2500
MPD,20050419,0.13,0.14,0.13,0.14,148000
MPF,20050419,1.055,1.06,1.055,1.06,62650
MPG,20050419,1.025,1.025,0.99,1.01,274885
MPH,20050419,0.64,0.645,0.63,0.64,103584
MPI,20050419,0.057,0.057,0.057,0.057,10000
MPR,20050419,1.075,1.09,1.075,1.09,5327117
MPS,20050419,1.025,1.04,1.025,1.04,86417
MRC,20050419,0.12,0.13,0.12,0.13,26896
MRE,20050419,1.9,1.92,1.875,1.88,2049189
MRL,20050419,0.85,0.86,0.85,0.855,317148
MRM,20050419,0.32,0.32,0.3,0.32,104384
MRT,20050419,0.35,0.35,0.35,0.35,7000
MRX,20050419,0.074,0.075,0.073,0.073,295000
MRY,20050419,0.009,0.009,0.009,0.009,2540000
MSB,20050419,0.47,0.525,0.47,0.525,30000
MSC,20050419,0.076,0.081,0.076,0.078,827822
MSF,20050419,7.5,7.5,7.5,7.5,876
MST,20050419,0.15,0.15,0.135,0.145,933926
MSX,20050419,0.8,0.8,0.8,0.8,10000
MTB,20050419,0.095,0.095,0.085,0.085,517000
MTH,20050419,0.34,0.35,0.34,0.34,45000
MTI,20050419,0.42,0.43,0.42,0.43,10700
MTN,20050419,0.2,0.2,0.2,0.2,47000
MTO,20050419,0.365,0.37,0.365,0.37,64686
MTR,20050419,0.089,0.092,0.089,0.09,415004
MTS,20050419,3.18,3.26,3.18,3.24,4193491
MTU,20050419,0.32,0.385,0.315,0.385,137044
MTX,20050419,0.78,0.82,0.78,0.82,87000
MUL,20050419,0.02,0.02,0.019,0.02,5015530
MUR,20050419,0.094,0.098,0.094,0.095,1246000
MVL,20050419,0.016,0.016,0.016,0.016,51741
MVP,20050419,0.86,0.86,0.86,0.86,12000
MVU,20050419,1.44,1.44,1.39,1.42,55500
MWE,20050419,0.115,0.115,0.115,0.115,26000
MWR,20050419,0.035,0.035,0.035,0.035,150000
MXG,20050419,4.15,4.23,4.11,4.16,1980180
MXI,20050419,0.88,0.88,0.85,0.88,131401
MXL,20050419,0.115,0.12,0.115,0.12,296470
MYO,20050419,1.02,1.06,1.02,1.06,56266
NAB,20050419,28.38,28.82,28.37,28.75,4788947
NAL,20050419,0.38,0.42,0.38,0.4,405240
NAM,20050419,0.57,0.57,0.565,0.565,58700
NAV,20050419,0.13,0.13,0.125,0.125,108689
NBL,20050419,2.55,2.68,2.55,2.68,26816
NCA,20050419,0.395,0.4,0.395,0.4,819783
NCH,20050419,0.25,0.25,0.245,0.245,23146
NCI,20050419,1.4,1.4,1.4,1.4,22901
NCK,20050419,1.7,1.71,1.7,1.7,6984
NCM,20050419,15.75,15.8,15.23,15.59,2878550
NDC,20050419,0.145,0.145,0.14,0.14,247960
NDO,20050419,0.064,0.068,0.058,0.068,2533001
NEC,20050419,0.26,0.29,0.26,0.28,94000
NEM,20050419,5.27,5.31,5.27,5.3,48297
NEO,20050419,0.041,0.046,0.04,0.046,10829404
NEU,20050419,0.25,0.26,0.25,0.26,65750
NFD,20050419,6.35,6.36,6.35,6.36,864851
NHC,20050419,1.23,1.23,1.185,1.185,94164
NHL,20050419,0.29,0.295,0.29,0.295,2232304
NHM,20050419,0.004,0.004,0.004,0.004,5618450
NHR,20050419,0.37,0.37,0.345,0.345,18495953
NIA,20050419,0.17,0.17,0.155,0.155,529745
NKL,20050419,0.15,0.15,0.145,0.145,34484
NKP,20050419,0.79,0.8,0.79,0.8,35000
NLS,20050419,0.097,0.097,0.097,0.097,55000
NLX,20050419,0.3,0.305,0.28,0.285,22490463
NMC,20050419,0.054,0.055,0.053,0.054,605000
NMS,20050419,0.8,0.86,0.795,0.83,67975
NNG,20050419,0.24,0.24,0.24,0.24,135398
NPX,20050419,4.2,4.2,4.2,4.2,6596
NRT,20050419,4.53,4.61,4.53,4.6,102638
NSA,20050419,0.2,0.23,0.2,0.23,23550
NST,20050419,0.095,0.095,0.094,0.094,100000
NSX,20050419,0.75,0.75,0.75,0.75,29000
NTC,20050419,0.15,0.15,0.15,0.15,11700
NTG,20050419,0.048,0.048,0.048,0.048,71791
NUF,20050419,9.48,9.75,9.48,9.74,760055
NVE,20050419,0.29,0.29,0.285,0.285,123681
NWE,20050419,0.11,0.115,0.11,0.115,495109
NWK,20050419,0.205,0.205,0.165,0.2,92001
NWR,20050419,0.26,0.27,0.26,0.27,32000
NWS,20050419,21.58,21.67,21.52,21.66,5937380
NXS,20050419,0.33,0.35,0.33,0.35,500000
NZO,20050419,0.785,0.82,0.77,0.82,47000
OBJ,20050419,0.025,0.027,0.025,0.027,1219855
OCL,20050419,0.98,0.98,0.98,0.98,4000
OCO,20050419,0.011,0.011,0.011,0.011,305000
OEC,20050419,0.099,0.099,0.096,0.096,24913
OEL,20050419,0.21,0.21,0.2,0.21,125000
OEX,20050419,0.24,0.24,0.23,0.235,42117
OFM,20050419,2.06,2.06,2.05,2.05,11968
OGD,20050419,0.6,0.62,0.6,0.61,209687
OHL,20050419,0.05,0.05,0.05,0.05,20445
OIL,20050419,0.365,0.38,0.365,0.375,154349
OKN,20050419,1.6,1.6,1.57,1.6,424005
OMC,20050419,0.64,0.64,0.64,0.64,17500
OMH,20050419,1.01,1.045,1.01,1.01,197130
OMI,20050419,0.52,0.52,0.505,0.52,23650
OMP,20050419,2.53,2.6,2.52,2.59,156118
ONT,20050419,1.03,1.03,1.03,1.03,3000
OPL,20050419,0.535,0.535,0.52,0.52,178447
OPM,20050419,0.004,0.004,0.004,0.004,1796000
ORC,20050419,0.14,0.16,0.14,0.16,50000
ORD,20050419,0.305,0.305,0.305,0.305,20000
ORG,20050419,6.69,6.77,6.67,6.72,4614742
ORI,20050419,17.53,17.53,17.05,17.32,604958
ORL,20050419,2.46,2.5,2.46,2.5,80730
ORO,20050419,0.038,0.038,0.037,0.037,130000
ORP,20050419,0.022,0.022,0.021,0.022,1287000
ORT,20050419,0.07,0.075,0.07,0.075,510000
OSH,20050419,2.22,2.32,2.21,2.32,14665947
OST,20050419,2.35,2.38,2.34,2.37,1469563
OTL,20050419,0.415,0.415,0.4,0.4,463100
OTT,20050419,0.395,0.395,0.39,0.39,16214
OXR,20050419,0.915,0.93,0.91,0.92,12653887
PAA,20050419,0.175,0.185,0.175,0.185,108821
PAD,20050419,0.05,0.05,0.05,0.05,1994
PBB,20050419,2.21,2.34,2.21,2.34,347432
PBD,20050419,1.345,1.35,1.34,1.34,86028
PBG,20050419,2.4,2.42,2.35,2.38,1387819
PBI,20050419,0.31,0.31,0.31,0.31,32000
PBL,20050419,14.29,14.6,14.26,14.59,1959028
PBO,20050419,0.175,0.175,0.16,0.16,283746
PBT,20050419,0.17,0.17,0.16,0.165,468716
PCE,20050419,0.03,0.03,0.03,0.03,51039
PCG,20050419,0.495,0.51,0.495,0.51,81602
PCL,20050419,0.07,0.07,0.069,0.069,330455
PCP,20050419,0.08,0.08,0.08,0.08,20000
PDG,20050419,18.6,18.9,18.6,18.81,5531
PDN,20050419,0.79,0.8,0.75,0.75,1432689
PEL,20050419,0.05,0.05,0.05,0.05,350000
PEM,20050419,0.815,0.83,0.815,0.83,148042
PEN,20050419,0.012,0.012,0.012,0.012,364285
PEO,20050419,0.15,0.155,0.15,0.15,454500
PEP,20050419,0.39,0.42,0.39,0.42,16000
PET,20050419,0.975,0.99,0.975,0.99,38800
PGA,20050419,3.1,3.1,3.09,3.09,1000
PGL,20050419,2.9,3.4,2.9,3.35,207079
PGN,20050419,0.79,0.79,0.79,0.79,3000
PGS,20050419,0.17,0.19,0.17,0.175,193000
PHL,20050419,0.049,0.049,0.049,0.049,120000
PIE,20050419,0.026,0.027,0.026,0.026,2099462
PIF,20050419,1.42,1.515,1.42,1.515,1026116
PIO,20050419,0.195,0.195,0.19,0.19,50000
PKT,20050419,0.006,0.006,0.006,0.006,400000
PLA,20050419,0.145,0.15,0.14,0.145,339000
PLF,20050419,1.11,1.18,1.11,1.16,88651
PLT,20050419,0.17,0.18,0.17,0.175,100000
PMA,20050419,0.135,0.135,0.12,0.12,204200
PMC,20050419,1.87,1.95,1.85,1.95,93454
PME,20050419,1.03,1.05,0.99,0.99,93743
PMM,20050419,3.88,3.9,3.88,3.88,1265443
PMN,20050419,4.92,5.06,4.92,5.03,3268356
PMP,20050419,1.85,1.855,1.85,1.855,634694
PMV,20050419,4.04,4.06,4.04,4.05,20000
PNA,20050419,0.24,0.245,0.235,0.24,4866691
PNN,20050419,0.145,0.165,0.13,0.14,918000
PNO,20050419,0.036,0.038,0.035,0.035,816455
POH,20050419,0.315,0.32,0.31,0.32,304180
PPC,20050419,1.4,1.41,1.38,1.4,158100
PPD,20050419,0.255,0.285,0.255,0.285,26810
PPK,20050419,0.87,0.885,0.86,0.885,48900
PPN,20050419,0.26,0.26,0.24,0.24,22500
PPP,20050419,0.11,0.11,0.11,0.11,88618
PPR,20050419,1.78,1.78,1.77,1.77,7500
PPT,20050419,53.58,56.2,53.58,56.2,66339
PPX,20050419,3.71,3.72,3.63,3.68,5232662
PPY,20050419,0.19,0.19,0.185,0.185,146000
PRE,20050419,0.048,0.049,0.046,0.048,2273569
PRG,20050419,3.25,3.36,3.2,3.36,139883
PRK,20050419,5.6,5.65,5.58,5.62,2869761
PRM,20050419,0.035,0.045,0.035,0.045,12933
PRR,20050419,0.105,0.105,0.1,0.1,331000
PRT,20050419,2.99,3,2.99,3,21965
PRV,20050419,0.93,0.955,0.93,0.955,266975
PRY,20050419,8.2,8.44,8.2,8.37,170873
PSA,20050419,1.06,1.08,1.05,1.05,351786
PSD,20050419,0.7,0.725,0.7,0.725,188589
PSG,20050419,0.06,0.065,0.054,0.065,221042
PSR,20050419,0.015,0.017,0.015,0.016,1093000
PSV,20050419,0.26,0.275,0.255,0.265,5902067
PSX,20050419,0.205,0.21,0.205,0.205,98150
PTD,20050419,1.37,1.505,1.37,1.5,1710114
PTR,20050419,0.25,0.255,0.25,0.25,31000
PVE,20050419,1,1,0.98,0.98,89650
PWR,20050419,0.245,0.245,0.24,0.24,56167
PWT,20050419,1.2,1.21,1.14,1.18,150246
PXS,20050419,1.3,1.31,1.25,1.25,169682
PYC,20050419,0.21,0.21,0.205,0.21,80000
QAD,20050419,0.047,0.047,0.047,0.047,46100
QAN,20050419,3.34,3.35,3.32,3.33,9213270
QBE,20050419,14.51,14.75,14.51,14.7,1564495
QCH,20050419,4.62,4.7,4.62,4.7,10501
QED,20050419,0.05,0.052,0.05,0.052,1189300
QGC,20050419,0.4,0.42,0.4,0.405,509240
QMG,20050419,0.4,0.4,0.38,0.38,60000
QPX,20050419,0.096,0.105,0.096,0.1,130000
QRS,20050419,0.09,0.098,0.09,0.093,907234
QST,20050419,0.43,0.47,0.43,0.47,6500
QTM,20050419,0.17,0.175,0.17,0.175,35011
QUR,20050419,0.02,0.02,0.02,0.02,80000
QXQ,20050419,0.02,0.02,0.02,0.02,21112
RAT,20050419,1.095,1.1,1.07,1.07,46000
RAU,20050419,0.125,0.125,0.125,0.125,837
RBS,20050419,8.41,8.85,8.41,8.85,1763
RBY,20050419,0.022,0.023,0.02,0.02,2185720
RCD,20050419,5.18,5.2,5.15,5.17,623075
RCG,20050419,0.3,0.3,0.3,0.3,58000
RCL,20050419,2.86,2.89,2.84,2.84,133262
RCM,20050419,0.053,0.053,0.053,0.053,6884
RCR,20050419,0.715,0.72,0.71,0.72,71200
RDF,20050419,3.51,3.56,3.51,3.56,39318
RDM,20050419,0.26,0.28,0.26,0.28,104931
REA,20050419,1.4,1.46,1.4,1.41,7810
REB,20050419,2.52,2.6,2.52,2.57,23682
RED,20050419,0.095,0.1,0.095,0.1,315030
REH,20050419,12.2,12.33,12.2,12.25,1123
REL,20050419,0.14,0.15,0.14,0.145,300963
RFS,20050419,0.15,0.15,0.15,0.15,3500
RHC,20050419,7.5,7.75,7.44,7.7,1470480
RHD,20050419,0.72,0.75,0.715,0.72,155060
RHL,20050419,4.3,4.3,4.3,4.3,2000
RHT,20050419,0.17,0.185,0.17,0.18,372000
RIC,20050419,1.245,1.27,1.235,1.25,629366
RIM,20050419,0.023,0.023,0.021,0.021,520619
RIN,20050419,11.1,11.35,11,11.25,4027516
RIO,20050419,43.02,43.46,43.02,43.46,4584614
RIV,20050419,0.475,0.48,0.475,0.475,272314
RKN,20050419,0.74,0.78,0.74,0.77,311200
RMD,20050419,7.73,7.75,7.67,7.75,1028765
RMG,20050419,0.023,0.024,0.022,0.022,611215
RMI,20050419,0.093,0.098,0.091,0.092,1184836
RML,20050419,0.225,0.23,0.22,0.23,145380
RMS,20050419,0.11,0.11,0.105,0.105,133000
RND,20050419,0.25,0.25,0.25,0.25,13000
RNG,20050419,0.105,0.105,0.091,0.105,158082
ROC,20050419,1.69,1.745,1.68,1.745,389477
RPC,20050419,0.395,0.4,0.39,0.4,82000
RPM,20050419,0.067,0.067,0.06,0.06,339758
RPT,20050419,0.025,0.027,0.025,0.027,443997
RRL,20050419,0.094,0.094,0.09,0.092,312000
RRS,20050419,0.022,0.022,0.021,0.022,4468840
RRT,20050419,0.84,0.84,0.84,0.84,68000
RSG,20050419,1.24,1.24,1.185,1.2,156684
RSN,20050419,0.092,0.092,0.091,0.091,120000
RSP,20050419,1.04,1.1,1.04,1.1,56935
RTL,20050419,0.32,0.32,0.29,0.31,123000
RTM,20050419,0.071,0.076,0.071,0.074,4915692
RUP,20050419,9.65,9.8,9.65,9.8,36349
RWD,20050419,0.13,0.13,0.13,0.13,43100
RXL,20050419,0.12,0.12,0.12,0.12,80000
SAI,20050419,2.2,2.23,2.2,2.23,32150
SAQ,20050419,5.38,5.38,5.35,5.38,2290
SBC,20050419,12.9,12.9,12.61,12.73,81695
SBL,20050419,0.091,0.091,0.091,0.091,7600
SBM,20050419,0.095,0.105,0.095,0.105,3591211
SBP,20050419,0.1,0.11,0.1,0.11,60000
SBS,20050419,0.045,0.045,0.045,0.045,10000
SCF,20050419,111.4,111.6,111.3,111.3,1350
SCV,20050419,1.11,1.11,1.1,1.1,52003
SDG,20050419,1.64,1.86,1.64,1.79,504567
SDI,20050419,1.05,1.07,1.035,1.035,1051058
SDL,20050419,0.015,0.016,0.015,0.016,516328
SDS,20050419,0.64,0.65,0.64,0.65,65000
SED,20050419,0.185,0.21,0.185,0.21,128605
SEE,20050419,0.066,0.066,0.066,0.066,132300
SEK,20050419,2.15,2.34,2.13,2.3,29678770
SEL,20050419,1.95,1.95,1.9,1.9,21776
SEM,20050419,4.18,4.2,4.18,4.19,533786
SEN,20050419,0.3,0.31,0.3,0.3,1030301
SEV,20050419,7.21,7.45,7.21,7.4,377566
SFC,20050419,7.76,7.78,7.75,7.76,7371
SFE,20050419,8.96,8.99,8.86,8.9,574202
SFY,20050419,39.5,39.5,39.5,39.5,166
SGB,20050419,23.55,23.92,23.45,23.86,965931
SGL,20050419,0.81,0.83,0.81,0.83,387485
SGN,20050419,2.86,2.95,2.86,2.92,81263
SGP,20050419,5.74,5.74,5.7,5.74,12193957
SGS,20050419,1.02,1.035,0.98,0.98,56445
SGT,20050419,1.97,1.995,1.97,1.995,3136059
SGX,20050419,1.57,1.62,1.57,1.61,225651
SHG,20050419,0.53,0.55,0.53,0.54,35000
SHL,20050419,11.89,12.03,11.87,12,468502
SHN,20050419,0.071,0.077,0.07,0.077,1004033
SHV,20050419,8.5,8.75,8.5,8.75,14597
SIB,20050419,0.08,0.083,0.08,0.08,192358
SIE,20050419,0.045,0.046,0.045,0.046,37666
SIG,20050419,8.16,8.4,8.16,8.25,423903
SIM,20050419,0.18,0.195,0.18,0.195,64141
SKC,20050419,4.4,4.44,4.39,4.4,652608
SKE,20050419,2.41,2.42,2.39,2.42,84114
SKG,20050419,0.855,0.965,0.855,0.965,16188
SKR,20050419,0.03,0.035,0.03,0.035,1465000
SKW,20050419,0.185,0.185,0.18,0.18,1262156
SLA,20050419,0.17,0.185,0.17,0.185,103000
SLF,20050419,17.1,17.1,17.06,17.06,933
SLM,20050419,5.65,5.87,5.65,5.85,313052
SLT,20050419,0.47,0.47,0.465,0.465,5552
SLV,20050419,0.475,0.475,0.46,0.46,240000
SLX,20050419,0.9,0.9,0.9,0.9,14525
SMC,20050419,0.088,0.088,0.087,0.087,122283
SML,20050419,0.072,0.079,0.062,0.079,511111
SMM,20050419,0.275,0.28,0.265,0.27,169433
SMO,20050419,0.081,0.082,0.081,0.082,160000
SMS,20050419,15.6,16,15.6,16,236099
SMX,20050419,1.65,1.68,1.605,1.68,117968
SMY,20050419,0.85,0.86,0.84,0.84,405100
SNF,20050419,0.47,0.47,0.46,0.46,88000
SNN,20050419,0.215,0.23,0.215,0.22,172460
SOE,20050419,0.21,0.225,0.21,0.22,752401
SOL,20050419,9.4,9.6,9.36,9.38,39659
SOO,20050419,0.31,0.32,0.31,0.32,43500
SOT,20050419,1.76,1.82,1.76,1.82,34087
SPD,20050419,0.21,0.25,0.21,0.25,46667
SPH,20050419,0.69,0.69,0.69,0.69,10000
SPL,20050419,0.63,0.65,0.63,0.635,41500
SPT,20050419,4.8,5.08,4.75,4.96,341085
SRA,20050419,0.074,0.081,0.073,0.081,730637
SRI,20050419,0.075,0.075,0.075,0.075,168430
SRL,20050419,1.7,1.71,1.665,1.675,129520
SRP,20050419,4.14,4.18,4.13,4.18,5300156
SRX,20050419,1.22,1.67,1.22,1.65,74483
SSH,20050419,0.02,0.02,0.019,0.019,151500
SSN,20050419,0.34,0.36,0.34,0.36,194409
SSS,20050419,1.255,1.255,1.24,1.25,6446
SSX,20050419,1.255,1.27,1.24,1.255,1013581
STI,20050419,0.3,0.31,0.285,0.29,165000
STO,20050419,8.86,9.04,8.8,9.04,2694539
STP,20050419,0.039,0.039,0.039,0.039,229469
STR,20050419,0.215,0.215,0.2,0.2,85000
STS,20050419,0.6,0.61,0.6,0.61,24396
STU,20050419,1,1.01,0.98,1,102350
STW,20050419,40.6,40.91,40.6,40.91,70267
STX,20050419,0.13,0.13,0.125,0.13,175000
SUL,20050419,2.75,2.9,2.75,2.85,95584
SUN,20050419,19.2,19.7,19.2,19.6,1409451
SUR,20050419,0.225,0.225,0.225,0.225,15000
SVS,20050419,0.84,0.84,0.84,0.84,1334
SXC,20050419,0.012,0.012,0.012,0.012,45995
SYG,20050419,0.008,0.009,0.008,0.009,836909
SYL,20050419,4.2,4.2,4.2,4.2,120
SYM,20050419,1.475,1.5,1.475,1.5,34492
SYN,20050419,0.72,0.75,0.72,0.75,130000
SYP,20050419,0.081,0.1,0.08,0.08,200000
TAA,20050419,0.026,0.026,0.024,0.024,1000000
TAG,20050419,0.24,0.24,0.24,0.24,10880
TAH,20050419,15.5,15.64,15.49,15.52,2135721
TAM,20050419,0.094,0.1,0.094,0.099,231000
TAP,20050419,1.85,1.865,1.83,1.86,868967
TAS,20050419,0.14,0.145,0.14,0.14,118301
TAW,20050419,0.91,0.96,0.88,0.96,219040
TBC,20050419,0.325,0.33,0.315,0.325,776700
TBR,20050419,0.475,0.475,0.475,0.475,10000
TCI,20050419,1.21,1.3,1.21,1.3,214750
TCL,20050419,7.3,7.49,7.24,7.26,2631649
TCN,20050419,0.056,0.057,0.054,0.054,722066
TCQ,20050419,1,1.01,1,1.01,32060
TEA,20050419,0.07,0.071,0.069,0.07,876000
TEE,20050419,0.025,0.025,0.025,0.025,200000
TEL,20050419,5.63,5.64,5.53,5.58,2740749
TEN,20050419,3.38,3.4,3.35,3.35,1368951
TFC,20050419,0.295,0.3,0.295,0.3,21500
TFE,20050419,0.2,0.2,0.185,0.2,255000
TGD,20050419,0.1,0.1,0.094,0.094,60094
TGG,20050419,1.22,1.23,1.21,1.23,131633
TGR,20050419,0.87,0.87,0.85,0.85,40000
TGS,20050419,0.19,0.21,0.19,0.2,270443
THG,20050419,0.74,0.745,0.74,0.745,196725
THK,20050419,1,1,0.97,0.98,94319
THX,20050419,0.25,0.3,0.25,0.26,110196
TIF,20050419,0.45,0.45,0.45,0.45,108995
TIM,20050419,1.875,1.96,1.875,1.925,903564
TIR,20050419,0.073,0.075,0.067,0.068,3830044
TIS,20050419,0.76,0.76,0.75,0.75,11393
TKL,20050419,0.18,0.18,0.18,0.18,500000
TKR,20050419,1.26,1.26,1.22,1.22,10630
TLS,20050419,5,5.02,4.98,5.02,22530869
TLT,20050419,0.95,0.95,0.95,0.95,700
TMO,20050419,0.59,0.645,0.59,0.595,202050
TMS,20050419,0.038,0.039,0.038,0.038,731654
TNE,20050419,0.56,0.595,0.56,0.585,276971
TNG,20050419,0.125,0.13,0.125,0.13,349717
TNS,20050419,3.4,3.4,3.4,3.4,55400
TOL,20050419,13.23,13.5,13.23,13.4,1126039
TOX,20050419,0.023,0.024,0.023,0.024,601615
TPX,20050419,5.25,5.25,5.12,5.12,4000
TRG,20050419,10.8,11.4,10.8,11.4,12963
TRS,20050419,2.58,2.83,2.58,2.65,131967
TRU,20050419,9,9.05,9,9.05,6200
TRY,20050419,2.55,2.77,2.55,2.55,34500
TSE,20050419,6.78,6.8,6.66,6.76,347161
TSH,20050419,0.32,0.32,0.32,0.32,1455000
TSO,20050419,1.97,1.97,1.965,1.97,249550
TSR,20050419,0.115,0.15,0.095,0.15,54000
TSV,20050419,0.082,0.082,0.082,0.082,22276
TTI,20050419,0.21,0.21,0.2,0.2,219562
TTR,20050419,0.195,0.22,0.195,0.22,132100
TTT,20050419,0.62,0.62,0.6,0.6,88588
TVL,20050419,0.13,0.13,0.12,0.12,20000
TWD,20050419,1.43,1.43,1.35,1.35,4675
TWO,20050419,1.47,1.48,1.46,1.46,54893
TWR,20050419,1.65,1.68,1.65,1.68,2157398
TYC,20050419,0.59,0.61,0.58,0.595,391559
TZL,20050419,0.48,0.5,0.48,0.5,119862
TZN,20050419,0.215,0.225,0.205,0.205,93000
UCL,20050419,0.028,0.029,0.028,0.029,51000
UCM,20050419,1.35,1.36,1.35,1.36,96800
UCW,20050419,0.9,0.9,0.855,0.855,33140
UGL,20050419,7.7,7.97,7.7,7.9,275230
UKD,20050419,0.135,0.135,0.135,0.135,10000
UNI,20050419,0.62,0.63,0.605,0.63,54350
UNW,20050419,0.48,0.48,0.45,0.45,509793
UOS,20050419,1.28,1.28,1.27,1.27,15971
URL,20050419,0.15,0.15,0.145,0.15,388950
UTB,20050419,12.45,12.65,12.36,12.55,518033
UXC,20050419,0.75,0.775,0.75,0.765,103190
VBA,20050419,1.7,1.725,1.7,1.71,447257
VCM,20050419,1.77,1.77,1.76,1.76,20055
VCR,20050419,0.75,0.8,0.74,0.8,1803500
VGH,20050419,3.1,3.14,3.1,3.14,18900
VGL,20050419,1.245,1.25,1.235,1.24,202500
VGP,20050419,1.01,1.04,1,1.04,260700
VHL,20050419,0.3,0.33,0.3,0.33,76163
VIA,20050419,0.056,0.056,0.056,0.056,20000
VKI,20050419,0.38,0.38,0.38,0.38,10472
VLL,20050419,1.42,1.48,1.395,1.4,1586590
VOY,20050419,0.235,0.235,0.235,0.235,100000
VPE,20050419,0.036,0.036,0.034,0.034,9018960
VPG,20050419,1.24,1.245,1.235,1.24,1501792
VRE,20050419,0.235,0.235,0.225,0.225,18916
VRI,20050419,0.12,0.15,0.12,0.15,238102
VRL,20050419,2.57,2.62,2.57,2.6,187796
VSG,20050419,0.032,0.032,0.03,0.032,428125
VSL,20050419,1.105,1.13,1.105,1.12,291283
VTI,20050419,0.59,0.595,0.59,0.595,55000
VTP,20050419,1,1,0.99,0.99,120250
VTR,20050419,1.01,1.01,1,1,50000
VWD,20050419,1.43,1.48,1.43,1.48,48923
VXS,20050419,0.04,0.058,0.036,0.058,24000
WAB,20050419,0.98,0.98,0.98,0.98,29070
WAG,20050419,0.105,0.105,0.1,0.1,228784
WAL,20050419,0.145,0.145,0.145,0.145,7000
WAM,20050419,1.45,1.49,1.45,1.49,31505
WAN,20050419,7.98,8.27,7.94,8.03,314831
WAS,20050419,0.027,0.027,0.027,0.027,270000
WAT,20050419,3.6,3.6,3.5,3.5,9000
WBA,20050419,0.75,0.79,0.74,0.74,58298
WBB,20050419,6.8,6.8,6.8,6.8,750
WBC,20050419,18.6,18.75,18.49,18.74,3324654
WCG,20050419,1.3,1.3,1.3,1.3,6500
WDC,20050419,15.84,15.94,15.8,15.89,3885784
WEB,20050419,0.125,0.125,0.12,0.12,137666
WES,20050419,38.3,38.6,38.13,38.4,657214
WEZ,20050419,0.14,0.14,0.14,0.14,121377
WFL,20050419,2.45,2.49,2.45,2.49,18430
WGP,20050419,0.17,0.17,0.17,0.17,80000
WHF,20050419,3.26,3.26,3.25,3.25,4035
WHS,20050419,3.45,3.5,3.45,3.5,10585
WIL,20050419,0.94,0.945,0.94,0.945,145656
WLS,20050419,0.935,0.945,0.935,0.945,78000
WMR,20050419,7.86,7.86,7.83,7.86,15818098
WNZ,20050419,5.64,5.64,5.63,5.63,2000
WOR,20050419,6.3,6.52,6.28,6.5,2284896
WOW,20050419,15.37,15.57,15.24,15.36,3319029
WPL,20050419,23.84,24.6,23.69,24.5,1618068
WSA,20050419,1.59,1.64,1.59,1.64,75487
WSS,20050419,0.092,0.092,0.092,0.092,19000
WSY,20050419,0.031,0.031,0.031,0.031,5000
WTE,20050419,0.043,0.044,0.042,0.044,1646836
WTP,20050419,0.93,0.98,0.9,0.98,234561
WWA,20050419,0.86,0.9,0.86,0.9,25000
WWM,20050419,0.034,0.034,0.034,0.034,100000
WYL,20050419,2.7,2.72,2.65,2.65,279381
XAN,20050419,0.023,0.024,0.022,0.022,1329108
XAO,20050419,3944.1,3996.4,3944.1,3996.4,0
XBL,20050419,0.15,0.15,0.145,0.15,165080
XDJ,20050419,21.28,21.59,21.28,21.56,0
XEJ,20050419,77.46,79.84,77.46,79.84,0
XEN,20050419,0.062,0.062,0.06,0.06,300000
XFJ,20050419,47.15,47.76,47.15,47.76,0
XFL,20050419,3917.3,3968.2,3917.3,3968.2,0
XHJ,20050419,46.22,47.43,46.21,47.43,0
XIJ,20050419,3.53,3.58,3.53,3.56,0
XJO,20050419,39.68,40.21,39.68,40.21,0
XKO,20050419,39.65,40.18,39.65,40.18,0
XMD,20050419,3860.5,3914.8,3860.5,3914.8,0
XMJ,20050419,67.43,68.11,67.37,68.11,0
XNJ,20050419,48.45,49.27,48.45,49.16,0
XPJ,20050419,17.18,17.38,17.18,17.37,0
XSJ,20050419,53.87,54.51,53.87,54.44,0
XSO,20050419,2195.9,2231.2,2195.9,2231.2,0
XTJ,20050419,17.81,17.87,17.73,17.84,0
XTL,20050419,2145.1,2170.3,2145.1,2170.3,0
XTO,20050419,3229.1,3271.5,3229.1,3271.5,0
XUJ,20050419,46.42,46.98,46.42,46.95,0
XXJ,20050419,47.75,48.39,47.75,48.39,0
YAM,20050419,0.007,0.008,0.007,0.008,1000000
YGL,20050419,0.021,0.022,0.02,0.022,657000
ZBB,20050419,0.33,0.335,0.31,0.335,72344
ZFX,20050419,2.91,2.97,2.91,2.93,4703266
ZIM,20050419,3.11,3.11,3.1,3.1,3000
ZYL,20050419,0.004,0.005,0.004,0.004,2594366
