AAC,20050523,1.41,1.42,1.4,1.42,221423
AAE,20050523,0.21,0.21,0.21,0.21,2500
AAM,20050523,0.23,0.23,0.22,0.23,68197
AAR,20050523,0.023,0.024,0.02,0.024,4664642
AAT,20050523,0.165,0.165,0.165,0.165,10263
AAU,20050523,0.72,0.75,0.72,0.75,89729
ABB,20050523,5.82,6.05,5.8,6,27320
ABC,20050523,1.65,1.67,1.64,1.65,760970
ABI,20050523,0.13,0.135,0.13,0.13,263953
ABK,20050523,0.125,0.125,0.125,0.125,8000
ABP,20050523,1.315,1.325,1.315,1.325,71140
ABQ,20050523,0.27,0.275,0.27,0.275,22824
ABS,20050523,5.32,5.44,5.24,5.38,431619
ACL,20050523,0.55,0.56,0.55,0.56,9500
ACR,20050523,0.62,0.635,0.56,0.56,185264
ACU,20050523,0.135,0.14,0.135,0.135,73650
ADA,20050523,0.29,0.29,0.29,0.29,37241
ADB,20050523,10.74,10.81,10.71,10.77,179668
ADG,20050523,3.59,3.61,3.59,3.6,21258
ADI,20050523,0.22,0.22,0.215,0.215,100000
ADL,20050523,0.115,0.115,0.11,0.11,10000
ADN,20050523,0.23,0.24,0.23,0.24,42500
ADS,20050523,0.06,0.06,0.05,0.05,300000
ADU,20050523,0.4,0.4,0.4,0.4,50000
ADX,20050523,0.13,0.13,0.12,0.12,54565
ADY,20050523,0.13,0.13,0.125,0.125,1616000
ADZ,20050523,1.88,1.945,1.88,1.93,770766
AEC,20050523,1.85,1.86,1.85,1.86,11800
AED,20050523,0.585,0.585,0.56,0.58,36000
AEF,20050523,16.35,16.4,16.35,16.4,265
AEI,20050523,0.54,0.54,0.54,0.54,1285
AEO,20050523,1.73,1.75,1.73,1.74,154047
AET,20050523,0.26,0.26,0.25,0.25,34000
AEU,20050523,1.41,1.45,1.41,1.45,24103
AEX,20050523,0.038,0.04,0.038,0.039,1211683
AFC,20050523,0.74,0.74,0.72,0.73,10850
AFI,20050523,3.61,3.68,3.6,3.64,209246
AFL,20050523,0.65,0.65,0.595,0.595,8699
AFS,20050523,0.09,0.09,0.09,0.09,293219
AFT,20050523,0.015,0.015,0.013,0.013,933500
AGC,20050523,1.27,1.27,1.26,1.27,57230
AGG,20050523,8.28,8.31,8.28,8.31,6490
AGI,20050523,0.63,0.63,0.6,0.625,226567
AGL,20050523,13.51,13.62,13.45,13.5,599157
AGM,20050523,0.135,0.135,0.13,0.13,1184197
AGO,20050523,0.22,0.22,0.22,0.22,25000
AGS,20050523,0.053,0.057,0.053,0.057,510000
AGX,20050523,0.355,0.355,0.35,0.355,31050
AGY,20050523,0.04,0.04,0.04,0.04,50000
AGZ,20050523,0.21,0.225,0.21,0.225,50700
AHD,20050523,3.99,3.99,3.95,3.96,57737
AHG,20050523,0.078,0.079,0.078,0.079,109094
AHS,20050523,1.16,1.17,1.16,1.165,196600
AHU,20050523,3.55,3.6,3.55,3.55,1150
AIA,20050523,2.01,2.05,2.01,2.05,348988
AIE,20050523,0.16,0.16,0.16,0.16,67000
AII,20050523,0.21,0.21,0.21,0.21,10000
AIX,20050523,2.38,2.48,2.38,2.48,1095653
AIZ,20050523,1.36,1.375,1.36,1.375,337629
ALD,20050523,0.225,0.225,0.22,0.22,125000
ALE,20050523,0.049,0.049,0.049,0.049,190000
ALK,20050523,0.16,0.16,0.16,0.16,145715
ALL,20050523,10.18,10.67,10.1,10.6,969270
ALN,20050523,9.83,9.83,9.58,9.69,942169
ALS,20050523,6.9,7,6.9,6.96,110878
ALT,20050523,0.05,0.051,0.05,0.051,25000
ALU,20050523,0.25,0.25,0.25,0.25,9800
ALW,20050523,0.37,0.375,0.37,0.375,50000
ALZ,20050523,1.45,1.485,1.445,1.48,1608472
AMB,20050523,0.5,0.5,0.5,0.5,49290
AMC,20050523,6.76,6.88,6.74,6.84,3039751
AMG,20050523,0.031,0.031,0.031,0.031,160000
AMH,20050523,0.465,0.465,0.46,0.46,92000
AML,20050523,0.44,0.465,0.44,0.465,92075
AMM,20050523,0.16,0.16,0.155,0.155,375286
AMO,20050523,0.85,0.85,0.85,0.85,2000
AMP,20050523,6.68,6.72,6.63,6.68,6054134
AMU,20050523,0.65,0.65,0.645,0.65,54300
ANC,20050523,8.71,8.71,8.71,8.71,100
AND,20050523,0.105,0.105,0.1,0.1,516407
ANE,20050523,3.45,3.45,3.42,3.42,43100
ANM,20050523,0.011,0.011,0.01,0.01,2781203
ANN,20050523,9.25,9.43,9.25,9.4,267538
ANO,20050523,0.14,0.14,0.099,0.12,652994
ANP,20050523,0.042,0.044,0.041,0.042,137576
ANX,20050523,0.37,0.37,0.37,0.37,30742
ANZ,20050523,21.84,21.97,21.76,21.85,3938159
AOE,20050523,0.335,0.335,0.315,0.32,153510
APA,20050523,3.59,3.62,3.59,3.62,71836
APE,20050523,7.5,7.5,7.5,7.5,1851
APG,20050523,0.041,0.041,0.037,0.037,802884
API,20050523,2.87,2.92,2.86,2.9,175267
APN,20050523,4.84,4.94,4.83,4.88,873469
APR,20050523,2.03,2.03,2.03,2.03,500
APV,20050523,0.25,0.25,0.25,0.25,10000
APZ,20050523,0.19,0.19,0.19,0.19,909751
AQA,20050523,2.15,2.15,2.15,2.15,1784
AQD,20050523,0.11,0.12,0.11,0.12,54795
AQP,20050523,6.43,6.52,6.4,6.4,73611
ARA,20050523,0.32,0.32,0.32,0.32,5459
ARE,20050523,0.235,0.245,0.235,0.24,70000
ARG,20050523,5.5,5.51,5.45,5.5,83991
ARM,20050523,0.275,0.275,0.275,0.275,100000
ARO,20050523,0.032,0.032,0.032,0.032,50000
ARP,20050523,3.2,3.25,3.18,3.18,76920
ARQ,20050523,1.63,1.71,1.63,1.7,276302
ARW,20050523,0.91,0.91,0.89,0.89,27090
ARX,20050523,0.046,0.046,0.046,0.046,67100
ARZ,20050523,0.32,0.32,0.32,0.32,1600
ASB,20050523,1.66,1.77,1.66,1.73,111952
ASC,20050523,0.041,0.042,0.041,0.041,90575
ASL,20050523,0.695,0.72,0.685,0.72,24454
ASU,20050523,0.017,0.017,0.017,0.017,520000
ASV,20050523,0.085,0.085,0.076,0.084,110240
ASX,20050523,21,21.37,20.95,21.17,203881
ATG,20050523,0.79,0.79,0.755,0.755,51900
ATP,20050523,0.205,0.205,0.2,0.2,71716
ATX,20050523,0.048,0.05,0.047,0.05,214000
ATZ,20050523,0.16,0.16,0.16,0.16,650
AUH,20050523,0.055,0.055,0.055,0.055,110000
AUL,20050523,0.017,0.017,0.017,0.017,2208470
AUM,20050523,0.025,0.025,0.024,0.024,160000
AUN,20050523,0.835,0.845,0.835,0.845,49767
AUO,20050523,1.35,1.395,1.35,1.375,77075
AUS,20050523,0.84,0.84,0.84,0.84,25400
AUT,20050523,0.28,0.28,0.27,0.27,46720
AUW,20050523,0.98,0.98,0.97,0.975,227356
AUX,20050523,0.04,0.04,0.039,0.04,479960
AVA,20050523,0.047,0.047,0.047,0.047,175340
AVE,20050523,1.385,1.385,1.38,1.38,40900
AVJ,20050523,1.34,1.43,1.34,1.43,173613
AVM,20050523,0.395,0.4,0.395,0.395,121594
AVO,20050523,0.3,0.3,0.3,0.3,100000
AVR,20050523,0.865,0.885,0.86,0.885,36943
AVS,20050523,0.285,0.3,0.285,0.3,2000
AVT,20050523,0.042,0.042,0.04,0.04,52424
AVV,20050523,0.97,1.07,0.97,1.065,324580
AVX,20050523,0.125,0.125,0.125,0.125,29000
AWB,20050523,4.29,4.34,4.28,4.29,667508
AWC,20050523,5.36,5.44,5.34,5.42,5291345
AWE,20050523,1.58,1.615,1.58,1.615,676953
AWP,20050523,2.48,2.48,2.45,2.46,95000
AXA,20050523,4.5,4.56,4.49,4.5,2991221
AXI,20050523,0.022,0.022,0.022,0.022,30681
AXO,20050523,0.285,0.33,0.285,0.3,884055
AZA,20050523,0.54,0.56,0.54,0.56,90163
AZC,20050523,0.17,0.17,0.17,0.17,169362
AZR,20050523,0.21,0.21,0.2,0.2,564806
AZZ,20050523,0.47,0.48,0.465,0.465,146300
BAR,20050523,0.135,0.135,0.13,0.13,563855
BAS,20050523,0.125,0.125,0.12,0.12,338590
BAX,20050523,4.98,4.98,4.98,4.98,147632
BBB,20050523,0.37,0.37,0.37,0.37,23201
BBG,20050523,11.54,11.79,11.32,11.65,1205543
BCA,20050523,2.82,2.87,2.78,2.86,98998
BCD,20050523,0.34,0.345,0.335,0.335,46880
BCL,20050523,0.19,0.19,0.19,0.19,65988
BDG,20050523,0.93,0.97,0.93,0.945,175821
BDI,20050523,0.25,0.25,0.25,0.25,108000
BDL,20050523,0.07,0.07,0.068,0.068,65500
BDM,20050523,0.46,0.46,0.46,0.46,41200
BEL,20050523,0.32,0.325,0.32,0.32,13542
BEN,20050523,9.55,9.66,9.55,9.66,119344
BER,20050523,0.525,0.525,0.525,0.525,9000
BGD,20050523,0.26,0.265,0.25,0.265,334233
BGF,20050523,0.21,0.22,0.21,0.215,478840
BGN,20050523,0.052,0.052,0.047,0.047,109657
BHP,20050523,15.85,16.02,15.82,15.92,13712672
BIL,20050523,7.87,8.08,7.87,8.04,3300538
BIT,20050523,0.13,0.13,0.125,0.13,37800
BJT,20050523,1.135,1.135,1.125,1.125,197300
BKA,20050523,0.19,0.19,0.185,0.185,56127
BKI,20050523,1.065,1.07,1.065,1.07,56750
BKL,20050523,12.6,12.6,12.51,12.51,1679
BKM,20050523,0.008,0.008,0.008,0.008,33000
BKN,20050523,2.24,2.3,2.24,2.29,109023
BKR,20050523,0.3,0.3,0.3,0.3,8000
BKS,20050523,0.013,0.013,0.012,0.012,674718
BKW,20050523,9.81,9.82,9.65,9.65,1600
BLD,20050523,6.12,6.18,6.09,6.18,2131185
BLN,20050523,0.1,0.11,0.1,0.11,50000
BLT,20050523,0.135,0.135,0.135,0.135,30000
BLZ,20050523,0.064,0.064,0.06,0.063,336500
BMO,20050523,0.225,0.24,0.225,0.24,238820
BMX,20050523,0.16,0.16,0.155,0.16,948188
BNB,20050523,10.14,10.4,10.12,10.39,425409
BOC,20050523,0.79,0.79,0.645,0.66,138293
BOL,20050523,1.85,1.85,1.81,1.82,68277
BON,20050523,0.41,0.41,0.41,0.41,127000
BOQ,20050523,10.88,10.94,10.82,10.93,75296
BOS,20050523,0.18,0.18,0.18,0.18,60000
BOW,20050523,0.13,0.135,0.12,0.135,388296
BPC,20050523,0.85,0.86,0.845,0.85,1655028
BPG,20050523,0.062,0.062,0.062,0.062,11666
BPH,20050523,0.1,0.1,0.1,0.1,6850
BPO,20050523,0.038,0.038,0.037,0.037,124580
BPT,20050523,0.475,0.48,0.465,0.475,742673
BQT,20050523,0.19,0.195,0.19,0.19,862306
BRT,20050523,0.075,0.075,0.072,0.072,11640
BRW,20050523,0.032,0.032,0.03,0.032,1107500
BRZ,20050523,1.68,1.76,1.68,1.715,28960
BSA,20050523,0.3,0.3,0.3,0.3,17500
BSG,20050523,0.45,0.45,0.44,0.445,41480
BSL,20050523,7.89,8.06,7.85,8,2888124
BSO,20050523,2.43,2.43,2.4,2.41,55100
BTA,20050523,0.42,0.445,0.42,0.445,303381
BTC,20050523,0.325,0.325,0.315,0.315,98000
BTV,20050523,0.021,0.022,0.021,0.022,1087900
BTX,20050523,0.68,0.68,0.655,0.665,54953
BUY,20050523,0.063,0.063,0.062,0.062,163000
BWP,20050523,1.85,1.85,1.83,1.845,166459
BXP,20050523,0.22,0.22,0.21,0.21,220960
CAA,20050523,1.65,1.65,1.635,1.635,40316
CAB,20050523,4.2,4.35,4.2,4.29,183575
CAG,20050523,0.042,0.043,0.041,0.041,756498
CAL,20050523,0.42,0.42,0.42,0.42,34000
CAM,20050523,0.98,0.98,0.98,0.98,1000
CAZ,20050523,0.27,0.27,0.27,0.27,15000
CBA,20050523,37,37.85,36.96,37.81,5647649
CBD,20050523,0.14,0.14,0.13,0.13,224927
CBH,20050523,0.25,0.255,0.25,0.25,131000
CCE,20050523,0.3,0.305,0.295,0.295,240500
CCL,20050523,7.47,7.52,7.39,7.41,3429004
CCO,20050523,0.003,0.003,0.003,0.003,35700
CCP,20050523,2.8,2.8,2.74,2.8,10180
CCS,20050523,0.055,0.055,0.055,0.055,3000
CDA,20050523,1.5,1.5,1.5,1.5,3200
CDD,20050523,2.75,2.75,2.75,2.75,10860
CDF,20050523,1.4,1.41,1.378,1.41,9816
CDO,20050523,4.52,4.65,4.51,4.51,313147
CDP,20050523,3.17,3.2,3.17,3.2,17848
CDR,20050523,2.06,2.09,2,2.09,832863
CDX,20050523,1.95,1.95,1.9,1.9,69170
CEG,20050523,1.08,1.09,1.08,1.08,30300
CEQ,20050523,2.07,2.07,2.07,2.07,22193
CEY,20050523,4.9,5.1,4.85,5.09,572973
CFI,20050523,0.635,0.65,0.635,0.65,448338
CFK,20050523,0.43,0.435,0.43,0.435,26200
CFR,20050523,0.018,0.018,0.017,0.017,8962114
CFU,20050523,0.55,0.55,0.53,0.53,77000
CGF,20050523,3.05,3.09,3.04,3.07,774305
CGO,20050523,0.66,0.66,0.66,0.66,2000
CGX,20050523,0.585,0.585,0.585,0.585,15000
CHB,20050523,35,35.85,35,35.85,1344
CHF,20050523,0.375,0.38,0.375,0.38,15663
CHL,20050523,0.14,0.145,0.14,0.145,207120
CHO,20050523,4.7,4.75,4.7,4.75,15465
CHQ,20050523,0.77,0.79,0.77,0.79,10860
CHT,20050523,0.013,0.013,0.012,0.012,730000
CHX,20050523,1.01,1.02,1.01,1.02,88904
CHY,20050523,1.67,1.69,1.67,1.69,18782
CIG,20050523,0.027,0.028,0.027,0.027,533288
CIN,20050523,14.15,14.15,14.15,14.15,1318
CIR,20050523,1.3,1.35,1.3,1.35,29391
CIX,20050523,0.455,0.455,0.44,0.44,561077
CIY,20050523,4.05,4.15,4.05,4.1,183014
CKL,20050523,0.61,0.61,0.61,0.61,20000
CKR,20050523,0.43,0.44,0.425,0.435,131500
CKS,20050523,0.36,0.36,0.36,0.36,18513
CLB,20050523,0.04,0.04,0.04,0.04,30000
CLF,20050523,0.33,0.335,0.32,0.32,75161
CLH,20050523,1.33,1.335,1.33,1.33,52210
CLO,20050523,0.47,0.47,0.47,0.47,1100
CLT,20050523,1.27,1.29,1.2,1.29,81932
CLV,20050523,0.215,0.22,0.215,0.215,396070
CMI,20050523,1.42,1.45,1.42,1.45,94610
CML,20050523,9.3,9.42,9.24,9.38,28245460
CMQ,20050523,1.325,1.325,1.3,1.3,288567
CMR,20050523,0.6,0.63,0.58,0.63,101000
CMS,20050523,0.046,0.046,0.046,0.046,16000
CMX,20050523,0.086,0.087,0.081,0.081,1074800
CNB,20050523,0.92,0.92,0.92,0.92,1126
CND,20050523,1.8,1.8,1.79,1.795,270724
CNF,20050523,0.08,0.08,0.08,0.08,39923
CNM,20050523,0.027,0.027,0.027,0.027,100000
CNP,20050523,5.54,5.63,5.5,5.55,1969683
CNR,20050523,0.64,0.64,0.64,0.64,25625
COA,20050523,4.17,4.2,4.15,4.15,579335
COE,20050523,0.275,0.275,0.275,0.275,111010
COF,20050523,2.15,2.15,2.1,2.1,35712
COH,20050523,32.55,32.71,32.1,32.6,114275
COO,20050523,0.009,0.01,0.009,0.009,1011484
COS,20050523,0.36,0.36,0.36,0.36,12000
COU,20050523,1.29,1.29,1.26,1.26,26662
COZ,20050523,0.31,0.31,0.31,0.31,17930
CPA,20050523,1.28,1.28,1.27,1.27,2035651
CPB,20050523,9.06,9.15,9.05,9.05,9678
CPC,20050523,0.215,0.215,0.2,0.21,456350
CPI,20050523,0.565,0.57,0.56,0.57,110882
CPK,20050523,5.1,5.1,5.1,5.1,1000
CPN,20050523,0.057,0.06,0.057,0.057,134734
CPS,20050523,0.23,0.23,0.21,0.21,34282
CPU,20050523,5.89,5.92,5.65,5.9,1489220
CRD,20050523,0.175,0.175,0.16,0.17,278827
CRE,20050523,0.13,0.13,0.13,0.13,50000
CRG,20050523,7.3,7.65,7.3,7.52,113838
CRK,20050523,0.3,0.3,0.3,0.3,55000
CRP,20050523,0.125,0.13,0.125,0.13,132000
CRS,20050523,0.35,0.35,0.34,0.345,304126
CRU,20050523,0.72,0.72,0.66,0.7,96781
CSE,20050523,0.2,0.2,0.19,0.19,77200
CSH,20050523,1.7,1.7,1.7,1.7,7694
CSL,20050523,29.25,29.4,29.06,29.29,965927
CSM,20050523,3.58,3.65,3.57,3.58,663570
CSR,20050523,2.47,2.52,2.46,2.5,4189029
CST,20050523,2.51,2.6,2.51,2.52,29806
CTE,20050523,0.205,0.205,0.205,0.205,2000
CTF,20050523,0.185,0.185,0.185,0.185,1642
CTI,20050523,0.65,0.65,0.65,0.65,22600
CTL,20050523,0.96,0.96,0.93,0.93,45500
CTN,20050523,0.94,0.945,0.94,0.945,21500
CTO,20050523,0.105,0.105,0.1,0.1,383186
CTX,20050523,14.21,14.34,14.15,14.2,483841
CUE,20050523,0.23,0.235,0.23,0.235,1596600
CUL,20050523,0.026,0.027,0.024,0.025,280500
CUO,20050523,0.014,0.014,0.013,0.013,220360
CUS,20050523,0.105,0.11,0.105,0.11,106717
CUY,20050523,0.285,0.3,0.285,0.3,253500
CVB,20050523,0.11,0.13,0.11,0.12,403516
CVC,20050523,1.4,1.4,1.4,1.4,19760
CVN,20050523,0.018,0.018,0.017,0.017,224166
CWH,20050523,0.1,0.1,0.1,0.1,1792
CWP,20050523,2.02,2.02,2.02,2.02,3627
CWT,20050523,0.985,0.985,0.97,0.98,19317
CXN,20050523,0.15,0.15,0.15,0.15,32500
CXP,20050523,5.33,5.53,5.33,5.53,19120
CXS,20050523,0.56,0.56,0.56,0.56,61694
CYA,20050523,0.96,0.98,0.96,0.98,417249
CYG,20050523,5.84,5.95,5.7,5.95,15000
CYT,20050523,0.44,0.44,0.435,0.435,41600
DBS,20050523,0.32,0.345,0.32,0.33,133041
DDT,20050523,0.24,0.24,0.235,0.235,142862
DDV,20050523,0.085,0.085,0.085,0.085,80000
DEG,20050523,0.23,0.24,0.23,0.23,69200
DES,20050523,0.13,0.13,0.115,0.115,260763
DEX,20050523,0.96,0.96,0.96,0.96,7330
DFT,20050523,0.011,0.012,0.011,0.012,1400000
DGH,20050523,0.94,0.94,0.94,0.94,446
DJS,20050523,1.88,1.89,1.875,1.885,799548
DJW,20050523,3.63,3.64,3.59,3.62,125238
DKN,20050523,0.675,0.675,0.675,0.675,35500
DKS,20050523,12,12,11.9,11.9,630
DLS,20050523,0.066,0.066,0.064,0.064,323180
DMP,20050523,2.13,2.17,2.13,2.15,249940
DMX,20050523,0.018,0.018,0.018,0.018,308195
DNL,20050523,0.185,0.185,0.185,0.185,100000
DNX,20050523,0.1,0.1,0.1,0.1,40000
DOM,20050523,0.275,0.28,0.27,0.28,86417
DOW,20050523,5.03,5.1,4.95,5.1,954302
DRA,20050523,0.175,0.175,0.175,0.175,289323
DRD,20050523,1.08,1.08,1.06,1.06,12456
DRT,20050523,1.37,1.38,1.365,1.375,11470599
DTL,20050523,3,3,3,3,350
DUE,20050523,2.5,2.51,2.49,2.49,435941
DVC,20050523,3.47,3.49,3.43,3.47,2050054
DVN,20050523,0.61,0.61,0.605,0.605,38092
DWY,20050523,0.85,0.85,0.85,0.85,106666
DYL,20050523,0.052,0.053,0.051,0.051,2375914
EBB,20050523,4.35,4.36,4.35,4.35,10000
EBR,20050523,0.08,0.08,0.077,0.079,897837
EBT,20050523,0.21,0.21,0.205,0.205,82000
ECH,20050523,0.25,0.26,0.25,0.26,300792
ECM,20050523,0.086,0.086,0.086,0.086,3000
ECU,20050523,0.063,0.063,0.063,0.063,252368
EDN,20050523,0.285,0.285,0.275,0.275,13334
EGL,20050523,0.115,0.115,0.115,0.115,50000
EGO,20050523,0.007,0.007,0.007,0.007,907507
EIF,20050523,0.032,0.034,0.032,0.032,78000
EIV,20050523,0.105,0.105,0.105,0.105,9000
ELX,20050523,0.215,0.225,0.215,0.225,32500
EMI,20050523,0.185,0.185,0.18,0.18,54032
EMM,20050523,0.042,0.042,0.042,0.042,20000
EMP,20050523,0.25,0.25,0.245,0.25,16114
EMS,20050523,0.145,0.165,0.145,0.15,703329
ENE,20050523,3.78,3.84,3.78,3.81,31821
ENV,20050523,1.13,1.13,1.125,1.13,277459
EOS,20050523,3.82,3.82,3.7,3.8,16649
EPE,20050523,0.105,0.105,0.1,0.1,10000
EPR,20050523,0.081,0.081,0.08,0.08,233890
EPT,20050523,0.415,0.42,0.395,0.395,170494
EQI,20050523,0.9,0.9,0.89,0.89,133040
EQN,20050523,0.375,0.38,0.375,0.38,50000
EQT,20050523,11.4,11.4,11.4,11.4,2920
EQX,20050523,0.2,0.22,0.2,0.22,49000
ERA,20050523,9.51,9.95,9.5,9.9,11057
ERG,20050523,0.26,0.265,0.255,0.26,948031
ESG,20050523,0.15,0.15,0.145,0.15,129259
ESS,20050523,0.315,0.315,0.315,0.315,105000
ESV,20050523,0.77,0.78,0.77,0.78,80340
ETC,20050523,0.11,0.11,0.11,0.11,5000
ETR,20050523,1.56,1.6,1.56,1.575,338103
ETW,20050523,0.71,0.765,0.71,0.74,519101
EVM,20050523,0.315,0.32,0.315,0.32,22700
EVZ,20050523,0.079,0.081,0.079,0.081,58222
EWC,20050523,0.032,0.032,0.032,0.032,10016
EXL,20050523,6.18,6.23,6.11,6.18,844749
EXR,20050523,0.62,0.62,0.62,0.62,27500
EXS,20050523,0.15,0.155,0.15,0.155,42000
EXT,20050523,0.014,0.014,0.014,0.014,250000
EZL,20050523,1.45,1.45,1.45,1.45,2200
EZY,20050523,0.046,0.046,0.046,0.046,4700
FAN,20050523,3.5,3.54,3.47,3.5,166529
FAR,20050523,0.096,0.1,0.093,0.093,608107
FBU,20050523,5.83,5.99,5.83,5.97,30085
FCL,20050523,1.9,1.92,1.88,1.89,901822
FCN,20050523,0.43,0.44,0.41,0.41,652309
FCO,20050523,0.21,0.21,0.21,0.21,142000
FEA,20050523,0.535,0.535,0.525,0.525,27738
FGL,20050523,5.34,5.4,5.32,5.4,12869732
FKP,20050523,2.79,2.83,2.78,2.81,256164
FLK,20050523,0.72,0.72,0.72,0.72,5000
FLT,20050523,13.35,13.75,13.35,13.74,54983
FLX,20050523,2.3,2.3,2.21,2.21,57585
FMG,20050523,2.45,2.47,2.4,2.43,223836
FPA,20050523,2.86,2.92,2.86,2.88,194394
FPH,20050523,2.9,2.9,2.88,2.88,203750
FRI,20050523,0.37,0.37,0.37,0.37,131157
FRL,20050523,0.19,0.2,0.16,0.19,1187993
FRR,20050523,0.855,0.855,0.845,0.85,227800
FUN,20050523,1.73,1.74,1.72,1.74,102198
FUS,20050523,0.009,0.01,0.009,0.01,5420500
FUT,20050523,0.022,0.025,0.022,0.025,342256
FWD,20050523,6.47,6.68,6.44,6.68,103043
FXJ,20050523,4.18,4.2,4.17,4.19,4388296
FXR,20050523,0.335,0.345,0.33,0.335,130162
GAA,20050523,1.17,1.18,1.17,1.18,3000
GAM,20050523,0.1,0.125,0.1,0.125,6400
GAN,20050523,1.63,1.65,1.625,1.63,3495804
GAP,20050523,1.61,1.61,1.585,1.59,71277
GAS,20050523,2.45,2.48,2.45,2.46,239902
GBG,20050523,0.089,0.093,0.089,0.09,394408
GBP,20050523,0.29,0.29,0.275,0.28,166520
GCA,20050523,1.017,1.017,1.017,1.017,20000
GCL,20050523,3.04,3.14,3.04,3.14,250757
GCR,20050523,0.039,0.04,0.039,0.04,194894
GDA,20050523,0.004,0.004,0.004,0.004,695200
GDM,20050523,0.405,0.405,0.4,0.4,22930
GDN,20050523,0.046,0.046,0.044,0.044,279626
GDY,20050523,1.68,1.8,1.67,1.78,199006
GFD,20050523,0.605,0.615,0.56,0.58,564143
GGN,20050523,0.33,0.335,0.33,0.335,505658
GGP,20050523,0.15,0.155,0.14,0.14,90072
GGX,20050523,0.185,0.185,0.185,0.185,87500
GGY,20050523,0.022,0.022,0.021,0.021,103334
GHG,20050523,0.775,0.775,0.765,0.765,21356
GIP,20050523,0.1,0.1,0.1,0.1,1200
GLB,20050523,0.3,0.325,0.3,0.3,374811
GLI,20050523,1.13,1.135,1.13,1.135,93642
GLN,20050523,0.1,0.115,0.1,0.11,237782
GLS,20050523,1.33,1.33,1.33,1.33,48000
GMI,20050523,0.95,0.95,0.95,0.95,34785
GNC,20050523,10.7,10.99,10.7,10.9,22803
GNS,20050523,3.8,3.94,3.8,3.89,207704
GOA,20050523,0.105,0.105,0.092,0.092,22507
GOG,20050523,0.185,0.19,0.18,0.19,51390
GOP,20050523,0.13,0.13,0.13,0.13,96000
GPB,20050523,0.65,0.65,0.65,0.65,5000
GPE,20050523,0.09,0.09,0.09,0.09,21000
GPG,20050523,1.715,1.755,1.71,1.755,273521
GPN,20050523,0.016,0.016,0.016,0.016,440000
GPT,20050523,3.56,3.61,3.55,3.57,7284355
GRD,20050523,1.37,1.45,1.37,1.44,932694
GRN,20050523,0.52,0.53,0.505,0.505,41706
GRO,20050523,1.28,1.3,1.28,1.3,15428
GRP,20050523,0.6,0.6,0.53,0.53,9000
GRR,20050523,0.94,0.94,0.885,0.885,189000
GRY,20050523,0.2,0.22,0.2,0.2,138960
GSA,20050523,1.145,1.16,1.145,1.16,2084543
GSE,20050523,0.03,0.03,0.03,0.03,20000
GSF,20050523,0.35,0.35,0.35,0.35,133
GTG,20050523,0.365,0.37,0.365,0.37,42670
GTP,20050523,3.68,3.7,3.64,3.69,1304714
GTX,20050523,0.3,0.3,0.3,0.3,56000
GUD,20050523,6.19,6.57,6.19,6.45,549950
GUN,20050523,0.215,0.215,0.215,0.215,129304
GVM,20050523,0.026,0.026,0.026,0.026,427000
GWT,20050523,2.79,2.83,2.75,2.83,211938
GZL,20050523,2.95,2.95,2.9,2.9,4000
HAO,20050523,0.069,0.075,0.069,0.075,125000
HCC,20050523,1.07,1.07,1.06,1.06,6408
HCY,20050523,0.017,0.017,0.014,0.015,2565334
HDF,20050523,2.56,2.56,2.55,2.56,128939
HDR,20050523,1.665,1.71,1.665,1.68,1396245
HEG,20050523,0.078,0.078,0.078,0.078,54130
HGI,20050523,1.44,1.445,1.43,1.43,3883939
HGL,20050523,0.02,0.02,0.02,0.02,183704
HGO,20050523,0.14,0.155,0.14,0.155,580000
HGR,20050523,0.12,0.12,0.12,0.12,10800
HHL,20050523,6.05,6.18,6.05,6.18,2388
HHM,20050523,0.14,0.14,0.14,0.14,19095
HHV,20050523,0.905,0.91,0.9,0.91,193493
HIG,20050523,0.43,0.43,0.415,0.42,374076
HIL,20050523,3.98,4,3.96,3.96,75735
HJB,20050523,0.435,0.435,0.435,0.435,10000
HLD,20050523,0.26,0.26,0.26,0.26,2658
HLT,20050523,0.47,0.475,0.45,0.45,64211
HLX,20050523,0.12,0.12,0.12,0.12,20000
HME,20050523,7,7.2,7,7.2,2705
HNG,20050523,1.78,1.78,1.77,1.77,12500
HPX,20050523,1.65,1.7,1.64,1.68,113220
HRR,20050523,0.52,0.52,0.5,0.505,269500
HSC,20050523,0.28,0.28,0.28,0.28,2000
HSK,20050523,0.32,0.32,0.32,0.32,34000
HSN,20050523,0.35,0.35,0.35,0.35,7621
HSP,20050523,4.58,4.6,4.49,4.52,784526
HST,20050523,1.45,1.45,1.45,1.45,10000
HTA,20050523,0.28,0.28,0.27,0.27,1184647
HTE,20050523,0.035,0.043,0.035,0.041,315780
HTL,20050523,0.075,0.08,0.075,0.08,4828667
HTW,20050523,0.355,0.36,0.355,0.36,70000
HVN,20050523,2.47,2.54,2.47,2.49,2456708
HWG,20050523,0.15,0.155,0.15,0.155,46526
HWI,20050523,1.68,1.75,1.68,1.715,300601
HWT,20050523,1.38,1.4,1.38,1.4,5614
HWW,20050523,0.11,0.11,0.11,0.11,18000
HYO,20050523,0.06,0.06,0.056,0.056,371302
IAG,20050523,5.95,6.03,5.93,6.01,3420957
IAS,20050523,0.245,0.25,0.245,0.25,9441
IBA,20050523,0.44,0.465,0.44,0.45,261000
IBC,20050523,0.545,0.545,0.545,0.545,55000
IBT,20050523,1.67,1.7,1.67,1.7,848577
ICC,20050523,0.008,0.008,0.007,0.007,574000
ICE,20050523,0.016,0.016,0.016,0.016,1505597
ICN,20050523,0.027,0.03,0.027,0.03,800135
ICS,20050523,0.305,0.305,0.3,0.3,119000
IDT,20050523,1.83,1.83,1.79,1.79,39793
IEF,20050523,1.08,1.08,1.08,1.08,12900
IFL,20050523,6.73,7,6.72,7,69235
IFM,20050523,0.52,0.535,0.52,0.525,555437
IGL,20050523,0.24,0.24,0.24,0.24,2000
IGO,20050523,1.3,1.3,1.28,1.3,91460
IGP,20050523,4.05,4.08,4.05,4.05,111403
IGR,20050523,0.079,0.079,0.073,0.075,320000
IHG,20050523,0.026,0.026,0.025,0.026,836000
IIF,20050523,2.18,2.19,2.15,2.18,1039145
IIN,20050523,2.68,2.78,2.68,2.78,1123040
ILU,20050523,5.85,6.02,5.85,5.99,556834
IMD,20050523,0.205,0.21,0.2,0.2,61000
IMH,20050523,0.115,0.115,0.115,0.115,20000
IMI,20050523,0.017,0.017,0.016,0.016,2144275
IML,20050523,0.082,0.082,0.079,0.079,258065
IMU,20050523,0.155,0.155,0.15,0.155,107380
INL,20050523,0.049,0.049,0.048,0.048,136000
INP,20050523,0.59,0.6,0.57,0.57,69067
INT,20050523,0.038,0.04,0.038,0.039,909250
IOC,20050523,3.6,3.6,3.6,3.6,4000
IOF,20050523,1.29,1.3,1.27,1.285,3046767
IOH,20050523,0.34,0.34,0.32,0.325,263044
IPA,20050523,0.85,0.875,0.85,0.875,10000
IPG,20050523,1.96,1.98,1.945,1.945,5018755
IPL,20050523,15.52,15.52,15.51,15.51,1273
IPN,20050523,0.074,0.074,0.074,0.074,572294
IRE,20050523,4,4.01,3.99,4,152186
IRI,20050523,0.42,0.42,0.42,0.42,14411
IRN,20050523,0.34,0.345,0.34,0.34,63850
ITC,20050523,0.046,0.046,0.043,0.046,82000
ITD,20050523,0.145,0.145,0.145,0.145,281080
ITE,20050523,0.145,0.16,0.145,0.16,333745
ITF,20050523,1.14,1.18,1.14,1.18,23765
IVC,20050523,4.05,4.06,4,4,448701
IWF,20050523,1.87,1.87,1.87,1.87,13846
IWI,20050523,2.38,2.45,2.38,2.45,185600
IWL,20050523,2.4,2.4,2.34,2.34,61082
JAG,20050523,0.12,0.12,0.12,0.12,10000
JBH,20050523,3.39,3.44,3.34,3.38,531428
JBM,20050523,5.6,5.68,5.6,5.68,178708
JET,20050523,0.71,0.71,0.69,0.69,39925
JFM,20050523,1.27,1.28,1.265,1.27,163270
JHX,20050523,6.32,6.41,6.32,6.4,5639863
JMB,20050523,0.52,0.56,0.52,0.54,146832
JML,20050523,0.175,0.175,0.17,0.17,362800
JMS,20050523,0.11,0.11,0.11,0.11,35000
JRV,20050523,0.015,0.015,0.014,0.015,1967000
JST,20050523,1.845,1.9,1.84,1.875,956838
JUM,20050523,0.06,0.06,0.053,0.054,2542216
JVG,20050523,0.16,0.165,0.16,0.16,95000
KAR,20050523,1.3,1.3,1.26,1.3,62034
KBO,20050523,0.054,0.054,0.054,0.054,188700
KCN,20050523,2.68,2.68,2.63,2.66,339910
KDS,20050523,0.67,0.67,0.67,0.67,1667
KHF,20050523,5.5,5.55,5.5,5.5,4122
KIA,20050523,0.08,0.08,0.06,0.06,66100
KIM,20050523,1.19,1.195,1.175,1.185,403778
KKT,20050523,0.76,0.76,0.75,0.75,52500
KLM,20050523,0.235,0.24,0.235,0.24,94690
KME,20050523,1.6,1.6,1.6,1.6,10000
KMN,20050523,0.17,0.17,0.165,0.165,172500
KRS,20050523,0.29,0.29,0.28,0.285,249275
KSC,20050523,3.11,3.15,3.11,3.15,2200
KYC,20050523,1.7,1.7,1.68,1.7,389507
KZL,20050523,1.18,1.19,1.175,1.19,119479
LAF,20050523,0.175,0.18,0.175,0.175,202522
LAU,20050523,0.19,0.19,0.19,0.19,39378
LBY,20050523,0.15,0.155,0.15,0.155,275000
LCL,20050523,0.64,0.65,0.63,0.65,99500
LCT,20050523,0.22,0.22,0.22,0.22,15000
LDW,20050523,4.85,4.85,4.85,4.85,2242
LEG,20050523,0.115,0.115,0.1,0.1,2160492
LEI,20050523,10.43,10.52,10.37,10.45,363573
LEP,20050523,1.865,1.865,1.865,1.865,22548
LFE,20050523,0.64,0.64,0.61,0.63,42700
LGD,20050523,0.575,0.575,0.57,0.575,13000
LGO,20050523,0.013,0.013,0.013,0.013,438836
LHG,20050523,1.04,1.045,1.035,1.04,4914165
LIM,20050523,6.55,6.55,6.54,6.55,14077
LIO,20050523,0.006,0.006,0.005,0.005,2126976
LIP,20050523,1.2,1.2,1.19,1.2,124450
LLC,20050523,12.28,12.45,12.21,12.27,1752742
LMC,20050523,2.4,2.4,2.4,2.4,5000
LMG,20050523,0.008,0.008,0.008,0.008,537500
LMW,20050523,0.66,0.66,0.66,0.66,800
LNG,20050523,0.335,0.36,0.335,0.36,281500
LNN,20050523,7.19,7.24,7.12,7.12,1188702
LOK,20050523,0.775,0.775,0.775,0.775,11190
LRF,20050523,0.81,0.81,0.805,0.805,75000
LRL,20050523,0.3,0.3,0.3,0.3,2000
LRX,20050523,0.18,0.18,0.17,0.17,60000
LSG,20050523,1.635,1.74,1.61,1.71,138735
LSL,20050523,0.004,0.004,0.003,0.003,102100
LUM,20050523,0.088,0.09,0.085,0.09,233000
LVL,20050523,0.06,0.06,0.05,0.058,175000
LVR,20050523,0.81,0.85,0.81,0.85,117240
LYC,20050523,0.185,0.185,0.185,0.185,634659
LYL,20050523,1.54,1.54,1.54,1.54,2000
MAG,20050523,1.2,1.2,1.19,1.2,16199
MAH,20050523,0.4,0.405,0.4,0.4,137825
MAL,20050523,0.45,0.47,0.45,0.47,95650
MAP,20050523,3.54,3.58,3.53,3.57,4689734
MAQ,20050523,0.105,0.105,0.105,0.105,2500
MAR,20050523,0.125,0.125,0.125,0.125,36260
MAY,20050523,4.33,4.33,4.27,4.3,6917480
MBL,20050523,49.9,50.48,49.5,49.9,6166645
MBP,20050523,0.715,0.78,0.715,0.78,1218467
MCC,20050523,6.75,6.9,6.75,6.85,197685
MCG,20050523,6.5,6.55,6.34,6.43,1033215
MCL,20050523,0.005,0.005,0.004,0.004,1036995
MCO,20050523,0.1,0.1,0.1,0.1,30000
MCP,20050523,2.88,3.08,2.88,3.06,459525
MCR,20050523,0.7,0.705,0.69,0.7,390611
MCW,20050523,1.89,1.935,1.89,1.9,2709775
MDE,20050523,0.79,0.79,0.785,0.785,79265
MDL,20050523,0.54,0.54,0.53,0.53,93889
MDM,20050523,0.031,0.031,0.031,0.031,100000
MDS,20050523,0.068,0.071,0.068,0.071,295000
MDT,20050523,1.16,1.175,1.155,1.175,2503694
MDV,20050523,0.075,0.075,0.075,0.075,120000
MDX,20050523,0.13,0.13,0.13,0.13,30000
MEE,20050523,0.039,0.039,0.039,0.039,30000
MEI,20050523,0.225,0.225,0.22,0.22,24200
MEL,20050523,0.23,0.23,0.23,0.23,25000
MEP,20050523,0.37,0.39,0.37,0.39,8601
MFS,20050523,1.4,1.41,1.38,1.41,94697
MFT,20050523,0.91,0.91,0.91,0.91,9901
MGO,20050523,0.15,0.15,0.15,0.15,7000
MGQ,20050523,4.04,4.16,4.03,4.12,2601203
MGR,20050523,3.44,3.54,3.44,3.52,5626876
MGW,20050523,4.16,4.17,4.09,4.17,133145
MGX,20050523,0.585,0.585,0.58,0.58,814830
MGZ,20050523,0.155,0.155,0.155,0.155,10000
MHL,20050523,0.008,0.008,0.008,0.008,1100000
MIC,20050523,0.058,0.058,0.056,0.056,1668628
MIG,20050523,3.71,3.78,3.71,3.77,12804748
MIK,20050523,0.046,0.046,0.046,0.046,20000
MIL,20050523,1.1,1.2,1.1,1.2,24108
MIR,20050523,1.4,1.44,1.4,1.44,51800
MIS,20050523,0.335,0.345,0.335,0.34,569506
MLB,20050523,1.26,1.26,1.26,1.26,10137
MLE,20050523,1.675,1.695,1.66,1.66,115039
MLM,20050523,0.175,0.175,0.165,0.165,138000
MLT,20050523,15.85,15.9,15.65,15.9,9063
MMA,20050523,0.94,0.94,0.93,0.93,341533
MMN,20050523,0.115,0.115,0.115,0.115,479500
MMS,20050523,1.53,1.53,1.53,1.53,2660
MMX,20050523,0.275,0.285,0.27,0.285,83759
MND,20050523,10.2,10.5,10.2,10.39,8330
MOC,20050523,1.04,1.04,1.04,1.04,51500
MOD,20050523,0.028,0.028,0.028,0.028,35000
MOF,20050523,1.29,1.3,1.285,1.295,5023594
MOG,20050523,0.15,0.15,0.15,0.15,50000
MOL,20050523,1.22,1.22,1.22,1.22,14500
MOO,20050523,0.04,0.04,0.038,0.038,315000
MOS,20050523,0.175,0.175,0.17,0.17,420858
MPA,20050523,0.1,0.1,0.098,0.098,412537
MPB,20050523,5,5,5,5,4100
MPC,20050523,0.009,0.014,0.009,0.014,75000
MPD,20050523,0.12,0.12,0.12,0.12,55005
MPF,20050523,1.065,1.065,1.06,1.065,45196
MPG,20050523,0.915,0.915,0.915,0.915,30600
MPH,20050523,0.625,0.625,0.61,0.61,100300
MPI,20050523,0.04,0.04,0.039,0.039,601000
MPO,20050523,0.034,0.034,0.032,0.032,948715
MPR,20050523,1.12,1.15,1.115,1.145,7592430
MPS,20050523,1.04,1.04,1.04,1.04,29379
MRE,20050523,1.89,1.925,1.82,1.835,2162026
MRL,20050523,0.68,0.685,0.675,0.68,492053
MRM,20050523,0.345,0.35,0.33,0.34,288392
MRN,20050523,1.45,1.45,1.4,1.4,1500
MRX,20050523,0.068,0.069,0.067,0.067,419413
MSC,20050523,0.078,0.078,0.074,0.078,241513
MSI,20050523,0.03,0.03,0.03,0.03,15151
MSO,20050523,0.065,0.065,0.065,0.065,200000
MST,20050523,0.165,0.165,0.15,0.15,629293
MTB,20050523,0.09,0.09,0.09,0.09,250000
MTD,20050523,0.15,0.15,0.15,0.15,100000
MTH,20050523,0.305,0.305,0.305,0.305,1600
MTI,20050523,0.34,0.34,0.34,0.34,40000
MTN,20050523,0.19,0.195,0.18,0.18,243000
MTO,20050523,0.4,0.4,0.4,0.4,128788
MTR,20050523,0.084,0.09,0.084,0.09,53000
MTU,20050523,0.35,0.35,0.35,0.35,5000
MUL,20050523,0.016,0.016,0.015,0.015,9865268
MUR,20050523,0.072,0.072,0.072,0.072,91444
MVL,20050523,0.02,0.026,0.02,0.026,516000
MVP,20050523,0.7,0.74,0.7,0.74,74000
MVU,20050523,1.4,1.44,1.4,1.4,36000
MWE,20050523,0.115,0.13,0.115,0.12,780000
MWM,20050523,0.25,0.25,0.25,0.25,95000
MXG,20050523,3.29,3.45,3.28,3.39,8398832
MXI,20050523,0.78,0.79,0.78,0.785,151792
MXL,20050523,0.135,0.135,0.135,0.135,1131593
MYO,20050523,1.05,1.065,1.05,1.065,283937
NAB,20050523,31.4,31.68,31.4,31.68,3767466
NAL,20050523,0.48,0.48,0.47,0.47,43296
NAM,20050523,0.535,0.535,0.53,0.535,50013
NBL,20050523,2.71,2.8,2.67,2.8,42924
NCA,20050523,0.395,0.395,0.395,0.395,312150
NCK,20050523,1.18,1.19,1.18,1.19,27135
NCM,20050523,14.15,14.69,14.08,14.52,1431447
NDC,20050523,0.12,0.12,0.11,0.11,220670
NDO,20050523,0.06,0.06,0.058,0.058,414571
NEM,20050523,4.64,4.7,4.64,4.69,83970
NEO,20050523,0.043,0.043,0.042,0.042,2769344
NEU,20050523,0.33,0.33,0.325,0.325,110000
NFD,20050523,6.35,6.37,6.35,6.37,229862
NGM,20050523,0.072,0.072,0.07,0.07,70649
NHC,20050523,1.11,1.15,1.04,1.15,15122
NHM,20050523,0.004,0.004,0.004,0.004,528000
NHR,20050523,0.33,0.33,0.315,0.32,157620
NIA,20050523,0.13,0.13,0.125,0.125,715000
NIQ,20050523,0.105,0.105,0.1,0.1,55000
NKL,20050523,0.115,0.115,0.11,0.115,259726
NLS,20050523,0.1,0.1,0.09,0.1,100000
NLX,20050523,0.27,0.275,0.27,0.275,1407488
NMB,20050523,0.02,0.02,0.019,0.019,89926
NMC,20050523,0.05,0.05,0.05,0.05,250000
NMS,20050523,0.985,0.985,0.905,0.905,124700
NPX,20050523,3.71,3.75,3.71,3.75,24800
NRL,20050523,0.029,0.029,0.029,0.029,1250
NRT,20050523,5.27,5.3,5.19,5.25,11994
NSX,20050523,0.58,0.58,0.58,0.58,33225
NTC,20050523,0.145,0.145,0.145,0.145,10000
NUF,20050523,8.7,8.8,8.6,8.8,113670
NVC,20050523,0.34,0.35,0.34,0.35,132500
NWA,20050523,0.035,0.035,0.035,0.035,1020000
NWE,20050523,0.135,0.14,0.13,0.135,727341
NWR,20050523,0.245,0.255,0.245,0.255,95000
NWS,20050523,20.9,21.02,20.88,21,1510119
NXS,20050523,0.34,0.35,0.34,0.34,303645
NZO,20050523,0.82,0.82,0.82,0.82,22000
OBJ,20050523,0.027,0.027,0.026,0.027,943000
OCO,20050523,0.01,0.01,0.009,0.009,133000
OEC,20050523,0.1,0.1,0.1,0.1,218466
OEL,20050523,0.17,0.17,0.17,0.17,100000
OEX,20050523,0.205,0.235,0.205,0.235,313870
OFM,20050523,1.96,1.96,1.96,1.96,7768
OGD,20050523,0.515,0.52,0.5,0.505,180965
OIL,20050523,0.4,0.4,0.39,0.39,53321
OKN,20050523,1.565,1.565,1.565,1.565,500
OLE,20050523,0.027,0.027,0.027,0.027,178909
OMC,20050523,0.81,0.82,0.8,0.8,74129
OMH,20050523,1.03,1.04,1.01,1.04,135929
OMI,20050523,0.395,0.395,0.395,0.395,5500
OMP,20050523,2.45,2.48,2.45,2.46,273284
OPL,20050523,0.525,0.53,0.52,0.53,128343
OPM,20050523,0.003,0.004,0.003,0.004,3230000
ORC,20050523,0.155,0.165,0.145,0.165,102000
ORD,20050523,0.3,0.3,0.27,0.27,200000
ORG,20050523,7.08,7.08,7,7.03,1465787
ORH,20050523,0.245,0.27,0.245,0.27,17300
ORI,20050523,15.68,15.74,15.55,15.74,609486
ORL,20050523,2.68,2.68,2.66,2.66,5842
ORO,20050523,0.033,0.033,0.033,0.033,14800
ORP,20050523,0.02,0.02,0.019,0.019,131000
ORT,20050523,0.07,0.072,0.07,0.072,84300
OSH,20050523,2.37,2.41,2.36,2.37,2882338
OST,20050523,2.37,2.47,2.34,2.45,4259380
OTI,20050523,0.07,0.07,0.07,0.07,45000
OTL,20050523,0.34,0.34,0.335,0.34,93000
OTT,20050523,0.43,0.43,0.43,0.43,17200
OXR,20050523,0.84,0.845,0.83,0.835,2362558
PAA,20050523,0.19,0.19,0.19,0.19,50000
PAD,20050523,0.04,0.04,0.04,0.04,180000
PBB,20050523,1.59,1.65,1.59,1.63,1145053
PBD,20050523,1.405,1.445,1.405,1.44,127011
PBG,20050523,2.24,2.28,2.23,2.28,3099225
PBL,20050523,15.15,15.24,15.05,15.09,989014
PBO,20050523,0.265,0.265,0.265,0.265,90100
PBT,20050523,0.165,0.175,0.165,0.175,47004
PCC,20050523,0.115,0.115,0.11,0.115,509550
PCE,20050523,0.027,0.027,0.027,0.027,10000
PCG,20050523,0.56,0.56,0.55,0.55,156695
PCL,20050523,0.064,0.066,0.064,0.066,179000
PCP,20050523,0.08,0.08,0.08,0.08,250039
PDG,20050523,16.6,16.6,16.6,16.6,2501
PDM,20050523,0.059,0.06,0.059,0.06,35845
PDN,20050523,1.03,1.03,0.99,1.01,1111390
PEM,20050523,0.68,0.74,0.68,0.74,246000
PEN,20050523,0.012,0.012,0.012,0.012,250000
PEO,20050523,0.13,0.135,0.13,0.135,32655
PEP,20050523,0.365,0.37,0.36,0.36,32900
PET,20050523,0.97,0.97,0.97,0.97,3899
PGL,20050523,2.78,2.8,2.69,2.7,136994
PGN,20050523,0.73,0.73,0.73,0.73,1410
PGS,20050523,0.145,0.15,0.14,0.15,176000
PHL,20050523,0.05,0.05,0.05,0.05,28856
PHY,20050523,5.15,5.15,5,5.15,398349
PIE,20050523,0.021,0.021,0.02,0.02,101937
PIF,20050523,1.615,1.635,1.615,1.62,1399999
PKT,20050523,0.003,0.003,0.003,0.003,5000
PLA,20050523,0.115,0.115,0.11,0.11,176438
PLF,20050523,0.98,0.98,0.97,0.98,40000
PLT,20050523,0.14,0.155,0.14,0.145,44000
PMA,20050523,0.235,0.235,0.235,0.235,6300
PMC,20050523,1.89,1.94,1.89,1.94,129505
PMH,20050523,0.008,0.008,0.008,0.008,150000
PMM,20050523,3.83,3.84,3.83,3.84,15585
PMN,20050523,5,5.03,4.98,4.98,8406210
PMP,20050523,1.11,1.115,1.095,1.11,438462
PMV,20050523,3.95,3.95,3.95,3.95,2500
PMX,20050523,0.028,0.028,0.028,0.028,6500
PNA,20050523,0.235,0.24,0.23,0.235,1288264
PNN,20050523,0.185,0.185,0.18,0.18,32381
PNO,20050523,0.033,0.036,0.033,0.036,267306
POH,20050523,0.27,0.285,0.27,0.285,30000
POL,20050523,0.23,0.24,0.22,0.24,328018
PPC,20050523,1.42,1.43,1.41,1.41,83500
PPD,20050523,0.23,0.23,0.215,0.215,53000
PPG,20050523,0.44,0.44,0.435,0.435,53500
PPK,20050523,0.9,0.9,0.895,0.9,21500
PPN,20050523,0.19,0.19,0.19,0.19,2625
PPP,20050523,0.105,0.105,0.105,0.105,255000
PPR,20050523,1.62,1.62,1.62,1.62,86
PPT,20050523,54.5,55.94,54.5,55.21,91524
PPX,20050523,2.66,2.7,2.63,2.63,2338031
PPY,20050523,0.2,0.2,0.195,0.195,15128
PQB,20050523,0.375,0.375,0.375,0.375,20000
PRE,20050523,0.06,0.063,0.059,0.062,3870200
PRG,20050523,3.02,3.1,3.02,3.02,55469
PRK,20050523,5.64,5.7,5.59,5.68,2319287
PRO,20050523,0.12,0.12,0.12,0.12,1000
PRR,20050523,0.105,0.105,0.1,0.105,50000
PRT,20050523,2.9,2.9,2.9,2.9,7500
PRV,20050523,0.925,0.95,0.92,0.95,557238
PRY,20050523,8.13,8.15,8.11,8.13,22581
PSA,20050523,1.03,1.035,1.02,1.03,128189
PSD,20050523,0.76,0.76,0.74,0.75,211958
PSG,20050523,0.072,0.072,0.072,0.072,70000
PSR,20050523,0.014,0.014,0.014,0.014,500000
PSV,20050523,0.275,0.29,0.27,0.29,509200
PSX,20050523,0.2,0.2,0.185,0.185,75710
PTD,20050523,1.28,1.295,1.265,1.265,312336
PTR,20050523,0.32,0.32,0.315,0.315,60000
PVE,20050523,0.98,0.98,0.98,0.98,10000
PWK,20050523,0.55,0.55,0.5,0.505,113500
PWR,20050523,0.165,0.165,0.165,0.165,10672
PWT,20050523,1.18,1.18,1.15,1.15,109029
PXL,20050523,0.205,0.205,0.2,0.2,10000
PXS,20050523,1.19,1.2,1.17,1.19,36994
PYC,20050523,0.19,0.19,0.19,0.19,4500
QAD,20050523,0.041,0.041,0.041,0.041,12000
QAN,20050523,3.33,3.34,3.29,3.33,7570749
QBE,20050523,14.8,14.99,14.65,14.77,2460448
QCH,20050523,4.1,4.1,4,4,20663
QED,20050523,0.06,0.06,0.055,0.055,961167
QGC,20050523,0.4,0.405,0.395,0.395,1313039
QOL,20050523,0.18,0.18,0.165,0.165,103500
QPX,20050523,0.088,0.088,0.088,0.088,50000
QRS,20050523,0.1,0.1,0.095,0.096,1353680
QST,20050523,0.42,0.42,0.42,0.42,8592
QXQ,20050523,0.02,0.02,0.02,0.02,27778
RAT,20050523,1.09,1.095,1.09,1.095,50000
RBH,20050523,0.135,0.135,0.135,0.135,175000
RBS,20050523,8.4,8.4,8.4,8.4,5000
RBY,20050523,0.018,0.02,0.017,0.02,262500
RCD,20050523,5.18,5.3,5.15,5.27,455760
RCG,20050523,0.21,0.21,0.205,0.205,44168
RCL,20050523,2.62,2.7,2.59,2.62,946259
RCR,20050523,0.7,0.7,0.69,0.7,92140
RCT,20050523,3.15,3.15,3.15,3.15,17740
RDF,20050523,3.38,3.41,3.38,3.4,15500
RDM,20050523,0.24,0.24,0.24,0.24,50000
RDR,20050523,0.24,0.24,0.22,0.22,31000
REA,20050523,1.415,1.415,1.415,1.415,2200
REB,20050523,1.95,1.99,1.95,1.99,52027
RED,20050523,0.081,0.081,0.081,0.081,60000
REH,20050523,11.9,11.9,11.8,11.8,1420
REL,20050523,0.135,0.135,0.135,0.135,6000
RGA,20050523,0.58,0.6,0.58,0.6,116637
RHC,20050523,8.4,8.4,8.27,8.35,65955
RHD,20050523,0.62,0.66,0.62,0.645,144582
RHT,20050523,0.15,0.15,0.14,0.14,140403
RIC,20050523,1.28,1.305,1.28,1.28,116953
RIM,20050523,0.019,0.019,0.019,0.019,173887
RIN,20050523,12.29,12.37,12.18,12.3,3088720
RIO,20050523,42.24,42.75,42.1,42.53,1616095
RIV,20050523,0.47,0.47,0.47,0.47,115054
RKN,20050523,0.82,0.82,0.805,0.82,246015
RMD,20050523,8.45,8.49,8.37,8.45,102441
RMI,20050523,0.1,0.1,0.1,0.1,91633
RML,20050523,0.17,0.175,0.165,0.165,270800
RMS,20050523,0.125,0.125,0.125,0.125,103000
RNG,20050523,0.09,0.09,0.08,0.08,35751
ROC,20050523,1.62,1.62,1.61,1.615,478473
ROK,20050523,4,4.05,4,4.05,5437
RPC,20050523,0.48,0.485,0.48,0.48,209600
RPM,20050523,0.07,0.07,0.07,0.07,30000
RPT,20050523,0.027,0.029,0.027,0.029,2203607
RRL,20050523,0.096,0.096,0.09,0.09,711504
RRS,20050523,0.02,0.02,0.02,0.02,807157
RRT,20050523,0.8,0.8,0.79,0.79,204424
RSG,20050523,0.925,0.96,0.88,0.95,116643
RSN,20050523,0.082,0.082,0.081,0.081,53250
RSP,20050523,1.02,1.04,1.005,1.02,114689
RTL,20050523,0.3,0.3,0.3,0.3,13500
RTM,20050523,0.07,0.079,0.069,0.079,12336611
RUP,20050523,9.66,9.85,9.65,9.85,16976
RWD,20050523,0.145,0.145,0.145,0.145,35000
RXL,20050523,0.14,0.14,0.135,0.14,200000
SAI,20050523,2.3,2.31,2.26,2.31,671297
SAQ,20050523,5.37,5.37,5.35,5.35,6197
SAU,20050523,0.115,0.125,0.115,0.125,60000
SBC,20050523,12,12.1,11.93,12.05,177821
SBL,20050523,0.085,0.085,0.085,0.085,13000
SBM,20050523,0.096,0.096,0.094,0.094,1077500
SBP,20050523,0.115,0.115,0.105,0.105,190000
SBR,20050523,0.11,0.11,0.11,0.11,3200
SBS,20050523,0.044,0.044,0.044,0.044,60000
SCE,20050523,0.025,0.025,0.024,0.024,196000
SCF,20050523,112.45,112.45,112.45,112.45,535
SDG,20050523,1.355,1.44,1.355,1.435,502746
SDI,20050523,0.64,0.64,0.63,0.635,836010
SDL,20050523,0.017,0.017,0.017,0.017,1500000
SDR,20050523,0.155,0.155,0.155,0.155,20000
SDS,20050523,0.65,0.65,0.65,0.65,8942
SEA,20050523,0.27,0.275,0.27,0.275,252220
SED,20050523,0.17,0.17,0.17,0.17,134482
SEE,20050523,0.061,0.061,0.061,0.061,16000
SEK,20050523,2.3,2.33,2.26,2.31,1009791
SEL,20050523,1.75,1.75,1.75,1.75,38000
SEM,20050523,4.12,4.15,4.1,4.1,314613
SEN,20050523,0.245,0.25,0.245,0.25,1037289
SEV,20050523,7,7,6.89,6.9,77904
SFC,20050523,4.95,5.1,4.93,5,58432
SFE,20050523,9.8,9.91,9.72,9.84,472994
SGB,20050523,25.15,25.36,25.15,25.3,1519475
SGL,20050523,0.69,0.7,0.67,0.7,785314
SGN,20050523,2.75,2.85,2.75,2.85,335650
SGP,20050523,5.56,5.59,5.52,5.54,5501490
SGS,20050523,1.02,1.03,1.01,1.03,54086
SGT,20050523,2.09,2.1,2.08,2.08,370663
SGV,20050523,0.15,0.15,0.14,0.14,40000
SGX,20050523,1.42,1.49,1.42,1.485,94071
SHC,20050523,0.34,0.36,0.34,0.36,24866
SHG,20050523,0.48,0.48,0.48,0.48,42538
SHL,20050523,11.9,12.15,11.9,12.03,790717
SHN,20050523,0.073,0.073,0.07,0.07,380700
SHV,20050523,8.71,9,8.71,9,30583
SIE,20050523,0.048,0.049,0.048,0.049,253305
SIG,20050523,8.1,8.21,8.1,8.21,151756
SIM,20050523,0.2,0.2,0.185,0.185,160000
SKC,20050523,4.15,4.25,4.15,4.25,19350
SKE,20050523,2.41,2.45,2.39,2.39,40273
SKG,20050523,0.715,0.75,0.7,0.75,15000
SKR,20050523,0.03,0.031,0.03,0.03,768563
SKW,20050523,0.185,0.19,0.185,0.19,261000
SLA,20050523,0.15,0.15,0.15,0.15,25000
SLF,20050523,17.5,17.8,17.5,17.7,5840
SLM,20050523,5,5.01,5,5,75705
SLT,20050523,0.35,0.35,0.35,0.35,11830
SLV,20050523,0.48,0.48,0.48,0.48,17000
SLX,20050523,0.845,0.875,0.84,0.865,293032
SMC,20050523,0.1,0.1,0.1,0.1,100000
SML,20050523,0.069,0.07,0.069,0.07,264498
SMM,20050523,0.33,0.34,0.32,0.32,239150
SMN,20050523,0.12,0.14,0.12,0.135,837000
SMO,20050523,0.067,0.067,0.062,0.062,768133
SMS,20050523,13.98,14.3,13.85,14.16,495327
SMX,20050523,1.45,1.46,1.45,1.45,84531
SMY,20050523,0.815,0.84,0.815,0.84,51010
SNF,20050523,0.46,0.46,0.46,0.46,18000
SNL,20050523,0.5,0.5,0.5,0.5,1000
SNN,20050523,0.21,0.215,0.21,0.215,38960
SOE,20050523,0.205,0.205,0.2,0.205,428573
SOL,20050523,8.65,8.8,8.65,8.78,16942
SOM,20050523,0.29,0.29,0.26,0.26,74000
SOO,20050523,0.3,0.3,0.29,0.29,25000
SOT,20050523,1.685,1.7,1.6,1.65,160283
SPH,20050523,0.6,0.6,0.6,0.6,10924
SPL,20050523,0.54,0.54,0.51,0.535,50601
SPT,20050523,4.85,4.99,4.8,4.97,112527
SRA,20050523,0.079,0.08,0.078,0.08,312911
SRI,20050523,0.06,0.067,0.06,0.061,616248
SRL,20050523,1.545,1.595,1.545,1.59,58694
SRP,20050523,4.26,4.27,4.26,4.26,4718844
SRX,20050523,1.35,1.36,1.35,1.36,5000
SRZ,20050523,0.16,0.16,0.15,0.15,71000
SSI,20050523,0.94,1,0.92,0.99,74560
SSN,20050523,0.33,0.33,0.33,0.33,3030
SSX,20050523,1.165,1.185,1.165,1.175,600782
STI,20050523,0.24,0.24,0.24,0.24,21035
STO,20050523,9.82,9.91,9.7,9.76,2719464
STP,20050523,0.041,0.041,0.041,0.041,24000
STR,20050523,0.22,0.22,0.215,0.215,34670
STT,20050523,0.022,0.022,0.022,0.022,15000
STU,20050523,0.81,0.81,0.805,0.81,19100
STV,20050523,15,15,15,15,2000
STW,20050523,41.47,41.58,41.4,41.58,41393
STX,20050523,0.13,0.13,0.13,0.13,304500
SUL,20050523,2.71,2.78,2.71,2.75,96394
SUN,20050523,19.35,19.43,19.3,19.35,854168
SUR,20050523,0.185,0.185,0.175,0.185,301912
SWG,20050523,0.02,0.02,0.02,0.02,501408
SXC,20050523,0.007,0.007,0.007,0.007,37000
SYG,20050523,0.008,0.008,0.008,0.008,13000
SYL,20050523,4.05,4.05,4.05,4.05,880
SYM,20050523,1.46,1.46,1.455,1.46,24530
SYN,20050523,0.72,0.72,0.72,0.72,5000
SYP,20050523,0.12,0.12,0.12,0.12,50000
TAA,20050523,0.019,0.019,0.018,0.018,991403
TAG,20050523,0.23,0.23,0.23,0.23,10000
TAH,20050523,15.52,15.68,15.52,15.6,2272134
TAM,20050523,0.085,0.085,0.085,0.085,100000
TAP,20050523,1.925,1.93,1.9,1.93,206529
TAS,20050523,0.12,0.125,0.12,0.125,115000
TAT,20050523,0.43,0.43,0.43,0.43,5000
TAW,20050523,0.895,0.895,0.85,0.89,59812
TBC,20050523,0.235,0.275,0.235,0.245,850734
TBR,20050523,0.49,0.49,0.49,0.49,4000
TCI,20050523,1.23,1.23,1.22,1.22,845900
TCL,20050523,7.15,7.16,7.06,7.08,2628202
TCN,20050523,0.055,0.055,0.055,0.055,7000
TCP,20050523,0.75,0.75,0.75,0.75,19520
TCQ,20050523,0.985,0.99,0.98,0.98,24100
TEA,20050523,0.068,0.068,0.068,0.068,72000
TEL,20050523,5.52,5.56,5.49,5.55,910330
TEN,20050523,3.87,3.92,3.85,3.87,1442970
TFC,20050523,0.3,0.32,0.3,0.32,66000
TFS,20050523,0.035,0.037,0.035,0.037,100000
TGD,20050523,0.086,0.086,0.085,0.085,114311
TGF,20050523,0.125,0.125,0.115,0.115,33000
TGG,20050523,1.215,1.215,1.205,1.205,52555
TGR,20050523,0.85,0.88,0.85,0.88,289183
THG,20050523,0.765,0.765,0.755,0.765,72573
THK,20050523,0.83,0.83,0.83,0.83,10000
THX,20050523,0.2,0.2,0.19,0.19,24487
TIF,20050523,0.38,0.38,0.38,0.38,17704
TIM,20050523,1.9,1.935,1.88,1.9,384735
TIR,20050523,0.058,0.058,0.055,0.057,215000
TIS,20050523,0.69,0.69,0.69,0.69,5000
TKL,20050523,0.18,0.18,0.18,0.18,25000
TKR,20050523,0.9,0.9,0.9,0.9,20000
TLS,20050523,4.88,4.9,4.84,4.87,15941402
TMM,20050523,0.22,0.22,0.22,0.22,5000
TMO,20050523,0.6,0.64,0.6,0.64,16000
TMS,20050523,0.039,0.039,0.039,0.039,41335
TNC,20050523,0.24,0.24,0.23,0.23,271451
TNE,20050523,0.52,0.535,0.52,0.535,91800
TNG,20050523,0.145,0.15,0.14,0.15,375023
TNL,20050523,0.24,0.24,0.24,0.24,120000
TOL,20050523,12.79,12.87,12.66,12.72,735472
TOR,20050523,1.51,1.51,1.51,1.51,9540
TOX,20050523,0.024,0.025,0.024,0.024,346539
TPI,20050523,2.75,2.77,2.7,2.72,500247
TPX,20050523,6,6,6,6,3829
TRG,20050523,10.9,10.9,10.87,10.9,25668
TRO,20050523,0.093,0.093,0.093,0.093,60000
TRS,20050523,2.68,2.72,2.68,2.72,51676
TRU,20050523,9.34,9.35,9.3,9.35,29443
TRY,20050523,2.5,2.5,2.41,2.41,6000
TSE,20050523,6.9,6.95,6.85,6.92,362624
TSO,20050523,2.05,2.07,2.05,2.07,892889
TTI,20050523,0.19,0.19,0.19,0.19,102250
TTR,20050523,0.19,0.19,0.155,0.17,380000
TTT,20050523,0.5,0.5,0.5,0.5,42500
TWD,20050523,1.35,1.35,1.35,1.35,1700
TWO,20050523,1.35,1.38,1.35,1.355,38000
TWR,20050523,1.79,1.85,1.79,1.85,1442745
TYC,20050523,0.5,0.5,0.49,0.5,157000
TZL,20050523,0.465,0.465,0.445,0.455,330977
TZN,20050523,0.295,0.3,0.295,0.3,165607
UCL,20050523,0.025,0.025,0.024,0.024,850587
UCM,20050523,1.12,1.15,1.12,1.15,15500
UGL,20050523,8.23,8.36,8.23,8.34,298886
UKD,20050523,0.11,0.115,0.11,0.115,456500
UNI,20050523,0.7,0.71,0.67,0.69,142528
UNW,20050523,0.375,0.375,0.345,0.35,2231660
UOS,20050523,1.3,1.3,1.3,1.3,780
URL,20050523,0.14,0.14,0.135,0.135,35000
UTB,20050523,12.65,13.22,12.65,13.09,243390
UXC,20050523,0.755,0.76,0.75,0.75,112940
VBA,20050523,1.695,1.695,1.68,1.685,412629
VCM,20050523,1.65,1.65,1.65,1.65,230
VCR,20050523,1.125,1.25,1.125,1.23,12010887
VGH,20050523,3.07,3.07,3.03,3.03,27835
VGL,20050523,1.185,1.205,1.185,1.2,251921
VGP,20050523,0.95,0.95,0.95,0.95,2500
VHL,20050523,0.34,0.34,0.335,0.335,70000
VKI,20050523,0.4,0.4,0.4,0.4,7500
VOF,20050523,0.93,0.93,0.92,0.92,81120
VOY,20050523,0.19,0.19,0.18,0.18,248309
VPE,20050523,0.032,0.032,0.031,0.032,1259018
VPG,20050523,1.23,1.23,1.225,1.225,437386
VPH,20050523,0.1,0.1,0.1,0.1,67500
VRE,20050523,0.215,0.215,0.205,0.205,45200
VRL,20050523,2.25,2.3,2.25,2.29,28473
VSL,20050523,0.935,0.96,0.92,0.955,753743
VTI,20050523,0.55,0.55,0.55,0.55,6000
VTP,20050523,0.995,0.995,0.995,0.995,4500
VTR,20050523,0.84,0.88,0.84,0.88,85868
VWD,20050523,1.45,1.47,1.45,1.45,49943
VXS,20050523,0.031,0.032,0.031,0.032,22000
WAB,20050523,1.02,1.025,1.02,1.025,9250
WAG,20050523,0.13,0.13,0.12,0.12,98000
WAM,20050523,1.42,1.42,1.405,1.42,60773
WAN,20050523,7.38,7.58,7.38,7.46,688539
WAS,20050523,0.023,0.023,0.023,0.023,5120
WAT,20050523,3.7,3.7,3.7,3.7,3121
WBA,20050523,0.79,0.79,0.74,0.74,7801
WBB,20050523,6.9,7,6.9,7,1987
WBC,20050523,19.64,19.69,19.6,19.69,4470653
WCB,20050523,4.18,4.18,4.18,4.18,1957
WDC,20050523,16.7,16.84,16.7,16.78,3918082
WEB,20050523,0.115,0.12,0.115,0.115,159700
WES,20050523,36.82,37.13,36.8,37.13,579420
WFL,20050523,2.3,2.35,2.28,2.35,9050
WGP,20050523,0.135,0.135,0.135,0.135,21000
WHF,20050523,3.24,3.4,3.24,3.4,29000
WHS,20050523,3.15,3.15,3.1,3.15,38195
WIL,20050523,0.925,0.925,0.91,0.92,97222
WLS,20050523,0.895,0.9,0.895,0.9,53709
WME,20050523,0.035,0.036,0.034,0.034,255000
WML,20050523,0.06,0.06,0.06,0.06,55000
WMR,20050523,7.92,7.93,7.9,7.91,3015315
WOR,20050523,6.96,6.98,6.81,6.95,336807
WOW,20050523,15.4,15.67,15.4,15.62,2722038
WPL,20050523,23.59,23.73,23.26,23.35,1617663
WSA,20050523,1.415,1.415,1.39,1.39,38798
WSS,20050523,0.072,0.074,0.072,0.074,34000
WTE,20050523,0.041,0.041,0.039,0.04,1066457
WTP,20050523,1.01,1.06,1.01,1.06,38526
WWA,20050523,0.87,0.87,0.87,0.87,1000
WWM,20050523,0.032,0.032,0.032,0.032,1944
WYL,20050523,2.09,2.13,2.09,2.11,173112
XAN,20050523,0.032,0.032,0.03,0.03,188625
XAO,20050523,3990.8,4024.9,3990.7,4024.3,0
XBL,20050523,0.185,0.185,0.185,0.185,10000
XBW,20050523,31143.6,31434.3,31143.6,31434.3,0
XDJ,20050523,2121.9,2145.2,2121.3,2142.6,0
XEJ,20050523,8031.4,8106.8,8018.2,8045.1,0
XFJ,20050523,4940.9,4989.1,4940.9,4989,0
XFL,20050523,4000.8,4034.2,4000,4033.7,0
XHJ,20050523,4774.7,4813,4774.7,4807.9,0
XIJ,20050523,371.1,375.4,364.7,375.4,0
XJO,20050523,4041.2,4077.7,4041,4077.2,0
XKO,20050523,4032.9,4069.1,4032.6,4068.7,0
XMD,20050523,3900.3,3949.8,3900.1,3938.9,0
XMJ,20050523,6583.4,6642.7,6575.1,6630.6,0
XNJ,20050523,4855.3,4920.2,4853.3,4920.2,0
XPJ,20050523,1741.2,1765.5,1741.2,1758.9,0
XSJ,20050523,5380.5,5459.9,5380.5,5453.7,0
XSO,20050523,2178.8,2207.4,2178.8,2207.4,0
XTJ,20050523,1736.6,1744.2,1725.7,1737.7,0
XTL,20050523,2192.2,2213.9,2191.5,2213.1,0
XTO,20050523,3292.8,3321.7,3292.3,3320.7,0
XUJ,20050523,4796.7,4820.3,4785.2,4794,0
XXJ,20050523,5051.2,5099.7,5051.2,5099.7,0
YAM,20050523,0.006,0.006,0.006,0.006,910904
ZBB,20050523,0.28,0.28,0.26,0.26,85000
ZFX,20050523,2.8,2.8,2.76,2.78,1964476
ZIM,20050523,2.8,2.93,2.8,2.93,14483
ZYL,20050523,0.004,0.004,0.003,0.003,2505930
