AAC,20050707,1.81,1.81,1.75,1.795,462070
AAE,20050707,0.27,0.275,0.27,0.275,8000
AAM,20050707,0.245,0.245,0.24,0.24,12500
AAQ,20050707,0.65,0.65,0.63,0.63,15000
AAR,20050707,0.022,0.022,0.022,0.022,481924
AAT,20050707,0.165,0.165,0.165,0.165,15327
AAU,20050707,0.665,0.68,0.655,0.68,231317
ABB,20050707,6.18,6.2,6.16,6.19,86658
ABC,20050707,1.875,1.9,1.82,1.865,2965814
ABI,20050707,0.12,0.125,0.12,0.12,57000
ABP,20050707,1.35,1.35,1.34,1.34,159436
ABQ,20050707,0.29,0.305,0.29,0.3,89499
ABS,20050707,5.35,5.37,5.23,5.23,1060772
ACL,20050707,0.545,0.545,0.53,0.53,156800
ACR,20050707,0.5,0.52,0.49,0.49,354101
ACU,20050707,0.22,0.22,0.2,0.2,502033
ADA,20050707,0.295,0.3,0.28,0.28,117518
ADB,20050707,11.5,11.5,11.27,11.35,317040
ADI,20050707,0.24,0.24,0.24,0.24,50225
ADL,20050707,0.08,0.085,0.08,0.085,106500
ADN,20050707,0.31,0.31,0.31,0.31,10000
ADT,20050707,0.9,0.93,0.9,0.93,17903
ADU,20050707,0.435,0.435,0.42,0.42,97553
ADX,20050707,0.15,0.15,0.14,0.14,80000
ADY,20050707,0.11,0.11,0.1,0.105,5166900
ADZ,20050707,1.935,1.97,1.91,1.935,664805
AEC,20050707,2.45,2.45,2.45,2.45,28285
AED,20050707,0.715,0.74,0.71,0.74,36950
AEI,20050707,0.64,0.64,0.63,0.64,62575
AEM,20050707,0.055,0.055,0.055,0.055,40000
AEN,20050707,1,1,1,1,500
AEO,20050707,1.74,1.74,1.705,1.705,318833
AET,20050707,0.37,0.37,0.365,0.365,25545
AEU,20050707,1.44,1.44,1.43,1.43,38000
AEX,20050707,0.033,0.033,0.031,0.031,396174
AFI,20050707,3.77,3.78,3.75,3.77,281048
AFS,20050707,0.079,0.079,0.079,0.079,210000
AGC,20050707,1.26,1.31,1.25,1.31,19100
AGG,20050707,9.5,9.55,9.5,9.55,96741
AGI,20050707,0.54,0.56,0.54,0.55,210959
AGL,20050707,14.44,14.44,14.2,14.25,1293184
AGM,20050707,0.125,0.13,0.125,0.125,232244
AGO,20050707,0.21,0.21,0.21,0.21,95000
AGS,20050707,0.055,0.056,0.055,0.056,329000
AGX,20050707,0.285,0.285,0.285,0.285,74000
AGY,20050707,0.051,0.051,0.05,0.05,68400
AGZ,20050707,0.18,0.19,0.18,0.19,27434
AHD,20050707,4.45,4.45,4.35,4.35,4798
AHG,20050707,0.061,0.061,0.061,0.061,50000
AHS,20050707,1.235,1.245,1.22,1.245,111022
AIA,20050707,2.13,2.14,2.13,2.13,569155
AII,20050707,0.2,0.22,0.2,0.22,64000
AIM,20050707,0.046,0.046,0.046,0.046,1336000
AIX,20050707,2.64,2.65,2.55,2.55,602240
AIZ,20050707,1.215,1.22,1.2,1.21,228466
AJL,20050707,1.2,1.24,1.09,1.24,280570
AKD,20050707,0.012,0.012,0.012,0.012,150000
ALD,20050707,0.22,0.22,0.22,0.22,32025
ALK,20050707,0.14,0.14,0.135,0.135,185000
ALL,20050707,11.27,11.5,11.15,11.3,1283970
ALN,20050707,9.79,9.79,9.61,9.68,468121
ALR,20050707,1.195,1.195,1.195,1.195,10000
ALS,20050707,7.28,7.32,7.26,7.26,94689
ALU,20050707,0.2,0.2,0.2,0.2,5000
ALW,20050707,0.53,0.54,0.53,0.54,84309
ALZ,20050707,1.435,1.435,1.39,1.39,1408443
AMC,20050707,6.88,6.89,6.76,6.79,3709112
AMG,20050707,0.028,0.03,0.027,0.03,1066664
AMH,20050707,0.495,0.495,0.495,0.495,26233
AML,20050707,0.43,0.43,0.43,0.43,9000
AMM,20050707,0.175,0.175,0.17,0.175,196000
AMO,20050707,0.69,0.69,0.69,0.69,26100
AMP,20050707,6.39,6.4,6.26,6.3,16237773
AMU,20050707,0.86,0.89,0.86,0.87,546621
ANC,20050707,8.25,8.25,8.25,8.25,850
AND,20050707,0.15,0.155,0.15,0.155,907557
ANE,20050707,3.73,3.73,3.72,3.72,10296
ANG,20050707,0.325,0.325,0.325,0.325,9900
ANM,20050707,0.009,0.009,0.009,0.009,1174600
ANN,20050707,10.26,10.29,10.2,10.2,508376
ANO,20050707,0.18,0.185,0.16,0.165,283825
ANX,20050707,0.385,0.385,0.385,0.385,15000
ANZ,20050707,21.6,21.6,21.17,21.32,4627856
APA,20050707,3.82,3.83,3.77,3.77,174116
APD,20050707,1.39,1.39,1.36,1.36,173000
APE,20050707,7.5,7.5,7.5,7.5,2250
APG,20050707,0.041,0.041,0.04,0.04,1324547
API,20050707,3.33,3.37,3.23,3.26,465985
APN,20050707,5.07,5.1,5.02,5.05,1443795
APR,20050707,2.04,2.04,2.04,2.04,7000
APZ,20050707,0.205,0.21,0.205,0.21,403731
AQA,20050707,3.3,3.4,3.3,3.4,15300
AQD,20050707,0.094,0.095,0.091,0.091,93473
AQP,20050707,6.7,6.75,6.66,6.7,256643
ARE,20050707,0.21,0.23,0.21,0.23,64000
ARG,20050707,5.56,5.6,5.54,5.58,58837
ARP,20050707,3.25,3.25,3.15,3.15,147754
ARQ,20050707,1.92,1.93,1.9,1.9,539360
ARU,20050707,0.195,0.225,0.195,0.225,482982
ARW,20050707,1.19,1.24,1.19,1.2,187803
ARX,20050707,0.05,0.051,0.05,0.05,263559
ARZ,20050707,0.28,0.28,0.26,0.26,15600
ASB,20050707,1.75,1.755,1.71,1.72,95175
ASC,20050707,0.04,0.04,0.04,0.04,300000
ASL,20050707,0.74,0.75,0.74,0.75,242500
ASU,20050707,0.016,0.016,0.016,0.016,120000
ASV,20050707,0.074,0.074,0.074,0.074,19999
ASX,20050707,22.73,22.75,22.15,22.25,390938
ATG,20050707,0.77,0.78,0.77,0.78,101487
ATN,20050707,0.1,0.1,0.1,0.1,20000
ATP,20050707,0.205,0.205,0.205,0.205,9000
ATR,20050707,2.98,3.03,2.93,3.03,5935
ATV,20050707,0.086,0.086,0.08,0.086,2007952
ATX,20050707,0.052,0.052,0.052,0.052,60000
ATZ,20050707,0.13,0.13,0.13,0.13,125
AUL,20050707,0.015,0.015,0.015,0.015,449931
AUN,20050707,1.05,1.08,1.05,1.08,413175
AUO,20050707,1.29,1.29,1.265,1.265,1100
AUS,20050707,0.85,0.86,0.85,0.86,6250
AUT,20050707,0.28,0.28,0.26,0.26,263480
AUW,20050707,1.12,1.135,1.11,1.11,450962
AUZ,20050707,0.022,0.022,0.02,0.02,990315
AVE,20050707,1.31,1.31,1.31,1.31,8001
AVJ,20050707,1.34,1.35,1.34,1.34,72461
AVM,20050707,0.395,0.405,0.39,0.4,267417
AVO,20050707,0.38,0.38,0.375,0.38,828734
AVR,20050707,0.94,1,0.94,0.94,108218
AVS,20050707,0.145,0.145,0.145,0.145,3450
AVU,20050707,0.385,0.385,0.385,0.385,65648
AVV,20050707,1.27,1.28,1.25,1.28,60889
AVX,20050707,0.16,0.16,0.15,0.15,38153
AWB,20050707,4.66,4.67,4.6,4.62,1606239
AWC,20050707,5.6,5.61,5.42,5.45,6678656
AWE,20050707,2.05,2.06,2.01,2.02,2366354
AWL,20050707,0.018,0.018,0.018,0.018,2078074
AWP,20050707,2.49,2.49,2.43,2.44,24050
AXA,20050707,4.42,4.42,4.31,4.37,3338424
AXC,20050707,0.08,0.085,0.08,0.085,60000
AXD,20050707,0.13,0.13,0.13,0.13,52885
AXM,20050707,0.105,0.105,0.105,0.105,100000
AXO,20050707,0.64,0.7,0.64,0.7,153029
AZA,20050707,0.715,0.745,0.715,0.74,656550
AZR,20050707,0.235,0.24,0.235,0.235,546520
AZZ,20050707,0.455,0.46,0.45,0.45,180500
BAR,20050707,0.17,0.175,0.16,0.165,1500023
BAS,20050707,0.16,0.16,0.155,0.16,207534
BAX,20050707,5.1,5.1,5.03,5.1,4098
BBB,20050707,0.365,0.375,0.365,0.375,137620
BBG,20050707,13.83,13.98,13.75,13.98,662696
BBI,20050707,1.68,1.685,1.66,1.675,3655493
BCA,20050707,2.87,3.02,2.87,3,662132
BCD,20050707,0.38,0.38,0.38,0.38,13231
BCL,20050707,0.24,0.24,0.215,0.215,637503
BDG,20050707,1.035,1.05,1.03,1.04,431686
BDI,20050707,0.26,0.27,0.26,0.27,40000
BDL,20050707,0.069,0.071,0.069,0.071,245070
BDM,20050707,0.55,0.55,0.55,0.55,52000
BDS,20050707,2.83,2.83,2.82,2.82,2500
BEL,20050707,0.365,0.365,0.365,0.365,27000
BEN,20050707,9.75,9.75,9.6,9.6,211969
BGD,20050707,0.215,0.215,0.215,0.215,95000
BGF,20050707,0.25,0.25,0.245,0.25,2675984
BGN,20050707,0.058,0.058,0.058,0.058,94000
BHP,20050707,18.65,18.66,18.5,18.6,20210971
BIL,20050707,8.13,8.13,8.03,8.1,4095903
BIT,20050707,0.14,0.14,0.14,0.14,37822
BJT,20050707,1.22,1.22,1.21,1.215,624597
BKA,20050707,0.265,0.265,0.255,0.255,289237
BKI,20050707,1.105,1.11,1.105,1.105,127398
BKL,20050707,13.6,13.6,13.02,13.19,4047
BKM,20050707,0.01,0.01,0.01,0.01,1000000
BKN,20050707,2.9,2.9,2.75,2.85,173359
BKP,20050707,0.215,0.215,0.21,0.21,1296700
BKS,20050707,0.01,0.01,0.01,0.01,500000
BKW,20050707,10.42,10.56,10.42,10.56,7153
BKY,20050707,0.18,0.21,0.18,0.21,560914
BLD,20050707,6.65,6.66,6.47,6.53,3016685
BLN,20050707,0.12,0.12,0.115,0.115,22000
BLR,20050707,0.019,0.022,0.019,0.022,682115
BLT,20050707,0.13,0.14,0.13,0.14,509732
BLZ,20050707,0.072,0.072,0.07,0.071,223791
BMN,20050707,0.23,0.23,0.22,0.22,20000
BMO,20050707,0.235,0.235,0.23,0.23,110198
BMX,20050707,0.18,0.18,0.175,0.18,545275
BNB,20050707,14.34,14.4,13.84,14.01,938664
BNE,20050707,0.3,0.33,0.3,0.33,16250
BNO,20050707,0.13,0.135,0.13,0.13,42900
BNT,20050707,0.175,0.175,0.175,0.175,316865
BOC,20050707,0.78,0.8,0.76,0.8,35000
BOD,20050707,0.048,0.05,0.048,0.05,167165
BOL,20050707,2.6,2.6,2.53,2.55,592289
BON,20050707,0.495,0.51,0.495,0.51,38808
BOQ,20050707,11.48,11.48,11.05,11.05,351393
BOS,20050707,0.16,0.165,0.16,0.165,25000
BOW,20050707,0.13,0.13,0.13,0.13,17589
BPC,20050707,0.915,0.92,0.91,0.91,3038844
BPG,20050707,0.072,0.072,0.072,0.072,34723
BPH,20050707,0.08,0.08,0.08,0.08,42382
BPO,20050707,0.034,0.034,0.033,0.034,360146
BPT,20050707,0.685,0.69,0.67,0.67,1204597
BQT,20050707,0.28,0.28,0.265,0.28,820063
BRW,20050707,0.031,0.031,0.03,0.031,821210
BRZ,20050707,1.75,1.75,1.71,1.71,8737
BSA,20050707,0.26,0.265,0.255,0.265,81500
BSG,20050707,0.61,0.62,0.605,0.61,242103
BSL,20050707,8.14,8.14,8.04,8.09,4895416
BSO,20050707,1.99,2,1.98,2,113676
BTA,20050707,0.445,0.445,0.435,0.435,246160
BTC,20050707,0.33,0.345,0.325,0.325,49000
BTV,20050707,0.029,0.031,0.026,0.03,762225
BTX,20050707,0.565,0.615,0.56,0.58,652698
BUG,20050707,0.64,0.64,0.605,0.605,21780
BUY,20050707,0.084,0.084,0.084,0.084,69291
BWP,20050707,1.92,1.92,1.855,1.87,310712
BXP,20050707,0.23,0.235,0.23,0.23,206380
CAA,20050707,1.78,1.79,1.77,1.785,32173
CAB,20050707,4.4,4.4,4.39,4.4,3730
CAG,20050707,0.038,0.038,0.035,0.035,862494
CAM,20050707,0.96,0.96,0.96,0.96,35104
CAS,20050707,0.26,0.26,0.25,0.25,50000
CAT,20050707,18.51,20.75,18.51,20,5264
CAU,20050707,0.13,0.13,0.13,0.13,6000
CAZ,20050707,0.24,0.24,0.225,0.225,55000
CBA,20050707,37.7,37.8,37.6,37.63,4185592
CBD,20050707,0.04,0.046,0.033,0.046,2875530
CBH,20050707,0.245,0.25,0.24,0.25,725604
CBR,20050707,3.95,3.98,3.95,3.98,10102
CCE,20050707,0.39,0.39,0.375,0.375,150255
CCI,20050707,0.014,0.014,0.014,0.014,4055155
CCL,20050707,7.77,7.78,7.62,7.78,3056561
CCP,20050707,3.08,3.08,3.07,3.07,1200
CCV,20050707,0.25,0.25,0.25,0.25,6000
CDA,20050707,1.48,1.5,1.45,1.45,213250
CDD,20050707,2.85,2.89,2.85,2.89,16900
CDF,20050707,1.422,1.422,1.41,1.411,85795
CDO,20050707,4.69,4.71,4.6,4.6,293787
CDP,20050707,3.23,3.23,3.23,3.23,7000
CDR,20050707,2.29,2.3,2.23,2.24,260226
CDX,20050707,2.2,2.2,2.2,2.2,1511
CEG,20050707,1.2,1.2,1.19,1.19,25618
CEQ,20050707,2.34,2.35,2.34,2.34,16600
CEY,20050707,4.85,4.88,4.79,4.85,1662161
CFI,20050707,0.72,0.74,0.715,0.74,51753
CFK,20050707,0.475,0.48,0.45,0.45,315060
CFR,20050707,0.016,0.016,0.016,0.016,330000
CFU,20050707,0.75,0.76,0.74,0.76,211421
CGF,20050707,3.07,3.09,3.01,3.05,729026
CGO,20050707,0.655,0.655,0.65,0.65,4522
CHB,20050707,34.4,35,34.4,35,283
CHD,20050707,0.91,0.91,0.9,0.9,33000
CHF,20050707,0.39,0.41,0.39,0.41,139705
CHL,20050707,0.16,0.16,0.15,0.15,60728
CHO,20050707,4.8,4.8,4.8,4.8,500
CHQ,20050707,0.76,0.76,0.76,0.76,43000
CHT,20050707,0.011,0.012,0.011,0.012,2224906
CHX,20050707,1.33,1.34,1.31,1.34,397504
CHY,20050707,2.01,2.04,2.01,2.04,28583
CIG,20050707,0.029,0.029,0.028,0.028,679342
CII,20050707,0.13,0.13,0.13,0.13,27000
CIN,20050707,15.16,15.16,15.15,15.15,2000
CIR,20050707,1.4,1.4,1.39,1.39,17800
CIX,20050707,0.445,0.455,0.445,0.455,126540
CIY,20050707,4.05,4.07,3.96,3.96,165314
CKL,20050707,0.65,0.65,0.65,0.65,6000
CKR,20050707,0.365,0.365,0.365,0.365,20000
CKS,20050707,0.4,0.4,0.4,0.4,28791
CLB,20050707,0.055,0.055,0.05,0.051,255370
CLF,20050707,0.205,0.205,0.205,0.205,9500
CLH,20050707,1.45,1.47,1.445,1.46,78900
CLL,20050707,0.4,0.4,0.4,0.4,1942
CLO,20050707,0.475,0.475,0.47,0.47,99068
CLT,20050707,1.35,1.35,1.31,1.31,83240
CLV,20050707,0.17,0.175,0.17,0.17,125000
CMI,20050707,1.33,1.36,1.33,1.34,26106
CML,20050707,9.11,9.11,8.96,8.97,6151291
CMP,20050707,0.22,0.22,0.22,0.22,1500
CMQ,20050707,1.18,1.195,1.17,1.175,104437
CMR,20050707,0.975,0.975,0.94,0.95,190800
CMW,20050707,0.295,0.295,0.295,0.295,23000
CMX,20050707,0.096,0.096,0.096,0.096,12500
CNA,20050707,40,40,40,40,32000
CNB,20050707,0.91,0.91,0.91,0.91,10000
CND,20050707,2.16,2.19,2.16,2.19,26400
CNF,20050707,0.067,0.068,0.067,0.068,160000
CNN,20050707,0.037,0.037,0.037,0.037,16000
CNP,20050707,6.07,6.1,5.95,6,4915835
COA,20050707,4.55,4.58,4.4,4.4,478769
COE,20050707,0.26,0.265,0.255,0.255,270750
COF,20050707,2.6,2.6,2.52,2.55,42086
COH,20050707,39.89,39.89,39.3,39.3,372549
COI,20050707,0.125,0.13,0.125,0.125,183100
COS,20050707,0.335,0.335,0.325,0.325,20000
COU,20050707,1.34,1.34,1.3,1.33,142873
COZ,20050707,0.28,0.28,0.28,0.28,79000
CPA,20050707,1.3,1.3,1.27,1.285,11455727
CPB,20050707,9.3,9.3,9.2,9.2,2450
CPC,20050707,0.215,0.215,0.21,0.21,723750
CPI,20050707,0.55,0.555,0.54,0.555,52320
CPU,20050707,5.82,5.85,5.66,5.68,2153993
CQT,20050707,0.15,0.15,0.14,0.15,160035
CRE,20050707,0.135,0.135,0.135,0.135,35000
CRG,20050707,8.53,8.62,8.5,8.56,372245
CRK,20050707,0.39,0.39,0.39,0.39,40930
CRL,20050707,0.067,0.067,0.067,0.067,5000
CRS,20050707,0.385,0.385,0.375,0.38,1010744
CRT,20050707,0.54,0.54,0.54,0.54,1900
CRU,20050707,0.73,0.735,0.73,0.73,34000
CSL,20050707,34.09,34.1,33.62,33.76,1061761
CSM,20050707,3.73,3.75,3.65,3.7,1044419
CSR,20050707,2.73,2.73,2.63,2.65,3124653
CST,20050707,2.85,2.96,2.85,2.95,35435
CTF,20050707,0.17,0.17,0.17,0.17,35000
CTI,20050707,0.61,0.61,0.61,0.61,5309
CTL,20050707,0.86,0.865,0.85,0.865,42000
CTN,20050707,0.99,0.99,0.99,0.99,37787
CTO,20050707,0.135,0.135,0.13,0.13,70000
CTX,20050707,16.17,16.25,15.86,16.2,871502
CUE,20050707,0.365,0.375,0.36,0.37,3610700
CUO,20050707,0.014,0.014,0.014,0.014,2228270
CUS,20050707,0.1,0.1,0.1,0.1,140000
CUY,20050707,0.675,0.695,0.595,0.615,297433
CVN,20050707,0.019,0.019,0.019,0.019,299400
CWG,20050707,0.1,0.1,0.1,0.1,20000
CWP,20050707,2.31,2.31,2.31,2.31,10000
CWT,20050707,0.925,0.94,0.925,0.94,10600
CXE,20050707,0.05,0.075,0.05,0.075,80000
CXN,20050707,0.165,0.165,0.165,0.165,50000
CXP,20050707,5.83,5.9,5.71,5.78,138239
CXS,20050707,0.655,0.655,0.62,0.625,84750
CYA,20050707,1.01,1.015,1.005,1.005,215844
CYG,20050707,5.8,5.87,5.8,5.87,4519
CYN,20050707,0.335,0.335,0.335,0.335,25462
CYT,20050707,0.445,0.46,0.445,0.46,47500
DBS,20050707,0.4,0.4,0.4,0.4,45963
DDT,20050707,0.26,0.265,0.26,0.26,210000
DEG,20050707,0.26,0.26,0.245,0.25,656500
DES,20050707,0.13,0.13,0.11,0.115,152423
DEX,20050707,0.93,0.95,0.93,0.95,17150
DFT,20050707,0.013,0.014,0.012,0.013,1493167
DGR,20050707,0.1,0.1,0.1,0.1,55700
DIA,20050707,0.095,0.095,0.095,0.095,20000
DIO,20050707,0.06,0.06,0.06,0.06,33003
DJS,20050707,2,2,1.94,1.945,1977128
DJW,20050707,3.88,3.89,3.86,3.86,57809
DKN,20050707,0.69,0.69,0.67,0.67,16225
DLS,20050707,0.073,0.075,0.073,0.074,1372000
DMP,20050707,2.51,2.57,2.51,2.57,120905
DMX,20050707,0.017,0.017,0.017,0.017,20000
DNL,20050707,0.21,0.22,0.21,0.22,11000
DNX,20050707,0.11,0.11,0.11,0.11,80334
DOM,20050707,0.37,0.37,0.37,0.37,20000
DOW,20050707,5.28,5.31,5.21,5.3,1453435
DRA,20050707,0.2,0.21,0.2,0.2,958785
DRD,20050707,1.2,1.2,1.12,1.12,7294
DRN,20050707,0.095,0.096,0.072,0.072,3255109
DRT,20050707,1.395,1.405,1.38,1.38,8577440
DRX,20050707,0.15,0.15,0.15,0.15,10000
DTL,20050707,2.95,2.95,2.92,2.92,4582
DUE,20050707,2.47,2.48,2.4,2.4,511145
DUI,20050707,2.5,2.5,2.5,2.5,10000
DVC,20050707,3.74,3.74,3.59,3.6,1827623
DVM,20050707,0.025,0.025,0.023,0.023,400000
DVN,20050707,0.605,0.61,0.6,0.61,52813
DWY,20050707,0.755,0.755,0.755,0.755,37666
DYL,20050707,0.085,0.105,0.083,0.095,87151405
EBB,20050707,4.41,4.41,4.4,4.4,14701
EBR,20050707,0.083,0.085,0.081,0.081,236370
EBT,20050707,0.22,0.22,0.215,0.22,370842
ECH,20050707,0.355,0.355,0.32,0.32,136231
ECM,20050707,0.09,0.09,0.09,0.09,20000
EDN,20050707,0.34,0.34,0.34,0.34,33334
EGL,20050707,0.1,0.1,0.093,0.093,475900
EGO,20050707,0.009,0.009,0.009,0.009,6993000
EIF,20050707,0.024,0.025,0.024,0.025,34073
ELK,20050707,0.275,0.295,0.275,0.295,232400
ELX,20050707,0.255,0.26,0.255,0.26,56000
EMI,20050707,0.26,0.26,0.26,0.26,61081
EMP,20050707,0.23,0.23,0.23,0.23,3850
EMS,20050707,0.19,0.195,0.185,0.195,237716
ENE,20050707,4.13,4.14,4.02,4.06,292915
ENG,20050707,0.096,0.1,0.096,0.1,326998
ENV,20050707,1.125,1.125,1.115,1.115,626556
EOS,20050707,3.8,4,3.8,4,18700
EPE,20050707,0.1,0.1,0.1,0.1,30000
EPR,20050707,0.075,0.075,0.075,0.075,10000
EPT,20050707,0.41,0.415,0.4,0.405,379188
EQI,20050707,1.085,1.09,1.07,1.09,230414
EQM,20050707,6.84,6.84,6.84,6.84,1300
EQN,20050707,0.5,0.51,0.5,0.5,244866
EQT,20050707,11.1,11.18,11,11,5202
ERA,20050707,13.65,14,13.65,14,7043
ERG,20050707,0.25,0.255,0.245,0.255,719916
ESG,20050707,0.175,0.175,0.17,0.175,345780
ESS,20050707,0.38,0.38,0.38,0.38,10000
ESV,20050707,0.92,0.92,0.92,0.92,28500
ETC,20050707,0.032,0.032,0.031,0.032,185570
ETE,20050707,0.145,0.145,0.145,0.145,22710
ETR,20050707,1.73,1.73,1.695,1.7,188917
ETT,20050707,0.036,0.036,0.035,0.035,40560
ETW,20050707,0.46,0.475,0.45,0.45,236685
EUG,20050707,0.16,0.16,0.15,0.15,135431
EWC,20050707,0.04,0.04,0.04,0.04,39600
EXL,20050707,7.35,7.47,7.35,7.4,485717
EXR,20050707,0.45,0.46,0.44,0.44,170695
EXS,20050707,0.16,0.19,0.16,0.19,1155276
EXT,20050707,0.016,0.016,0.016,0.016,450000
EZE,20050707,0.11,0.11,0.11,0.11,14977
FAN,20050707,3.65,3.68,3.65,3.68,835
FAR,20050707,0.086,0.086,0.08,0.083,1780000
FBU,20050707,6.24,6.24,6.2,6.2,269312
FCL,20050707,1.875,1.94,1.845,1.925,2840135
FCN,20050707,0.475,0.475,0.445,0.455,1895950
FCO,20050707,0.27,0.27,0.27,0.27,60970
FDL,20050707,0.022,0.022,0.022,0.022,500000
FEA,20050707,0.56,0.57,0.56,0.57,111840
FGL,20050707,5.35,5.36,5.29,5.29,7123823
FKP,20050707,2.79,2.79,2.76,2.76,584428
FLK,20050707,0.68,0.68,0.65,0.65,29855
FLT,20050707,14.11,14.15,14.01,14.01,113847
FLX,20050707,2.7,2.75,2.69,2.75,115258
FMG,20050707,2.63,2.63,2.55,2.55,175679
FOA,20050707,26.5,26.85,26.38,26.45,930236
FPA,20050707,3.1,3.16,3.1,3.16,338058
FPF,20050707,0.041,0.041,0.041,0.041,45006
FPH,20050707,3.15,3.15,3.04,3.11,187458
FRL,20050707,0.19,0.19,0.19,0.19,27440
FRM,20050707,0.62,0.62,0.59,0.59,32600
FRR,20050707,0.91,0.92,0.91,0.92,24312
FUN,20050707,1.94,1.945,1.925,1.93,215803
FWD,20050707,6.2,6.21,6.12,6.13,132988
FXJ,20050707,4.26,4.26,4.16,4.17,2876122
FXR,20050707,0.3,0.32,0.3,0.32,124416
GAA,20050707,1.02,1.02,1.01,1.01,14600
GAN,20050707,1.75,1.75,1.715,1.73,13950142
GAP,20050707,1.65,1.65,1.63,1.63,36950
GAS,20050707,2.73,2.74,2.71,2.71,388441
GBA,20050707,0.07,0.07,0.07,0.07,80000
GBG,20050707,0.09,0.09,0.087,0.087,786000
GBN,20050707,0.024,0.024,0.024,0.024,48379
GBP,20050707,0.52,0.535,0.515,0.535,320559
GBT,20050707,1.12,1.12,1.12,1.12,10000
GCL,20050707,3.4,3.42,3.35,3.37,444466
GCN,20050707,0.091,0.091,0.09,0.09,83000
GCR,20050707,0.033,0.033,0.032,0.032,228000
GDM,20050707,0.34,0.34,0.325,0.33,24000
GDN,20050707,0.058,0.062,0.058,0.062,952289
GDR,20050707,0.16,0.16,0.15,0.15,26920
GDY,20050707,1.64,1.65,1.62,1.63,44027
GFD,20050707,0.585,0.585,0.57,0.57,114842
GGN,20050707,0.335,0.34,0.335,0.335,2600211
GGP,20050707,0.165,0.18,0.16,0.16,121000
GGX,20050707,0.205,0.21,0.205,0.21,50000
GGY,20050707,0.031,0.033,0.03,0.03,315142
GHG,20050707,0.83,0.835,0.825,0.83,70890
GIP,20050707,0.115,0.12,0.115,0.12,130854
GIR,20050707,0.23,0.23,0.225,0.23,519052
GLB,20050707,0.35,0.35,0.34,0.34,202000
GLI,20050707,1.225,1.23,1.22,1.23,64611
GME,20050707,0.185,0.185,0.185,0.185,24552
GMI,20050707,0.96,0.96,0.94,0.94,232024
GML,20050707,0.09,0.094,0.09,0.094,20000
GNC,20050707,11.64,11.65,11.28,11.28,9018
GNL,20050707,0.075,0.075,0.075,0.075,42000
GNS,20050707,4.15,4.15,3.98,4.05,1858308
GOA,20050707,0.082,0.082,0.082,0.082,666
GOG,20050707,0.17,0.175,0.17,0.175,100000
GOP,20050707,0.125,0.125,0.125,0.125,60000
GOW,20050707,2.61,2.61,2.56,2.56,10215
GPB,20050707,0.95,0.95,0.86,0.86,16800
GPG,20050707,1.8,1.8,1.79,1.795,115962
GPN,20050707,0.019,0.019,0.019,0.019,989835
GPO,20050707,0.018,0.019,0.018,0.019,830000
GPT,20050707,3.83,3.85,3.78,3.8,18069829
GRD,20050707,2.1,2.19,2.06,2.06,1003562
GRK,20050707,0.21,0.21,0.21,0.21,43000
GRN,20050707,0.54,0.54,0.53,0.54,20512
GRO,20050707,1.25,1.28,1.25,1.28,18600
GRR,20050707,0.86,0.86,0.8,0.8,69608
GRY,20050707,0.21,0.21,0.21,0.21,58300
GSA,20050707,1.18,1.18,1.165,1.165,1961761
GTG,20050707,0.385,0.4,0.38,0.395,464235
GTP,20050707,3.5,3.5,3.32,3.32,6144079
GUD,20050707,6.62,6.67,6.5,6.55,109139
GUL,20050707,0.021,0.021,0.02,0.02,458250
GUN,20050707,0.23,0.23,0.215,0.215,187474
GVM,20050707,0.025,0.026,0.024,0.026,3550000
GWE,20050707,0.19,0.19,0.19,0.19,60000
GWR,20050707,0.27,0.27,0.24,0.27,210000
GWT,20050707,2.96,2.96,2.9,2.9,193355
GYN,20050707,0.18,0.18,0.175,0.175,110831
GZL,20050707,2.98,2.98,2.91,2.91,2200
HAN,20050707,12.6,12.6,12.6,12.6,3965
HAV,20050707,1.02,1.06,1,1,126650
HCC,20050707,1,1,0.99,1,27000
HCY,20050707,0.015,0.015,0.015,0.015,267907
HDF,20050707,2.67,2.7,2.67,2.68,245266
HDN,20050707,0.205,0.205,0.2,0.2,60000
HDR,20050707,2.3,2.32,2.24,2.24,1667744
HGI,20050707,1.465,1.49,1.46,1.485,5516557
HGO,20050707,0.165,0.165,0.155,0.155,200000
HGR,20050707,0.12,0.12,0.1,0.1,195000
HHL,20050707,5.96,5.96,5.95,5.95,4450
HHV,20050707,0.935,0.935,0.93,0.93,144728
HIC,20050707,0.74,0.74,0.74,0.74,55500
HIG,20050707,0.45,0.455,0.45,0.45,155648
HII,20050707,0.135,0.135,0.135,0.135,10000
HIL,20050707,4.27,4.3,4.2,4.2,154594
HJB,20050707,0.34,0.34,0.34,0.34,140000
HLD,20050707,0.25,0.25,0.245,0.245,55700
HLT,20050707,0.44,0.44,0.4,0.4,87821
HLX,20050707,0.17,0.17,0.17,0.17,51333
HMC,20050707,0.062,0.063,0.062,0.063,430000
HME,20050707,7.9,7.9,7.81,7.81,4165
HNG,20050707,1.75,1.75,1.75,1.75,4000
HNR,20050707,0.096,0.096,0.092,0.092,54000
HPX,20050707,1.7,1.7,1.69,1.7,55600
HRD,20050707,0.26,0.26,0.26,0.26,37500
HRR,20050707,0.675,0.675,0.66,0.66,174579
HSK,20050707,0.36,0.36,0.36,0.36,30000
HSN,20050707,0.265,0.265,0.265,0.265,9434
HSP,20050707,4.7,4.7,4.63,4.66,451701
HST,20050707,1.63,1.65,1.63,1.64,194371
HTA,20050707,0.27,0.27,0.265,0.265,678548
HTE,20050707,0.026,0.026,0.026,0.026,125000
HTL,20050707,0.11,0.11,0.11,0.11,15000
HTW,20050707,0.37,0.37,0.37,0.37,3800
HVN,20050707,2.56,2.56,2.52,2.53,2672412
HWG,20050707,0.18,0.19,0.18,0.19,19700
HWI,20050707,1.605,1.65,1.6,1.605,155998
HWT,20050707,1.46,1.46,1.46,1.46,1000
HZN,20050707,0.1,0.105,0.1,0.105,235000
IAG,20050707,5.98,5.98,5.91,5.91,3612200
IAS,20050707,0.25,0.25,0.24,0.25,207800
IBA,20050707,0.505,0.505,0.485,0.485,239582
IBC,20050707,0.56,0.57,0.56,0.57,25196
IBR,20050707,0.3,0.3,0.28,0.28,226900
IBT,20050707,1.72,1.725,1.72,1.72,9000
ICC,20050707,0.007,0.007,0.006,0.006,390143
ICE,20050707,0.012,0.012,0.012,0.012,850000
ICN,20050707,0.03,0.03,0.03,0.03,56000
ICS,20050707,0.385,0.385,0.38,0.38,64701
IDT,20050707,1.8,1.8,1.8,1.8,22295
IEF,20050707,1.1,1.1,1.09,1.1,9000
IFC,20050707,0.235,0.235,0.235,0.235,23668
IFL,20050707,6.72,6.86,6.53,6.59,75446
IFM,20050707,0.53,0.55,0.53,0.55,502667
IGO,20050707,1.34,1.35,1.34,1.345,71105
IGP,20050707,4.35,4.4,4.35,4.4,10646
IGR,20050707,0.085,0.091,0.085,0.091,175183
IHG,20050707,0.025,0.025,0.025,0.025,595345
IIF,20050707,2.16,2.16,2.12,2.13,2956199
IIN,20050707,2.72,2.73,2.69,2.73,172559
ILF,20050707,0.86,0.86,0.855,0.86,169077
ILU,20050707,7.55,7.59,7.5,7.55,1200690
IMA,20050707,0.36,0.36,0.335,0.36,114500
IMD,20050707,0.23,0.23,0.23,0.23,13000
IMF,20050707,0.685,0.685,0.68,0.68,5586
IMH,20050707,0.125,0.125,0.11,0.115,2720000
IMI,20050707,0.015,0.015,0.015,0.015,333333
IML,20050707,0.065,0.065,0.061,0.065,519835
IMU,20050707,0.12,0.12,0.115,0.12,75000
INL,20050707,0.068,0.068,0.068,0.068,220000
INP,20050707,0.705,0.705,0.685,0.705,57984
INT,20050707,0.038,0.039,0.036,0.037,812000
IOF,20050707,1.295,1.3,1.285,1.285,3822867
IOH,20050707,0.375,0.375,0.355,0.36,234364
IPA,20050707,0.8,0.82,0.8,0.82,31490
IPG,20050707,1.985,1.985,1.945,1.95,3162965
IPL,20050707,16.41,16.41,16.15,16.25,792
IPN,20050707,0.074,0.074,0.074,0.074,6667
IRE,20050707,4.15,4.16,4.12,4.12,406088
IRI,20050707,0.4,0.4,0.39,0.39,41911
IRN,20050707,0.35,0.35,0.34,0.34,190000
ITD,20050707,0.205,0.205,0.195,0.2,164000
ITE,20050707,0.15,0.15,0.14,0.14,1400000
ITF,20050707,1.165,1.165,1.155,1.155,36024
IVC,20050707,4.43,4.43,4.28,4.35,224806
IVK,20050707,0.016,0.017,0.016,0.017,475000
IWF,20050707,1.46,1.46,1.44,1.44,54820
IWI,20050707,2.58,2.6,2.58,2.6,25000
IWL,20050707,2.55,2.63,2.55,2.6,1376222
JAG,20050707,0.14,0.14,0.14,0.14,11800
JAK,20050707,0.13,0.13,0.13,0.13,200000
JBH,20050707,3.35,3.4,3.33,3.35,221385
JBM,20050707,7.4,7.55,7.36,7.55,553893
JET,20050707,0.68,0.68,0.67,0.68,70000
JFM,20050707,1.29,1.295,1.29,1.29,213159
JGL,20050707,0.086,0.086,0.086,0.086,50000
JHX,20050707,7.66,7.66,7.4,7.5,1786061
JMB,20050707,0.78,0.79,0.78,0.79,10670
JML,20050707,0.225,0.225,0.22,0.22,116624
JMS,20050707,0.105,0.12,0.105,0.12,277046
JRL,20050707,0.34,0.34,0.34,0.34,8000
JRV,20050707,0.02,0.02,0.02,0.02,1285150
JST,20050707,2.06,2.06,2.02,2.04,1266424
JUM,20050707,0.066,0.066,0.061,0.063,1491189
JVG,20050707,0.16,0.16,0.16,0.16,50000
JYC,20050707,0.76,0.76,0.74,0.75,47274
KAR,20050707,1.68,1.74,1.675,1.74,134666
KBO,20050707,0.071,0.078,0.071,0.071,1976484
KCN,20050707,2.85,2.85,2.78,2.82,128708
KDS,20050707,0.66,0.69,0.65,0.69,11400
KGL,20050707,0.38,0.38,0.38,0.38,8000
KHF,20050707,4.7,4.7,4.7,4.7,200
KIA,20050707,0.037,0.038,0.037,0.038,66769
KIM,20050707,1.12,1.145,1.11,1.11,1558643
KLM,20050707,0.205,0.205,0.205,0.205,209
KMN,20050707,0.2,0.21,0.2,0.205,515000
KOV,20050707,3.91,3.91,3.87,3.87,52474
KRS,20050707,0.27,0.28,0.27,0.28,607821
KSC,20050707,3.14,3.14,3.14,3.14,4500
KYC,20050707,1.91,1.92,1.91,1.92,56138
KZL,20050707,1.195,1.24,1.195,1.24,192356
LAF,20050707,0.19,0.19,0.185,0.185,395000
LAS,20050707,0.05,0.05,0.046,0.046,20000
LCL,20050707,0.665,0.665,0.665,0.665,4481
LCP,20050707,0.595,0.595,0.59,0.59,14000
LEF,20050707,0.13,0.13,0.13,0.13,10000
LEG,20050707,0.115,0.115,0.105,0.11,4735329
LEI,20050707,11.68,11.68,11.28,11.29,340761
LEP,20050707,2.08,2.1,2.07,2.1,194966
LFE,20050707,0.73,0.77,0.73,0.75,108997
LGD,20050707,0.58,0.595,0.58,0.595,91512
LHG,20050707,1.18,1.24,1.18,1.235,13610177
LIM,20050707,6.8,6.94,6.8,6.9,54004
LIO,20050707,0.004,0.004,0.004,0.004,1400000
LIP,20050707,1.44,1.45,1.44,1.45,31200
LKO,20050707,0.03,0.031,0.029,0.029,6212271
LLC,20050707,13.14,13.23,13.1,13.15,711630
LMC,20050707,2.4,2.4,2.38,2.38,6628
LNG,20050707,0.38,0.38,0.38,0.38,55045
LNN,20050707,7.42,7.42,7.27,7.31,653579
LOK,20050707,0.925,0.93,0.915,0.915,11945
LRF,20050707,0.79,0.8,0.79,0.79,44145
LRX,20050707,0.17,0.17,0.165,0.165,72500
LSG,20050707,1.76,1.79,1.74,1.77,128175
LUM,20050707,0.065,0.065,0.062,0.062,84303
LVL,20050707,0.051,0.053,0.045,0.05,541714
LVR,20050707,0.8,0.8,0.8,0.8,8000
LYC,20050707,0.155,0.155,0.145,0.145,200341
LYL,20050707,1.95,2,1.95,2,25000
MAA,20050707,0.55,0.575,0.55,0.57,716076
MAG,20050707,1.45,1.45,1.45,1.45,1050
MAH,20050707,0.475,0.475,0.465,0.465,549970
MAL,20050707,0.61,0.61,0.6,0.61,322230
MAP,20050707,3.45,3.47,3.41,3.42,5588573
MAY,20050707,4.84,4.84,4.68,4.7,2572171
MBL,20050707,61.19,61.19,59.6,59.8,1201205
MBN,20050707,0.495,0.5,0.495,0.5,43000
MBP,20050707,0.625,0.625,0.61,0.62,300419
MCC,20050707,7.5,7.5,7.24,7.32,421395
MCG,20050707,6.44,6.58,6.3,6.36,903819
MCK,20050707,0.85,0.85,0.85,0.85,10000
MCO,20050707,0.12,0.12,0.12,0.12,54000
MCP,20050707,3.08,3.08,3.05,3.06,10239
MCR,20050707,0.66,0.67,0.66,0.66,1694881
MCW,20050707,1.92,1.92,1.85,1.89,5813065
MDE,20050707,0.75,0.75,0.75,0.75,30000
MDL,20050707,0.63,0.63,0.63,0.63,41461
MDM,20050707,0.037,0.037,0.036,0.036,121000
MDS,20050707,0.08,0.08,0.08,0.08,24000
MDT,20050707,1.23,1.23,1.2,1.2,5531523
MDX,20050707,0.115,0.115,0.115,0.115,15000
MEE,20050707,0.035,0.035,0.035,0.035,85000
MEI,20050707,0.2,0.2,0.2,0.2,3400
MEO,20050707,0.089,0.089,0.089,0.089,31000
MEP,20050707,0.39,0.4,0.39,0.4,5437
MFI,20050707,0.76,0.76,0.76,0.76,26088
MFS,20050707,1.62,1.635,1.6,1.625,227922
MFT,20050707,0.91,0.915,0.91,0.915,17896
MGK,20050707,1.37,1.37,1.37,1.37,5450
MGO,20050707,0.175,0.175,0.175,0.175,34657
MGQ,20050707,4.08,4.08,4,4.03,3200942
MGR,20050707,3.76,3.76,3.66,3.67,3259282
MGW,20050707,4.02,4.06,3.97,4.01,209142
MGX,20050707,0.675,0.695,0.67,0.695,2284272
MHI,20050707,0.12,0.12,0.12,0.12,90000
MIC,20050707,0.062,0.064,0.061,0.063,2200800
MIG,20050707,4.13,4.13,4.02,4.02,7993448
MIR,20050707,1.52,1.54,1.52,1.54,48460
MIS,20050707,0.41,0.41,0.4,0.4,323437
MLB,20050707,1.185,1.185,1.18,1.18,11042
MLE,20050707,1.875,1.885,1.875,1.88,267000
MLM,20050707,0.16,0.16,0.155,0.155,55000
MLT,20050707,16.21,16.4,16.15,16.15,6026
MMA,20050707,0.935,0.945,0.935,0.94,163741
MMN,20050707,0.11,0.115,0.11,0.11,340000
MMX,20050707,0.275,0.275,0.265,0.27,182700
MND,20050707,3.29,3.29,3.25,3.25,48023
MOC,20050707,1.22,1.24,1.21,1.24,88252
MOE,20050707,0.46,0.46,0.445,0.455,1257483
MOF,20050707,1.295,1.3,1.285,1.285,5340790
MOG,20050707,0.155,0.155,0.155,0.155,130000
MOL,20050707,1.16,1.18,1.12,1.18,38400
MOO,20050707,0.038,0.038,0.038,0.038,100000
MOS,20050707,0.165,0.175,0.165,0.175,1359000
MPC,20050707,0.034,0.034,0.034,0.034,26985
MPF,20050707,1.05,1.055,1.05,1.05,82206
MPG,20050707,0.95,0.97,0.95,0.97,48680
MPH,20050707,0.455,0.455,0.445,0.45,539743
MPO,20050707,0.038,0.038,0.036,0.037,1899695
MPR,20050707,1.165,1.17,1.15,1.15,2899261
MPS,20050707,1.095,1.095,1.09,1.09,31760
MRC,20050707,0.13,0.13,0.13,0.13,5730
MRE,20050707,2.03,2.04,1.99,2.02,3944800
MRL,20050707,0.76,0.76,0.755,0.755,380065
MRM,20050707,0.37,0.37,0.365,0.37,105300
MRN,20050707,1.6,1.6,1.6,1.6,2000
MRT,20050707,0.24,0.24,0.24,0.24,93600
MRX,20050707,0.053,0.054,0.053,0.053,350663
MRY,20050707,0.008,0.008,0.008,0.008,260000
MSB,20050707,0.45,0.475,0.45,0.475,51000
MSC,20050707,0.06,0.06,0.058,0.06,579532
MST,20050707,0.13,0.135,0.125,0.13,510847
MSX,20050707,0.74,0.74,0.74,0.74,20000
MTB,20050707,0.071,0.071,0.071,0.071,40000
MTH,20050707,0.29,0.29,0.29,0.29,15500
MTI,20050707,0.39,0.405,0.39,0.4,80880
MTN,20050707,0.29,0.29,0.28,0.29,137000
MTR,20050707,0.1,0.1,0.097,0.097,239224
MTS,20050707,3.85,3.89,3.79,3.82,5965454
MTX,20050707,0.87,0.87,0.87,0.87,11643
MUL,20050707,0.015,0.016,0.014,0.016,17640933
MUR,20050707,0.07,0.08,0.07,0.08,941070
MVP,20050707,0.83,0.83,0.785,0.785,24000
MVU,20050707,1.25,1.25,1.25,1.25,3000
MXG,20050707,2.95,3,2.93,2.94,7625766
MXI,20050707,0.765,0.765,0.745,0.745,71792
MXL,20050707,0.145,0.15,0.145,0.15,573000
MYO,20050707,1.07,1.07,1.065,1.065,417982
NAB,20050707,30.43,30.43,30.1,30.18,4100031
NAL,20050707,0.37,0.37,0.36,0.36,55000
NAM,20050707,0.56,0.56,0.54,0.54,114960
NBL,20050707,3.09,3.1,3.09,3.1,20000
NCM,20050707,17.3,17.46,17.22,17.37,3479325
NDC,20050707,0.11,0.12,0.11,0.115,846934
NDO,20050707,0.099,0.105,0.099,0.1,15602850
NEC,20050707,0.3,0.3,0.285,0.29,280148
NEM,20050707,5.16,5.17,5.1,5.13,237120
NEO,20050707,0.046,0.046,0.046,0.046,2427422
NEU,20050707,0.45,0.45,0.45,0.45,17500
NGM,20050707,0.091,0.091,0.08,0.09,83010
NHC,20050707,1.405,1.405,1.35,1.355,286151
NHH,20050707,0.75,0.75,0.75,0.75,5000
NHR,20050707,0.32,0.33,0.32,0.33,98060
NIA,20050707,0.21,0.22,0.2,0.22,644888
NIQ,20050707,0.105,0.105,0.1,0.1,74000
NKL,20050707,0.105,0.105,0.1,0.1,100000
NKP,20050707,0.72,0.73,0.72,0.73,53000
NLB,20050707,0.34,0.34,0.34,0.34,1657
NLX,20050707,0.27,0.275,0.27,0.27,846647
NMB,20050707,0.019,0.019,0.019,0.019,7500
NMC,20050707,0.054,0.054,0.053,0.053,470000
NMS,20050707,0.78,0.78,0.75,0.75,30650
NRT,20050707,4.91,5.05,4.88,4.92,116148
NSX,20050707,0.51,0.51,0.505,0.505,64000
NTC,20050707,0.145,0.145,0.145,0.145,12000
NTG,20050707,0.31,0.33,0.31,0.33,3000
NUF,20050707,10.1,10.15,9.8,10,177101
NVC,20050707,0.35,0.37,0.35,0.37,27700
NVE,20050707,1.36,1.36,1.35,1.35,11780
NWA,20050707,0.035,0.035,0.035,0.035,240000
NWE,20050707,0.155,0.155,0.155,0.155,431711
NWR,20050707,0.21,0.21,0.21,0.21,23000
NWS,20050707,22.63,22.63,22.39,22.4,1239862
NXS,20050707,0.415,0.435,0.4,0.41,3172181
OBJ,20050707,0.025,0.028,0.024,0.026,2410544
OCL,20050707,0.93,0.93,0.93,0.93,9
OEC,20050707,0.115,0.12,0.115,0.12,251011
OEL,20050707,0.23,0.23,0.23,0.23,1000
OEX,20050707,0.24,0.24,0.23,0.23,65000
OFM,20050707,2.1,2.1,2.1,2.1,14796
OGD,20050707,0.59,0.595,0.59,0.59,130500
OIL,20050707,0.31,0.32,0.31,0.32,5520
OKN,20050707,1.765,1.8,1.765,1.8,564500
OLY,20050707,0.18,0.18,0.18,0.18,20000
OMC,20050707,0.915,0.925,0.905,0.905,65600
OMH,20050707,1.16,1.195,1.15,1.195,61358
OMP,20050707,2.51,2.53,2.48,2.5,219549
OPC,20050707,0.12,0.12,0.12,0.12,5000
OPL,20050707,0.545,0.555,0.545,0.55,98320
ORC,20050707,0.135,0.135,0.12,0.12,123666
ORG,20050707,7.39,7.43,7.21,7.26,3271606
ORH,20050707,0.29,0.29,0.29,0.29,6000
ORI,20050707,18.17,18.17,17.76,17.89,1275536
ORL,20050707,2.13,2.13,2.1,2.1,2600
ORP,20050707,0.017,0.017,0.017,0.017,251000
OSH,20050707,3.42,3.46,3.37,3.37,11715979
OST,20050707,2.61,2.61,2.58,2.59,1970145
OTL,20050707,0.325,0.325,0.32,0.32,93893
OXR,20050707,0.93,0.93,0.915,0.93,6026689
PAA,20050707,0.17,0.18,0.17,0.175,280000
PBA,20050707,0.57,0.57,0.56,0.56,17405
PBB,20050707,1.88,1.93,1.87,1.9,2283218
PBD,20050707,1.38,1.39,1.38,1.38,15363
PBG,20050707,2.27,2.27,2.24,2.25,1681369
PBI,20050707,0.21,0.21,0.2,0.2,154578
PBL,20050707,14.83,15.05,14.81,14.94,2553372
PBO,20050707,0.21,0.225,0.21,0.22,263500
PBT,20050707,0.165,0.175,0.16,0.16,48000
PCC,20050707,0.089,0.089,0.089,0.089,100000
PCE,20050707,0.022,0.022,0.022,0.022,127600
PCG,20050707,0.57,0.57,0.56,0.56,1293225
PCL,20050707,0.075,0.075,0.075,0.075,56400
PDG,20050707,19.5,19.8,19.5,19.8,2466
PDL,20050707,1.58,1.58,1.58,1.58,6700
PDN,20050707,1.315,1.315,1.25,1.25,1920720
PEM,20050707,0.71,0.715,0.7,0.7,901833
PEN,20050707,0.012,0.014,0.012,0.014,3043962
PEO,20050707,0.13,0.13,0.13,0.13,51500
PEP,20050707,0.37,0.375,0.355,0.355,77019
PGA,20050707,2.95,2.95,2.95,2.95,2000
PGL,20050707,2.75,2.92,2.7,2.85,48967
PGN,20050707,0.72,0.72,0.72,0.72,2000
PGS,20050707,0.18,0.185,0.18,0.18,136000
PHL,20050707,0.035,0.038,0.035,0.038,23085
PHY,20050707,5,5.01,5,5,306129
PIE,20050707,0.018,0.018,0.018,0.018,1000000
PIO,20050707,0.165,0.165,0.16,0.16,72189
PLA,20050707,0.125,0.125,0.12,0.12,516000
PLF,20050707,0.88,0.9,0.88,0.9,150079
PLT,20050707,0.19,0.19,0.18,0.185,103087
PMA,20050707,0.43,0.46,0.43,0.44,132160
PMC,20050707,1.97,1.98,1.97,1.98,53137
PMH,20050707,0.01,0.01,0.01,0.01,86112
PMM,20050707,3.8,3.84,3.8,3.84,72292
PMN,20050707,4.7,4.73,4.69,4.7,10884865
PMP,20050707,1.355,1.355,1.335,1.345,934035
PMV,20050707,4,4,4,4,1001323
PNA,20050707,0.235,0.235,0.225,0.235,1754813
PNN,20050707,0.205,0.235,0.2,0.225,739570
PNO,20050707,0.03,0.036,0.03,0.031,3210086
POH,20050707,0.255,0.255,0.255,0.255,51972
PPB,20050707,3.8,3.8,3.8,3.8,2000
PPC,20050707,1.51,1.51,1.5,1.5,280866
PPD,20050707,0.17,0.17,0.16,0.16,162206
PPG,20050707,0.42,0.42,0.42,0.42,82460
PPK,20050707,0.9,0.9,0.9,0.9,53300
PPP,20050707,0.13,0.135,0.13,0.135,600392
PPR,20050707,1.83,1.83,1.83,1.83,1660
PPT,20050707,58.2,58.2,57.5,57.6,112766
PPX,20050707,2.94,3.06,2.94,3.05,4734213
PQB,20050707,0.38,0.4,0.38,0.4,3000
PRE,20050707,0.056,0.059,0.056,0.059,5939627
PRG,20050707,3.23,3.28,3.23,3.27,25218
PRK,20050707,5.6,5.6,5.48,5.5,4833014
PRM,20050707,0.04,0.04,0.04,0.04,25667
PRO,20050707,0.12,0.12,0.12,0.12,70000
PRT,20050707,3.05,3.06,3.05,3.05,7478
PRV,20050707,0.935,0.94,0.93,0.94,255102
PRY,20050707,9.17,9.23,9.15,9.18,784797
PSA,20050707,1.005,1.005,0.99,1,72600
PSD,20050707,0.79,0.795,0.76,0.795,208600
PSH,20050707,2.09,2.1,2.07,2.08,618461
PSP,20050707,0.115,0.115,0.115,0.115,10000
PSV,20050707,0.33,0.335,0.32,0.32,1967999
PTD,20050707,1.57,1.58,1.5,1.5,1259654
PVE,20050707,1.06,1.06,1.05,1.06,20410
PWK,20050707,0.685,0.7,0.685,0.7,39353
PWR,20050707,0.2,0.215,0.185,0.215,69667
PWT,20050707,1.01,1.01,1.01,1.01,37871
PXL,20050707,0.29,0.32,0.29,0.32,171443
PXS,20050707,1.58,1.58,1.54,1.56,65659
PYC,20050707,0.145,0.15,0.135,0.135,261318
QAN,20050707,3.26,3.26,3.22,3.22,7310585
QBE,20050707,15.9,15.92,15.6,15.67,2266914
QCH,20050707,3.78,3.85,3.78,3.81,46063
QED,20050707,0.054,0.054,0.053,0.053,58620
QFX,20050707,0.16,0.16,0.16,0.16,5000
QGC,20050707,0.505,0.505,0.48,0.485,2315723
QMG,20050707,0.41,0.41,0.41,0.41,7000
QOL,20050707,0.175,0.175,0.15,0.15,41333
QPX,20050707,0.059,0.06,0.054,0.058,475100
QRS,20050707,0.084,0.085,0.08,0.081,372757
QTM,20050707,0.1,0.1,0.1,0.1,7000
RAT,20050707,1.17,1.17,1.15,1.15,13700
RCD,20050707,5.87,5.87,5.6,5.63,988829
RCG,20050707,0.2,0.2,0.2,0.2,8000
RCL,20050707,2.63,2.64,2.55,2.61,889405
RCR,20050707,0.78,0.785,0.78,0.785,31800
RCT,20050707,3.08,3.08,3.07,3.07,11300
RDF,20050707,2.8,2.81,2.75,2.75,34197
RDM,20050707,0.25,0.27,0.25,0.27,75000
RDR,20050707,0.23,0.245,0.23,0.245,24000
REA,20050707,1.54,1.55,1.51,1.55,13500
REB,20050707,2.1,2.1,2.06,2.07,67807
RED,20050707,0.115,0.115,0.11,0.11,397500
REH,20050707,12.7,12.7,12.35,12.35,178869
REL,20050707,0.15,0.155,0.15,0.155,63600
RER,20050707,0.195,0.2,0.19,0.19,137425
RGA,20050707,0.535,0.535,0.535,0.535,2900
RHC,20050707,8.3,8.44,8.2,8.3,604800
RHD,20050707,0.62,0.62,0.6,0.6,53711
RHT,20050707,0.135,0.14,0.135,0.14,178586
RIC,20050707,1.34,1.34,1.285,1.305,1359762
RIN,20050707,13.91,13.91,13.45,13.47,2609293
RIO,20050707,46.5,46.6,46.31,46.35,5154999
RIV,20050707,0.71,0.72,0.7,0.71,131133
RKN,20050707,0.78,0.78,0.775,0.78,50731
RMD,20050707,8.82,8.82,8.73,8.77,701947
RMI,20050707,0.13,0.13,0.13,0.13,267273
RML,20050707,0.18,0.18,0.18,0.18,50594
RMS,20050707,0.155,0.16,0.155,0.155,176730
RNG,20050707,0.091,0.091,0.091,0.091,50000
ROC,20050707,2.04,2.05,2.01,2.03,857093
ROK,20050707,4.05,4.12,4.05,4.12,3400
RPC,20050707,0.65,0.69,0.65,0.69,117817
RPM,20050707,0.065,0.065,0.06,0.06,6819
RPT,20050707,0.058,0.066,0.057,0.066,44699440
RRL,20050707,0.097,0.097,0.097,0.097,92300
RRS,20050707,0.023,0.023,0.023,0.023,1676858
RRT,20050707,0.89,0.89,0.88,0.89,103150
RSG,20050707,0.955,0.97,0.95,0.965,512147
RSN,20050707,0.155,0.155,0.135,0.14,2090545
RSP,20050707,1.13,1.13,1.11,1.115,273170
RTL,20050707,0.29,0.29,0.29,0.29,30000
RTM,20050707,0.074,0.076,0.072,0.073,6162539
RUP,20050707,10.75,10.85,10.7,10.75,30747
RWD,20050707,0.1,0.1,0.1,0.1,20000
RXL,20050707,0.15,0.15,0.15,0.15,25000
SAH,20050707,0.068,0.068,0.068,0.068,4800
SAI,20050707,2.6,2.61,2.56,2.6,94591
SAQ,20050707,5.5,5.5,5.5,5.5,1100
SAU,20050707,0.11,0.11,0.105,0.105,50000
SBC,20050707,12,12,11.76,11.78,169597
SBL,20050707,0.051,0.051,0.05,0.05,89000
SBM,20050707,0.11,0.11,0.1,0.1,1899744
SBP,20050707,0.099,0.1,0.095,0.095,261836
SBR,20050707,0.13,0.13,0.13,0.13,3200
SBS,20050707,0.044,0.049,0.044,0.049,220000
SCE,20050707,0.019,0.019,0.019,0.019,125000
SCF,20050707,113.25,113.25,113.05,113.25,904
SCV,20050707,0.8,0.8,0.8,0.8,3500
SDG,20050707,1.4,1.4,1.335,1.37,432518
SDI,20050707,0.715,0.715,0.655,0.66,562889
SEA,20050707,0.38,0.4,0.38,0.4,500500
SED,20050707,0.215,0.215,0.215,0.215,109945
SEE,20050707,0.06,0.06,0.06,0.06,325000
SEK,20050707,2.32,2.33,2.3,2.3,106816
SEL,20050707,1.8,1.8,1.8,1.8,10110
SEM,20050707,4.4,4.4,4.38,4.4,16700
SEN,20050707,0.295,0.3,0.28,0.28,1897832
SEV,20050707,6.87,6.87,6.73,6.75,483186
SFC,20050707,5.65,5.75,5.65,5.7,29639
SFE,20050707,10.6,10.6,10.3,10.39,752470
SFY,20050707,41.7,41.7,41.7,41.7,215
SGB,20050707,25.74,25.76,25.43,25.45,1379295
SGL,20050707,0.53,0.55,0.53,0.53,242142
SGN,20050707,2.89,2.9,2.82,2.83,735302
SGP,20050707,5.74,5.74,5.61,5.62,3759425
SGS,20050707,1.09,1.095,1.08,1.09,29000
SGT,20050707,2.15,2.16,2.14,2.15,14815750
SGX,20050707,1.8,1.855,1.8,1.8,137987
SHC,20050707,0.37,0.37,0.35,0.35,36500
SHG,20050707,0.61,0.61,0.6,0.6,57920
SHL,20050707,12.52,12.52,12.2,12.32,632375
SHN,20050707,0.053,0.053,0.05,0.05,667000
SHV,20050707,9.66,9.67,9.61,9.62,5954
SIB,20050707,0.067,0.067,0.057,0.057,870585
SIE,20050707,0.041,0.041,0.04,0.04,261977
SIG,20050707,8.9,9,8.77,8.95,566719
SIM,20050707,0.22,0.22,0.22,0.22,25000
SIV,20050707,1.55,1.55,1.5,1.5,4150
SKC,20050707,4.46,4.47,4.4,4.45,478498
SKE,20050707,2.73,2.73,2.7,2.73,100391
SKR,20050707,0.029,0.03,0.029,0.03,1947890
SKW,20050707,0.185,0.185,0.18,0.18,60000
SLA,20050707,0.105,0.105,0.105,0.105,5920
SLF,20050707,17.2,17.25,17.11,17.11,6770
SLM,20050707,4.7,4.78,4.68,4.71,64790
SLT,20050707,0.285,0.29,0.26,0.285,226500
SLX,20050707,1.18,1.18,1.16,1.17,135760
SMA,20050707,0.012,0.012,0.012,0.012,46001
SMC,20050707,0.16,0.17,0.16,0.17,140000
SML,20050707,0.09,0.09,0.083,0.084,660000
SMM,20050707,0.38,0.405,0.38,0.395,860279
SMN,20050707,0.115,0.125,0.115,0.125,114673
SMO,20050707,0.066,0.069,0.066,0.069,160000
SMS,20050707,14.4,14.56,14.25,14.3,485579
SMX,20050707,1.82,1.82,1.8,1.8,11700
SMY,20050707,0.89,0.9,0.89,0.9,512543
SNL,20050707,0.485,0.485,0.485,0.485,1500
SNN,20050707,0.235,0.235,0.23,0.23,9259
SOE,20050707,0.215,0.215,0.215,0.215,228519
SOL,20050707,8.78,8.79,8.51,8.7,22120
SOM,20050707,0.21,0.22,0.21,0.22,22700
SOO,20050707,0.25,0.275,0.25,0.275,18000
SOT,20050707,1.5,1.53,1.5,1.525,2777839
SPL,20050707,0.525,0.53,0.51,0.53,252717
SPT,20050707,5.15,5.18,5.11,5.15,279349
SRA,20050707,0.057,0.058,0.055,0.055,433700
SRI,20050707,0.076,0.076,0.076,0.076,40000
SRL,20050707,1.935,1.935,1.9,1.905,17100
SRV,20050707,2.9,2.94,2.9,2.94,13100
SRX,20050707,1.37,1.37,1.35,1.37,8978
SRZ,20050707,0.17,0.17,0.17,0.17,54112
SSI,20050707,3.22,3.4,3.22,3.3,31373
SSN,20050707,0.3,0.3,0.3,0.3,248000
SST,20050707,4.11,4.11,4.11,4.11,2000
SSX,20050707,1.19,1.215,1.18,1.2,4801043
STE,20050707,0.09,0.095,0.086,0.086,154100
STI,20050707,0.275,0.29,0.27,0.285,152945
STO,20050707,10.95,11.12,10.81,11,3738522
STP,20050707,0.054,0.054,0.054,0.054,30000
STR,20050707,0.21,0.21,0.21,0.21,133314
STT,20050707,0.017,0.017,0.017,0.017,90000
STU,20050707,0.96,0.98,0.96,0.965,140183
STW,20050707,42.3,42.3,42.15,42.2,17790
STX,20050707,0.15,0.15,0.145,0.145,483990
SUL,20050707,2.88,2.88,2.85,2.85,100156
SUN,20050707,19.69,19.7,19.4,19.49,1606724
SUR,20050707,0.19,0.19,0.19,0.19,135976
SWG,20050707,0.021,0.026,0.021,0.026,185000
SXC,20050707,0.009,0.009,0.007,0.008,2606000
SYG,20050707,0.008,0.008,0.008,0.008,1000000
SYL,20050707,4.02,4.02,4.02,4.02,2613
SYM,20050707,1.5,1.5,1.46,1.5,61985
SYN,20050707,1.45,1.5,1.45,1.5,59239
TAA,20050707,0.017,0.02,0.017,0.018,771500
TAG,20050707,0.23,0.23,0.23,0.23,18900
TAH,20050707,16.8,16.8,16.45,16.45,2307985
TAM,20050707,0.078,0.078,0.077,0.077,500000
TAN,20050707,1.64,1.64,1.64,1.64,2000
TAP,20050707,2.62,2.65,2.54,2.6,2199453
TAS,20050707,0.135,0.135,0.135,0.135,95433
TAW,20050707,0.86,0.95,0.86,0.9,98310
TBC,20050707,0.215,0.22,0.215,0.215,56500
TCI,20050707,1.3,1.3,1.29,1.29,54000
TCL,20050707,7.4,7.41,7.25,7.29,2410236
TCP,20050707,0.675,0.675,0.67,0.67,55000
TCQ,20050707,1.01,1.03,1.01,1.03,85501
TEA,20050707,0.064,0.068,0.063,0.067,480199
TEE,20050707,0.024,0.025,0.024,0.024,300000
TEL,20050707,5.51,5.53,5.46,5.49,8344604
TEN,20050707,3.53,3.53,3.47,3.49,1179655
TFC,20050707,0.465,0.495,0.455,0.485,280900
TFE,20050707,0.335,0.335,0.33,0.335,732000
TFS,20050707,0.07,0.07,0.07,0.07,16000
TGD,20050707,0.099,0.099,0.087,0.087,26552
TGF,20050707,0.15,0.155,0.15,0.155,222202
TGG,20050707,1.25,1.29,1.24,1.24,63964
TGR,20050707,0.865,0.865,0.86,0.86,17691
TGS,20050707,0.2,0.2,0.2,0.2,210300
THG,20050707,0.77,0.775,0.765,0.765,970553
THK,20050707,0.8,0.8,0.8,0.8,13729
THX,20050707,0.19,0.23,0.19,0.22,244901
TIF,20050707,0.465,0.47,0.465,0.465,95000
TIM,20050707,2.25,2.27,2.15,2.15,616354
TIR,20050707,0.058,0.058,0.055,0.055,704000
TIS,20050707,0.7,0.7,0.7,0.7,11000
TJN,20050707,0.93,0.93,0.92,0.92,202000
TKG,20050707,0.004,0.004,0.004,0.004,1422500
TKR,20050707,1.15,1.15,1.13,1.13,4500
TLS,20050707,4.98,4.98,4.92,4.93,25609797
TMO,20050707,0.51,0.51,0.5,0.5,118912
TMS,20050707,0.039,0.039,0.039,0.039,674944
TNC,20050707,0.05,0.058,0.035,0.058,4936614
TNE,20050707,0.56,0.565,0.55,0.55,275974
TNG,20050707,0.245,0.245,0.24,0.245,130005
TNL,20050707,0.23,0.24,0.23,0.24,13000
TNS,20050707,3.5,3.5,3.48,3.48,12000
TOL,20050707,12.5,12.5,12.3,12.4,1128753
TOX,20050707,0.036,0.037,0.036,0.036,2103060
TPG,20050707,0.15,0.15,0.15,0.15,66667
TPI,20050707,3.65,3.75,3.65,3.67,131600
TPX,20050707,6.53,6.53,6.5,6.51,9800
TRG,20050707,12.67,13,12.67,12.9,14297
TRO,20050707,0.11,0.11,0.11,0.11,3200
TRS,20050707,2.88,2.88,2.85,2.85,4283
TRU,20050707,10.28,10.28,10.28,10.28,593
TRY,20050707,2.45,2.45,2.4,2.42,14266
TSE,20050707,7.54,7.54,7.37,7.45,413046
TSH,20050707,0.36,0.365,0.36,0.36,1273500
TSO,20050707,2.11,2.11,2.09,2.1,797262
TTI,20050707,0.23,0.245,0.23,0.245,109000
TTR,20050707,0.195,0.195,0.185,0.185,314600
TTS,20050707,3.5,3.62,3.43,3.46,126247105
TTT,20050707,0.69,0.69,0.685,0.685,123297
TTV,20050707,0.94,0.94,0.94,0.94,20000
TVL,20050707,0.17,0.17,0.17,0.17,10000
TWO,20050707,1.235,1.25,1.235,1.25,77000
TWR,20050707,1.85,1.87,1.835,1.84,493883
TYC,20050707,0.72,0.72,0.71,0.71,89510
TZL,20050707,0.46,0.48,0.46,0.47,491000
TZN,20050707,0.32,0.325,0.32,0.325,132600
UCL,20050707,0.029,0.03,0.029,0.03,105000
UCM,20050707,1.1,1.1,1.1,1.1,835
UCW,20050707,1.05,1.05,1.05,1.05,10000
UGL,20050707,9.36,9.36,8.95,9.18,504205
UKD,20050707,0.12,0.12,0.12,0.12,640739
UNI,20050707,0.605,0.65,0.605,0.645,143767
UNW,20050707,0.345,0.4,0.345,0.37,4071205
URL,20050707,0.145,0.145,0.145,0.145,178500
UTB,20050707,13.69,13.69,13,13,567947
UXC,20050707,0.815,0.84,0.815,0.835,196943
VBA,20050707,1.66,1.675,1.66,1.66,40189
VCN,20050707,0.24,0.24,0.24,0.24,40000
VCR,20050707,1.345,1.345,1.265,1.265,1701507
VGH,20050707,3.75,3.78,3.75,3.78,112246
VGL,20050707,1.355,1.36,1.33,1.355,145408
VGP,20050707,0.94,0.94,0.93,0.93,20000
VLL,20050707,0.44,0.44,0.42,0.43,978180
VOF,20050707,1,1,1,1,6000
VOY,20050707,0.315,0.315,0.315,0.315,25000
VPE,20050707,0.025,0.026,0.025,0.025,2515568
VPG,20050707,1.35,1.36,1.35,1.355,2670593
VPH,20050707,0.1,0.1,0.1,0.1,48500
VRE,20050707,0.165,0.17,0.16,0.17,92698
VRL,20050707,2.54,2.54,2.53,2.54,62221
VSG,20050707,0.024,0.024,0.024,0.024,50000
VSL,20050707,1.17,1.17,1.11,1.115,241851
VTI,20050707,0.715,0.73,0.715,0.72,258192
VTP,20050707,0.965,0.965,0.95,0.965,104597
VWD,20050707,1.335,1.335,1.325,1.325,31620
VXS,20050707,0.026,0.026,0.023,0.023,97700
WAB,20050707,1.01,1.01,1.01,1.01,10000
WAG,20050707,0.105,0.13,0.096,0.13,78436
WAM,20050707,1.37,1.37,1.355,1.355,16329
WAN,20050707,8.18,8.19,8,8,358016
WAS,20050707,0.024,0.025,0.024,0.025,250000
WBA,20050707,0.665,0.68,0.665,0.68,68684
WBC,20050707,19.5,19.55,19.24,19.31,4526448
WCB,20050707,3.65,3.65,3.5,3.5,17395
WDC,20050707,18.1,18.1,17.77,17.8,5121592
WEB,20050707,0.19,0.19,0.185,0.19,1149697
WES,20050707,39.69,39.69,38.9,38.93,1048380
WEZ,20050707,0.08,0.08,0.08,0.08,25000
WFL,20050707,2.42,2.42,2.42,2.42,1500
WGP,20050707,0.155,0.155,0.15,0.15,49500
WHF,20050707,3.35,3.35,3.35,3.35,21375
WHS,20050707,3.31,3.31,3.31,3.31,6000
WIL,20050707,0.91,0.91,0.905,0.905,337248
WLS,20050707,0.9,0.9,0.89,0.89,309107
WME,20050707,0.04,0.043,0.04,0.043,1055994
WMG,20050707,0.077,0.077,0.077,0.077,99631
WOR,20050707,7.34,7.34,7.11,7.14,462005
WOW,20050707,16,16.03,15.81,15.86,3120410
WPL,20050707,29.7,29.79,29.3,29.55,1321583
WRF,20050707,0.39,0.39,0.39,0.39,3300
WSA,20050707,1.5,1.59,1.5,1.58,6053429
WST,20050707,0.53,0.53,0.53,0.53,8907
WTE,20050707,0.041,0.041,0.039,0.04,1523286
WTP,20050707,1.1,1.11,1.1,1.1,20478
WWA,20050707,0.9,0.9,0.9,0.9,4000
WYL,20050707,2.22,2.22,2.16,2.2,445990
XAN,20050707,0.009,0.009,0.008,0.009,1031000
XAO,20050707,4234.1,4238.1,4196.3,4197.6,0
XBW,20050707,33423.7,33423.7,33256.4,33256.4,0
XDJ,20050707,2244.1,2245.4,2218,2220.1,0
XEJ,20050707,9546.8,9586.1,9475.4,9501.8,0
XFJ,20050707,5066.6,5066.6,5002.5,5008,0
XFL,20050707,4220.7,4226.3,4178.2,4181,0
XHJ,20050707,5312.5,5320.3,5231.6,5235.6,0
XIJ,20050707,379.4,381.5,374.3,375.1,0
XJO,20050707,4275.1,4279.8,4232.4,4234,0
XKO,20050707,4267.1,4271.8,4225.2,4226.8,0
XMD,20050707,4129.4,4138.8,4094.3,4095.7,0
XMJ,20050707,7375.9,7414.1,7360.2,7361.8,0
XNJ,20050707,5146.4,5146.6,5059.5,5061,0
XPJ,20050707,1840.4,1842.6,1814.5,1815.9,0
XSJ,20050707,5532.9,5534.8,5470,5477.9,0
XSO,20050707,2362.3,2363.1,2335.1,2335.1,0
XTJ,20050707,1769.8,1769.8,1752.8,1752.8,0
XTL,20050707,2296.6,2300.8,2276.9,2279,0
XTO,20050707,3475.6,3479.7,3441.6,3443.5,0
XUJ,20050707,4973.2,5004.9,4942,4945.9,0
XXJ,20050707,5135.4,5135.4,5068.9,5078.6,0
YAM,20050707,0.006,0.006,0.006,0.006,200000
YGL,20050707,0.025,0.025,0.025,0.025,150000
YML,20050707,0.16,0.16,0.16,0.16,13166
ZBB,20050707,0.295,0.295,0.295,0.295,10000
ZFX,20050707,2.99,3.02,2.95,2.97,2176597
ZYL,20050707,0.004,0.004,0.004,0.004,2875000
