AAC,20050720,1.75,1.785,1.745,1.785,186549
AAE,20050720,0.23,0.24,0.22,0.24,77356
AAM,20050720,0.255,0.255,0.255,0.255,20000
AAQ,20050720,0.58,0.58,0.58,0.58,7000
AAR,20050720,0.02,0.021,0.02,0.02,1305164
AAT,20050720,0.175,0.175,0.17,0.17,58123
AAU,20050720,0.67,0.68,0.67,0.67,113395
ABB,20050720,6.39,6.52,6.39,6.5,252759
ABC,20050720,1.88,1.9,1.87,1.89,613052
ABI,20050720,0.135,0.135,0.13,0.13,429395
ABP,20050720,1.37,1.37,1.36,1.36,198277
ABQ,20050720,0.32,0.34,0.32,0.34,9550
ABS,20050720,5.22,5.4,5.2,5.38,947044
ACE,20050720,0.17,0.17,0.17,0.17,18000
ACL,20050720,0.555,0.555,0.555,0.555,10000
ACR,20050720,0.53,0.53,0.5,0.5,31000
ACU,20050720,0.185,0.19,0.18,0.19,124700
ADA,20050720,0.265,0.265,0.245,0.245,252165
ADB,20050720,11.55,11.83,11.55,11.55,170423
ADG,20050720,3.55,3.55,3.55,3.55,1083
ADI,20050720,0.245,0.25,0.245,0.25,2072777
ADL,20050720,0.08,0.08,0.08,0.08,6500
ADN,20050720,0.255,0.255,0.255,0.255,17500
ADT,20050720,0.915,0.915,0.915,0.915,1000
ADU,20050720,0.415,0.415,0.4,0.4,70000
ADX,20050720,0.145,0.15,0.145,0.15,84500
ADY,20050720,0.1,0.105,0.098,0.1,2167850
ADZ,20050720,1.935,1.985,1.93,1.965,137408
AEC,20050720,2.42,2.42,2.4,2.42,34065
AED,20050720,0.695,0.7,0.695,0.7,3800
AEM,20050720,0.06,0.06,0.06,0.06,9733
AEN,20050720,1.06,1.06,1.06,1.06,15000
AEO,20050720,1.73,1.75,1.73,1.75,322941
AET,20050720,0.34,0.34,0.33,0.33,14500
AEU,20050720,1.41,1.41,1.405,1.41,117893
AEX,20050720,0.037,0.045,0.037,0.039,37176231
AFC,20050720,0.92,0.92,0.92,0.92,1400
AFI,20050720,3.87,3.9,3.87,3.88,202013
AFL,20050720,0.64,0.65,0.64,0.65,42499
AGC,20050720,1.26,1.28,1.26,1.27,22548
AGG,20050720,9.42,9.42,9.35,9.35,58680
AGI,20050720,0.59,0.595,0.59,0.595,20600
AGL,20050720,14.4,14.46,14.36,14.41,1034406
AGM,20050720,0.125,0.13,0.12,0.125,792082
AGO,20050720,0.27,0.3,0.27,0.29,181500
AGS,20050720,0.075,0.078,0.075,0.078,310000
AGX,20050720,0.325,0.325,0.32,0.32,87000
AGY,20050720,0.046,0.046,0.046,0.046,12500
AHC,20050720,2.32,2.32,2.32,2.32,2000
AHD,20050720,4.7,4.75,4.67,4.73,155389
AHO,20050720,0.62,0.62,0.62,0.62,18261
AHS,20050720,1.235,1.25,1.225,1.23,207280
AHU,20050720,5.4,5.4,5.4,5.4,305
AIA,20050720,2.14,2.14,2.12,2.13,152967
AIE,20050720,0.15,0.15,0.15,0.15,10000
AII,20050720,0.33,0.33,0.33,0.33,2000
AIM,20050720,0.058,0.059,0.054,0.056,5589928
AIX,20050720,2.42,2.48,2.42,2.45,415599
AIZ,20050720,1.145,1.145,1.115,1.13,114932
AJL,20050720,1.27,1.29,1.27,1.285,66080
AKD,20050720,0.014,0.014,0.014,0.014,250000
ALD,20050720,0.22,0.22,0.215,0.215,119828
ALE,20050720,0.06,0.06,0.06,0.06,170000
ALK,20050720,0.16,0.16,0.155,0.16,192000
ALL,20050720,11.32,11.52,11.32,11.37,632420
ALN,20050720,9.83,9.88,9.69,9.71,620479
ALR,20050720,1.205,1.205,1.205,1.205,24000
ALS,20050720,7.74,7.8,7.51,7.51,242762
ALT,20050720,0.031,0.041,0.03,0.041,183000
ALU,20050720,0.25,0.265,0.25,0.265,95000
ALW,20050720,0.59,0.6,0.59,0.6,105819
ALZ,20050720,1.485,1.485,1.455,1.465,1588371
AMC,20050720,6.88,6.98,6.79,6.8,3153591
AMG,20050720,0.028,0.028,0.027,0.027,152500
AMH,20050720,0.495,0.495,0.495,0.495,10125
AML,20050720,0.44,0.46,0.435,0.45,192260
AMM,20050720,0.18,0.185,0.18,0.185,224710
AMP,20050720,6.64,6.66,6.61,6.63,7792844
AMU,20050720,0.815,0.83,0.815,0.83,344074
AND,20050720,0.175,0.185,0.175,0.18,3614655
ANE,20050720,3.55,3.55,3.5,3.51,13648
ANG,20050720,0.32,0.32,0.31,0.31,48149
ANM,20050720,0.01,0.01,0.009,0.009,375000
ANN,20050720,10.1,10.25,10.08,10.08,125956
ANO,20050720,0.16,0.16,0.15,0.15,70000
ANP,20050720,0.046,0.047,0.046,0.047,299105
ANX,20050720,0.38,0.38,0.38,0.38,4760
ANZ,20050720,21.1,21.23,21.09,21.09,5394732
AOE,20050720,0.48,0.485,0.47,0.47,1206503
APA,20050720,3.78,3.82,3.75,3.77,92890
APE,20050720,7.37,7.37,7.37,7.37,4000
APG,20050720,0.037,0.037,0.037,0.037,16000
API,20050720,3.22,3.24,3.2,3.21,485803
APN,20050720,5.14,5.22,5.14,5.2,921058
APR,20050720,2,2,2,2,24500
APZ,20050720,0.2,0.2,0.2,0.2,90000
AQA,20050720,4.13,4.2,4.13,4.2,41631
AQD,20050720,0.08,0.08,0.08,0.08,10000
AQL,20050720,0.049,0.049,0.049,0.049,16000
AQP,20050720,6.99,7.01,6.9,7.01,94248
ARA,20050720,0.325,0.33,0.325,0.33,48003
ARE,20050720,0.23,0.23,0.22,0.22,33000
ARG,20050720,5.88,5.89,5.83,5.85,98712
ARM,20050720,0.26,0.26,0.25,0.25,50000
ARO,20050720,0.034,0.04,0.034,0.04,179834
ARP,20050720,3.28,3.35,3.25,3.28,158332
ARQ,20050720,1.825,1.9,1.825,1.87,1611928
ARU,20050720,0.25,0.25,0.245,0.25,125728
ARW,20050720,1.26,1.26,1.24,1.24,1023000
ARX,20050720,0.046,0.046,0.045,0.045,318796
ARZ,20050720,0.255,0.255,0.255,0.255,10125
ASB,20050720,1.72,1.72,1.71,1.71,361670
ASC,20050720,0.04,0.043,0.04,0.043,100000
ASL,20050720,0.71,0.71,0.7,0.7,31055
ASP,20050720,0.075,0.075,0.075,0.075,12694
ASV,20050720,0.075,0.085,0.075,0.085,534537
ASX,20050720,23.7,24.24,23.7,24,362891
ASZ,20050720,0.45,0.45,0.45,0.45,42223
ATG,20050720,0.78,0.78,0.77,0.77,34150
ATN,20050720,0.09,0.09,0.08,0.09,267500
ATP,20050720,0.21,0.21,0.205,0.205,4519
ATR,20050720,2.67,2.69,2.57,2.57,77753
ATV,20050720,0.08,0.083,0.08,0.083,600000
ATX,20050720,0.048,0.048,0.047,0.047,99144
ATZ,20050720,0.14,0.155,0.14,0.15,50000
AUH,20050720,0.052,0.054,0.052,0.054,61500
AUL,20050720,0.015,0.015,0.013,0.013,210000
AUM,20050720,0.023,0.025,0.023,0.025,300000
AUN,20050720,1.095,1.1,1.09,1.09,78080
AUO,20050720,1.35,1.35,1.35,1.35,4360
AUS,20050720,0.835,0.835,0.83,0.83,46930
AUT,20050720,0.31,0.315,0.3,0.31,385000
AUW,20050720,1.15,1.175,1.14,1.15,408806
AUX,20050720,0.058,0.058,0.058,0.058,65403
AUZ,20050720,0.02,0.02,0.02,0.02,500430
AVA,20050720,0.039,0.039,0.038,0.038,110000
AVE,20050720,1.32,1.32,1.31,1.315,50100
AVJ,20050720,1.31,1.32,1.31,1.32,75100
AVM,20050720,0.42,0.425,0.42,0.42,118106
AVO,20050720,0.395,0.395,0.375,0.375,206169
AVP,20050720,0.1,0.1,0.1,0.1,11000
AVR,20050720,0.925,0.925,0.925,0.925,2000
AVU,20050720,0.38,0.38,0.38,0.38,12000
AVV,20050720,1.28,1.28,1.28,1.28,82321
AVX,20050720,0.155,0.155,0.15,0.155,123500
AWB,20050720,4.88,4.91,4.83,4.91,958048
AWC,20050720,5.51,5.62,5.51,5.6,3932811
AWE,20050720,1.86,1.925,1.86,1.9,2017737
AWL,20050720,0.019,0.019,0.019,0.019,125000
AWP,20050720,2.44,2.44,2.4,2.42,47046
AXA,20050720,4.42,4.46,4.4,4.45,2440188
AXC,20050720,0.09,0.09,0.08,0.08,90000
AXD,20050720,0.12,0.12,0.12,0.12,118000
AXO,20050720,0.55,0.57,0.55,0.55,135693
AZA,20050720,0.755,0.755,0.74,0.755,383582
AZC,20050720,0.165,0.165,0.165,0.165,40000
AZR,20050720,0.2,0.2,0.195,0.195,2432000
AZZ,20050720,0.445,0.465,0.445,0.45,394862
BAR,20050720,0.15,0.165,0.15,0.15,1213554
BAS,20050720,0.15,0.15,0.14,0.14,458000
BAX,20050720,5.05,5.05,5.05,5.05,1000
BBB,20050720,0.34,0.34,0.33,0.34,147725
BBG,20050720,14.28,14.51,14.28,14.5,681152
BBI,20050720,1.75,1.76,1.715,1.715,1418285
BBL,20050720,0.135,0.135,0.135,0.135,49957
BCA,20050720,2.9,2.94,2.9,2.9,233107
BCD,20050720,0.395,0.4,0.385,0.385,138000
BCL,20050720,0.22,0.23,0.22,0.225,266590
BDG,20050720,1.14,1.17,1.13,1.17,707003
BDI,20050720,0.26,0.275,0.26,0.275,129200
BDL,20050720,0.07,0.07,0.069,0.069,295828
BDM,20050720,0.5,0.5,0.495,0.495,51000
BDS,20050720,2.9,2.93,2.9,2.9,13247
BEI,20050720,1.55,1.57,1.55,1.55,45987
BEN,20050720,9.71,9.79,9.71,9.73,62859
BGD,20050720,0.21,0.21,0.18,0.2,180000
BGF,20050720,0.235,0.24,0.235,0.24,1323000
BHP,20050720,18.31,18.67,18.18,18.65,17418838
BIL,20050720,8.08,8.15,8.08,8.12,3891506
BIT,20050720,0.135,0.14,0.135,0.14,20050
BJT,20050720,1.4,1.44,1.385,1.405,2200089
BKA,20050720,0.27,0.27,0.26,0.26,368164
BKI,20050720,1.16,1.17,1.155,1.17,75550
BKL,20050720,13.51,13.54,13.48,13.48,8171
BKM,20050720,0.01,0.01,0.009,0.009,19500
BKN,20050720,2.86,2.86,2.8,2.8,48714
BKP,20050720,0.195,0.2,0.195,0.2,655250
BKW,20050720,10.2,10.4,10.2,10.4,5616
BKY,20050720,0.2,0.23,0.2,0.23,288231
BLD,20050720,6.6,6.65,6.55,6.55,2653580
BLN,20050720,0.13,0.13,0.13,0.13,4500
BLR,20050720,0.022,0.024,0.021,0.024,1871000
BLT,20050720,0.145,0.145,0.145,0.145,17000
BLZ,20050720,0.069,0.069,0.068,0.068,65000
BMN,20050720,0.25,0.265,0.25,0.265,87755
BMO,20050720,0.245,0.245,0.235,0.235,93334
BMX,20050720,0.2,0.215,0.2,0.21,2715678
BNB,20050720,15.4,15.76,15.4,15.76,534984
BNO,20050720,0.125,0.125,0.125,0.125,4000
BNT,20050720,0.17,0.17,0.17,0.17,1192000
BOC,20050720,0.75,0.75,0.705,0.705,6150
BOD,20050720,0.044,0.044,0.043,0.044,450000
BOL,20050720,2.69,2.69,2.63,2.65,592855
BON,20050720,0.49,0.49,0.49,0.49,19388
BOQ,20050720,11.22,11.46,11.22,11.46,151288
BOW,20050720,0.135,0.14,0.135,0.14,53800
BPC,20050720,0.91,0.915,0.91,0.915,1971281
BPH,20050720,0.08,0.08,0.08,0.08,5000
BPO,20050720,0.032,0.032,0.032,0.032,95000
BPT,20050720,0.725,0.735,0.725,0.725,749277
BQT,20050720,0.265,0.27,0.26,0.27,340580
BRO,20050720,0.006,0.006,0.006,0.006,150000
BRW,20050720,0.034,0.035,0.034,0.035,810000
BRZ,20050720,1.64,1.69,1.63,1.635,132060
BSA,20050720,0.255,0.255,0.255,0.255,36500
BSG,20050720,0.64,0.64,0.63,0.64,126472
BSL,20050720,8.71,8.84,8.67,8.84,4368437
BSO,20050720,2,2,1.975,1.975,20370
BTA,20050720,0.48,0.48,0.465,0.475,515462
BTC,20050720,0.355,0.36,0.355,0.36,101000
BTV,20050720,0.045,0.046,0.041,0.041,11199915
BTX,20050720,0.38,0.39,0.37,0.37,2578585
BUY,20050720,0.1,0.1,0.092,0.094,820500
BWP,20050720,1.9,1.9,1.84,1.85,689009
BXP,20050720,0.27,0.285,0.26,0.26,6137883
CAA,20050720,1.9,1.9,1.845,1.845,82670
CAB,20050720,4.71,4.72,4.65,4.7,81266
CAG,20050720,0.034,0.036,0.034,0.036,200000
CAS,20050720,0.2,0.2,0.2,0.2,27000
CAT,20050720,21.25,23,21.25,22,6117
CAU,20050720,0.115,0.115,0.11,0.11,230273
CAZ,20050720,0.26,0.26,0.255,0.26,103500
CBA,20050720,38.5,38.6,38.42,38.45,2287957
CBD,20050720,0.041,0.041,0.04,0.04,200000
CBH,20050720,0.25,0.255,0.245,0.245,1252959
CBR,20050720,3.71,3.71,3.7,3.7,10740
CCE,20050720,0.375,0.38,0.375,0.38,68460
CCH,20050720,0.305,0.305,0.305,0.305,9500
CCI,20050720,0.015,0.015,0.015,0.015,1416749
CCL,20050720,7.66,7.73,7.65,7.7,2116095
CCO,20050720,0.003,0.003,0.003,0.003,701000
CCP,20050720,3,3,3,3,37423
CCV,20050720,0.24,0.24,0.24,0.24,2000
CDA,20050720,1.47,1.5,1.47,1.5,8000
CDD,20050720,2.79,2.79,2.79,2.79,3918
CDF,20050720,1.423,1.423,1.423,1.423,10420
CDO,20050720,4.74,4.79,4.71,4.79,446764
CDP,20050720,3.2,3.22,3.2,3.22,6004
CDR,20050720,2.27,2.28,2.24,2.25,311466
CDX,20050720,2.1,2.15,2.1,2.15,31200
CEG,20050720,1.2,1.2,1.2,1.2,31690
CEQ,20050720,2.24,2.25,2.24,2.25,14068
CEY,20050720,5.05,5.1,5,5,888665
CFK,20050720,0.505,0.53,0.49,0.49,1025262
CFR,20050720,0.015,0.015,0.015,0.015,200000
CFU,20050720,0.65,0.67,0.64,0.66,66200
CGF,20050720,3.26,3.28,3.22,3.24,1322324
CGM,20050720,0.14,0.14,0.11,0.115,1936542
CGS,20050720,0.145,0.145,0.145,0.145,100000
CHB,20050720,38.01,38.01,38.01,38.01,37
CHD,20050720,0.935,1,0.935,0.97,202726
CHF,20050720,0.42,0.43,0.42,0.43,55500
CHL,20050720,0.165,0.165,0.165,0.165,23000
CHO,20050720,4.85,4.85,4.83,4.83,3025
CHQ,20050720,0.83,0.83,0.815,0.815,106223
CHR,20050720,2.2,2.95,2.2,2.95,2437
CHT,20050720,0.012,0.012,0.012,0.012,168000
CHX,20050720,1.38,1.39,1.365,1.39,160464
CHY,20050720,2.2,2.24,2.2,2.2,29398
CIG,20050720,0.038,0.042,0.038,0.042,8849400
CIN,20050720,15.3,15.3,15.3,15.3,3250
CIR,20050720,1.4,1.41,1.4,1.4,31615
CIX,20050720,0.455,0.455,0.445,0.45,278397
CIY,20050720,4,4.07,3.96,4,108158
CKL,20050720,0.65,0.65,0.65,0.65,14000
CKR,20050720,0.37,0.375,0.37,0.375,20000
CKS,20050720,0.41,0.41,0.41,0.41,24743
CLF,20050720,0.21,0.21,0.2,0.2,30000
CLH,20050720,1.595,1.63,1.595,1.63,142686
CLL,20050720,0.38,0.38,0.38,0.38,1838
CLO,20050720,0.48,0.485,0.47,0.47,91447
CLT,20050720,1.355,1.39,1.35,1.39,45983
CLV,20050720,0.17,0.18,0.17,0.18,115420
CMI,20050720,1.45,1.52,1.45,1.52,67313
CMK,20050720,0.55,0.55,0.55,0.55,225342
CML,20050720,9.37,9.51,9.36,9.5,5608392
CMO,20050720,0.012,0.012,0.012,0.012,200000
CMP,20050720,0.23,0.23,0.225,0.225,3500
CMQ,20050720,1.15,1.19,1.13,1.16,187968
CMR,20050720,1.12,1.12,1.1,1.1,133722
CMS,20050720,0.036,0.036,0.035,0.035,10000
CMV,20050720,0.595,0.595,0.58,0.58,31000
CMW,20050720,0.3,0.3,0.3,0.3,90000
CMX,20050720,0.11,0.115,0.11,0.115,72882
CND,20050720,2.35,2.35,2.31,2.31,35000
CNM,20050720,0.028,0.028,0.028,0.028,200000
CNN,20050720,0.034,0.034,0.033,0.033,85000
CNP,20050720,5.39,5.4,5.31,5.36,1285203
CNR,20050720,0.68,0.68,0.68,0.68,31250
CNT,20050720,0.31,0.31,0.31,0.31,3250
COA,20050720,4.6,4.69,4.56,4.69,798716
COE,20050720,0.285,0.285,0.27,0.275,2048660
COF,20050720,2.56,2.66,2.51,2.66,62932
COH,20050720,38.31,39.2,38.23,38.41,350346
COI,20050720,0.135,0.145,0.135,0.145,108000
COO,20050720,0.009,0.009,0.009,0.009,150000
COS,20050720,0.38,0.38,0.36,0.36,79500
COU,20050720,1.455,1.47,1.42,1.45,135577
CPA,20050720,1.275,1.28,1.27,1.275,7920555
CPB,20050720,9.2,9.2,9.11,9.2,12393
CPC,20050720,0.22,0.225,0.215,0.225,524585
CPI,20050720,0.555,0.555,0.555,0.555,40000
CPK,20050720,3.9,4,3.9,4,8157
CPU,20050720,5.84,5.85,5.79,5.8,818170
CQT,20050720,0.14,0.14,0.14,0.14,62000
CRE,20050720,0.125,0.125,0.12,0.12,13000
CRG,20050720,8.5,8.5,8.39,8.39,136269
CRS,20050720,0.37,0.375,0.365,0.37,1520735
CRT,20050720,0.58,0.58,0.57,0.57,505643
CRU,20050720,0.745,0.75,0.74,0.75,54100
CSE,20050720,0.215,0.215,0.21,0.21,188250
CSH,20050720,1.87,1.87,1.87,1.87,14500
CSL,20050720,35.23,35.44,35.21,35.21,1185630
CSM,20050720,3.93,3.96,3.9,3.94,610045
CSR,20050720,2.47,2.51,2.47,2.48,3029997
CST,20050720,3,3.01,2.9,2.9,114710
CTE,20050720,0.225,0.225,0.225,0.225,10000
CTI,20050720,0.61,0.61,0.6,0.6,26000
CTL,20050720,0.84,0.85,0.84,0.85,25049
CTN,20050720,1.01,1.02,1.01,1.02,71750
CTO,20050720,0.13,0.13,0.13,0.13,29000
CTX,20050720,16.95,17.17,16.93,17.1,633965
CUE,20050720,0.34,0.345,0.335,0.335,2895391
CUL,20050720,0.027,0.027,0.025,0.025,185100
CUO,20050720,0.017,0.018,0.017,0.017,7948000
CUS,20050720,0.1,0.105,0.1,0.1,970000
CUY,20050720,0.68,0.69,0.67,0.69,59100
CVN,20050720,0.022,0.023,0.022,0.023,1862522
CWG,20050720,0.1,0.1,0.1,0.1,96667
CWP,20050720,2.45,2.45,2.45,2.45,2000
CWT,20050720,0.93,0.935,0.925,0.935,263740
CXE,20050720,0.039,0.039,0.039,0.039,4650
CXN,20050720,0.19,0.195,0.19,0.195,65000
CXP,20050720,5.6,5.65,5.58,5.62,26883
CXS,20050720,0.615,0.63,0.59,0.63,34532
CYA,20050720,1.005,1.005,1,1.005,382150
CYG,20050720,5.59,5.59,5.59,5.59,1843
CYN,20050720,0.37,0.37,0.37,0.37,20000
DBS,20050720,0.425,0.425,0.425,0.425,28000
DDT,20050720,0.255,0.255,0.22,0.235,956498
DEG,20050720,0.245,0.245,0.235,0.235,218837
DES,20050720,0.11,0.115,0.11,0.115,24826
DEX,20050720,0.99,1,0.985,0.99,74900
DFT,20050720,0.014,0.014,0.014,0.014,3100001
DGR,20050720,0.092,0.092,0.092,0.092,50000
DIA,20050720,0.09,0.1,0.09,0.1,216700
DIO,20050720,0.063,0.063,0.062,0.062,53000
DJS,20050720,2.09,2.09,2.05,2.07,2247797
DJW,20050720,3.91,3.94,3.91,3.94,61410
DKN,20050720,0.675,0.675,0.675,0.675,1000
DLS,20050720,0.07,0.072,0.069,0.069,274500
DMP,20050720,2.65,2.75,2.65,2.72,163084
DNL,20050720,0.2,0.22,0.18,0.22,433693
DNS,20050720,0.041,0.041,0.041,0.041,1143
DNX,20050720,0.135,0.135,0.135,0.135,7750
DOM,20050720,0.36,0.36,0.355,0.36,32000
DOW,20050720,5.39,5.42,5.35,5.37,1983566
DRA,20050720,0.19,0.19,0.185,0.19,324137
DRD,20050720,1.35,1.39,1.35,1.39,700
DRN,20050720,0.067,0.068,0.067,0.067,719262
DRT,20050720,1.37,1.385,1.37,1.38,17350970
DRX,20050720,0.14,0.14,0.13,0.14,180726
DTL,20050720,2.96,3,2.96,3,633
DUE,20050720,2.5,2.5,2.45,2.46,798271
DUI,20050720,2.52,2.52,2.5,2.5,17969
DVC,20050720,3.86,3.92,3.86,3.91,1762759
DVM,20050720,0.026,0.026,0.025,0.025,300000
DVN,20050720,0.62,0.625,0.61,0.625,37452
DYL,20050720,0.125,0.135,0.12,0.13,30236197
EBB,20050720,4.62,4.65,4.6,4.6,31262
EBG,20050720,0.175,0.175,0.175,0.175,960000
EBR,20050720,0.083,0.084,0.082,0.082,242345
EBT,20050720,0.21,0.21,0.2,0.205,386867
ECH,20050720,0.315,0.315,0.315,0.315,20923
ECI,20050720,0.12,0.12,0.12,0.12,5000
ECU,20050720,0.08,0.087,0.08,0.087,225000
EDN,20050720,0.36,0.36,0.345,0.345,236541
EGL,20050720,0.096,0.096,0.095,0.095,105000
EGO,20050720,0.009,0.009,0.009,0.009,6471110
EIF,20050720,0.025,0.025,0.023,0.023,164600
ELK,20050720,0.43,0.49,0.4,0.475,217564
ELL,20050720,0.055,0.055,0.055,0.055,15000
ELX,20050720,0.27,0.27,0.27,0.27,46000
EMI,20050720,0.29,0.295,0.29,0.29,281000
EMM,20050720,0.04,0.04,0.04,0.04,57648
EMP,20050720,0.31,0.31,0.3,0.3,32114
EMS,20050720,0.19,0.19,0.19,0.19,3100
ENE,20050720,4.09,4.09,4.01,4.01,104541
ENG,20050720,0.085,0.085,0.08,0.08,75000
ENV,20050720,1.14,1.15,1.13,1.135,633944
EON,20050720,0.695,0.695,0.695,0.695,4399
EOS,20050720,4.2,4.25,4.18,4.21,18492
EPE,20050720,0.065,0.065,0.065,0.065,418507
EPR,20050720,0.077,0.077,0.075,0.075,270000
EPT,20050720,0.51,0.515,0.505,0.505,389447
EQI,20050720,1.08,1.09,1.08,1.09,5852
EQM,20050720,6.86,6.86,6.86,6.86,4800
EQT,20050720,11.5,11.5,11.5,11.5,1006
ERA,20050720,14.05,14.3,14.05,14.25,58851
ERG,20050720,0.27,0.27,0.265,0.265,373313
ESG,20050720,0.18,0.195,0.18,0.195,582599
ESV,20050720,0.85,0.85,0.835,0.835,13922
ETC,20050720,0.025,0.03,0.025,0.029,2085001
ETE,20050720,0.125,0.125,0.12,0.12,35000
ETR,20050720,1.69,1.69,1.65,1.68,117747
ETW,20050720,0.46,0.46,0.44,0.45,147456
EWC,20050720,0.039,0.039,0.038,0.038,1000000
EXL,20050720,7.21,7.5,7.21,7.46,728947
EXR,20050720,0.37,0.37,0.37,0.37,30200
EXS,20050720,0.15,0.15,0.15,0.15,50000
EXT,20050720,0.023,0.023,0.022,0.023,16739364
EZE,20050720,0.1,0.1,0.1,0.1,980
EZL,20050720,1.66,1.68,1.65,1.68,17000
FAN,20050720,3.75,3.75,3.73,3.73,38190
FAR,20050720,0.08,0.081,0.079,0.08,2660904
FBU,20050720,6.2,6.2,6.18,6.19,27833
FCL,20050720,2.06,2.07,2.01,2.07,2433786
FCN,20050720,0.45,0.48,0.45,0.455,2532848
FCO,20050720,0.28,0.28,0.275,0.28,118000
FDL,20050720,0.025,0.025,0.025,0.025,40000
FEA,20050720,0.555,0.56,0.55,0.56,135000
FGL,20050720,5.45,5.53,5.45,5.5,8871374
FKP,20050720,2.93,3.03,2.93,3.03,821022
FLK,20050720,0.73,0.73,0.72,0.73,33000
FLT,20050720,14.32,14.52,14.32,14.52,281371
FLX,20050720,2.68,2.76,2.68,2.75,144599
FMG,20050720,2.68,2.7,2.64,2.65,102859
FOA,20050720,26.22,26.5,26.22,26.3,623965
FPA,20050720,3.32,3.32,3.29,3.31,286520
FPH,20050720,3.05,3.07,3.03,3.05,187040
FPS,20050720,0.785,0.8,0.785,0.8,4850
FRE,20050720,0.22,0.22,0.22,0.22,124000
FRI,20050720,0.44,0.445,0.43,0.43,51440
FRL,20050720,0.18,0.18,0.18,0.18,256560
FRM,20050720,0.59,0.59,0.59,0.59,8711
FRR,20050720,0.98,1,0.98,0.98,187354
FSA,20050720,0.036,0.036,0.036,0.036,10000
FUN,20050720,1.96,2.07,1.96,2.06,463827
FUS,20050720,0.011,0.012,0.011,0.012,252800
FUT,20050720,0.018,0.018,0.018,0.018,150
FWD,20050720,6.39,6.51,6.37,6.49,263976
FXJ,20050720,4.37,4.38,4.3,4.31,1617449
FXR,20050720,0.35,0.37,0.34,0.365,1985146
GAA,20050720,1,1,1,1,18770
GAN,20050720,1.665,1.67,1.65,1.65,3317715
GAP,20050720,1.5,1.51,1.5,1.51,16048
GAS,20050720,2.7,2.7,2.68,2.68,31919
GBG,20050720,0.08,0.082,0.079,0.081,414444
GBL,20050720,0.042,0.042,0.042,0.042,12500
GBN,20050720,0.028,0.029,0.026,0.029,2041921
GBP,20050720,0.495,0.495,0.49,0.495,266000
GBT,20050720,1.03,1.03,1.03,1.03,500
GCA,20050720,1.06,1.063,1.06,1.063,21000
GCL,20050720,3.16,3.27,3.16,3.23,740790
GCN,20050720,0.086,0.09,0.084,0.084,115213
GCR,20050720,0.036,0.036,0.033,0.033,350000
GDM,20050720,0.34,0.365,0.335,0.36,119112
GDN,20050720,0.068,0.073,0.068,0.073,1292480
GDR,20050720,0.17,0.17,0.165,0.165,76000
GDY,20050720,1.625,1.63,1.61,1.62,52705
GFD,20050720,0.55,0.555,0.55,0.555,145816
GGN,20050720,0.315,0.32,0.305,0.305,878554
GGP,20050720,0.185,0.19,0.185,0.19,70350
GGX,20050720,0.22,0.22,0.205,0.205,2182352
GGY,20050720,0.038,0.04,0.037,0.04,1040943
GHG,20050720,0.82,0.82,0.82,0.82,2307
GIP,20050720,0.115,0.13,0.115,0.13,70390
GIR,20050720,0.235,0.24,0.235,0.24,1594000
GLB,20050720,0.33,0.33,0.325,0.325,104500
GLI,20050720,1.3,1.3,1.25,1.255,249428
GLN,20050720,0.095,0.1,0.095,0.1,33000
GMI,20050720,0.98,0.99,0.98,0.98,74810
GNC,20050720,11.2,11.21,11.2,11.21,4901
GNL,20050720,0.075,0.075,0.073,0.073,50000
GNS,20050720,3.95,3.99,3.93,3.96,258233
GOA,20050720,0.085,0.085,0.061,0.085,82428
GOG,20050720,0.175,0.175,0.17,0.17,113571
GOW,20050720,2.57,2.57,2.57,2.57,7000
GPB,20050720,1.105,1.12,1.1,1.12,43500
GPE,20050720,0.076,0.08,0.076,0.08,135000
GPG,20050720,1.83,1.85,1.83,1.85,22940
GPN,20050720,0.016,0.017,0.016,0.017,1522083
GPT,20050720,3.74,3.74,3.7,3.71,10545767
GRD,20050720,2.13,2.15,2.07,2.14,668851
GRK,20050720,0.205,0.205,0.205,0.205,20000
GRN,20050720,0.445,0.48,0.445,0.48,12315
GRO,20050720,1.37,1.49,1.37,1.43,129667
GRR,20050720,0.82,0.82,0.8,0.8,184114
GRY,20050720,0.235,0.235,0.235,0.235,170000
GTG,20050720,0.375,0.375,0.365,0.37,91800
GTP,20050720,3.36,3.38,3.33,3.36,528599
GTX,20050720,0.35,0.35,0.35,0.35,3333
GUD,20050720,7.31,7.43,7.31,7.39,412233
GUN,20050720,0.25,0.25,0.245,0.245,309000
GWR,20050720,0.27,0.27,0.25,0.25,175000
GWT,20050720,2.95,2.98,2.93,2.93,144406
GYN,20050720,0.17,0.17,0.16,0.16,114000
GZL,20050720,3,3,3,3,1000
HAV,20050720,1.06,1.1,1.05,1.07,67925
HCC,20050720,1.1,1.1,1.08,1.08,8150
HCY,20050720,0.015,0.015,0.015,0.015,272000
HDF,20050720,2.69,2.7,2.66,2.68,207898
HDR,20050720,2.25,2.3,2.25,2.26,3410826
HER,20050720,0.62,0.64,0.605,0.64,10075
HGI,20050720,1.49,1.5,1.485,1.495,994361
HGO,20050720,0.15,0.15,0.15,0.15,215000
HHL,20050720,6.15,6.15,6.15,6.15,479
HHM,20050720,0.14,0.14,0.14,0.14,80633
HHV,20050720,0.935,0.94,0.93,0.935,175387
HIC,20050720,0.74,0.745,0.74,0.745,33874
HIG,20050720,0.48,0.49,0.48,0.485,108570
HII,20050720,0.13,0.13,0.13,0.13,100000
HIL,20050720,4.29,4.38,4.27,4.36,96895
HJB,20050720,0.32,0.345,0.32,0.345,234881
HLS,20050720,0.09,0.09,0.09,0.09,4999
HLT,20050720,0.395,0.395,0.395,0.395,417
HLX,20050720,0.195,0.205,0.195,0.205,56470
HME,20050720,7.75,7.8,7.75,7.8,5446
HMR,20050720,0.5,0.54,0.5,0.535,282500
HNG,20050720,1.78,1.785,1.755,1.785,28890
HOM,20050720,0.335,0.335,0.335,0.335,8957
HPX,20050720,1.78,1.785,1.755,1.755,68592
HRD,20050720,0.22,0.25,0.215,0.24,112704
HRR,20050720,0.685,0.685,0.68,0.68,88779
HSK,20050720,0.36,0.36,0.36,0.36,19500
HSP,20050720,5.06,5.06,4.95,4.98,726079
HST,20050720,1.71,1.82,1.71,1.82,1964984
HTA,20050720,0.275,0.275,0.265,0.27,192625
HTE,20050720,0.027,0.028,0.027,0.028,326491
HTM,20050720,0.06,0.06,0.06,0.06,15000
HUG,20050720,0.064,0.064,0.064,0.064,21211
HVN,20050720,2.63,2.66,2.61,2.63,2516079
HWI,20050720,1.58,1.58,1.545,1.545,351066
HWT,20050720,1.47,1.54,1.455,1.54,65200
HYO,20050720,0.065,0.065,0.065,0.065,300
HZN,20050720,0.1,0.105,0.1,0.105,80000
IAG,20050720,6.05,6.1,6.01,6.04,4105299
IAS,20050720,0.24,0.24,0.235,0.235,51850
IAT,20050720,0.078,0.08,0.076,0.076,231418
IBA,20050720,0.45,0.45,0.44,0.45,66520
IBC,20050720,0.57,0.57,0.57,0.57,40000
IBT,20050720,1.7,1.7,1.7,1.7,8900
ICC,20050720,0.006,0.007,0.006,0.007,3974500
ICN,20050720,0.03,0.03,0.03,0.03,16667
ICS,20050720,0.355,0.355,0.35,0.35,11250
IDT,20050720,1.77,1.8,1.77,1.8,51950
IEF,20050720,1.1,1.1,1.1,1.1,30250
IFC,20050720,0.235,0.235,0.235,0.235,2500
IFL,20050720,6.55,6.65,6.55,6.6,75951
IFM,20050720,0.64,0.645,0.62,0.63,553845
IGL,20050720,0.145,0.145,0.135,0.135,51161
IGO,20050720,1.39,1.4,1.39,1.39,143150
IGP,20050720,4.5,4.5,4.46,4.47,29702
IGR,20050720,0.087,0.095,0.087,0.092,2071285
IHG,20050720,0.025,0.025,0.024,0.024,2650139
IIF,20050720,2.11,2.13,2.1,2.12,3611125
IIN,20050720,2.9,2.91,2.88,2.9,146283
ILF,20050720,1.03,1.1,1.025,1.1,1219802
ILU,20050720,7.4,7.45,7.36,7.39,1212844
IMA,20050720,0.34,0.36,0.34,0.36,32555
IMD,20050720,0.22,0.22,0.22,0.22,24665
IMF,20050720,0.72,0.72,0.7,0.72,31775
IMI,20050720,0.013,0.014,0.012,0.012,2644246
IMP,20050720,0.004,0.005,0.004,0.004,1100000
IMU,20050720,0.135,0.135,0.13,0.13,114500
INL,20050720,0.066,0.07,0.066,0.068,1514464
INP,20050720,0.65,0.665,0.635,0.66,74573
INT,20050720,0.037,0.038,0.036,0.038,457890
IOF,20050720,1.3,1.31,1.3,1.3,5690359
IOH,20050720,0.365,0.365,0.36,0.36,98300
IPA,20050720,0.88,0.88,0.88,0.88,4201
IPG,20050720,1.95,1.955,1.94,1.94,4181106
IPL,20050720,16.12,16.29,16.11,16.29,3391
IRE,20050720,4.13,4.2,4.13,4.13,75933
IRI,20050720,0.475,0.48,0.475,0.48,39000
IRN,20050720,0.335,0.335,0.33,0.33,90100
ISS,20050720,0.215,0.22,0.215,0.22,49000
ITD,20050720,0.22,0.22,0.21,0.21,61000
ITE,20050720,0.16,0.165,0.15,0.15,129000
ITF,20050720,1.1,1.11,1.09,1.09,30380
IVC,20050720,4.35,4.35,4.27,4.27,258698
IVK,20050720,0.017,0.018,0.016,0.016,950000
IWF,20050720,1.46,1.48,1.46,1.46,313960
IWL,20050720,2.72,2.72,2.67,2.67,36309
JAK,20050720,0.12,0.14,0.12,0.12,170800
JBH,20050720,3.26,3.35,3.26,3.35,532646
JBM,20050720,7.7,7.7,7.58,7.66,895559
JDV,20050720,0.855,0.855,0.84,0.84,24225
JET,20050720,0.71,0.71,0.71,0.71,1400
JFM,20050720,1.27,1.27,1.265,1.27,336503
JGL,20050720,0.125,0.125,0.125,0.125,160000
JHX,20050720,8.5,8.84,8.5,8.75,3525144
JMB,20050720,0.82,0.82,0.82,0.82,3112
JML,20050720,0.205,0.205,0.2,0.2,494959
JPR,20050720,0.074,0.074,0.074,0.074,215135
JRL,20050720,0.285,0.31,0.26,0.31,136637
JRV,20050720,0.018,0.018,0.017,0.018,13982450
JST,20050720,2.03,2.03,2.01,2.03,709777
JUM,20050720,0.065,0.067,0.064,0.064,3035692
JYC,20050720,0.72,0.72,0.72,0.72,10000
KAR,20050720,1.69,1.7,1.69,1.7,53800
KBO,20050720,0.075,0.075,0.075,0.075,100000
KCN,20050720,2.85,2.92,2.85,2.91,188667
KDS,20050720,0.69,0.7,0.69,0.7,43160
KHF,20050720,4.1,4.1,4.1,4.1,1700
KIA,20050720,0.035,0.035,0.034,0.035,98088
KIM,20050720,1.08,1.1,1.07,1.1,150830
KKT,20050720,0.71,0.71,0.71,0.71,5000
KME,20050720,1.45,1.45,1.43,1.43,4151
KMN,20050720,0.23,0.23,0.21,0.21,667494
KRS,20050720,0.25,0.25,0.24,0.25,84067
KSC,20050720,3.14,3.15,3.1,3.1,714
KYC,20050720,1.88,1.905,1.88,1.9,28000
KZL,20050720,1.21,1.24,1.2,1.215,739723
LAF,20050720,0.185,0.195,0.185,0.19,1705370
LAS,20050720,0.05,0.051,0.05,0.051,35577
LAU,20050720,0.19,0.19,0.185,0.185,34000
LBY,20050720,0.17,0.17,0.17,0.17,48000
LCP,20050720,0.595,0.595,0.595,0.595,9465
LCT,20050720,0.22,0.22,0.22,0.22,15000
LDR,20050720,0.05,0.05,0.045,0.05,1304455
LEG,20050720,0.1,0.1,0.098,0.098,488000
LEI,20050720,12.36,12.38,12.04,12.15,1058729
LEP,20050720,2.17,2.17,2.15,2.15,676243
LFE,20050720,0.9,0.9,0.88,0.895,806850
LGD,20050720,0.58,0.58,0.57,0.57,66000
LHG,20050720,1.23,1.245,1.225,1.24,13145422
LIM,20050720,6.95,7.1,6.95,7.1,78540
LIO,20050720,0.004,0.005,0.003,0.004,91784727
LIP,20050720,1.58,1.59,1.57,1.59,285669
LKO,20050720,0.026,0.026,0.024,0.025,3897500
LKP,20050720,0.045,0.048,0.045,0.048,213010
LLC,20050720,12.76,12.88,12.75,12.84,1229364
LMC,20050720,2.4,2.4,2.4,2.4,27500
LNG,20050720,0.38,0.39,0.38,0.39,80000
LNN,20050720,7.26,7.41,7.26,7.32,464588
LOK,20050720,0.9,0.935,0.9,0.9,12206
LOU,20050720,0.37,0.39,0.355,0.39,715856
LRF,20050720,0.82,0.82,0.82,0.82,21200
LRL,20050720,0.27,0.27,0.27,0.27,2500
LRX,20050720,0.175,0.175,0.175,0.175,259625
LSG,20050720,1.77,1.83,1.755,1.77,79735
LSL,20050720,0.003,0.003,0.003,0.003,1235626
LVL,20050720,0.062,0.068,0.062,0.065,878000
LVR,20050720,0.8,0.8,0.79,0.8,8986
LYC,20050720,0.135,0.15,0.135,0.15,171500
LYL,20050720,1.81,1.9,1.81,1.9,860
MAA,20050720,0.42,0.42,0.37,0.4,86800
MAG,20050720,1.35,1.35,1.35,1.35,242
MAH,20050720,0.425,0.435,0.425,0.43,966100
MAL,20050720,0.58,0.595,0.58,0.59,57545
MAP,20050720,3.4,3.44,3.4,3.42,5561302
MAQ,20050720,0.11,0.11,0.11,0.11,50000
MAR,20050720,0.1,0.12,0.1,0.12,65000
MAY,20050720,4.65,4.72,4.65,4.71,1093885
MBL,20050720,62.9,63.46,62.9,63.2,841124
MBN,20050720,0.6,0.64,0.6,0.6,129960
MBP,20050720,0.615,0.615,0.605,0.61,173244
MCC,20050720,7.3,7.49,7.28,7.49,501917
MCG,20050720,6.6,6.6,6.5,6.52,648129
MCH,20050720,1.72,1.72,1.72,1.72,8
MCK,20050720,0.87,0.87,0.87,0.87,5500
MCP,20050720,3.08,3.1,3.05,3.05,737681
MCR,20050720,0.675,0.68,0.67,0.675,370299
MCW,20050720,1.87,1.87,1.85,1.855,4290229
MDE,20050720,0.96,0.96,0.96,0.96,14765
MDL,20050720,0.57,0.58,0.57,0.58,100000
MDM,20050720,0.034,0.034,0.034,0.034,43000
MDS,20050720,0.081,0.081,0.081,0.081,350000
MDT,20050720,1.175,1.175,1.155,1.155,4684722
MDX,20050720,0.11,0.11,0.1,0.11,135000
MEE,20050720,0.036,0.039,0.036,0.038,586871
MEP,20050720,0.395,0.4,0.39,0.4,13700
MFI,20050720,0.84,0.86,0.84,0.845,35498
MFS,20050720,1.64,1.65,1.625,1.64,129670
MGK,20050720,1.39,1.42,1.39,1.42,35321
MGO,20050720,0.17,0.17,0.17,0.17,12000
MGQ,20050720,3.93,3.94,3.9,3.9,3656978
MGR,20050720,3.72,3.73,3.67,3.67,1735852
MGW,20050720,3.98,4.03,3.97,4,849969
MGX,20050720,0.62,0.625,0.6,0.6,1782016
MIC,20050720,0.058,0.063,0.058,0.063,337520
MIG,20050720,3.99,4.04,3.99,4.03,10110958
MIK,20050720,0.07,0.073,0.07,0.073,139000
MIR,20050720,1.55,1.55,1.52,1.52,70877
MIS,20050720,0.4,0.41,0.4,0.405,218850
MLB,20050720,1.19,1.195,1.19,1.195,3572
MLE,20050720,1.9,1.9,1.86,1.9,34450
MLM,20050720,0.165,0.165,0.15,0.15,8580
MLT,20050720,16.45,16.64,16.45,16.64,4293
MMA,20050720,0.94,0.95,0.94,0.945,186215
MMN,20050720,0.11,0.11,0.11,0.11,503195
MMS,20050720,1.55,1.55,1.55,1.55,3210
MMX,20050720,0.29,0.29,0.28,0.29,362800
MND,20050720,3.42,3.42,3.38,3.41,119850
MOC,20050720,1.24,1.25,1.24,1.24,29564
MOE,20050720,0.54,0.54,0.52,0.53,352863
MOF,20050720,1.295,1.3,1.285,1.285,2487866
MOG,20050720,0.145,0.15,0.14,0.15,503089
MOL,20050720,1.3,1.3,1.3,1.3,20000
MOO,20050720,0.037,0.039,0.037,0.038,756000
MOS,20050720,0.195,0.2,0.185,0.185,3949933
MPA,20050720,0.105,0.105,0.105,0.105,22000
MPC,20050720,0.039,0.04,0.039,0.04,120000
MPD,20050720,0.098,0.098,0.097,0.097,175000
MPF,20050720,1.06,1.06,1.05,1.05,286480
MPG,20050720,0.96,0.96,0.96,0.96,17500
MPH,20050720,0.42,0.435,0.42,0.435,414874
MPO,20050720,0.036,0.038,0.035,0.036,3196618
MPR,20050720,1.145,1.145,1.135,1.135,1882349
MPS,20050720,1.09,1.09,1.09,1.09,36170
MPY,20050720,0.75,0.75,0.75,0.75,56
MRE,20050720,1.83,1.83,1.81,1.815,1944775
MRL,20050720,0.77,0.78,0.765,0.77,684706
MRM,20050720,0.37,0.38,0.37,0.38,161995
MRX,20050720,0.056,0.058,0.055,0.055,1020000
MRY,20050720,0.008,0.008,0.007,0.007,140000
MSB,20050720,0.52,0.52,0.52,0.52,30000
MSC,20050720,0.061,0.063,0.061,0.061,1062811
MST,20050720,0.135,0.14,0.135,0.135,201900
MTB,20050720,0.11,0.115,0.1,0.11,456182
MTI,20050720,0.395,0.395,0.39,0.39,45000
MTN,20050720,0.33,0.37,0.32,0.35,505368
MTR,20050720,0.097,0.097,0.097,0.097,29500
MTS,20050720,3.93,3.94,3.91,3.92,1900194
MTX,20050720,0.9,0.9,0.9,0.9,25033
MUL,20050720,0.017,0.017,0.016,0.017,17752700
MUR,20050720,0.074,0.074,0.072,0.074,121000
MVP,20050720,0.63,0.63,0.605,0.615,51870
MVU,20050720,1.36,1.38,1.36,1.36,11197
MWE,20050720,0.1,0.1,0.1,0.1,58300
MWR,20050720,0.03,0.03,0.03,0.03,60000
MXG,20050720,2.95,2.95,2.88,2.88,1936451
MXI,20050720,0.745,0.745,0.73,0.735,919341
MXL,20050720,0.16,0.16,0.16,0.16,1028416
MYO,20050720,1.075,1.085,1.07,1.08,645803
NAB,20050720,31.3,31.44,31.28,31.32,3328950
NAL,20050720,0.36,0.36,0.345,0.345,14990
NAM,20050720,0.74,0.74,0.735,0.74,316536
NAV,20050720,0.095,0.095,0.095,0.095,70000
NBL,20050720,3.11,3.11,3.1,3.1,5000
NCI,20050720,1.4,1.4,1.4,1.4,2888
NCK,20050720,1.35,1.37,1.35,1.37,16054
NCM,20050720,15.84,16.08,15.79,16,4943076
NDC,20050720,0.145,0.155,0.14,0.155,264295
NDO,20050720,0.11,0.12,0.11,0.115,14390657
NEC,20050720,0.34,0.345,0.33,0.335,382102
NEM,20050720,4.94,5.02,4.93,4.94,65150
NEO,20050720,0.046,0.046,0.044,0.044,2810693
NEU,20050720,0.445,0.455,0.445,0.45,115000
NHC,20050720,1.3,1.3,1.29,1.3,218505
NHH,20050720,0.82,0.82,0.82,0.82,84700
NHR,20050720,0.315,0.315,0.3,0.315,225525
NIA,20050720,0.2,0.205,0.195,0.195,720000
NKL,20050720,0.105,0.105,0.105,0.105,10000
NKP,20050720,0.725,0.75,0.72,0.75,55100
NLB,20050720,0.5,0.5,0.43,0.43,18900
NLX,20050720,0.265,0.265,0.255,0.26,2718208
NMB,20050720,0.02,0.02,0.02,0.02,33500
NMC,20050720,0.055,0.056,0.054,0.054,7542481
NMS,20050720,0.82,0.835,0.795,0.835,42400
NNG,20050720,0.24,0.24,0.24,0.24,7236
NPX,20050720,4.25,4.25,4.25,4.25,47710
NRT,20050720,4.79,4.87,4.79,4.8,34750
NSA,20050720,0.16,0.16,0.16,0.16,20000
NSX,20050720,0.51,0.51,0.51,0.51,4160
NTC,20050720,0.16,0.16,0.155,0.155,41500
NTG,20050720,0.31,0.31,0.31,0.31,1200
NUF,20050720,10.01,10.16,9.96,10.04,186516
NVC,20050720,0.385,0.385,0.38,0.38,20000
NVE,20050720,1.4,1.41,1.39,1.395,94675
NWA,20050720,0.032,0.035,0.032,0.035,112333
NWE,20050720,0.16,0.165,0.16,0.16,267600
NWS,20050720,23.12,23.26,23.05,23.11,1626890
NXS,20050720,0.385,0.385,0.37,0.375,556882
OBJ,20050720,0.028,0.03,0.028,0.03,3788665
OCL,20050720,1.06,1.07,1.06,1.07,22000
OCO,20050720,0.011,0.011,0.011,0.011,2250000
OEC,20050720,0.105,0.105,0.1,0.1,246646
OEL,20050720,0.2,0.2,0.2,0.2,19541
OEX,20050720,0.22,0.22,0.195,0.2,417800
OFM,20050720,2.15,2.15,2.15,2.15,1858
OGD,20050720,0.555,0.56,0.55,0.555,403351
OIL,20050720,0.34,0.34,0.33,0.34,131995
OLE,20050720,0.03,0.03,0.028,0.028,70000
OMC,20050720,0.995,1.1,0.99,0.99,422714
OMH,20050720,1.06,1.06,1.05,1.05,22000
OMI,20050720,0.57,0.57,0.51,0.51,19000
OMP,20050720,2.55,2.6,2.55,2.57,154939
ONT,20050720,1.1,1.1,1.1,1.1,506
OPL,20050720,0.515,0.52,0.51,0.52,345119
OPM,20050720,0.002,0.003,0.002,0.002,8952113
ORG,20050720,7.41,7.57,7.41,7.45,1610342
ORI,20050720,18.54,18.82,18.54,18.7,642892
ORL,20050720,2.1,2.1,2.1,2.1,9200
ORO,20050720,0.023,0.023,0.023,0.023,10000
ORP,20050720,0.016,0.017,0.016,0.017,715500
OSH,20050720,3.24,3.3,3.22,3.28,12027517
OST,20050720,2.6,2.64,2.6,2.61,1812476
OTL,20050720,0.305,0.315,0.305,0.315,313000
OTT,20050720,0.39,0.39,0.39,0.39,5400
OXR,20050720,0.94,0.945,0.93,0.94,9742189
PAA,20050720,0.2,0.2,0.195,0.2,30000
PBB,20050720,1.855,1.88,1.855,1.865,610304
PBD,20050720,1.395,1.395,1.385,1.395,37145
PBG,20050720,2.4,2.42,2.39,2.4,2410647
PBI,20050720,0.21,0.21,0.195,0.21,141225
PBL,20050720,15.38,15.5,15.38,15.45,2011024
PBO,20050720,0.21,0.21,0.205,0.205,100000
PBT,20050720,0.16,0.16,0.16,0.16,14000
PCC,20050720,0.083,0.083,0.083,0.083,170333
PCG,20050720,0.57,0.575,0.565,0.575,313715
PCL,20050720,0.079,0.079,0.077,0.079,402227
PCP,20050720,0.16,0.16,0.105,0.12,1702525
PDG,20050720,19.71,19.75,19.71,19.74,176048
PDL,20050720,1.53,1.55,1.53,1.53,12718
PDN,20050720,1.42,1.45,1.42,1.43,1180110
PEL,20050720,0.062,0.062,0.062,0.062,100000
PEM,20050720,0.655,0.68,0.65,0.68,255708
PEN,20050720,0.014,0.014,0.014,0.014,100000
PEO,20050720,0.13,0.135,0.13,0.13,145750
PEP,20050720,0.39,0.405,0.39,0.39,49300
PET,20050720,0.98,0.98,0.98,0.98,5000
PGL,20050720,2.85,2.87,2.81,2.81,36347
PGS,20050720,0.165,0.165,0.165,0.165,59131
PHY,20050720,5,5.01,5,5,363493
PIE,20050720,0.018,0.018,0.018,0.018,100000
PIO,20050720,0.155,0.155,0.15,0.15,196161
PLA,20050720,0.13,0.13,0.125,0.125,575337
PLF,20050720,1.12,1.17,1.08,1.08,684977
PLT,20050720,0.22,0.225,0.22,0.225,85234
PMA,20050720,0.55,0.55,0.54,0.54,10077
PMC,20050720,2.11,2.13,2.06,2.07,63917
PME,20050720,1.1,1.12,1.1,1.12,7000
PMM,20050720,3.8,3.8,3.8,3.8,75788
PMN,20050720,4.89,4.93,4.85,4.85,12385821
PMP,20050720,1.3,1.32,1.3,1.3,250267
PMV,20050720,4.35,4.35,4.35,4.35,24000
PNA,20050720,0.23,0.23,0.22,0.225,2849256
PNN,20050720,0.33,0.36,0.315,0.315,641597
PNO,20050720,0.029,0.029,0.029,0.029,92666
POH,20050720,0.25,0.25,0.235,0.25,48100
POL,20050720,0.19,0.19,0.155,0.155,140000
PPB,20050720,3.65,3.65,3.65,3.65,1000
PPC,20050720,1.645,1.69,1.645,1.65,98630
PPG,20050720,0.48,0.49,0.48,0.48,101742
PPK,20050720,0.9,0.905,0.9,0.9,27740
PPN,20050720,0.155,0.155,0.145,0.145,8000
PPP,20050720,0.14,0.145,0.14,0.145,338138
PPR,20050720,1.74,1.74,1.6,1.6,85565
PPT,20050720,60.75,61.4,60.75,60.95,61721
PPX,20050720,3.23,3.36,3.23,3.3,6657725
PPY,20050720,0.15,0.155,0.15,0.155,20500
PRE,20050720,0.064,0.069,0.064,0.064,28274834
PRG,20050720,3.14,3.14,3.11,3.11,65294
PRK,20050720,5.5,5.53,5.5,5.51,2016357
PRR,20050720,0.115,0.115,0.11,0.11,34930
PRT,20050720,3.1,3.14,3.1,3.14,3100
PRV,20050720,0.955,0.96,0.95,0.955,303505
PRY,20050720,9.02,9.02,8.77,8.8,58828
PSA,20050720,1.13,1.14,1.11,1.13,249859
PSD,20050720,0.835,0.84,0.82,0.825,111650
PSG,20050720,0.061,0.063,0.06,0.062,410000
PSH,20050720,2.09,2.15,2.09,2.15,571581
PSP,20050720,0.13,0.13,0.13,0.13,100000
PSV,20050720,0.31,0.31,0.3,0.31,1085310
PSX,20050720,0.21,0.22,0.205,0.21,1030520
PTD,20050720,1.5,1.53,1.49,1.505,946948
PTR,20050720,0.28,0.28,0.28,0.28,10000
PVE,20050720,0.71,0.71,0.71,0.71,400
PWK,20050720,0.89,0.89,0.81,0.82,66608
PWR,20050720,0.27,0.27,0.27,0.27,20000
PWT,20050720,0.98,1,0.97,0.97,108205
PXL,20050720,0.35,0.35,0.35,0.35,1000
PXS,20050720,1.67,1.7,1.63,1.67,378961
PYC,20050720,0.16,0.18,0.16,0.18,234669
QAD,20050720,0.04,0.04,0.04,0.04,400000
QAN,20050720,3.24,3.24,3.22,3.22,5322655
QBE,20050720,16.48,16.87,16.48,16.67,7679284
QCH,20050720,3.98,4.03,3.98,3.99,39093
QED,20050720,0.045,0.045,0.041,0.041,208500
QGC,20050720,0.49,0.495,0.465,0.465,1916577
QOL,20050720,0.19,0.2,0.19,0.2,214750
QPX,20050720,0.065,0.068,0.064,0.066,237000
QRS,20050720,0.091,0.092,0.09,0.09,400850
QTM,20050720,0.1,0.1,0.1,0.1,10000
QUR,20050720,0.018,0.018,0.018,0.018,160000
QXQ,20050720,0.019,0.019,0.019,0.019,3112
RAT,20050720,1.15,1.15,1.115,1.12,20500
RAU,20050720,0.115,0.115,0.115,0.115,16064
RBH,20050720,0.1,0.1,0.1,0.1,75000
RBS,20050720,9.95,9.95,9.9,9.9,2500
RBY,20050720,0.011,0.011,0.011,0.011,500000
RCD,20050720,5.7,5.79,5.7,5.77,577422
RCG,20050720,0.3,0.3,0.3,0.3,10000
RCH,20050720,0.004,0.004,0.004,0.004,100000
RCL,20050720,2.73,2.78,2.73,2.76,110286
RCR,20050720,0.77,0.77,0.75,0.76,26980
RCT,20050720,3.01,3.01,3.01,3.01,75
RDF,20050720,2.7,2.79,2.7,2.79,57556
RDM,20050720,0.25,0.26,0.25,0.26,164115
RDR,20050720,0.22,0.225,0.21,0.225,110000
REA,20050720,1.6,1.6,1.58,1.58,8000
REB,20050720,2.18,2.22,2.18,2.22,124999
RED,20050720,0.11,0.115,0.11,0.115,165000
REH,20050720,12.55,12.55,12.55,12.55,3000
REL,20050720,0.155,0.155,0.155,0.155,50000
RER,20050720,0.195,0.195,0.19,0.19,34000
RHC,20050720,8.37,8.51,8.37,8.49,423581
RHD,20050720,0.61,0.61,0.61,0.61,8000
RHL,20050720,4,4,4,4,5353
RHT,20050720,0.135,0.14,0.135,0.135,280942
RIC,20050720,1.45,1.45,1.415,1.44,124489
RIN,20050720,14.7,14.75,14.54,14.71,4074177
RIO,20050720,45.21,46.28,45.19,46.13,3101021
RIV,20050720,0.76,0.77,0.76,0.77,50000
RKN,20050720,0.85,0.86,0.85,0.86,43608
RMD,20050720,8.79,8.85,8.75,8.77,319886
RMI,20050720,0.125,0.125,0.125,0.125,512760
RML,20050720,0.2,0.2,0.2,0.2,80268
RMS,20050720,0.16,0.16,0.16,0.16,28500
ROC,20050720,2.09,2.15,2.09,2.15,483323
ROK,20050720,4.2,4.23,4.2,4.2,6115
RPC,20050720,0.6,0.63,0.59,0.63,305330
RPT,20050720,0.068,0.071,0.064,0.065,18649791
RRS,20050720,0.028,0.03,0.026,0.029,20428870
RRT,20050720,0.865,0.87,0.865,0.87,55600
RSG,20050720,1.01,1.015,1.01,1.01,14866
RSN,20050720,0.155,0.16,0.15,0.15,527000
RSP,20050720,1.115,1.15,1.115,1.15,327205
RTL,20050720,0.29,0.29,0.29,0.29,55000
RTM,20050720,0.084,0.085,0.083,0.083,5200237
RUP,20050720,10.6,10.61,10.5,10.6,15484
RVR,20050720,0.2,0.2,0.18,0.18,10900
SAH,20050720,0.065,0.065,0.065,0.065,150
SAI,20050720,2.47,2.5,2.47,2.5,103611
SAQ,20050720,5.45,5.55,5.45,5.5,5100
SAU,20050720,0.13,0.145,0.13,0.145,100850
SBC,20050720,12.05,12.45,12.05,12.45,179080
SBL,20050720,0.05,0.05,0.05,0.05,50000
SBM,20050720,0.11,0.11,0.11,0.11,1160536
SBP,20050720,0.088,0.088,0.088,0.088,124500
SBR,20050720,0.17,0.18,0.17,0.18,70000
SBS,20050720,0.039,0.039,0.039,0.039,3345
SCB,20050720,0.145,0.145,0.14,0.14,25000
SCF,20050720,111,111,110.95,111,5803
SCV,20050720,0.72,0.72,0.72,0.72,41200
SDG,20050720,1.57,1.595,1.52,1.595,149014
SDI,20050720,0.68,0.68,0.675,0.68,37400
SDL,20050720,0.017,0.017,0.017,0.017,2741500
SDR,20050720,0.155,0.155,0.155,0.155,50000
SDS,20050720,0.635,0.675,0.635,0.675,18000
SEA,20050720,0.47,0.47,0.44,0.45,246000
SED,20050720,0.215,0.215,0.2,0.2,254600
SEK,20050720,2.45,2.48,2.43,2.43,348638
SEL,20050720,1.955,2.05,1.94,2,81807
SEM,20050720,4.41,4.41,4.33,4.33,11000
SEN,20050720,0.285,0.29,0.285,0.29,821153
SEV,20050720,7.15,7.2,7.01,7.1,241285
SFC,20050720,5.55,5.61,5.5,5.5,3289
SFE,20050720,10.5,10.8,10.5,10.78,372807
SFR,20050720,0.21,0.21,0.21,0.21,50000
SFY,20050720,42.6,42.6,42.6,42.6,250
SGB,20050720,26.06,26.22,25.87,25.96,1098754
SGL,20050720,0.46,0.47,0.455,0.47,824819
SGN,20050720,2.85,2.87,2.85,2.85,173788
SGP,20050720,5.67,5.7,5.64,5.64,3975414
SGT,20050720,2.1,2.16,2.1,2.15,6246428
SGV,20050720,0.15,0.15,0.15,0.15,500
SGX,20050720,1.7,1.7,1.7,1.7,12800
SHC,20050720,0.33,0.33,0.325,0.325,62000
SHG,20050720,0.52,0.52,0.52,0.52,4600
SHL,20050720,12.16,12.36,12.16,12.2,300543
SHN,20050720,0.05,0.051,0.05,0.051,748000
SHV,20050720,10.15,10.2,9.98,9.98,7737
SIB,20050720,0.054,0.054,0.054,0.054,195000
SIE,20050720,0.04,0.04,0.04,0.04,321928
SIG,20050720,9.02,9.17,9.02,9.1,343923
SIM,20050720,0.295,0.295,0.28,0.29,182764
SIU,20050720,0.05,0.05,0.05,0.05,250000
SIV,20050720,1.65,1.7,1.65,1.7,4950
SKC,20050720,4.34,4.38,4.33,4.38,351400
SKE,20050720,2.84,2.85,2.84,2.84,14910
SKG,20050720,0.62,0.65,0.62,0.63,8000
SKR,20050720,0.034,0.034,0.032,0.032,966000
SLA,20050720,0.12,0.14,0.12,0.13,146072
SLF,20050720,16.95,16.95,16.89,16.89,5220
SLM,20050720,4.63,4.71,4.63,4.69,256204
SLT,20050720,0.25,0.26,0.25,0.26,3000
SLX,20050720,1.21,1.22,1.19,1.2,115850
SMA,20050720,0.016,0.016,0.015,0.015,250000
SMC,20050720,0.175,0.18,0.175,0.175,340000
SML,20050720,0.091,0.091,0.09,0.09,130000
SMM,20050720,0.53,0.55,0.52,0.52,1992044
SMN,20050720,0.14,0.14,0.135,0.135,78665
SMO,20050720,0.066,0.066,0.066,0.066,300000
SMS,20050720,14.74,14.76,14.65,14.74,802685
SMX,20050720,1.84,1.84,1.825,1.825,12728
SMY,20050720,0.85,0.85,0.835,0.845,71045
SNF,20050720,0.375,0.375,0.375,0.375,2200
SNN,20050720,0.25,0.25,0.245,0.245,196550
SNO,20050720,0.35,0.35,0.35,0.35,800
SOE,20050720,0.215,0.215,0.21,0.215,258374
SOL,20050720,9.01,9.35,9.01,9.03,30588
SOM,20050720,0.29,0.29,0.29,0.29,2000
SOO,20050720,0.265,0.265,0.265,0.265,13200
SOT,20050720,1.39,1.41,1.38,1.4,1071989
SPD,20050720,0.22,0.22,0.22,0.22,5000
SPL,20050720,0.51,0.53,0.51,0.53,42050
SPR,20050720,1.05,1.05,1.05,1.05,2000
SPT,20050720,5.16,5.25,5.16,5.25,267772
SRA,20050720,0.057,0.057,0.056,0.057,906683
SRI,20050720,0.072,0.074,0.072,0.074,240008
SRL,20050720,1.85,1.87,1.85,1.87,64137
SRV,20050720,2.95,2.95,2.93,2.93,5500
SRX,20050720,1.55,1.68,1.51,1.68,39887
SRZ,20050720,0.23,0.23,0.225,0.225,493464
SSI,20050720,3.22,3.22,3.05,3.05,17143
SSL,20050720,0.895,0.895,0.895,0.895,1250
SSN,20050720,0.3,0.3,0.3,0.3,17000
SST,20050720,4.33,4.33,4.33,4.33,1000
SSX,20050720,1.23,1.23,1.205,1.21,1664733
STE,20050720,0.085,0.085,0.085,0.085,3886
STI,20050720,0.295,0.31,0.295,0.3,30000
STO,20050720,10.7,11.05,10.7,11,2060272
STR,20050720,0.21,0.21,0.21,0.21,23000
STU,20050720,1.005,1.005,0.94,0.99,290280
STW,20050720,42.35,42.63,42.35,42.55,65242
STX,20050720,0.155,0.165,0.15,0.165,2541294
SUL,20050720,2.89,2.95,2.88,2.92,118936
SUN,20050720,19.88,20.1,19.88,20.04,1283472
SUR,20050720,0.22,0.22,0.21,0.21,101000
SVS,20050720,0.8,0.8,0.8,0.8,10000
SWG,20050720,0.025,0.025,0.025,0.025,34000
SYG,20050720,0.007,0.007,0.007,0.007,145000
SYL,20050720,4.05,4.12,4.05,4.12,1000
SYM,20050720,1.48,1.49,1.47,1.48,88000
SYN,20050720,2.4,2.4,2.25,2.25,7600
TAA,20050720,0.017,0.017,0.017,0.017,50000
TAH,20050720,16,16.09,15.9,15.92,2677986
TAM,20050720,0.079,0.08,0.079,0.08,787681
TAP,20050720,2.74,2.76,2.68,2.7,1772280
TAS,20050720,0.15,0.15,0.135,0.14,1112450
TAW,20050720,0.89,0.92,0.82,0.9,62700
TBC,20050720,0.24,0.245,0.235,0.245,359634
TCI,20050720,1.3,1.31,1.3,1.31,226573
TCL,20050720,7.41,7.41,7.35,7.36,1363317
TCN,20050720,0.065,0.065,0.065,0.065,5200
TCQ,20050720,1.03,1.03,1.005,1.005,97751
TEA,20050720,0.07,0.076,0.07,0.076,1614501
TEE,20050720,0.021,0.022,0.021,0.021,284108
TEL,20050720,5.56,5.56,5.53,5.54,3084258
TEN,20050720,3.63,3.64,3.58,3.6,1312195
TFC,20050720,0.48,0.48,0.48,0.48,5250
TFE,20050720,0.33,0.33,0.32,0.33,249600
TGD,20050720,0.1,0.1,0.1,0.1,8995
TGG,20050720,1.28,1.285,1.28,1.28,115877
TGR,20050720,0.83,0.85,0.83,0.85,18562
TGS,20050720,0.195,0.195,0.19,0.19,112000
THG,20050720,0.75,0.755,0.745,0.745,95648
THK,20050720,0.84,1.01,0.84,0.9,74000
THX,20050720,0.27,0.275,0.27,0.27,35000
TIF,20050720,0.48,0.5,0.475,0.475,261116
TIM,20050720,2.15,2.16,2.11,2.15,1398569
TIR,20050720,0.053,0.053,0.052,0.052,564500
TIS,20050720,0.7,0.75,0.7,0.75,28000
TKR,20050720,1.125,1.135,1.05,1.05,33080
TLS,20050720,5.05,5.06,5.03,5.04,25966204
TMO,20050720,0.485,0.49,0.485,0.49,36145
TMS,20050720,0.038,0.04,0.038,0.04,259341
TNE,20050720,0.575,0.58,0.565,0.57,265822
TNG,20050720,0.28,0.29,0.26,0.27,176000
TNS,20050720,3.4,3.44,3.4,3.44,9313
TOL,20050720,12.92,12.95,12.83,12.86,795007
TOR,20050720,1.72,1.76,1.72,1.76,15059
TOX,20050720,0.038,0.039,0.038,0.038,1384142
TPG,20050720,0.2,0.2,0.2,0.2,13000
TPI,20050720,4.03,4.05,3.93,3.93,316976
TPX,20050720,6.55,6.55,6.55,6.55,1750
TRG,20050720,12.8,12.84,12.76,12.83,25548
TRS,20050720,2.89,2.93,2.89,2.93,22465
TRU,20050720,10.4,10.4,10.4,10.4,4000
TSE,20050720,7.2,7.35,7.16,7.25,262266
TSO,20050720,2.1,2.1,2.07,2.08,3618652
TSV,20050720,0.088,0.088,0.088,0.088,1000
TTI,20050720,0.295,0.305,0.295,0.3,802500
TTR,20050720,0.205,0.205,0.205,0.205,50000
TTS,20050720,3.27,3.29,3.23,3.23,4433302
TTT,20050720,0.665,0.665,0.665,0.665,12475
TVL,20050720,0.185,0.185,0.185,0.185,55000
TWO,20050720,1.32,1.32,1.3,1.315,19400
TWR,20050720,1.9,1.91,1.88,1.9,490387
TYC,20050720,0.745,0.75,0.74,0.74,94047
TZL,20050720,0.505,0.535,0.505,0.52,565310
TZN,20050720,0.31,0.315,0.31,0.31,88753
UCL,20050720,0.029,0.029,0.028,0.028,211605
UCM,20050720,1,1,1,1,3973
UCW,20050720,1.08,1.1,1.08,1.1,1470
UGL,20050720,9.21,9.34,9.21,9.32,287443
UKD,20050720,0.13,0.135,0.13,0.13,300000
UNI,20050720,0.63,0.63,0.6,0.63,51243
UNW,20050720,0.5,0.5,0.465,0.465,1762041
URL,20050720,0.14,0.145,0.14,0.14,133791
UTB,20050720,13.29,13.59,13.29,13.51,134374
UXC,20050720,0.8,0.805,0.8,0.8,32690
VBA,20050720,1.65,1.67,1.65,1.655,70896
VCM,20050720,1.91,1.91,1.91,1.91,5000
VCN,20050720,0.28,0.28,0.265,0.28,85050
VCR,20050720,1.49,1.53,1.46,1.46,2264144
VGH,20050720,3.67,3.74,3.65,3.65,34440
VGL,20050720,1.32,1.32,1.31,1.315,156144
VGP,20050720,1.1,1.13,1.1,1.13,74458
VHL,20050720,0.3,0.3,0.3,0.3,45500
VLL,20050720,0.48,0.495,0.435,0.45,3586771
VOY,20050720,0.3,0.31,0.3,0.305,663830
VPE,20050720,0.027,0.027,0.026,0.026,2584840
VPG,20050720,1.35,1.365,1.335,1.335,1628534
VRE,20050720,0.145,0.155,0.145,0.15,315500
VRL,20050720,2.56,2.61,2.56,2.58,63780
VSG,20050720,0.029,0.033,0.029,0.031,1607500
VSL,20050720,1.145,1.165,1.135,1.15,302480
VTI,20050720,0.76,0.765,0.76,0.765,444107
VTP,20050720,0.955,0.96,0.955,0.96,68941
VWD,20050720,1.32,1.345,1.3,1.345,113700
VXS,20050720,0.027,0.027,0.027,0.027,21710
WAB,20050720,1.02,1.02,1.02,1.02,20648
WAG,20050720,0.105,0.105,0.105,0.105,100000
WAN,20050720,8.31,8.43,8.24,8.3,376113
WAT,20050720,3.75,3.75,3.75,3.75,18900
WBA,20050720,0.65,0.65,0.65,0.65,9875
WBB,20050720,7.35,7.35,7.35,7.35,3000
WBC,20050720,19.41,19.59,19.4,19.55,3429664
WCB,20050720,3.7,3.8,3.65,3.65,17100
WCG,20050720,1.415,1.415,1.41,1.41,4000
WCP,20050720,0.02,0.02,0.02,0.02,100000
WDC,20050720,17.18,17.34,17.15,17.17,4673201
WEB,20050720,0.195,0.2,0.195,0.2,218276
WES,20050720,38.6,39.22,38.6,39.16,1955064
WFL,20050720,2.25,2.25,2.25,2.25,3000
WGP,20050720,0.155,0.155,0.155,0.155,35000
WGR,20050720,0.125,0.125,0.125,0.125,5000
WHF,20050720,3.4,3.4,3.4,3.4,10165
WHS,20050720,3.2,3.2,3.2,3.2,2500
WIL,20050720,0.91,0.91,0.905,0.905,136095
WIT,20050720,1.25,1.25,1.25,1.25,27000
WLS,20050720,0.905,0.91,0.905,0.905,30028
WME,20050720,0.067,0.069,0.064,0.064,637931
WNZ,20050720,5.99,5.99,5.99,5.99,5000
WOR,20050720,7.28,7.37,7.2,7.2,380533
WOW,20050720,15.87,16.02,15.85,15.92,3367867
WPL,20050720,28.89,30.04,28.89,30.04,3377072
WSA,20050720,1.62,1.62,1.605,1.62,102862
WST,20050720,0.615,0.615,0.61,0.61,46093
WTE,20050720,0.043,0.045,0.042,0.044,3761799
WTP,20050720,1.15,1.2,1.15,1.155,38304
WWM,20050720,0.027,0.027,0.024,0.024,25500
WYL,20050720,2.28,2.32,2.28,2.29,159051
XAN,20050720,0.008,0.008,0.008,0.008,2500218
XAO,20050720,4257.4,4269.9,4256.8,4263.3,0
XBL,20050720,0.155,0.165,0.155,0.165,194285
XBW,20050720,33497.8,33592.5,33497.8,33592.5,0
XDJ,20050720,2266.1,2270.7,2259.6,2264.1,0
XEJ,20050720,9517.2,9646.4,9508.5,9639.1,0
XEN,20050720,0.063,0.063,0.063,0.063,40000
XFJ,20050720,5090.1,5096.6,5081.6,5081.6,0
XFL,20050720,4239,4256.5,4238.3,4249.1,0
XHJ,20050720,5350.9,5361.4,5326.7,5327.6,0
XIJ,20050720,380.7,381.5,378.3,378.9,0
XJO,20050720,4295,4309.1,4294.4,4301.2,0
XKO,20050720,4287,4300.9,4286.4,4293.2,0
XMD,20050720,4149.5,4151.5,4133.8,4137.3,0
XMJ,20050720,7418.8,7494,7416.5,7487.5,0
XNJ,20050720,5099.3,5115.7,5099.3,5106,0
XPJ,20050720,1783.7,1788.2,1777,1777,0
XSJ,20050720,5603.3,5627.2,5598.3,5612.5,0
XSO,20050720,2379.8,2382.3,2375.4,2379.3,0
XTJ,20050720,1791.4,1791.9,1784.9,1788.4,0
XTL,20050720,2303.5,2315.5,2302.6,2311.2,0
XTO,20050720,3490.9,3503.1,3490.4,3496.5,0
XUJ,20050720,5014.3,5016.6,4977.4,4986.9,0
XXJ,20050720,5211.9,5218.2,5204.6,5206.1,0
YAM,20050720,0.006,0.006,0.006,0.006,1000000
YGL,20050720,0.028,0.028,0.028,0.028,50000
ZBB,20050720,0.26,0.26,0.25,0.25,123100
ZFX,20050720,2.96,2.97,2.88,2.92,9552238
ZIM,20050720,2.99,2.99,2.95,2.95,5382
ZYL,20050720,0.004,0.004,0.004,0.004,200000
