AAC,20051202,1.765,1.77,1.74,1.76,122872
AAE,20051202,0.4,0.4,0.395,0.395,61000
AAM,20051202,0.275,0.275,0.26,0.27,153750
AAQ,20051202,0.49,0.49,0.49,0.49,1000
AAR,20051202,0.02,0.02,0.02,0.02,475194
AAT,20051202,0.12,0.13,0.115,0.13,177400
AAU,20051202,0.665,0.665,0.665,0.665,1500
ABB,20051202,7.06,7.11,7,7.04,205046
ABC,20051202,2.04,2.04,2,2,348222
ABI,20051202,0.089,0.089,0.082,0.084,174000
ABP,20051202,1.39,1.4,1.38,1.39,2926924
ABQ,20051202,0.25,0.25,0.25,0.25,30200
ABS,20051202,7.16,7.18,7.02,7.14,1134311
ACE,20051202,0.155,0.155,0.155,0.155,13000
ACG,20051202,0.68,0.72,0.68,0.72,54729
ACL,20051202,1.38,1.38,1.325,1.325,49882
ACR,20051202,0.64,0.64,0.615,0.615,76500
ACS,20051202,0.185,0.185,0.185,0.185,4000
ACX,20051202,0.055,0.055,0.055,0.055,18182
ADA,20051202,0.355,0.355,0.355,0.355,500
ADB,20051202,13.04,13.06,12.95,13.06,130943
ADG,20051202,3.17,3.17,3.17,3.17,6586
ADI,20051202,0.335,0.34,0.33,0.33,70000
ADL,20051202,0.061,0.061,0.061,0.061,157
ADN,20051202,0.6,0.61,0.595,0.595,142000
ADU,20051202,0.58,0.6,0.58,0.595,38330
ADX,20051202,0.14,0.155,0.14,0.155,472000
ADY,20051202,0.115,0.115,0.11,0.11,472000
ADZ,20051202,1.87,1.87,1.825,1.86,917296
AEC,20051202,2.6,2.6,2.6,2.6,21077
AED,20051202,0.86,0.89,0.85,0.88,330300
AEI,20051202,0.67,0.675,0.67,0.675,32600
AEN,20051202,1.75,1.75,1.73,1.73,48726
AEO,20051202,1.63,1.63,1.55,1.55,78415
AEU,20051202,1.53,1.55,1.52,1.55,46000
AEX,20051202,0.024,0.024,0.024,0.024,308134
AFI,20051202,4.09,4.1,4.07,4.09,231740
AFL,20051202,0.54,0.57,0.54,0.57,64510
AFT,20051202,0.022,0.022,0.021,0.021,1666460
AGC,20051202,1.35,1.38,1.35,1.37,441044
AGG,20051202,11.6,11.7,11.51,11.7,3681
AGI,20051202,0.53,0.54,0.525,0.525,231340
AGL,20051202,16.33,16.44,16.31,16.34,987743
AGM,20051202,0.135,0.145,0.135,0.135,977000
AGO,20051202,0.275,0.3,0.27,0.29,1863500
AGS,20051202,0.18,0.185,0.17,0.175,913090
AGX,20051202,0.27,0.27,0.26,0.27,36792
AGZ,20051202,0.27,0.27,0.27,0.27,27821
AHD,20051202,4.5,4.53,4.5,4.53,4188
AHE,20051202,1.105,1.11,1.1,1.1,113988
AHS,20051202,1.16,1.16,1.15,1.16,234301
AHU,20051202,7.31,7.31,7.31,7.31,243
AIA,20051202,1.79,1.79,1.78,1.78,34037
AIE,20051202,0.235,0.24,0.23,0.23,113000
AII,20051202,0.255,0.255,0.255,0.255,7000
AIM,20051202,0.057,0.057,0.056,0.056,715000
AIX,20051202,2.36,2.37,2.33,2.33,842176
AIZ,20051202,1.14,1.14,1.14,1.14,36332
AJL,20051202,1.06,1.06,1.02,1.02,179088
ALD,20051202,0.42,0.435,0.42,0.43,310519
ALE,20051202,0.05,0.058,0.049,0.058,284738
ALK,20051202,0.21,0.235,0.21,0.225,2391774
ALL,20051202,12.37,12.37,12.09,12.14,1028727
ALN,20051202,10.99,11.01,10.78,10.82,331393
ALO,20051202,0.45,0.45,0.4,0.45,35100
ALS,20051202,9.68,9.69,9.48,9.6,173594
ALT,20051202,0.036,0.036,0.036,0.036,4820
ALU,20051202,0.215,0.22,0.215,0.22,63440
ALZ,20051202,2.01,2.04,2.01,2.04,477501
AMC,20051202,7.02,7.11,7.02,7.06,2039663
AMG,20051202,0.15,0.15,0.145,0.145,43373
AMH,20051202,0.54,0.54,0.54,0.54,34045
AML,20051202,0.49,0.49,0.49,0.49,31135
AMM,20051202,0.175,0.175,0.175,0.175,75000
AMO,20051202,0.8,0.8,0.8,0.8,5000
AMP,20051202,7.71,7.75,7.61,7.63,4271387
AMU,20051202,1.005,1.03,1.005,1.03,433109
AND,20051202,0.27,0.285,0.26,0.28,2788859
ANE,20051202,3.37,3.45,3.37,3.41,44231
ANG,20051202,0.28,0.28,0.28,0.28,45500
ANM,20051202,0.295,0.3,0.29,0.295,53321
ANN,20051202,10.74,10.85,10.74,10.83,286694
ANX,20051202,0.41,0.41,0.41,0.41,57000
ANZ,20051202,23.9,23.9,23.66,23.81,4209410
AOC,20051202,0.115,0.115,0.115,0.115,125780
AOE,20051202,0.72,0.72,0.695,0.695,502149
APA,20051202,3.87,3.91,3.87,3.9,94038
APD,20051202,1.9,1.9,1.9,1.9,3289
APE,20051202,7.65,7.65,7.65,7.65,770
APG,20051202,0.029,0.029,0.027,0.027,834552
API,20051202,3.2,3.23,3.16,3.16,361871
APN,20051202,4.74,4.78,4.7,4.72,1204734
AQA,20051202,5.4,5.4,5.1,5.1,39543
AQD,20051202,0.335,0.34,0.31,0.325,1528463
AQP,20051202,10.99,11,10.93,10.95,79784
ARA,20051202,0.405,0.41,0.4,0.41,348377
ARE,20051202,0.15,0.15,0.14,0.14,142289
ARG,20051202,6.25,6.34,6.25,6.34,52736
ARP,20051202,2.86,2.9,2.86,2.86,37408
ARQ,20051202,1.725,1.775,1.725,1.77,678281
ARU,20051202,0.31,0.32,0.31,0.32,102573
ARW,20051202,1.2,1.2,1.18,1.19,156383
ARX,20051202,0.052,0.053,0.051,0.053,1187500
ARZ,20051202,0.49,0.49,0.49,0.49,7000
ASB,20051202,2.3,2.3,2.23,2.3,225738
ASC,20051202,0.035,0.037,0.035,0.035,127320
ASL,20051202,0.89,0.9,0.88,0.9,68869
ASV,20051202,0.065,0.065,0.06,0.06,278700
ASX,20051202,30.88,31.13,30.7,30.9,266696
ASZ,20051202,0.68,0.68,0.66,0.66,811
ATG,20051202,0.775,0.775,0.75,0.76,60313
ATN,20051202,0.064,0.065,0.064,0.064,21875
ATR,20051202,2.75,2.9,2.61,2.89,87468
ATV,20051202,0.12,0.12,0.11,0.11,562038
ATZ,20051202,0.185,0.185,0.185,0.185,125
AUB,20051202,2.5,2.5,2.43,2.48,95500
AUI,20051202,6.05,6.05,6.05,6.05,3300
AUL,20051202,0.018,0.02,0.018,0.02,4900000
AUM,20051202,0.16,0.16,0.155,0.155,147849
AUN,20051202,1.155,1.18,1.15,1.165,56367
AUO,20051202,1.14,1.14,1.14,1.14,1000
AUT,20051202,0.47,0.5,0.47,0.5,934924
AUW,20051202,1.28,1.305,1.28,1.3,722703
AUX,20051202,0.053,0.053,0.053,0.053,30000
AUZ,20051202,0.017,0.017,0.016,0.016,3205297
AVA,20051202,0.065,0.065,0.063,0.063,86431
AVE,20051202,1.55,1.58,1.5,1.58,58667
AVJ,20051202,1.215,1.215,1.205,1.21,100929
AVM,20051202,0.655,0.66,0.64,0.65,260582
AVO,20051202,0.58,0.6,0.58,0.59,469351
AVP,20051202,0.042,0.045,0.042,0.045,265000
AVR,20051202,1.22,1.29,1.22,1.29,22844
AVS,20051202,0.15,0.15,0.15,0.15,3008
AVU,20051202,0.41,0.41,0.41,0.41,50000
AVV,20051202,0.92,0.95,0.92,0.95,32525
AVX,20051202,0.275,0.29,0.27,0.27,135684
AWB,20051202,5.59,5.65,5.56,5.6,492049
AWC,20051202,6.47,6.65,6.45,6.63,4985740
AWE,20051202,2.11,2.12,2.08,2.08,1751625
AWP,20051202,2.94,3,2.94,2.98,310827
AXA,20051202,4.91,4.95,4.89,4.92,1630592
AXC,20051202,0.091,0.091,0.091,0.091,42921
AXI,20051202,0.062,0.062,0.062,0.062,126400
AXO,20051202,0.67,0.68,0.665,0.67,105700
AXQ,20051202,1.02,1.03,1.02,1.025,148912
AZA,20051202,1.15,1.165,1.15,1.155,517520
AZC,20051202,0.175,0.175,0.175,0.175,51807
AZR,20051202,0.165,0.165,0.165,0.165,572250
AZX,20051202,0.94,0.95,0.92,0.95,20400
AZZ,20051202,0.45,0.455,0.445,0.45,103118
BAR,20051202,0.11,0.11,0.1,0.1,260000
BAS,20051202,0.12,0.12,0.115,0.115,393265
BAX,20051202,5.19,5.22,5.15,5.15,12311
BBB,20051202,0.26,0.28,0.26,0.28,234984
BBG,20051202,13.15,13.2,13.11,13.16,1123903
BBI,20051202,1.56,1.565,1.54,1.55,1604869
BBL,20051202,0.155,0.155,0.155,0.155,2275
BBW,20051202,1.75,1.76,1.75,1.755,100426
BCA,20051202,3.28,3.34,3.28,3.31,469954
BCD,20051202,0.3,0.3,0.295,0.3,41739
BCL,20051202,0.35,0.35,0.34,0.34,471686
BDG,20051202,1.4,1.43,1.38,1.4,1545831
BDI,20051202,0.46,0.49,0.46,0.49,149322
BDL,20051202,0.125,0.125,0.12,0.12,1228271
BDM,20051202,0.71,0.71,0.69,0.7,55600
BDS,20051202,3.05,3.05,3.05,3.05,5052
BEC,20051202,0.575,0.575,0.565,0.565,25000
BEI,20051202,2.01,2.01,2,2,38350
BEN,20051202,11.95,12.02,11.9,12.02,229957
BER,20051202,0.385,0.385,0.37,0.37,30000
BGD,20051202,0.18,0.18,0.18,0.18,105864
BGF,20051202,0.36,0.36,0.35,0.35,1583359
BGN,20051202,0.11,0.12,0.11,0.115,102000
BHP,20051202,22,22.04,21.78,21.95,14763468
BIC,20051202,0.39,0.39,0.385,0.385,105000
BIL,20051202,9.78,9.94,9.78,9.85,13390441
BIT,20051202,0.175,0.2,0.175,0.2,197750
BIX,20051202,0.032,0.04,0.032,0.04,142375
BJT,20051202,1.655,1.685,1.655,1.685,898689
BKA,20051202,0.28,0.285,0.275,0.28,171500
BKG,20051202,0.395,0.41,0.395,0.41,62950
BKI,20051202,1.2,1.21,1.2,1.21,60800
BKL,20051202,14.68,14.68,14.63,14.68,4532
BKM,20051202,0.009,0.009,0.009,0.009,2300
BKN,20051202,3.96,4.09,3.96,4.09,117303
BKP,20051202,0.3,0.3,0.29,0.29,310000
BKR,20051202,0.355,0.355,0.355,0.355,5000
BKW,20051202,13,13,13,13,30999
BKY,20051202,0.275,0.285,0.27,0.285,369029
BLD,20051202,8.2,8.22,8.1,8.19,1203000
BLN,20051202,0.15,0.15,0.15,0.15,45000
BLR,20051202,0.028,0.029,0.027,0.027,846131
BLT,20051202,0.16,0.16,0.155,0.155,102540
BLZ,20051202,0.042,0.042,0.04,0.04,180000
BMN,20051202,0.235,0.235,0.235,0.235,20000
BMO,20051202,0.285,0.295,0.28,0.285,2249515
BMX,20051202,0.305,0.31,0.305,0.31,846120
BNB,20051202,17.5,17.55,17.38,17.39,607665
BNE,20051202,0.23,0.24,0.23,0.24,10000
BNO,20051202,0.235,0.255,0.235,0.24,195741
BNT,20051202,0.38,0.38,0.37,0.375,1442500
BOC,20051202,0.62,0.63,0.62,0.63,21313
BOL,20051202,3.26,3.26,3.2,3.25,406462
BON,20051202,0.12,0.12,0.105,0.105,100000
BOQ,20051202,14.74,14.74,14.35,14.4,150042
BOW,20051202,0.145,0.15,0.145,0.15,54387
BPC,20051202,1.13,1.135,1.125,1.135,3686662
BPO,20051202,0.029,0.029,0.029,0.029,120000
BPT,20051202,0.86,0.885,0.85,0.855,671401
BQT,20051202,0.175,0.185,0.17,0.175,102858
BRO,20051202,0.006,0.006,0.006,0.006,500000
BRT,20051202,0.065,0.065,0.06,0.06,37500
BRW,20051202,0.041,0.041,0.04,0.041,2485387
BRZ,20051202,1.84,1.84,1.815,1.815,12536
BSA,20051202,0.26,0.26,0.26,0.26,20000
BSG,20051202,1,1.02,1,1,840365
BSL,20051202,7.18,7.2,7.11,7.11,3889779
BSO,20051202,2.38,2.41,2.38,2.41,50000
BTA,20051202,1.72,1.775,1.66,1.705,1823430
BTC,20051202,0.41,0.42,0.41,0.42,11000
BTV,20051202,0.043,0.043,0.042,0.043,1245502
BTX,20051202,0.15,0.155,0.145,0.155,849500
BUY,20051202,0.084,0.089,0.084,0.084,217500
BWP,20051202,2.12,2.12,2.07,2.12,261527
BXP,20051202,0.225,0.225,0.22,0.225,315539
CAA,20051202,1.29,1.29,1.2,1.21,193411
CAB,20051202,6.39,6.4,6.35,6.4,260943
CAG,20051202,0.022,0.023,0.022,0.023,330000
CAM,20051202,0.98,0.995,0.98,0.995,104874
CAQ,20051202,0.29,0.29,0.29,0.29,41000
CAU,20051202,0.087,0.087,0.083,0.083,132276
CAZ,20051202,1.31,1.375,1.115,1.2,3241297
CBA,20051202,41.45,41.5,41.12,41.25,3021929
CBD,20051202,0.05,0.052,0.05,0.052,28000
CBH,20051202,0.2,0.205,0.195,0.2,867807
CCE,20051202,0.345,0.345,0.34,0.34,508275
CCI,20051202,0.012,0.012,0.012,0.012,500000
CCL,20051202,7.49,7.53,7.44,7.47,2784049
CCP,20051202,4.8,5,4.8,5,94826
CDA,20051202,1.25,1.25,1.23,1.25,20838
CDD,20051202,3.8,3.8,3.76,3.76,3000
CDF,20051202,1.565,1.565,1.565,1.565,2500
CDH,20051202,0.045,0.045,0.045,0.045,43000
CDO,20051202,4.89,4.89,4.81,4.84,827206
CDP,20051202,3.49,3.5,3.45,3.45,30638
CDR,20051202,2.02,2.02,1.95,1.95,374321
CDX,20051202,2.55,2.55,2.46,2.46,10000
CEG,20051202,1.2,1.25,1.2,1.25,42000
CEQ,20051202,2.33,2.33,2.31,2.32,68228
CER,20051202,1.525,1.53,1.52,1.53,300646
CEU,20051202,1.195,1.195,1.185,1.19,1077848
CEY,20051202,3.92,3.95,3.85,3.85,1319416
CFI,20051202,0.69,0.69,0.69,0.69,4500
CFK,20051202,0.4,0.4,0.4,0.4,13000
CFR,20051202,0.012,0.012,0.011,0.011,413333
CFU,20051202,0.505,0.505,0.47,0.485,62074
CGF,20051202,3.92,4,3.9,3.95,1975605
CGM,20051202,0.16,0.16,0.15,0.15,238000
CGO,20051202,0.605,0.605,0.605,0.605,5000
CGX,20051202,0.65,0.68,0.65,0.68,65500
CHB,20051202,35.1,35.1,35.1,35.1,33
CHD,20051202,0.84,0.86,0.83,0.86,170600
CHF,20051202,0.41,0.425,0.4,0.42,240534
CHL,20051202,0.18,0.18,0.18,0.18,21000
CHO,20051202,5.3,5.3,5.3,5.3,615
CHP,20051202,0.035,0.035,0.035,0.035,60000
CHQ,20051202,0.71,0.71,0.705,0.705,13501
CHT,20051202,0.012,0.012,0.012,0.012,500000
CHX,20051202,1.255,1.255,1.245,1.25,108157
CHY,20051202,2.38,2.38,2.36,2.38,37057
CIG,20051202,0.091,0.091,0.083,0.083,3776391
CII,20051202,0.11,0.11,0.11,0.11,235000
CIN,20051202,16.4,16.4,16.4,16.4,2530
CIX,20051202,0.35,0.355,0.35,0.35,254314
CIY,20051202,3.87,3.94,3.87,3.9,55029
CKL,20051202,0.51,0.52,0.51,0.515,61661
CKR,20051202,0.29,0.29,0.29,0.29,97700
CKS,20051202,0.52,0.52,0.48,0.48,2000
CLB,20051202,0.012,0.012,0.011,0.011,457100
CLH,20051202,1.4,1.4,1.4,1.4,38290
CLO,20051202,0.39,0.39,0.385,0.39,433269
CLT,20051202,1,1,0.995,0.995,15000
CLV,20051202,0.165,0.17,0.165,0.17,210000
CMI,20051202,1.33,1.33,1.33,1.33,9920
CML,20051202,9.95,10,9.85,9.93,2367231
CMO,20051202,0.009,0.009,0.009,0.009,355000
CMP,20051202,0.14,0.145,0.14,0.145,17400
CMQ,20051202,0.88,0.895,0.875,0.895,88950
CMR,20051202,1.22,1.23,1.165,1.22,249352
CMV,20051202,0.66,0.7,0.66,0.69,62170
CMW,20051202,0.415,0.415,0.415,0.415,3371
CMX,20051202,0.215,0.24,0.215,0.235,609758
CND,20051202,2.53,2.55,2.53,2.54,13706
CNM,20051202,0.028,0.028,0.027,0.027,100000
CNN,20051202,0.031,0.031,0.029,0.029,700000
CNP,20051202,6.26,6.28,6.17,6.21,667713
CNT,20051202,0.42,0.43,0.41,0.43,167603
COA,20051202,5.05,5.09,5.03,5.03,494366
COE,20051202,0.4,0.42,0.4,0.42,1239822
COF,20051202,3.5,3.5,3.46,3.47,35374
COH,20051202,39.5,40,39.36,39.64,114478
COI,20051202,0.185,0.185,0.185,0.185,60000
COM,20051202,0.18,0.18,0.18,0.18,20000
COO,20051202,0.16,0.165,0.155,0.165,543452
COS,20051202,0.25,0.25,0.245,0.245,7500
COU,20051202,2.05,2.05,2.01,2.03,94497
COZ,20051202,0.25,0.26,0.25,0.26,68500
CPA,20051202,1.26,1.26,1.25,1.255,3010434
CPB,20051202,10.41,10.5,10.4,10.46,7518
CPC,20051202,0.39,0.39,0.38,0.39,702071
CPI,20051202,0.51,0.51,0.5,0.5,38000
CPN,20051202,0.056,0.056,0.056,0.056,40000
CPR,20051202,0.97,0.97,0.96,0.96,5000
CPS,20051202,0.205,0.22,0.205,0.22,35143
CPU,20051202,6.97,7,6.8,6.83,823990
CQT,20051202,0.036,0.037,0.036,0.037,880134
CRE,20051202,0.205,0.205,0.2,0.205,173000
CRG,20051202,9.64,9.7,9.64,9.7,164625
CRK,20051202,0.7,0.7,0.7,0.7,3000
CRS,20051202,0.295,0.305,0.29,0.29,2343586
CRT,20051202,0.69,0.69,0.685,0.69,134881
CRU,20051202,0.85,0.88,0.85,0.88,15686
CSL,20051202,40,40.57,40,40.52,474328
CSM,20051202,2.88,2.92,2.79,2.8,2053548
CSR,20051202,3.17,3.2,3.15,3.17,3079115
CST,20051202,2.89,2.96,2.85,2.95,84385
CTF,20051202,0.23,0.23,0.23,0.23,75400
CTL,20051202,1.53,1.53,1.53,1.53,33900
CTN,20051202,1.03,1.04,1.02,1.02,187170
CTO,20051202,0.125,0.13,0.12,0.12,505325
CTS,20051202,0.42,0.42,0.395,0.395,22000
CTX,20051202,21.16,21.16,20.77,20.95,543572
CUE,20051202,0.21,0.21,0.205,0.205,309403
CUL,20051202,0.045,0.045,0.042,0.045,310000
CUO,20051202,0.018,0.018,0.017,0.017,3017780
CUS,20051202,0.24,0.25,0.24,0.25,763565
CUY,20051202,0.605,0.64,0.605,0.64,32800
CVB,20051202,0.155,0.155,0.15,0.15,175236
CVN,20051202,0.038,0.047,0.038,0.047,4920049
CWP,20051202,3.05,3.05,3,3,8500
CWT,20051202,0.895,0.9,0.895,0.895,56500
CXD,20051202,1.23,1.23,1.23,1.23,2000
CXE,20051202,0.1,0.1,0.1,0.1,22000
CXL,20051202,0.64,0.64,0.64,0.64,20000
CXP,20051202,6.05,6.15,6.05,6.1,48566
CYA,20051202,1.08,1.1,1.08,1.08,334757
CYG,20051202,5.97,6,5.96,6,7041
CYT,20051202,0.87,0.875,0.85,0.85,45690
DBS,20051202,0.78,0.78,0.75,0.75,48000
DDT,20051202,0.28,0.28,0.27,0.27,154060
DEG,20051202,0.215,0.215,0.205,0.205,427200
DES,20051202,0.11,0.11,0.11,0.11,41383
DEX,20051202,1.11,1.12,1.11,1.12,27900
DGH,20051202,0.95,0.95,0.95,0.95,60220
DGR,20051202,0.095,0.095,0.095,0.095,50000
DIA,20051202,0.072,0.076,0.072,0.076,40000
DIO,20051202,0.074,0.078,0.073,0.077,10736201
DJS,20051202,2.41,2.45,2.39,2.4,1051867
DJW,20051202,4,4.03,3.99,3.99,40751
DKS,20051202,10,10,10,10,140
DLS,20051202,0.075,0.075,0.067,0.07,1065472
DMP,20051202,3.12,3.19,3.12,3.14,2476
DNL,20051202,0.15,0.15,0.14,0.145,753788
DOM,20051202,0.825,0.85,0.825,0.835,237571
DOW,20051202,6.94,7.04,6.87,6.98,1618569
DRA,20051202,0.15,0.155,0.15,0.15,2864381
DRD,20051202,2.15,2.15,2.08,2.08,4750
DRK,20051202,0.15,0.15,0.15,0.15,20000
DRN,20051202,0.03,0.03,0.03,0.03,16100
DRT,20051202,1.38,1.39,1.375,1.375,3232877
DRX,20051202,0.17,0.17,0.16,0.16,321497
DTL,20051202,3.51,3.51,3.5,3.5,20598
DUE,20051202,2.59,2.6,2.56,2.57,421494
DUI,20051202,2.71,2.74,2.71,2.74,3684
DVC,20051202,3.95,3.97,3.9,3.91,1121870
DVM,20051202,0.069,0.076,0.069,0.072,1337252
DVN,20051202,0.675,0.685,0.67,0.67,33394
DWY,20051202,0.65,0.65,0.65,0.65,20000
DYE,20051202,0.25,0.25,0.205,0.23,83753
DYL,20051202,0.075,0.083,0.074,0.08,14822136
EBB,20051202,4.51,4.56,4.5,4.56,54200
EBG,20051202,0.25,0.25,0.25,0.25,265750
EBR,20051202,0.087,0.09,0.087,0.089,195000
EBT,20051202,0.14,0.14,0.14,0.14,156459
ECH,20051202,0.56,0.6,0.55,0.55,249866
ECU,20051202,0.063,0.068,0.063,0.068,313814
EDN,20051202,0.47,0.47,0.47,0.47,8000
EGL,20051202,0.115,0.115,0.115,0.115,20000
EGO,20051202,0.005,0.005,0.005,0.005,435000
EGX,20051202,0.4,0.4,0.4,0.4,50000
EIF,20051202,0.029,0.029,0.029,0.029,9987
ELK,20051202,0.38,0.38,0.38,0.38,25000
ELX,20051202,0.43,0.45,0.43,0.445,280990
EME,20051202,0.75,0.78,0.75,0.78,25559
EMI,20051202,0.535,0.535,0.525,0.525,78330
EMM,20051202,0.048,0.049,0.048,0.049,175000
EMP,20051202,0.45,0.46,0.44,0.46,216855
EMS,20051202,0.13,0.135,0.125,0.135,179250
ENE,20051202,3.9,3.9,3.84,3.88,315299
ENG,20051202,0.145,0.15,0.145,0.15,266668
ENV,20051202,1.145,1.145,1.125,1.14,5941740
EON,20051202,0.835,0.835,0.835,0.835,7000
EOS,20051202,3.7,3.75,3.65,3.7,4150
EPE,20051202,0.05,0.052,0.05,0.052,768450
EPR,20051202,0.071,0.071,0.069,0.069,153000
EPT,20051202,0.345,0.35,0.335,0.35,639901
EQI,20051202,1.35,1.375,1.305,1.36,58989
EQN,20051202,1.025,1.025,1,1,22604
EQT,20051202,13.2,13.2,13.2,13.2,152
EQX,20051202,0.18,0.18,0.18,0.18,141095
ERA,20051202,14,14,13.5,13.5,18382
ERG,20051202,0.125,0.13,0.125,0.125,702633
ESG,20051202,0.135,0.135,0.13,0.135,580823
ESV,20051202,0.95,0.95,0.95,0.95,3000
ETR,20051202,2.58,2.6,2.55,2.59,154901
ETW,20051202,0.26,0.27,0.26,0.26,69212
EVZ,20051202,0.115,0.115,0.1,0.115,174891
EWC,20051202,0.026,0.026,0.026,0.026,5000
EXL,20051202,6.4,6.58,6.4,6.56,1022094
EXM,20051202,0.02,0.02,0.02,0.02,200000
EXR,20051202,0.68,0.68,0.67,0.68,151900
EXS,20051202,0.2,0.2,0.195,0.195,116667
EXT,20051202,0.035,0.035,0.034,0.034,6353485
EZE,20051202,0.1,0.1,0.1,0.1,30000
EZL,20051202,1.67,1.67,1.65,1.65,10000
FAN,20051202,3.55,3.55,3.55,3.55,1194
FAR,20051202,0.105,0.11,0.105,0.11,2046394
FBU,20051202,7.02,7.03,6.99,7.03,110203
FCL,20051202,1.95,1.95,1.86,1.86,2351395
FCN,20051202,0.6,0.635,0.575,0.635,10090253
FDL,20051202,0.021,0.021,0.021,0.021,200000
FEA,20051202,0.55,0.55,0.525,0.525,416352
FFI,20051202,4.5,4.5,4.5,4.5,4800
FGL,20051202,5.59,5.61,5.54,5.55,6171609
FKP,20051202,4.7,4.79,4.7,4.77,233521
FLO,20051202,0.04,0.06,0.04,0.06,580561
FLT,20051202,10.25,10.29,10.05,10.29,116689
FLX,20051202,2.21,2.21,2.15,2.18,432376
FMG,20051202,4.85,5.35,4.85,4.99,1182381
FML,20051202,0.048,0.051,0.047,0.05,10626484
FPA,20051202,3.08,3.1,3.07,3.1,13879
FPH,20051202,3.4,3.45,3.4,3.45,5073
FRE,20051202,0.31,0.35,0.31,0.335,1781014
FRI,20051202,0.4,0.4,0.4,0.4,25843
FRL,20051202,0.22,0.22,0.22,0.22,6728
FRM,20051202,0.5,0.5,0.5,0.5,18400
FRR,20051202,0.76,0.775,0.755,0.775,96760
FSL,20051202,0.077,0.077,0.077,0.077,41970
FUN,20051202,1.88,1.88,1.855,1.87,150062
FWD,20051202,7.7,7.82,7.7,7.74,45115
FXJ,20051202,3.9,3.92,3.87,3.89,1949806
FXR,20051202,0.29,0.3,0.275,0.3,234352
FZN,20051202,1.11,1.14,1.11,1.13,566410
GAA,20051202,0.94,0.95,0.91,0.925,43065
GAN,20051202,1.93,1.93,1.915,1.925,8677065
GAP,20051202,1.7,1.7,1.68,1.68,26540
GAS,20051202,2.64,2.64,2.62,2.62,70953
GBA,20051202,0.135,0.135,0.135,0.135,20000
GBG,20051202,0.29,0.295,0.28,0.285,1353929
GBP,20051202,0.5,0.5,0.49,0.5,208800
GBT,20051202,1.42,1.42,1.42,1.42,20000
GCA,20051202,1.01,1.01,1.01,1.01,69000
GCL,20051202,2.85,2.89,2.82,2.87,177860
GCN,20051202,0.12,0.12,0.12,0.12,65714
GCR,20051202,0.035,0.035,0.035,0.035,30000
GDA,20051202,0.004,0.004,0.003,0.003,10166670
GDM,20051202,0.41,0.41,0.4,0.4,175059
GDN,20051202,0.065,0.066,0.065,0.066,311651
GDR,20051202,0.225,0.24,0.225,0.235,2201434
GDY,20051202,1.61,1.63,1.6,1.61,41750
GED,20051202,0.1,0.11,0.1,0.11,11200
GFD,20051202,0.57,0.57,0.57,0.57,9648
GGN,20051202,0.38,0.38,0.365,0.37,2405396
GGP,20051202,0.235,0.245,0.23,0.24,1126181
GGX,20051202,0.26,0.265,0.26,0.265,239955
GGY,20051202,0.054,0.054,0.054,0.054,175000
GHG,20051202,0.885,0.89,0.885,0.885,360120
GIA,20051202,0.425,0.425,0.42,0.42,10000
GIL,20051202,0.29,0.32,0.29,0.32,182500
GIR,20051202,0.28,0.28,0.27,0.27,17210
GLB,20051202,0.29,0.29,0.275,0.275,98604
GLC,20051202,0.95,0.95,0.94,0.94,31500
GLI,20051202,1.2,1.21,1.17,1.17,90620
GLN,20051202,0.2,0.2,0.195,0.2,208000
GLO,20051202,0.105,0.105,0.1,0.1,56419
GME,20051202,0.16,0.16,0.16,0.16,68
GMI,20051202,1.075,1.08,1.07,1.07,90800
GML,20051202,0.11,0.11,0.11,0.11,106852
GNC,20051202,10.95,11,10.9,10.95,5515
GNS,20051202,2.95,2.96,2.89,2.94,2302097
GOA,20051202,0.073,0.073,0.073,0.073,21357
GOG,20051202,0.22,0.22,0.22,0.22,119000
GOP,20051202,0.089,0.094,0.089,0.091,50000
GOW,20051202,2.65,2.65,2.63,2.63,15025
GPB,20051202,0.87,0.91,0.87,0.9,43500
GPE,20051202,0.016,0.016,0.015,0.015,145000
GPG,20051202,1.97,1.97,1.95,1.95,7500
GPN,20051202,0.015,0.015,0.015,0.015,782500
GPO,20051202,0.047,0.05,0.047,0.047,3163485
GPT,20051202,3.91,3.92,3.88,3.91,5824120
GRD,20051202,2.64,2.72,2.64,2.72,191344
GRN,20051202,0.38,0.4,0.38,0.4,25900
GRO,20051202,1.36,1.37,1.36,1.37,30670
GRR,20051202,1.35,1.35,1.23,1.25,673557
GRY,20051202,0.245,0.26,0.24,0.255,438525
GSA,20051202,1.18,1.18,1.17,1.17,14096612
GSE,20051202,0.026,0.026,0.025,0.025,500000
GTG,20051202,0.55,0.56,0.53,0.55,1263148
GTP,20051202,3.12,3.13,3.03,3.05,924842
GTX,20051202,0.44,0.44,0.42,0.42,50400
GUD,20051202,7.54,7.56,7.43,7.54,51222
GUN,20051202,0.255,0.27,0.255,0.27,49600
GWE,20051202,0.14,0.14,0.14,0.14,19900
GWR,20051202,0.66,0.66,0.62,0.64,242000
GWT,20051202,3.01,3.01,2.95,2.97,78592
GWV,20051202,0.005,0.005,0.005,0.005,125000
GYN,20051202,0.16,0.165,0.16,0.165,117718
GZL,20051202,3.1,3.1,3.1,3.1,1000
HAN,20051202,13.95,14,13.95,14,2574
HAV,20051202,1,1.01,1,1.01,13562
HBL,20051202,0.375,0.375,0.375,0.375,4500
HCC,20051202,0.9,0.9,0.895,0.895,8600
HCY,20051202,0.013,0.013,0.013,0.013,400000
HDF,20051202,2.44,2.45,2.44,2.44,217910
HDN,20051202,0.36,0.365,0.36,0.365,118295
HDR,20051202,1.78,1.835,1.77,1.83,148270669
HEG,20051202,0.115,0.115,0.11,0.11,423701
HER,20051202,0.6,0.6,0.58,0.58,43020
HGI,20051202,1.51,1.515,1.49,1.515,1362804
HGO,20051202,0.165,0.175,0.165,0.17,213000
HGR,20051202,0.145,0.145,0.14,0.145,56000
HHM,20051202,0.15,0.15,0.14,0.14,70000
HHV,20051202,0.97,0.98,0.97,0.97,197550
HIC,20051202,0.78,0.78,0.775,0.775,48625
HIG,20051202,0.66,0.67,0.65,0.67,959231
HIL,20051202,4.7,4.8,4.7,4.78,54091
HLD,20051202,0.2,0.2,0.18,0.18,99279
HLS,20051202,0.115,0.12,0.115,0.12,403000
HLT,20051202,0.21,0.22,0.21,0.22,50304
HLX,20051202,0.125,0.125,0.12,0.125,339351
HMC,20051202,0.046,0.046,0.046,0.046,65000
HME,20051202,12.35,12.35,12.35,12.35,2973
HMR,20051202,0.44,0.45,0.44,0.45,37100
HNG,20051202,1.87,1.87,1.865,1.87,25056
HPX,20051202,1.72,1.75,1.72,1.745,19889
HRD,20051202,0.205,0.205,0.2,0.2,275760
HRR,20051202,0.51,0.51,0.48,0.48,266701
HSK,20051202,0.41,0.41,0.41,0.41,136000
HSN,20051202,0.19,0.19,0.19,0.19,5000
HSP,20051202,5.95,6.03,5.8,5.8,501987
HST,20051202,1.94,1.94,1.92,1.92,1124165
HTA,20051202,0.275,0.285,0.275,0.28,234672
HTM,20051202,0.049,0.049,0.049,0.049,22700
HTW,20051202,0.67,0.69,0.67,0.67,307260
HVN,20051202,2.92,2.95,2.9,2.93,1194627
HWG,20051202,0.245,0.245,0.245,0.245,181000
HWI,20051202,1.61,1.65,1.6,1.6,100842
HWT,20051202,2,2,2,2,1500
HWW,20051202,0.21,0.22,0.21,0.22,54000
HYO,20051202,0.07,0.08,0.07,0.08,705000
HZN,20051202,0.115,0.115,0.115,0.115,10000
IAG,20051202,5.22,5.23,5.18,5.2,3567793
IAS,20051202,0.345,0.345,0.345,0.345,600
IBA,20051202,0.46,0.46,0.44,0.44,431575
IBR,20051202,0.45,0.46,0.43,0.46,2146500
IBT,20051202,1.79,1.8,1.79,1.79,138680
ICC,20051202,0.003,0.003,0.003,0.003,3250000
ICN,20051202,0.036,0.04,0.036,0.04,1190226
ICP,20051202,0.025,0.026,0.024,0.026,798500
ICS,20051202,0.35,0.35,0.34,0.34,85500
IDE,20051202,0.15,0.15,0.15,0.15,7000
IDT,20051202,1.85,1.85,1.84,1.84,27528
IFL,20051202,7.2,7.2,7.09,7.18,26315
IFM,20051202,0.53,0.535,0.52,0.535,211129
IGO,20051202,1.74,1.78,1.73,1.73,116671
IGR,20051202,0.14,0.155,0.14,0.15,2028376
IIF,20051202,2.24,2.26,2.22,2.23,13879126
IIN,20051202,1.86,1.9,1.78,1.82,691919
ILF,20051202,1.15,1.15,1.14,1.15,127702
ILU,20051202,7.73,7.79,7.52,7.62,1446335
IMA,20051202,0.35,0.36,0.345,0.36,116617
IMD,20051202,0.3,0.3,0.28,0.28,175400
IMF,20051202,0.49,0.49,0.49,0.49,5000
IMH,20051202,0.155,0.155,0.15,0.15,42880
IMI,20051202,0.022,0.022,0.022,0.022,298000
IML,20051202,0.055,0.06,0.055,0.06,120000
IMP,20051202,0.007,0.007,0.007,0.007,1589200
IMU,20051202,0.2,0.205,0.2,0.2,35500
INL,20051202,0.064,0.068,0.063,0.064,389234
INP,20051202,0.47,0.48,0.47,0.47,63300
INT,20051202,0.052,0.053,0.05,0.053,3083908
IOF,20051202,1.315,1.315,1.3,1.31,1849320
IOH,20051202,1.915,2.3,1.915,2.23,266504
IPA,20051202,0.82,0.82,0.81,0.82,29400
IPE,20051202,0.81,0.81,0.81,0.81,9250
IPG,20051202,2.04,2.07,2.03,2.03,11125799
IPL,20051202,16.18,16.32,16.18,16.32,4796
IPM,20051202,0.94,0.94,0.91,0.91,93101
IPN,20051202,0.078,0.081,0.078,0.078,277333
IRE,20051202,4.32,4.38,4.27,4.38,154021
IRI,20051202,0.56,0.56,0.55,0.555,66231
IRN,20051202,0.59,0.605,0.59,0.605,161388
ISS,20051202,0.19,0.19,0.19,0.19,25000
ITC,20051202,0.055,0.056,0.055,0.056,609269
ITD,20051202,0.235,0.235,0.22,0.22,152000
ITE,20051202,0.095,0.095,0.092,0.092,326800
ITF,20051202,0.945,0.945,0.93,0.94,22818
IVC,20051202,3.98,4.03,3.98,4.03,50168
IWF,20051202,1.71,1.74,1.7,1.7,36785
IWL,20051202,3.69,3.76,3.69,3.76,27611
JAK,20051202,0.14,0.14,0.135,0.135,525000
JBH,20051202,3.9,3.98,3.9,3.93,440212
JBM,20051202,7.21,7.3,7.13,7.16,806881
JET,20051202,0.87,0.87,0.87,0.87,5250
JFM,20051202,1.27,1.275,1.265,1.265,240626
JGL,20051202,0.275,0.28,0.265,0.265,387303
JHX,20051202,8.95,9,8.65,8.8,1666531
JMB,20051202,1.7,1.7,1.65,1.65,39033
JML,20051202,0.175,0.185,0.175,0.18,991732
JMS,20051202,0.09,0.095,0.09,0.095,180000
JRL,20051202,0.39,0.395,0.36,0.395,96100
JRV,20051202,0.017,0.018,0.017,0.017,1950000
JST,20051202,2.45,2.47,2.44,2.45,321161
JUM,20051202,0.068,0.068,0.065,0.066,1264840
JVG,20051202,0.14,0.14,0.14,0.14,170000
JYC,20051202,0.9,0.9,0.9,0.9,233910
KAR,20051202,1.6,1.61,1.56,1.58,148100
KBO,20051202,0.09,0.093,0.089,0.09,1028179
KCN,20051202,4,4.12,4,4.07,249569
KDS,20051202,0.87,0.88,0.87,0.87,55901
KHF,20051202,3.2,3.2,3.2,3.2,3600
KIM,20051202,1.35,1.36,1.35,1.36,643455
KIS,20051202,1.15,1.15,1.15,1.15,5400
KKT,20051202,0.495,0.495,0.48,0.48,56000
KLM,20051202,0.265,0.27,0.265,0.27,34423
KMN,20051202,0.195,0.195,0.185,0.185,166800
KOR,20051202,0.3,0.305,0.3,0.305,100000
KRS,20051202,0.21,0.21,0.21,0.21,3284000
KSC,20051202,3.41,3.41,3.4,3.4,5057
KYC,20051202,1.5,1.54,1.5,1.53,200490
KZL,20051202,1.775,1.845,1.775,1.81,938106
LAF,20051202,0.15,0.15,0.135,0.135,852526
LBY,20051202,0.175,0.175,0.175,0.175,30000
LCL,20051202,0.64,0.64,0.64,0.64,44889
LCP,20051202,0.58,0.59,0.58,0.59,69404
LCT,20051202,0.23,0.23,0.23,0.23,25000
LDR,20051202,0.031,0.031,0.031,0.031,333000
LDW,20051202,6.4,6.49,6.28,6.49,10144
LEF,20051202,0.2,0.2,0.19,0.19,220443
LEG,20051202,0.088,0.089,0.088,0.088,543842
LEI,20051202,16.8,17.1,16.66,17.09,316746
LEP,20051202,2.28,2.28,2.27,2.28,193849
LFE,20051202,1.7,1.7,1.57,1.62,126920
LGD,20051202,0.72,0.72,0.7,0.7,128520
LGO,20051202,0.015,0.015,0.015,0.015,13555
LHG,20051202,2.14,2.17,2.1,2.12,58654797
LIM,20051202,5.54,5.56,5.52,5.54,22180
LIP,20051202,1.46,1.5,1.45,1.46,116650
LKO,20051202,0.02,0.021,0.019,0.02,2073890
LLC,20051202,13.88,13.98,13.63,13.98,1067591
LMG,20051202,0.006,0.006,0.006,0.006,500000
LMW,20051202,0.64,0.64,0.64,0.64,2250
LNG,20051202,0.385,0.435,0.385,0.435,996808
LNN,20051202,7.5,7.5,7.44,7.45,617738
LOK,20051202,5.46,5.46,5.46,5.46,1150
LOU,20051202,0.25,0.25,0.25,0.25,40500
LPL,20051202,0.4,0.4,0.4,0.4,148000
LRF,20051202,0.83,0.83,0.825,0.825,30000
LRL,20051202,0.26,0.27,0.26,0.27,56500
LRX,20051202,0.093,0.099,0.093,0.099,322000
LSG,20051202,2,2.02,1.96,1.99,169799
LSL,20051202,0.004,0.004,0.004,0.004,641250
LUM,20051202,0.041,0.045,0.041,0.045,340370
LVL,20051202,0.063,0.063,0.063,0.063,10000
LVR,20051202,0.83,0.87,0.83,0.87,752000
LWB,20051202,1.24,1.245,1.22,1.22,82309
LYC,20051202,0.15,0.16,0.15,0.155,4527220
LYL,20051202,2.35,2.35,2.3,2.33,13000
MAA,20051202,0.505,0.535,0.505,0.535,138323
MAG,20051202,1.37,1.38,1.37,1.38,6550
MAH,20051202,0.58,0.585,0.57,0.58,244552
MAL,20051202,0.495,0.495,0.49,0.495,97500
MAP,20051202,3.13,3.13,3.08,3.11,7714416
MAR,20051202,0.105,0.105,0.105,0.105,38300
MBA,20051202,0.054,0.055,0.054,0.055,471500
MBI,20051202,0.012,0.013,0.012,0.013,4234240
MBL,20051202,67.72,68,67.18,67.5,629976
MBN,20051202,0.705,0.705,0.7,0.7,119243
MBP,20051202,0.515,0.52,0.5,0.5,283937
MCC,20051202,5.3,5.44,5.3,5.44,571140
MCG,20051202,5.61,5.64,5.55,5.58,1295587
MCO,20051202,0.1,0.105,0.1,0.105,18750
MCP,20051202,2.37,2.45,2.36,2.37,32434
MCR,20051202,0.68,0.69,0.665,0.665,376715
MCW,20051202,2,2.02,2,2.01,2687315
MDL,20051202,0.86,0.9,0.86,0.9,76762
MDS,20051202,0.13,0.13,0.13,0.13,5110
MDT,20051202,1.165,1.17,1.16,1.17,878150
MDV,20051202,0.09,0.09,0.09,0.09,5600
MEI,20051202,0.26,0.275,0.26,0.26,26000
MEL,20051202,0.31,0.31,0.28,0.28,54834
MEO,20051202,0.155,0.165,0.155,0.155,115862
MFI,20051202,1.17,1.17,1.17,1.17,3419
MFS,20051202,2.77,2.93,2.77,2.9,461926
MFT,20051202,1.2,1.2,1.19,1.19,113200
MGK,20051202,1.39,1.39,1.39,1.39,900
MGO,20051202,0.2,0.2,0.2,0.2,25000
MGQ,20051202,4.33,4.33,4.28,4.29,1527408
MGR,20051202,4.06,4.07,4.04,4.05,5352659
MGW,20051202,3.04,3.23,3.03,3.2,5919369
MGX,20051202,0.865,0.865,0.83,0.84,3006046
MIC,20051202,0.046,0.049,0.046,0.048,1189500
MIG,20051202,3.56,3.56,3.51,3.51,3370116
MIK,20051202,0.07,0.074,0.07,0.072,121118
MIS,20051202,0.54,0.575,0.54,0.56,285066
MLB,20051202,1.33,1.4,1.33,1.38,129267
MLE,20051202,2.35,2.53,2.32,2.53,209689
MLT,20051202,18.45,18.45,18.25,18.25,10661
MMA,20051202,0.945,0.95,0.945,0.945,167059
MML,20051202,0.59,0.59,0.59,0.59,25796
MMN,20051202,0.22,0.225,0.2,0.22,3104527
MND,20051202,4.36,4.4,4.36,4.38,59965
MOC,20051202,1.5,1.5,1.5,1.5,237895
MOE,20051202,0.8,0.8,0.785,0.785,135500
MOF,20051202,1.285,1.295,1.285,1.295,3651776
MOG,20051202,0.105,0.105,0.096,0.096,74670
MOL,20051202,1.665,1.7,1.65,1.65,54225
MOO,20051202,0.032,0.033,0.032,0.033,157176
MOS,20051202,0.185,0.185,0.18,0.18,796905
MOX,20051202,0.19,0.195,0.19,0.195,171100
MPA,20051202,0.099,0.1,0.099,0.1,35000
MPB,20051202,4.81,4.81,4.81,4.81,1000
MPF,20051202,1.055,1.06,1.05,1.055,432413
MPG,20051202,0.915,0.915,0.91,0.915,67600
MPH,20051202,0.375,0.385,0.37,0.38,82487
MPI,20051202,0.055,0.056,0.055,0.056,398000
MPO,20051202,0.053,0.053,0.053,0.053,50000
MPR,20051202,1.19,1.195,1.18,1.19,1184009
MPS,20051202,1,1.005,0.995,0.995,219434
MRA,20051202,1,1,1,1,23000
MRC,20051202,0.2,0.2,0.2,0.2,10000
MRE,20051202,1.8,1.81,1.785,1.79,2769668
MRL,20051202,1.16,1.16,1.15,1.16,162252
MRM,20051202,0.37,0.37,0.365,0.365,52000
MRO,20051202,0.75,0.76,0.7,0.7,29900
MRS,20051202,0.345,0.345,0.34,0.34,107500
MRX,20051202,0.06,0.06,0.058,0.058,755000
MSB,20051202,1.1,1.12,1.01,1.08,164622
MSC,20051202,0.036,0.037,0.034,0.037,2029614
MSF,20051202,8.33,8.5,8.33,8.5,6370
MST,20051202,0.225,0.235,0.22,0.225,782556
MSX,20051202,1.12,1.12,1.12,1.12,5000
MTB,20051202,0.095,0.095,0.095,0.095,24872
MTD,20051202,0.145,0.145,0.145,0.145,75000
MTH,20051202,0.29,0.29,0.29,0.29,1200
MTI,20051202,0.42,0.42,0.4,0.4,157173
MTN,20051202,0.6,0.64,0.58,0.64,258040
MTR,20051202,0.135,0.135,0.125,0.125,237820
MTS,20051202,4.54,4.59,4.5,4.55,3680473
MTU,20051202,0.275,0.275,0.27,0.27,25056
MTX,20051202,0.8,0.8,0.8,0.8,25000
MUL,20051202,0.012,0.013,0.011,0.011,4399500
MUR,20051202,0.092,0.092,0.085,0.085,445000
MVL,20051202,0.022,0.023,0.021,0.021,329850
MVP,20051202,0.67,0.67,0.67,0.67,4000
MWE,20051202,0.095,0.096,0.087,0.096,815001
MWM,20051202,0.225,0.225,0.225,0.225,4000
MWR,20051202,0.063,0.063,0.062,0.062,90000
MXG,20051202,3.34,3.35,3.32,3.33,1762653
MXI,20051202,0.78,0.8,0.78,0.79,39765
MXL,20051202,0.089,0.089,0.086,0.089,577618
MXR,20051202,0.12,0.12,0.115,0.115,60000
MYO,20051202,1.15,1.165,1.15,1.165,167731
MYP,20051202,2.6,2.62,2.43,2.49,2742380
NAB,20051202,32.25,32.3,31.95,32.08,3206044
NAD,20051202,0.032,0.033,0.032,0.033,800000
NAL,20051202,0.46,0.465,0.46,0.465,5000
NAM,20051202,0.695,0.695,0.695,0.695,20000
NAV,20051202,0.12,0.12,0.12,0.12,25000
NBL,20051202,3.6,3.65,3.6,3.65,6355
NCK,20051202,1.46,1.46,1.46,1.46,4580
NCM,20051202,21.25,21.39,20.93,21.15,1247621
NDC,20051202,0.08,0.082,0.08,0.082,25000
NEC,20051202,0.42,0.42,0.42,0.42,65000
NEL,20051202,0.4,0.4,0.4,0.4,13000
NEM,20051202,6.4,6.43,6.4,6.42,62856
NEO,20051202,0.043,0.043,0.042,0.043,1541760
NGF,20051202,0.165,0.165,0.16,0.16,26300
NHC,20051202,1.29,1.295,1.27,1.29,124542
NHE,20051202,0.135,0.135,0.13,0.135,521400
NHH,20051202,1.3,1.3,1.3,1.3,2000
NHM,20051202,0.009,0.009,0.008,0.009,255783
NHR,20051202,1.85,1.85,1.79,1.79,6314
NIA,20051202,0.225,0.235,0.225,0.23,639987
NIQ,20051202,0.4,0.4,0.385,0.4,190242
NKL,20051202,0.135,0.135,0.125,0.125,270720
NKP,20051202,0.61,0.62,0.61,0.62,14000
NLB,20051202,0.47,0.48,0.47,0.47,115400
NLX,20051202,0.175,0.175,0.165,0.165,2915414
NMC,20051202,0.061,0.062,0.058,0.06,3517029
NMS,20051202,0.44,0.455,0.415,0.415,106311
NNG,20051202,0.335,0.35,0.33,0.35,731939
NPX,20051202,4.19,4.3,4.19,4.28,18692
NRT,20051202,5.6,5.63,5.42,5.5,61193
NSA,20051202,0.1,0.105,0.1,0.105,42800
NTC,20051202,0.17,0.17,0.17,0.17,65900
NTG,20051202,0.4,0.4,0.4,0.4,26521
NUF,20051202,11.35,11.38,11.3,11.35,356363
NVC,20051202,0.71,0.71,0.7,0.7,120535
NVE,20051202,1.45,1.45,1.4,1.4,28380
NWA,20051202,0.065,0.068,0.065,0.068,127400
NWE,20051202,0.16,0.16,0.155,0.16,501275
NWR,20051202,0.26,0.26,0.26,0.26,20000
NWS,20051202,21.3,21.44,21.3,21.43,1308497
NXS,20051202,0.52,0.525,0.52,0.525,239941
NZO,20051202,0.84,0.84,0.84,0.84,20000
OBJ,20051202,0.041,0.045,0.041,0.042,3284452
OCO,20051202,0.015,0.015,0.014,0.014,2130920
ODY,20051202,0.26,0.285,0.26,0.28,569064
OEC,20051202,0.1,0.1,0.1,0.1,100000
OEL,20051202,0.23,0.23,0.23,0.23,25000
OEX,20051202,0.28,0.285,0.28,0.285,463446
OFM,20051202,2,2,1.98,1.99,54060
OGD,20051202,0.7,0.71,0.7,0.71,1453163
OHL,20051202,0.07,0.07,0.065,0.065,29409
OIL,20051202,0.35,0.36,0.345,0.35,78700
OKN,20051202,2.38,2.4,2.37,2.4,49597
OLH,20051202,0.93,0.93,0.93,0.93,2000
OLY,20051202,0.2,0.2,0.2,0.2,40000
OMC,20051202,0.3,0.3,0.29,0.29,74276
OMH,20051202,1.28,1.28,1.23,1.25,2230678
OMI,20051202,1.2,1.2,1.2,1.2,11025
OMP,20051202,3.12,3.22,3.12,3.2,176658
ONT,20051202,1.55,1.65,1.55,1.65,3000
OPL,20051202,0.87,0.88,0.82,0.875,890842
ORC,20051202,0.043,0.043,0.043,0.043,100000
ORD,20051202,0.3,0.3,0.3,0.3,800
ORG,20051202,7.14,7.14,7.01,7.07,1191789
ORH,20051202,0.18,0.18,0.18,0.18,32500
ORI,20051202,20.1,20.23,19.85,20,1521800
ORL,20051202,1.96,1.96,1.95,1.95,14380
ORO,20051202,0.022,0.022,0.022,0.022,92000
ORP,20051202,0.11,0.11,0.1,0.1,269233
ORT,20051202,0.074,0.075,0.074,0.075,450353
OSH,20051202,3.53,3.55,3.51,3.54,2255363
OST,20051202,3.49,3.52,3.34,3.37,1987741
OXR,20051202,1.395,1.405,1.39,1.395,7563614
PAA,20051202,0.185,0.185,0.185,0.185,172000
PBA,20051202,0.59,0.59,0.59,0.59,25286
PBB,20051202,2,2,1.935,1.98,302419
PBD,20051202,1.88,1.95,1.75,1.81,187680
PBG,20051202,2.85,2.9,2.83,2.88,3108329
PBI,20051202,0.275,0.275,0.265,0.27,96750
PBL,20051202,16.44,16.65,16.37,16.61,1115366
PBO,20051202,0.27,0.27,0.25,0.25,7000
PBT,20051202,0.19,0.205,0.19,0.205,103332
PCC,20051202,0.086,0.086,0.086,0.086,5145
PCG,20051202,0.64,0.64,0.63,0.635,146447
PCL,20051202,0.07,0.07,0.07,0.07,9750
PCP,20051202,0.105,0.105,0.105,0.105,24000
PDG,20051202,29.71,29.8,29.71,29.8,63647
PDL,20051202,1.5,1.5,1.46,1.46,22389
PDM,20051202,0.06,0.06,0.06,0.06,20000
PDN,20051202,2.06,2.06,2.01,2.04,884305
PDZ,20051202,0.23,0.26,0.23,0.24,200181
PEL,20051202,0.094,0.095,0.088,0.088,214950
PEM,20051202,0.94,0.96,0.94,0.955,543244
PEN,20051202,0.014,0.014,0.014,0.014,2815000
PEP,20051202,0.735,0.79,0.73,0.78,458448
PET,20051202,0.9,0.91,0.9,0.91,3981
PGL,20051202,2.82,2.82,2.58,2.8,13750
PGS,20051202,0.15,0.15,0.15,0.15,12000
PIE,20051202,0.016,0.016,0.016,0.016,65000
PLA,20051202,0.35,0.355,0.34,0.35,335794
PLF,20051202,1.23,1.295,1.23,1.29,219343
PLT,20051202,0.13,0.13,0.115,0.12,443000
PMA,20051202,1.5,1.5,1.47,1.5,86000
PMC,20051202,2.06,2.1,2.04,2.05,60181
PME,20051202,1.5,1.5,1.5,1.5,20000
PMH,20051202,0.12,0.135,0.12,0.12,58200
PMM,20051202,4.7,4.75,4.67,4.67,6812
PMN,20051202,4.88,4.91,4.87,4.9,2167259
PMP,20051202,1.47,1.495,1.39,1.43,1222987
PMV,20051202,4.25,4.25,4.25,4.25,14841
PNA,20051202,0.215,0.22,0.205,0.21,2451184
PNN,20051202,0.275,0.28,0.275,0.28,70417
PNO,20051202,0.053,0.059,0.052,0.053,20029168
POH,20051202,0.25,0.25,0.245,0.245,128500
PPC,20051202,2.36,2.36,2.35,2.35,302000
PPD,20051202,0.2,0.215,0.2,0.215,160050
PPG,20051202,0.46,0.46,0.46,0.46,20000
PPK,20051202,0.81,0.81,0.79,0.79,60000
PPN,20051202,0.15,0.15,0.15,0.15,7500
PPP,20051202,0.11,0.11,0.11,0.11,368980
PPR,20051202,1.71,1.71,1.69,1.69,3861
PPT,20051202,66,66.3,65.6,65.9,43612
PPX,20051202,3.34,3.45,3.33,3.44,3197469
PPY,20051202,0.32,0.32,0.3,0.3,24300
PRE,20051202,0.053,0.054,0.053,0.053,901592
PRG,20051202,3.49,3.59,3.45,3.52,116781
PRK,20051202,7.41,7.44,7.36,7.44,3186580
PRM,20051202,0.026,0.026,0.026,0.026,10000
PRO,20051202,0.13,0.13,0.13,0.13,30000
PRR,20051202,0.11,0.115,0.11,0.11,496080
PRT,20051202,3.55,3.55,3.55,3.55,22659
PRU,20051202,0.31,0.37,0.31,0.37,1024496
PRV,20051202,0.965,0.97,0.96,0.97,229822
PRY,20051202,11,11.08,11,11.05,306005
PSA,20051202,1.74,1.74,1.68,1.71,238137
PSD,20051202,0.635,0.65,0.63,0.645,326634
PSG,20051202,0.045,0.046,0.045,0.046,82500
PSH,20051202,2.16,2.18,2.15,2.18,66870
PSN,20051202,9.71,9.71,9.71,9.71,500
PSP,20051202,0.135,0.135,0.135,0.135,80000
PSV,20051202,0.335,0.34,0.325,0.33,2355855
PSX,20051202,0.18,0.185,0.18,0.18,239357
PTD,20051202,1.3,1.305,1.275,1.28,301064
PTR,20051202,0.335,0.34,0.335,0.34,19850
PTS,20051202,0.068,0.068,0.068,0.068,17500
PUR,20051202,0.2,0.2,0.2,0.2,75180
PWK,20051202,2.3,2.33,2.22,2.3,16628
PWR,20051202,0.425,0.465,0.42,0.465,73133
PWT,20051202,1.22,1.25,1.22,1.25,22043
PXL,20051202,0.26,0.26,0.255,0.255,68000
PXS,20051202,2.2,2.28,2.19,2.2,213863
QAD,20051202,0.07,0.071,0.07,0.071,15000
QAN,20051202,3.73,3.77,3.72,3.76,6793063
QBE,20051202,19.19,19.27,18.95,19.12,1894034
QCH,20051202,3.69,3.74,3.68,3.68,6146
QED,20051202,0.035,0.035,0.035,0.035,175000
QFX,20051202,0.22,0.22,0.21,0.21,141500
QGC,20051202,0.64,0.645,0.615,0.615,680203
QHL,20051202,0.205,0.21,0.205,0.21,30000
QMG,20051202,0.61,0.625,0.6,0.6,65000
QML,20051202,0.1,0.1,0.1,0.1,4500
QMT,20051202,2.16,2.19,2.16,2.19,86496
QOL,20051202,0.165,0.165,0.165,0.165,60894
QPX,20051202,0.051,0.051,0.051,0.051,161586
QRS,20051202,0.11,0.12,0.105,0.115,643000
QTK,20051202,0.265,0.27,0.245,0.27,561066
QTM,20051202,0.065,0.065,0.065,0.065,5000
QUR,20051202,0.023,0.023,0.023,0.023,22000
QXQ,20051202,0.025,0.027,0.025,0.025,494857
RAT,20051202,1.09,1.1,1.085,1.085,418610
RAU,20051202,0.1,0.1,0.1,0.1,125000
RBS,20051202,2.29,2.3,2.26,2.26,15414
RBY,20051202,0.042,0.045,0.042,0.043,4503485
RCD,20051202,8.61,8.74,8.55,8.69,687610
RCG,20051202,0.24,0.24,0.24,0.24,3000
RCL,20051202,2.44,2.44,2.4,2.42,233601
RCM,20051202,0.055,0.055,0.055,0.055,156918
RCR,20051202,1.26,1.3,1.26,1.295,206507
RCT,20051202,3,3,3,3,335
RDF,20051202,3.25,3.26,3.22,3.24,468248
RDM,20051202,0.24,0.24,0.24,0.24,22981
RDR,20051202,0.25,0.275,0.25,0.275,131664
REA,20051202,2.65,2.65,2.64,2.64,19250
REB,20051202,2.68,2.68,2.68,2.68,9439
RED,20051202,0.099,0.1,0.099,0.099,325060
REH,20051202,14.55,14.55,14.55,14.55,3030
RER,20051202,0.185,0.185,0.185,0.185,78634
REX,20051202,1.17,1.17,1.15,1.15,153408
RFE,20051202,0.185,0.19,0.185,0.185,85175
RGA,20051202,0.37,0.37,0.35,0.37,98452
RHC,20051202,9.56,9.64,9.35,9.39,180539
RHD,20051202,0.53,0.53,0.51,0.52,108271
RHL,20051202,4.3,4.3,4.3,4.3,555
RHT,20051202,0.096,0.096,0.091,0.091,140000
RIC,20051202,1.4,1.4,1.355,1.38,93104
RIM,20051202,0.024,0.026,0.024,0.026,150000
RIN,20051202,16.13,16.34,16.11,16.21,3925590
RIO,20051202,62.15,62.2,61.64,61.92,1979450
RIV,20051202,0.97,0.99,0.97,0.99,243839
RKN,20051202,0.76,0.76,0.76,0.76,46118
RMD,20051202,5.49,5.53,5.47,5.51,1007818
RMI,20051202,0.067,0.08,0.067,0.08,1614893
RML,20051202,0.205,0.21,0.205,0.21,191483
RMS,20051202,0.135,0.135,0.135,0.135,94000
RNG,20051202,0.1,0.105,0.099,0.105,274907
ROC,20051202,2.52,2.55,2.46,2.47,361919
ROK,20051202,4.58,4.6,4.55,4.55,8092
RPC,20051202,0.59,0.59,0.59,0.59,25000
RPM,20051202,0.08,0.08,0.08,0.08,60467
RPT,20051202,0.084,0.084,0.081,0.082,3711759
RRL,20051202,0.115,0.12,0.11,0.12,25709717
RRS,20051202,0.051,0.053,0.051,0.053,4472500
RRT,20051202,0.91,0.91,0.91,0.91,18000
RSG,20051202,1.26,1.27,1.235,1.255,458988
RSN,20051202,0.215,0.22,0.215,0.22,378312
RSP,20051202,1.16,1.17,1.16,1.17,28000
RTL,20051202,0.36,0.36,0.36,0.36,1600
RTM,20051202,0.031,0.032,0.03,0.032,830000
RUP,20051202,11.12,11.33,11,11.31,16787
RVR,20051202,0.225,0.225,0.22,0.22,15000
SAE,20051202,0.285,0.29,0.285,0.29,343543
SAH,20051202,0.063,0.063,0.063,0.063,41420
SAI,20051202,2.82,2.82,2.71,2.71,696782
SAR,20051202,0.09,0.09,0.09,0.09,223166
SAU,20051202,0.165,0.17,0.16,0.16,115000
SBC,20051202,13.36,13.38,13.15,13.26,109693
SBL,20051202,0.051,0.051,0.051,0.051,4000
SBM,20051202,0.31,0.32,0.305,0.31,1480594
SBP,20051202,0.09,0.092,0.087,0.087,40000
SBR,20051202,0.13,0.13,0.13,0.13,100000
SBS,20051202,0.054,0.057,0.054,0.057,1679938
SCD,20051202,0.045,0.045,0.044,0.044,190000
SCF,20051202,111.1,111.44,111,111.44,13151
SCV,20051202,0.86,0.9,0.8,0.8,45700
SCX,20051202,0.045,0.045,0.04,0.04,215346
SDG,20051202,1.495,1.495,1.465,1.465,204876
SDI,20051202,0.84,0.84,0.84,0.84,3864
SDL,20051202,0.024,0.024,0.023,0.023,2054200
SDR,20051202,0.16,0.16,0.16,0.16,22000
SDS,20051202,0.75,0.75,0.735,0.735,7330
SEA,20051202,0.41,0.41,0.4,0.4,112277
SED,20051202,0.23,0.235,0.23,0.23,114800
SEK,20051202,3.08,3.09,3.06,3.09,56085
SEL,20051202,3.03,3.03,2.82,2.85,26847
SEM,20051202,5.2,5.2,5.2,5.2,1651
SEN,20051202,0.655,0.72,0.655,0.7,11859695
SEV,20051202,8.14,8.25,8.14,8.24,368923
SFC,20051202,4.9,4.98,4.85,4.98,6920
SFE,20051202,13.25,13.29,12.82,12.86,893609
SFP,20051202,0.19,0.195,0.18,0.18,91555
SFY,20051202,45.98,45.98,45.98,45.98,437
SGB,20051202,28.2,28.4,28.07,28.15,1192306
SGM,20051202,17.07,17.08,16.9,17.04,516024
SGN,20051202,3,3.05,3,3.05,755207
SGP,20051202,6.25,6.32,6.25,6.29,6457272
SGS,20051202,1.53,1.53,1.525,1.525,639900
SGT,20051202,2.03,2.06,2.03,2.05,5855867
SGX,20051202,2.8,2.8,2.72,2.72,89742
SHC,20051202,0.225,0.225,0.225,0.225,15000
SHL,20051202,15.3,15.3,14.95,15,469207
SHN,20051202,0.036,0.037,0.034,0.034,645000
SHV,20051202,14.69,14.7,14.56,14.56,9545
SIB,20051202,0.155,0.16,0.155,0.155,840000
SIE,20051202,0.071,0.073,0.071,0.073,2950887
SIG,20051202,13.7,13.82,13.7,13.78,248346
SIM,20051202,0.24,0.25,0.24,0.25,55000
SKC,20051202,4.44,4.45,4.42,4.42,200164
SKE,20051202,3.12,3.15,3.12,3.14,16425
SKS,20051202,0.37,0.4,0.37,0.4,208322
SLA,20051202,0.205,0.205,0.205,0.205,22000
SLF,20051202,17.78,17.85,17.68,17.85,4723
SLM,20051202,3.51,3.59,3.51,3.55,632804
SLT,20051202,0.15,0.15,0.15,0.15,15500
SLV,20051202,0.665,0.67,0.65,0.655,294522
SLX,20051202,2.13,2.27,2.13,2.2,809389
SMC,20051202,0.19,0.19,0.19,0.19,46000
SML,20051202,0.079,0.082,0.079,0.081,1229091
SMM,20051202,0.7,0.72,0.61,0.66,1052980
SMN,20051202,0.145,0.145,0.145,0.145,44986
SMO,20051202,0.105,0.11,0.105,0.11,3396462
SMX,20051202,2.18,2.27,2.18,2.25,561010
SMY,20051202,0.67,0.68,0.66,0.68,780215
SNF,20051202,0.42,0.43,0.4,0.4,45000
SNL,20051202,0.335,0.335,0.335,0.335,11400
SNN,20051202,0.105,0.105,0.1,0.1,27000
SNO,20051202,0.45,0.45,0.45,0.45,15000
SOE,20051202,0.23,0.23,0.225,0.225,455670
SOL,20051202,9.7,9.84,9.7,9.7,45941
SOM,20051202,0.21,0.21,0.2,0.2,78000
SOT,20051202,1.27,1.27,1.21,1.22,76854
SPD,20051202,0.265,0.265,0.26,0.26,163000
SPH,20051202,0.85,0.85,0.85,0.85,1500
SPL,20051202,0.54,0.545,0.53,0.545,65400
SPT,20051202,4.74,4.76,4.73,4.75,231761
SRA,20051202,0.04,0.042,0.04,0.042,1532505
SRI,20051202,0.065,0.065,0.064,0.065,313992
SRL,20051202,2.41,2.42,2.39,2.4,139186
SRV,20051202,3.72,3.72,3.5,3.72,5410
SRX,20051202,2.03,2.03,2,2,30516
SRZ,20051202,0.2,0.2,0.19,0.2,134650
SSI,20051202,2.9,3.05,2.9,3.04,59895
SSN,20051202,0.46,0.48,0.445,0.47,350105
SSX,20051202,1.445,1.455,1.43,1.43,284213
STB,20051202,0.12,0.12,0.12,0.12,15000
STE,20051202,0.077,0.077,0.077,0.077,200000
STI,20051202,0.2,0.2,0.18,0.19,84562
STO,20051202,11.6,11.71,11.56,11.7,1285936
STP,20051202,0.088,0.089,0.088,0.089,148534
STR,20051202,0.28,0.28,0.27,0.28,269538
STU,20051202,1.18,1.18,1.16,1.16,28500
STV,20051202,12,12,12,12,60
STW,20051202,46.66,46.82,46.52,46.55,21693
STX,20051202,0.12,0.12,0.115,0.115,87273
SUL,20051202,2.87,2.95,2.86,2.9,25969
SUN,20051202,19.72,19.88,19.61,19.66,474647
SUR,20051202,0.21,0.215,0.21,0.215,124539
SYB,20051202,3.64,3.65,3.58,3.6,3156430
SYG,20051202,0.006,0.006,0.006,0.006,250000
SYM,20051202,1.37,1.37,1.37,1.37,13599
SYN,20051202,2.51,2.51,2.51,2.51,800
TAA,20051202,0.016,0.017,0.016,0.016,390759
TAH,20051202,15.67,15.8,15.54,15.57,2760042
TAM,20051202,0.175,0.185,0.175,0.185,1088244
TAN,20051202,1.48,1.48,1.48,1.48,2600
TAP,20051202,2.73,2.73,2.68,2.7,501679
TAS,20051202,0.135,0.135,0.135,0.135,22000
TAW,20051202,0.72,0.72,0.7,0.7,144850
TBC,20051202,0.34,0.34,0.33,0.33,48701
TCI,20051202,1.67,1.67,1.62,1.62,138002
TCL,20051202,6.71,6.74,6.65,6.65,2744261
TCN,20051202,0.055,0.055,0.054,0.055,110000
TEE,20051202,0.047,0.054,0.046,0.054,12830682
TEL,20051202,5.47,5.55,5.46,5.52,1764879
TEN,20051202,3.42,3.42,3.31,3.32,1148633
TFC,20051202,0.365,0.365,0.355,0.355,24471
TFE,20051202,0.36,0.36,0.35,0.355,509943
TGD,20051202,0.084,0.089,0.084,0.088,303728
TGF,20051202,0.235,0.245,0.23,0.23,165500
TGG,20051202,1.48,1.48,1.44,1.44,21066
TGP,20051202,3.26,3.26,3.23,3.23,97310
TGR,20051202,1.185,1.21,1.185,1.19,24780
TGS,20051202,0.195,0.2,0.195,0.2,110467
THG,20051202,0.82,0.82,0.81,0.82,19675
THK,20051202,0.56,0.56,0.52,0.53,168150
THX,20051202,0.18,0.18,0.17,0.17,93584
TIM,20051202,2.91,2.91,2.86,2.88,640086
TIR,20051202,0.062,0.063,0.061,0.061,531050
TIS,20051202,0.77,0.77,0.76,0.76,52669
TKR,20051202,0.99,0.99,0.96,0.96,15000
TLM,20051202,0.2,0.2,0.2,0.2,47000
TLS,20051202,3.88,3.94,3.86,3.94,41186446
TMO,20051202,0.34,0.355,0.34,0.355,230000
TNE,20051202,0.565,0.58,0.56,0.58,477952
TNS,20051202,3.33,3.33,3.33,3.33,287
TOL,20051202,13.9,13.92,13.81,13.92,977727
TOX,20051202,0.14,0.145,0.135,0.14,11305762
TPI,20051202,5.6,5.69,5.35,5.5,606344
TRG,20051202,12.4,12.4,12.35,12.39,11697
TRO,20051202,0.094,0.11,0.094,0.11,50000
TRS,20051202,4.25,4.25,4.25,4.25,3800
TRU,20051202,10.03,10.05,10,10.05,31220
TRY,20051202,3,3.13,3,3,59300
TSE,20051202,7.9,8,7.84,7.88,148846
TSO,20051202,2.09,2.1,2.08,2.09,174837
TSR,20051202,0.08,0.08,0.08,0.08,100000
TSV,20051202,0.06,0.06,0.06,0.06,3337
TTI,20051202,0.27,0.27,0.265,0.27,100000
TTR,20051202,0.165,0.165,0.16,0.165,414380
TTS,20051202,3.37,3.38,3.32,3.32,3312347
TTT,20051202,0.405,0.405,0.405,0.405,1190
TTV,20051202,0.61,0.61,0.61,0.61,1000
TVL,20051202,0.19,0.19,0.19,0.19,40000
TWD,20051202,1.58,1.58,1.58,1.58,500
TWO,20051202,1.25,1.26,1.25,1.26,10000
TWR,20051202,1.89,1.89,1.88,1.89,449876
TYC,20051202,0.65,0.655,0.645,0.645,272130
TZL,20051202,0.56,0.56,0.55,0.56,55800
TZN,20051202,0.385,0.41,0.385,0.41,146850
UCL,20051202,0.085,0.085,0.081,0.083,2595624
UCM,20051202,0.9,0.9,0.9,0.9,250
UCW,20051202,1.65,1.65,1.65,1.65,2000
UGL,20051202,11.25,11.28,11.02,11.16,194288
UKD,20051202,0.076,0.08,0.076,0.08,225200
UNI,20051202,0.475,0.49,0.47,0.47,39631
UNW,20051202,0.465,0.465,0.455,0.455,44852
UNX,20051202,0.2,0.2,0.2,0.2,80000
URL,20051202,0.098,0.105,0.098,0.105,204154
UTB,20051202,12.99,13.07,12.92,12.97,620480
UXA,20051202,0.125,0.13,0.115,0.13,320000
UXC,20051202,0.925,0.925,0.905,0.905,72907
VBA,20051202,1.56,1.585,1.54,1.55,90636
VCM,20051202,1.64,1.68,1.64,1.68,9400
VCN,20051202,0.245,0.25,0.245,0.25,75000
VCR,20051202,1.15,1.15,1.115,1.125,322379
VGH,20051202,4.7,4.7,4.69,4.69,54980
VGL,20051202,0.77,0.81,0.77,0.795,664607
VGP,20051202,0.69,0.7,0.69,0.69,51000
VHL,20051202,0.15,0.15,0.145,0.145,49945
VIR,20051202,0.98,0.995,0.98,0.99,103991
VKI,20051202,0.49,0.49,0.49,0.49,10000
VLL,20051202,0.305,0.315,0.295,0.295,501351
VML,20051202,0.15,0.15,0.15,0.15,111250
VPE,20051202,0.03,0.031,0.029,0.03,4306067
VPG,20051202,1.36,1.365,1.35,1.365,7349236
VRE,20051202,0.175,0.18,0.175,0.18,1145228
VRL,20051202,2.81,2.81,2.75,2.8,21248
VSG,20051202,0.022,0.022,0.022,0.022,16520
VSL,20051202,1.72,1.725,1.71,1.71,380043
VTI,20051202,0.855,0.855,0.855,0.855,3200
VTP,20051202,1.06,1.06,1.06,1.06,98435
VWD,20051202,1.42,1.425,1.415,1.42,31500
VXS,20051202,0.022,0.022,0.022,0.022,2000
WAB,20051202,0.99,0.99,0.99,0.99,85825
WAG,20051202,0.029,0.029,0.029,0.029,40000
WAL,20051202,0.14,0.14,0.14,0.14,14420
WAM,20051202,1.41,1.415,1.405,1.405,45700
WAN,20051202,8.3,8.3,8,8.09,132566
WAT,20051202,3.5,3.5,3.5,3.5,1000
WBA,20051202,0.75,0.75,0.75,0.75,144091
WBB,20051202,9.2,9.2,9.1,9.1,9549
WBC,20051202,22.36,22.36,22.11,22.12,4419781
WCG,20051202,1.45,1.46,1.43,1.43,15107
WCP,20051202,0.022,0.022,0.022,0.022,50000
WDC,20051202,17.06,17.08,16.89,16.9,3583979
WEB,20051202,0.35,0.35,0.34,0.345,488116
WES,20051202,36,36.2,35.33,35.4,1120398
WEZ,20051202,0.092,0.095,0.092,0.093,716500
WFL,20051202,1.85,1.85,1.85,1.85,700
WHF,20051202,3.67,3.67,3.67,3.67,2000
WHG,20051202,5.05,5.1,5.05,5.08,92185
WHS,20051202,3.45,3.45,3.45,3.45,5002
WIL,20051202,0.925,0.925,0.915,0.92,212178
WLL,20051202,1.45,1.45,1.45,1.45,5000
WLS,20051202,0.94,0.94,0.94,0.94,24000
WME,20051202,0.075,0.08,0.075,0.08,295000
WMG,20051202,0.06,0.06,0.06,0.06,700000
WNZ,20051202,5.8,5.8,5.8,5.8,135000
WOR,20051202,11.1,11.23,10.66,10.8,285004
WOW,20051202,17.25,17.27,16.95,17.05,2173153
WPG,20051202,0.19,0.19,0.19,0.19,50000
WPL,20051202,35.26,35.62,35.12,35.6,1542803
WRL,20051202,0.195,0.2,0.19,0.2,20000
WSA,20051202,1.96,1.96,1.93,1.94,96255
WSS,20051202,0.15,0.155,0.15,0.155,45466
WST,20051202,0.475,0.475,0.475,0.475,5435
WSY,20051202,0.025,0.025,0.025,0.025,55000
WTE,20051202,0.047,0.048,0.046,0.047,5304195
WTP,20051202,1.63,1.64,1.63,1.64,34250
WWA,20051202,0.905,0.905,0.905,0.905,10000
WYL,20051202,2.53,2.59,2.5,2.59,387688
XAO,20051202,4532.3,4589.3,4532.3,4573.8,0
XBL,20051202,0.185,0.185,0.185,0.185,67000
XBW,20051202,35144.7,35700.1,35144.7,35700.1,0
XDJ,20051202,2226.1,2245.1,2226.1,2234.7,0
XEJ,20051202,10366.4,10536.3,10366.4,10532.3,0
XFJ,20051202,5427.8,5485.3,5427.8,5462.1,0
XFL,20051202,4478.2,4541.6,4478.2,4524.4,0
XHJ,20051202,6213.7,6298.8,6213.7,6240.3,0
XIJ,20051202,444.2,449.1,440.7,442.2,0
XJO,20051202,4580.1,4640.8,4580.1,4623.5,0
XKO,20051202,4572.7,4633.1,4572.7,4615.9,0
XMD,20051202,4633.4,4685,4633.4,4666.2,0
XMJ,20051202,8580.5,8778.5,8580.5,8744.2,0
XNJ,20051202,5236.7,5300.7,5236.7,5271.2,0
XPJ,20051202,1851.6,1867.7,1851.6,1858,0
XSJ,20051202,5876.3,5940.6,5871.5,5888.4,0
XSO,20051202,2575.9,2600.9,2575.9,2590.1,0
XTE,20051202,61,61,57,59.5,146960
XTJ,20051202,1422.7,1456.2,1422.7,1456.2,0
XTL,20051202,2454,2490.1,2454,2480.6,0
XTO,20051202,3718.2,3768.9,3718.2,3754.8,0
XUJ,20051202,5437.8,5513.4,5437.8,5476,0
XXJ,20051202,5599.5,5664.6,5599.5,5639.3,0
YAM,20051202,0.007,0.007,0.007,0.007,3625399
YGL,20051202,0.04,0.04,0.04,0.04,21500
YML,20051202,0.19,0.19,0.19,0.19,20000
ZBB,20051202,0.21,0.22,0.21,0.22,57800
ZCO,20051202,0.12,0.12,0.12,0.12,50000
ZFX,20051202,5.34,5.4,5.28,5.34,4198445
ZIM,20051202,5.3,5.32,4.9,4.9,31832
ZYL,20051202,0.002,0.002,0.002,0.002,64640000
