AAC,20050218,1.8,1.81,1.8,1.81,351442
AAE,20050218,0.19,0.19,0.19,0.19,30000
AAM,20050218,0.325,0.325,0.325,0.325,8071
AAQ,20050218,0.475,0.49,0.475,0.485,169950
AAR,20050218,0.037,0.037,0.032,0.032,17146924
AAU,20050218,1.1,1.11,1.1,1.11,21550
ABB,20050218,6.99,6.99,6.94,6.95,96420
ABC,20050218,1.69,1.7,1.66,1.68,814903
ABI,20050218,0.098,0.1,0.094,0.097,810600
ABK,20050218,0.145,0.17,0.145,0.17,1563387
ABP,20050218,1.4,1.41,1.4,1.41,104852
ABQ,20050218,0.38,0.38,0.36,0.37,109800
ABS,20050218,5.35,5.39,5.32,5.37,919795
ACL,20050218,0.71,0.72,0.69,0.7,122388
ACR,20050218,0.75,0.75,0.75,0.75,29700
ACU,20050218,0.3,0.3,0.27,0.27,335298
ADA,20050218,0.38,0.38,0.36,0.36,15623
ADB,20050218,11,11,10.9,10.95,218979
ADG,20050218,3.75,3.75,3.7,3.7,17270
ADI,20050218,0.295,0.3,0.295,0.3,41667
ADL,20050218,0.195,0.195,0.185,0.185,132800
ADN,20050218,0.295,0.3,0.29,0.29,307171
ADT,20050218,1.04,1.1,1.04,1.1,18750
ADU,20050218,0.77,0.77,0.77,0.77,18473
ADX,20050218,0.16,0.16,0.16,0.16,3300
ADY,20050218,0.098,0.105,0.097,0.105,6778470
ADZ,20050218,1.59,1.59,1.56,1.56,223868
AEC,20050218,1.83,1.83,1.83,1.83,2000
AEI,20050218,0.7,0.7,0.7,0.7,10000
AEM,20050218,0.18,0.19,0.18,0.19,15226
AEN,20050218,1.02,1.02,1.02,1.02,2000
AEO,20050218,1.65,1.65,1.61,1.63,231895
AEU,20050218,1.63,1.64,1.62,1.62,150810
AEX,20050218,0.037,0.04,0.037,0.04,2360114
AFC,20050218,0.7,0.73,0.65,0.65,879844
AFI,20050218,3.81,3.85,3.81,3.82,101417
AFT,20050218,0.021,0.022,0.021,0.021,1829800
AGC,20050218,1.8,1.8,1.77,1.77,112700
AGG,20050218,8.92,8.96,8.92,8.95,32640
AGI,20050218,1.15,1.15,1.12,1.13,259716
AGL,20050218,13.86,14.11,13.83,14.1,753138
AGM,20050218,0.14,0.14,0.14,0.14,665266
AGO,20050218,0.29,0.29,0.29,0.29,14000
AGP,20050218,3,3,3,3,8000
AGX,20050218,0.45,0.45,0.435,0.44,94600
AGY,20050218,0.059,0.059,0.059,0.059,2080
AGZ,20050218,0.22,0.24,0.22,0.24,2083
AHD,20050218,4.46,4.51,4.31,4.35,26676
AHG,20050218,0.051,0.051,0.048,0.05,190800
AHS,20050218,1.4,1.4,1.38,1.38,79564
AHU,20050218,8.1,8.25,8.1,8.1,2186
AIA,20050218,7.65,7.8,7.65,7.8,7716
AIE,20050218,0.18,0.185,0.18,0.185,96500
AIM,20050218,0.054,0.055,0.053,0.055,2201346
AIX,20050218,2.68,2.71,2.68,2.71,798578
AIZ,20050218,1.48,1.51,1.48,1.49,102268
AJL,20050218,1.87,1.87,1.8,1.8,30860
ALD,20050218,0.25,0.265,0.25,0.265,175676
ALE,20050218,0.08,0.08,0.075,0.075,168999
ALH,20050218,3.74,3.74,3.74,3.74,1000
ALK,20050218,0.22,0.22,0.22,0.22,30000
ALL,20050218,10.42,10.53,10.21,10.5,1589322
ALN,20050218,8.7,8.71,8.58,8.7,921136
ALO,20050218,0.66,0.66,0.66,0.66,4200
ALR,20050218,1.21,1.21,1.19,1.19,47946
ALS,20050218,8.6,8.6,8.4,8.55,84397
ALT,20050218,0.06,0.063,0.06,0.063,30000
ALU,20050218,0.34,0.35,0.34,0.34,60000
ALW,20050218,0.45,0.45,0.45,0.45,20000
ALZ,20050218,1.82,1.83,1.79,1.79,817317
AMB,20050218,0.56,0.56,0.56,0.56,4418
AMC,20050218,7.03,7.14,7,7.08,3980593
AME,20050218,0.19,0.19,0.19,0.19,125000
AMG,20050218,0.029,0.03,0.028,0.03,233300
AMH,20050218,0.5,0.5,0.49,0.49,38531
AML,20050218,0.52,0.52,0.51,0.51,35196
AMM,20050218,0.195,0.2,0.19,0.2,487000
AMO,20050218,1.01,1.01,1.01,1.01,2000
AMP,20050218,7.44,7.49,7.33,7.38,12079858
AMU,20050218,0.77,0.78,0.77,0.78,89113
AND,20050218,0.1,0.1,0.095,0.099,1972479
ANE,20050218,3.91,3.92,3.91,3.92,25000
ANG,20050218,0.405,0.405,0.39,0.39,43629
ANM,20050218,0.016,0.017,0.016,0.017,1252354
ANN,20050218,10.05,10.06,9.93,10,331189
ANP,20050218,0.12,0.125,0.12,0.12,152275
ANX,20050218,0.43,0.43,0.42,0.42,112421
ANZ,20050218,21.14,21.32,21.05,21.24,4425434
AOE,20050218,0.415,0.42,0.405,0.405,548458
APA,20050218,3.7,3.76,3.7,3.76,228787
APE,20050218,7.05,7.05,7.05,7.05,994
APG,20050218,0.045,0.046,0.044,0.046,413913
API,20050218,3.26,3.27,3.25,3.27,273024
APM,20050218,0.021,0.021,0.021,0.021,98000
APN,20050218,5.01,5.05,4.98,4.99,393253
APV,20050218,0.37,0.37,0.37,0.37,12000
APZ,20050218,0.215,0.215,0.21,0.21,1113841
AQA,20050218,2.78,2.85,2.75,2.8,88304
AQD,20050218,0.14,0.14,0.14,0.14,15000
AQL,20050218,0.04,0.04,0.04,0.04,250000
AQP,20050218,5.8,5.9,5.79,5.9,16029
ARA,20050218,0.39,0.39,0.38,0.38,12061
ARE,20050218,0.155,0.155,0.155,0.155,2000
ARG,20050218,5.75,5.77,5.71,5.75,97019
ARO,20050218,0.061,0.061,0.057,0.06,360000
ARP,20050218,3.87,3.87,3.8,3.8,79691
ARQ,20050218,1.86,1.86,1.78,1.81,432620
ARU,20050218,0.225,0.23,0.225,0.23,375000
ARX,20050218,0.059,0.059,0.059,0.059,156250
ASB,20050218,1.94,2,1.93,1.97,210956
ASC,20050218,0.049,0.049,0.049,0.049,310000
ASL,20050218,0.65,0.65,0.63,0.64,391174
ASP,20050218,0.098,0.098,0.098,0.098,1216
ASQ,20050218,0.45,0.45,0.45,0.45,1500
ASU,20050218,0.016,0.016,0.016,0.016,3468
ASV,20050218,0.17,0.17,0.17,0.17,15000
ASX,20050218,22.25,22.36,22.22,22.26,267171
ASZ,20050218,0.43,0.43,0.43,0.43,226
ATG,20050218,1.01,1.01,0.98,1,67460
ATP,20050218,0.21,0.22,0.21,0.22,50600
ATX,20050218,0.079,0.079,0.078,0.078,361000
ATZ,20050218,0.31,0.31,0.28,0.28,149071
AUI,20050218,5.3,5.3,5.3,5.3,4000
AUM,20050218,0.047,0.048,0.047,0.048,353267
AUN,20050218,0.84,0.84,0.83,0.83,1223544
AUO,20050218,1.03,1.03,1.02,1.02,1244213
AUS,20050218,0.96,0.97,0.96,0.97,15000
AUW,20050218,1.09,1.12,1.09,1.12,919184
AUX,20050218,0.049,0.05,0.049,0.049,685000
AVA,20050218,0.054,0.054,0.052,0.054,1431300
AVE,20050218,1.6,1.6,1.6,1.6,158769
AVJ,20050218,1.47,1.5,1.47,1.48,93333
AVM,20050218,0.72,0.73,0.72,0.73,46900
AVO,20050218,0.375,0.43,0.375,0.43,2292525
AVR,20050218,1.07,1.08,1.05,1.08,43998
AVT,20050218,0.051,0.051,0.05,0.05,209474
AVU,20050218,0.49,0.49,0.47,0.47,38760
AVV,20050218,1.54,1.54,1.45,1.5,61045
AVX,20050218,0.215,0.22,0.205,0.205,112597
AWB,20050218,4.48,4.5,4.46,4.48,754622
AWC,20050218,5.93,6.02,5.92,5.99,6570860
AWE,20050218,1.65,1.71,1.63,1.71,1791895
AWL,20050218,0.03,0.03,0.03,0.03,50000
AWP,20050218,11.12,11.25,11.1,11.2,16844
AXA,20050218,4.26,4.27,4.22,4.26,2831399
AXI,20050218,0.021,0.021,0.021,0.021,231111
AXO,20050218,0.115,0.115,0.115,0.115,30000
AZA,20050218,0.6,0.61,0.6,0.6,88925
AZC,20050218,0.205,0.205,0.19,0.19,180920
AZR,20050218,0.205,0.205,0.195,0.2,2426964
AZZ,20050218,0.62,0.64,0.62,0.64,178487
BAR,20050218,0.07,0.07,0.068,0.068,144515
BAS,20050218,0.52,0.53,0.51,0.52,297620
BAX,20050218,5.8,5.8,5.75,5.8,6255
BBB,20050218,0.6,0.6,0.56,0.58,450550
BBG,20050218,12,12.12,12,12.12,269943
BBL,20050218,0.13,0.13,0.13,0.13,10000
BCA,20050218,3.05,3.15,2.91,3.06,3127067
BCD,20050218,0.385,0.385,0.38,0.38,153871
BDG,20050218,0.93,0.93,0.91,0.91,270893
BDI,20050218,0.28,0.295,0.28,0.295,20383
BDL,20050218,0.083,0.089,0.083,0.089,12570
BDM,20050218,0.53,0.53,0.53,0.53,5000
BDS,20050218,3.29,3.29,3.25,3.25,10312
BEL,20050218,0.375,0.375,0.375,0.375,139757
BEN,20050218,9.77,9.85,9.72,9.76,206598
BGD,20050218,0.18,0.18,0.18,0.18,45000
BGF,20050218,0.18,0.18,0.175,0.18,3393197
BGN,20050218,0.085,0.094,0.083,0.085,1270732
BHP,20050218,17.91,18.1,17.78,17.94,17393220
BIC,20050218,0.52,0.54,0.52,0.54,12311
BIL,20050218,7.81,7.83,7.66,7.8,6747085
BIT,20050218,0.245,0.26,0.245,0.26,28200
BIX,20050218,0.084,0.084,0.083,0.083,75000
BKA,20050218,0.34,0.34,0.32,0.32,115593
BKI,20050218,1.17,1.18,1.16,1.16,100100
BKL,20050218,14,14,13.83,13.83,755
BKM,20050218,0.013,0.013,0.013,0.013,500000
BKN,20050218,3.06,3.06,3.04,3.05,303671
BKR,20050218,0.355,0.37,0.35,0.37,47500
BKS,20050218,0.016,0.016,0.016,0.016,701375
BKV,20050218,0.11,0.11,0.105,0.105,67505
BKW,20050218,11.8,11.85,11.8,11.85,1842259
BLD,20050218,6.52,6.57,6.45,6.54,1480791
BLR,20050218,0.02,0.02,0.02,0.02,395000
BLT,20050218,0.42,0.42,0.35,0.38,281760
BLZ,20050218,0.09,0.092,0.09,0.09,255748
BMO,20050218,0.34,0.34,0.33,0.33,99074
BMX,20050218,0.145,0.145,0.14,0.145,453397
BNB,20050218,10.73,10.73,10.37,10.52,794184
BNO,20050218,0.23,0.24,0.215,0.24,159752
BOC,20050218,0.6,0.6,0.55,0.55,234500
BOD,20050218,0.145,0.15,0.145,0.15,113875
BOL,20050218,2.15,2.21,2.15,2.19,198256
BON,20050218,0.5,0.53,0.5,0.52,55000
BOQ,20050218,10.76,10.78,10.58,10.65,175717
BOS,20050218,0.255,0.26,0.245,0.25,75000
BPC,20050218,0.97,0.98,0.96,0.96,2552019
BPH,20050218,0.14,0.14,0.135,0.135,22500
BPO,20050218,0.071,0.072,0.069,0.069,511540
BPT,20050218,0.48,0.51,0.48,0.5,2945811
BQT,20050218,0.26,0.265,0.25,0.255,772218
BRK,20050218,4.5,4.5,4.36,4.4,58280
BRO,20050218,0.009,0.009,0.009,0.009,1894361
BRW,20050218,0.042,0.044,0.04,0.044,6926020
BRZ,20050218,2.29,2.3,2.27,2.3,46372
BSA,20050218,0.3,0.3,0.29,0.29,423704
BSG,20050218,0.58,0.59,0.58,0.58,655540
BSL,20050218,9.78,10.03,9.74,9.91,4342412
BSO,20050218,2.2,2.2,2.18,2.19,77431
BTA,20050218,0.44,0.455,0.43,0.455,422371
BTC,20050218,0.42,0.44,0.42,0.435,108100
BTV,20050218,0.039,0.039,0.035,0.037,1262710
BTX,20050218,0.82,0.82,0.79,0.8,203639
BUY,20050218,0.105,0.105,0.095,0.097,898392
BWP,20050218,1.74,1.74,1.71,1.71,257516
BWT,20050218,0.054,0.056,0.05,0.05,1695000
BXP,20050218,0.23,0.23,0.225,0.225,46036
CAA,20050218,2.32,2.32,2.28,2.28,208809
CAB,20050218,4.31,4.36,4.31,4.35,94980
CAG,20050218,0.046,0.052,0.046,0.052,6168894
CAL,20050218,0.52,0.55,0.52,0.55,9284
CAS,20050218,0.2,0.225,0.2,0.225,50000
CAT,20050218,4.65,4.65,4.6,4.65,3100
CAU,20050218,0.195,0.195,0.19,0.19,157359
CAZ,20050218,0.435,0.435,0.425,0.43,59000
CBA,20050218,34.97,35.34,34.82,35.18,3785761
CBD,20050218,0.275,0.28,0.275,0.28,15800
CBH,20050218,0.265,0.285,0.265,0.285,7129404
CCE,20050218,0.395,0.43,0.395,0.425,1996035
CCL,20050218,8.15,8.15,8.08,8.14,1279305
CCO,20050218,0.005,0.005,0.005,0.005,2299959
CCP,20050218,3.39,3.39,3.35,3.35,2150
CCS,20050218,0.06,0.06,0.06,0.06,1000
CCV,20050218,0.3,0.3,0.3,0.3,86900
CDA,20050218,1.9,1.91,1.9,1.91,42666
CDD,20050218,2.64,2.64,2.6,2.63,7400
CDF,20050218,1.428,1.428,1.425,1.428,14660
CDO,20050218,5.67,5.7,5.6,5.61,197107
CDP,20050218,3.04,3.05,3.01,3.01,22063
CDR,20050218,2.45,2.45,2.37,2.43,100883
CDX,20050218,3.04,3.04,3,3,16000
CEG,20050218,1.7,1.7,1.6,1.65,99873
CEQ,20050218,2.07,2.07,2.07,2.07,13750
CEY,20050218,4.01,4.09,4.01,4.07,815024
CFI,20050218,0.72,0.73,0.72,0.73,25556
CFR,20050218,0.021,0.022,0.021,0.022,1023100
CGF,20050218,3.32,3.37,3.31,3.33,964718
CGM,20050218,0.095,0.1,0.095,0.1,79000
CGO,20050218,0.69,0.7,0.69,0.7,1304750
CGS,20050218,0.21,0.21,0.19,0.19,35000
CGX,20050218,0.81,0.83,0.81,0.83,1233000
CHB,20050218,31.05,31.25,31.05,31.25,1327
CHF,20050218,0.39,0.39,0.385,0.385,18900
CHL,20050218,0.145,0.145,0.145,0.145,20000
CHO,20050218,5,5,4.96,4.96,5370
CHQ,20050218,0.89,0.89,0.89,0.89,8875
CHR,20050218,2.7,2.7,2.7,2.7,5000
CHT,20050218,0.013,0.013,0.012,0.012,140000
CHX,20050218,1.08,1.08,1.03,1.03,371779
CHY,20050218,1.97,1.97,1.97,1.97,13254
CID,20050218,0.17,0.17,0.17,0.17,200000
CIG,20050218,0.038,0.038,0.036,0.037,1608600
CIN,20050218,15.3,15.3,15,15,814
CIR,20050218,2.02,2.02,2.01,2.01,19937
CIY,20050218,5.18,5.2,5.1,5.17,308787
CKL,20050218,0.73,0.76,0.73,0.73,136001
CKR,20050218,0.55,0.55,0.55,0.55,16900
CKS,20050218,0.4,0.4,0.4,0.4,46481
CLB,20050218,0.145,0.145,0.145,0.145,23000
CLF,20050218,0.76,0.76,0.75,0.76,58791
CLH,20050218,1.57,1.57,1.52,1.53,278059
CLO,20050218,0.56,0.57,0.56,0.57,1059976
CLT,20050218,1.71,1.72,1.71,1.72,17200
CLV,20050218,0.3,0.31,0.3,0.3,400171
CLX,20050218,0.7,0.7,0.7,0.7,715
CMI,20050218,1.88,1.92,1.85,1.92,9264
CMK,20050218,0.57,0.57,0.57,0.57,5000
CML,20050218,9.26,9.44,9.26,9.44,3622856
CMO,20050218,0.023,0.023,0.02,0.02,315000
CMP,20050218,0.395,0.395,0.38,0.38,48633
CMQ,20050218,1.5,1.51,1.48,1.49,203176
CMR,20050218,0.365,0.365,0.365,0.365,3287
CMW,20050218,0.29,0.295,0.29,0.295,38920
CMX,20050218,0.135,0.135,0.13,0.13,87903
CNA,20050218,35.66,35.66,35.66,35.66,528
CND,20050218,2.28,2.29,2.27,2.29,4753
CNE,20050218,0.2,0.2,0.2,0.2,2600
CNF,20050218,0.088,0.091,0.088,0.091,106400
CNM,20050218,0.038,0.04,0.038,0.039,709500
CNN,20050218,0.057,0.061,0.057,0.061,43787
CNP,20050218,5.33,5.36,5.21,5.21,825306
CNT,20050218,0.34,0.34,0.34,0.34,188605
COA,20050218,4.35,4.5,4.35,4.5,1004042
COE,20050218,0.24,0.24,0.235,0.235,57134
COF,20050218,2.5,2.5,2.47,2.5,93800
COH,20050218,28.4,28.92,28.4,28.82,235775
COI,20050218,0.115,0.115,0.115,0.115,30070
COO,20050218,0.03,0.03,0.028,0.028,943000
COS,20050218,0.68,0.68,0.68,0.68,10000
COU,20050218,1.47,1.47,1.45,1.47,79900
COZ,20050218,0.365,0.37,0.36,0.37,106000
CPA,20050218,1.25,1.26,1.24,1.24,2985708
CPB,20050218,9.6,9.7,9.59,9.7,14941
CPC,20050218,0.265,0.265,0.26,0.26,561060
CPI,20050218,0.88,0.88,0.87,0.88,99250
CPK,20050218,5.4,5.4,5.4,5.4,2000
CPN,20050218,0.078,0.085,0.078,0.079,1038573
CPS,20050218,0.42,0.42,0.4,0.4,10574
CPU,20050218,6.06,6.18,5.99,6.01,2563067
CQT,20050218,0.205,0.205,0.205,0.205,150000
CRD,20050218,0.235,0.235,0.23,0.235,571697
CRE,20050218,0.125,0.125,0.125,0.125,154412
CRG,20050218,9.2,9.2,9.08,9.1,362492
CRK,20050218,0.28,0.305,0.275,0.305,60162
CRP,20050218,0.13,0.13,0.13,0.13,3700
CRS,20050218,0.5,0.52,0.5,0.5,1048487
CRT,20050218,0.485,0.495,0.485,0.495,8707
CRU,20050218,1.05,1.05,1.05,1.05,1128
CSE,20050218,0.19,0.19,0.18,0.18,939790
CSH,20050218,2.1,2.1,2.05,2.05,13000
CSL,20050218,31,31,30.65,30.79,637925
CSM,20050218,3.34,3.34,3.26,3.26,243997
CSR,20050218,2.44,2.44,2.41,2.42,2767014
CST,20050218,3,3.06,2.99,3.05,70878
CTF,20050218,0.32,0.32,0.32,0.32,16111
CTL,20050218,0.98,0.98,0.97,0.98,164870
CTN,20050218,1.06,1.06,1.04,1.05,55000
CTO,20050218,0.135,0.135,0.135,0.135,23476
CTX,20050218,12.2,12.45,12.2,12.35,582494
CUE,20050218,0.26,0.265,0.255,0.255,3374756
CUL,20050218,0.038,0.041,0.038,0.041,3796299
CUO,20050218,0.02,0.021,0.019,0.02,2385439
CUS,20050218,0.105,0.105,0.098,0.098,271450
CVB,20050218,0.27,0.27,0.27,0.27,12500
CVI,20050218,0.07,0.07,0.07,0.07,3000
CVN,20050218,0.027,0.027,0.026,0.026,792500
CWG,20050218,0.14,0.14,0.14,0.14,100000
CWP,20050218,2.31,2.31,2.31,2.31,7180
CWT,20050218,1.05,1.05,1.03,1.03,465236
CXL,20050218,0.64,0.65,0.64,0.65,21719
CXP,20050218,6.1,6.12,6,6.04,507277
CXS,20050218,0.63,0.63,0.62,0.63,18920
CYA,20050218,1.07,1.08,1.06,1.08,476811
CYG,20050218,7.2,7.2,7.1,7.1,27815
CYN,20050218,0.67,0.67,0.67,0.67,15000
CYT,20050218,0.58,0.58,0.58,0.58,177500
DBS,20050218,0.36,0.36,0.36,0.36,3000
DDT,20050218,0.42,0.42,0.39,0.4,518019
DEG,20050218,0.345,0.355,0.345,0.35,262105
DES,20050218,0.14,0.15,0.14,0.15,37853
DGH,20050218,1.04,1.05,1.03,1.03,24840
DGR,20050218,0.08,0.08,0.08,0.08,132207
DIA,20050218,0.14,0.15,0.14,0.145,229334
DID,20050218,0.039,0.039,0.039,0.039,163
DIO,20050218,0.09,0.09,0.089,0.089,284000
DJS,20050218,2.06,2.06,2.02,2.03,1283269
DJW,20050218,3.9,3.94,3.89,3.91,124071
DKN,20050218,0.8,0.82,0.8,0.82,35850
DKS,20050218,12.61,12.61,12.61,12.61,400
DLS,20050218,0.071,0.072,0.07,0.072,2136207
DMX,20050218,0.028,0.029,0.026,0.028,1270439
DNL,20050218,0.33,0.33,0.31,0.33,190157
DNX,20050218,0.086,0.088,0.086,0.088,43500
DOM,20050218,0.345,0.345,0.34,0.34,38000
DON,20050218,0.34,0.34,0.32,0.32,53000
DOW,20050218,5.3,5.45,5.27,5.35,391961
DRA,20050218,0.25,0.255,0.245,0.255,152000
DRD,20050218,1.91,2,1.87,2,31407
DRT,20050218,1.27,1.27,1.25,1.25,6665370
DTL,20050218,3.5,3.5,3.49,3.49,10231
DUE,20050218,2.58,2.58,2.54,2.56,992726
DUI,20050218,2.35,2.38,2.35,2.35,79500
DVC,20050218,3.29,3.35,3.2,3.35,1590708
DVN,20050218,0.74,0.75,0.73,0.75,143975
DYL,20050218,0.07,0.075,0.068,0.068,46483185
EBG,20050218,0.195,0.195,0.195,0.195,2600
EBR,20050218,0.13,0.13,0.12,0.125,634178
EBT,20050218,0.19,0.195,0.19,0.195,495660
ECU,20050218,0.067,0.068,0.066,0.068,558500
EDN,20050218,0.31,0.32,0.31,0.32,13000
EGL,20050218,0.29,0.3,0.29,0.295,149911
EGO,20050218,0.01,0.011,0.01,0.011,6254944
EIF,20050218,0.058,0.058,0.057,0.057,57545
EIL,20050218,0.15,0.15,0.14,0.14,173000
EIV,20050218,0.052,0.052,0.052,0.052,30000
ELL,20050218,0.07,0.07,0.07,0.07,242397
ELX,20050218,0.19,0.205,0.19,0.2,1574933
EMI,20050218,0.29,0.3,0.285,0.3,113500
EMP,20050218,0.55,0.56,0.55,0.55,82753
EMS,20050218,0.225,0.23,0.225,0.23,5000
ENE,20050218,3.57,3.68,3.57,3.65,212023
ENV,20050218,1.13,1.13,1.12,1.12,433805
EOS,20050218,5.08,5.1,5.03,5.05,36719
EPE,20050218,0.145,0.15,0.14,0.14,308480
EPR,20050218,0.11,0.11,0.105,0.105,141000
EPT,20050218,0.73,0.76,0.72,0.73,270897
EQI,20050218,1.26,1.26,1.24,1.25,770544
EQM,20050218,4.35,4.35,4.35,4.35,3500
EQN,20050218,0.64,0.64,0.6,0.63,77071
EQT,20050218,12.5,12.5,12.5,12.5,1000
EQX,20050218,0.27,0.27,0.27,0.27,21000
ERA,20050218,10.79,10.9,10.49,10.75,23897
ERG,20050218,0.305,0.31,0.3,0.305,1204774
ESG,20050218,0.22,0.225,0.215,0.22,1148355
ESL,20050218,0.12,0.12,0.12,0.12,5900
ESS,20050218,0.39,0.395,0.39,0.395,169000
ESV,20050218,0.84,0.84,0.82,0.84,26084
ETC,20050218,0.008,0.008,0.008,0.008,1649000
ETE,20050218,0.255,0.255,0.245,0.245,58000
ETR,20050218,2.07,2.07,2.03,2.05,113545
ETT,20050218,0.105,0.105,0.105,0.105,8000
ETW,20050218,1.09,1.1,1.09,1.09,15920
EUG,20050218,0.18,0.18,0.18,0.18,50000
EVM,20050218,0.295,0.295,0.295,0.295,56000
EWC,20050218,0.02,0.02,0.02,0.02,50000
EXL,20050218,6.47,6.58,6.3,6.41,895198
EXR,20050218,0.74,0.74,0.71,0.73,51417
EXS,20050218,0.18,0.18,0.16,0.175,221664
EXT,20050218,0.018,0.018,0.017,0.018,3056111
EZE,20050218,0.135,0.135,0.135,0.135,104000
EZL,20050218,1.73,1.74,1.73,1.74,5643
EZY,20050218,0.085,0.085,0.085,0.085,3000
FAN,20050218,4.75,4.83,4.75,4.83,4078
FAR,20050218,0.091,0.095,0.086,0.091,3662328
FBU,20050218,6.44,6.49,6.44,6.49,88677
FCL,20050218,2.16,2.17,2.13,2.14,1232345
FCN,20050218,0.88,0.92,0.88,0.88,5046499
FDL,20050218,0.029,0.032,0.029,0.03,3113481
FEA,20050218,0.6,0.62,0.6,0.61,275800
FGL,20050218,5.28,5.34,5.25,5.28,6110146
FKP,20050218,3.9,3.9,3.85,3.87,346799
FLK,20050218,0.79,0.79,0.78,0.78,38410
FLT,20050218,16.15,16.2,16.05,16.15,193217
FLX,20050218,2.9,2.92,2.88,2.92,40959
FMG,20050218,4.33,4.36,4.29,4.29,210483
FOA,20050218,23.42,23.64,23.26,23.6,816838
FPA,20050218,2.99,2.99,2.9,2.93,118462
FPF,20050218,0.58,0.58,0.58,0.58,9899
FPG,20050218,0.58,0.58,0.58,0.58,5250
FPH,20050218,2.89,2.9,2.86,2.9,22890
FPS,20050218,0.81,0.81,0.81,0.81,14000
FRL,20050218,0.205,0.205,0.205,0.205,29872
FSL,20050218,0.018,0.018,0.018,0.018,174000
FUN,20050218,1.84,1.84,1.83,1.83,351257
FUS,20050218,0.017,0.017,0.017,0.017,690334
FUT,20050218,0.031,0.031,0.03,0.03,109573
FWD,20050218,8.2,8.34,8.12,8.34,107809
FWF,20050218,0.475,0.475,0.475,0.475,4440
FXJ,20050218,4.3,4.35,4.27,4.33,4967705
FXR,20050218,0.46,0.46,0.455,0.455,55000
GAA,20050218,1.11,1.16,1.1,1.16,57650
GAN,20050218,1.59,1.6,1.57,1.59,2115082
GAP,20050218,2.59,2.6,2.53,2.58,33025
GAS,20050218,2.52,2.53,2.5,2.53,223108
GAU,20050218,0.135,0.14,0.13,0.13,180000
GBA,20050218,0.075,0.075,0.075,0.075,22500
GBG,20050218,0.105,0.11,0.105,0.105,1617203
GBN,20050218,0.027,0.027,0.027,0.027,8000
GBP,20050218,0.59,0.6,0.59,0.6,90792
GBR,20050218,0.24,0.24,0.2,0.2,5013
GCH,20050218,1.094,1.094,1.094,1.094,150000
GCL,20050218,3.09,3.11,3.02,3.02,577641
GCN,20050218,0.062,0.062,0.062,0.062,16000
GCR,20050218,0.056,0.06,0.055,0.06,1190823
GDA,20050218,0.007,0.008,0.007,0.007,630000
GDM,20050218,0.4,0.4,0.39,0.4,70187
GDN,20050218,0.036,0.038,0.036,0.037,900500
GDR,20050218,0.15,0.15,0.15,0.15,43000
GDY,20050218,1.76,1.76,1.62,1.63,325004
GFD,20050218,0.86,0.86,0.86,0.86,18789
GGN,20050218,0.38,0.385,0.38,0.38,667120
GGP,20050218,0.285,0.285,0.28,0.285,146250
GHG,20050218,0.8,0.8,0.79,0.8,17472
GIP,20050218,0.135,0.14,0.135,0.14,175000
GIR,20050218,0.215,0.23,0.215,0.23,395985
GLB,20050218,0.405,0.41,0.4,0.4,123825
GLI,20050218,1.13,1.13,1.13,1.13,40700
GLN,20050218,0.29,0.295,0.29,0.29,30700
GLS,20050218,1.45,1.45,1.45,1.45,65000
GMI,20050218,1.06,1.07,1.06,1.07,53542
GNC,20050218,14.01,14.2,14,14.2,59508
GNS,20050218,4.48,4.55,4.48,4.5,313434
GOA,20050218,0.12,0.12,0.12,0.12,2000
GOG,20050218,0.205,0.21,0.205,0.21,102424
GOP,20050218,0.155,0.155,0.155,0.155,100000
GOW,20050218,2.65,2.66,2.65,2.66,7500
GPE,20050218,0.175,0.175,0.17,0.175,116500
GPG,20050218,2.14,2.14,2.1,2.14,140197
GPO,20050218,0.046,0.046,0.046,0.046,5000
GPT,20050218,3.9,3.91,3.84,3.88,11982843
GRD,20050218,2.62,2.62,2.56,2.57,534941
GRN,20050218,0.38,0.38,0.37,0.37,60000
GRO,20050218,1.44,1.45,1.44,1.45,81735
GRR,20050218,1.23,1.27,1.23,1.26,104300
GRV,20050218,0.22,0.22,0.22,0.22,1000
GRY,20050218,0.295,0.3,0.28,0.3,274047
GSA,20050218,1.1,1.11,1.09,1.1,1169914
GTG,20050218,0.52,0.52,0.49,0.51,844181
GTM,20050218,0.079,0.079,0.074,0.075,10597502
GTN,20050218,0.55,0.6,0.55,0.6,21000
GTP,20050218,4.53,4.65,4.52,4.65,3120307
GTX,20050218,0.3,0.3,0.29,0.3,259900
GUD,20050218,7.38,7.42,7.27,7.38,631042
GUL,20050218,0.02,0.02,0.02,0.02,46800
GUN,20050218,0.24,0.25,0.24,0.25,41616
GVM,20050218,0.034,0.034,0.034,0.034,25000
GWE,20050218,0.3,0.3,0.3,0.3,26150
GWR,20050218,0.27,0.27,0.26,0.26,88000
GWT,20050218,3.01,3.04,3,3,260389
GZL,20050218,3.48,3.48,3.48,3.48,300
HAN,20050218,12.85,12.85,12.76,12.8,1475
HAO,20050218,0.12,0.12,0.12,0.12,51850
HAV,20050218,1.6,1.63,1.52,1.63,264093
HCC,20050218,1.55,1.55,1.54,1.54,18340
HCY,20050218,0.019,0.02,0.019,0.02,999000
HDF,20050218,2.63,2.64,2.61,2.61,829893
HDN,20050218,0.16,0.16,0.16,0.16,134514
HDR,20050218,1.93,2.01,1.91,1.99,5092734
HER,20050218,0.85,0.85,0.83,0.83,8000
HGL,20050218,0.022,0.025,0.022,0.022,32000
HGO,20050218,0.18,0.185,0.18,0.185,21000
HGR,20050218,0.19,0.21,0.19,0.21,122684
HHG,20050218,1.52,1.55,1.52,1.54,6529089
HHL,20050218,7.74,7.75,7.58,7.6,4123
HHM,20050218,0.14,0.14,0.14,0.14,30000
HHV,20050218,0.96,0.97,0.96,0.97,315059
HIB,20050218,1.55,1.57,1.52,1.57,63900
HIC,20050218,0.78,0.8,0.78,0.8,37109
HIG,20050218,0.475,0.49,0.475,0.485,478690
HII,20050218,0.09,0.09,0.09,0.09,35000
HIL,20050218,4.33,4.4,4.31,4.31,167686
HJB,20050218,0.67,0.67,0.65,0.65,43100
HLD,20050218,0.325,0.325,0.325,0.325,180225
HLL,20050218,0.24,0.24,0.165,0.165,72100
HLX,20050218,0.155,0.155,0.15,0.15,87316
HLY,20050218,10.43,10.7,10.43,10.5,170418
HMC,20050218,0.056,0.058,0.056,0.056,79320
HME,20050218,6.76,6.8,6.76,6.8,478
HNG,20050218,1.99,2,1.97,2,27000
HNR,20050218,0.165,0.165,0.165,0.165,13200
HPX,20050218,1.81,1.82,1.79,1.79,114371
HRD,20050218,0.335,0.335,0.335,0.335,10000
HRR,20050218,0.28,0.28,0.275,0.275,61000
HRS,20050218,0.08,0.08,0.08,0.08,50000
HSC,20050218,0.23,0.25,0.23,0.25,15250
HSK,20050218,0.415,0.42,0.415,0.42,13000
HSN,20050218,0.48,0.48,0.475,0.48,76000
HSP,20050218,4.3,4.34,4.28,4.32,620125
HTA,20050218,0.355,0.36,0.35,0.355,840107
HTE,20050218,0.05,0.051,0.05,0.051,109260
HTL,20050218,0.13,0.13,0.13,0.13,20235
HTM,20050218,0.099,0.1,0.099,0.1,60000
HTW,20050218,0.465,0.465,0.45,0.46,245000
HVN,20050218,2.89,2.89,2.87,2.88,1517672
HWG,20050218,0.145,0.155,0.145,0.15,490713
HWI,20050218,2.24,2.25,2.21,2.24,95380
HWT,20050218,1.51,1.55,1.51,1.55,16636
HWW,20050218,0.125,0.125,0.125,0.125,20000
HYO,20050218,0.115,0.115,0.11,0.11,115198
HZG,20050218,0.225,0.225,0.2,0.205,229333
HZN,20050218,0.105,0.105,0.1,0.1,198063
IAG,20050218,6.6,6.74,6.58,6.71,2130236
IAS,20050218,0.335,0.34,0.335,0.34,18680
IAT,20050218,0.11,0.115,0.105,0.115,154388
IBA,20050218,0.64,0.65,0.63,0.65,120745
IBC,20050218,0.59,0.59,0.59,0.59,11513
IBT,20050218,2.2,2.22,2.2,2.2,107830
ICC,20050218,0.011,0.011,0.009,0.01,17239715
ICE,20050218,0.022,0.022,0.021,0.021,168000
ICN,20050218,0.031,0.031,0.031,0.031,100000
ICS,20050218,0.465,0.465,0.46,0.46,4417
IDT,20050218,2.07,2.07,1.97,2,37885
IEF,20050218,1.14,1.15,1.14,1.14,195600
IFL,20050218,8.06,8.14,8.01,8.14,140096
IFM,20050218,0.63,0.63,0.59,0.6,3238008
IGO,20050218,1.23,1.23,1.21,1.23,1213646
IGP,20050218,4.12,4.19,4.11,4.18,126256
IGR,20050218,0.071,0.072,0.071,0.072,310000
IHG,20050218,0.04,0.04,0.039,0.04,2495200
IIF,20050218,2.08,2.08,2.06,2.08,912784
ILU,20050218,5.88,5.92,5.75,5.87,2456424
IMA,20050218,0.37,0.37,0.37,0.37,129000
IMD,20050218,0.23,0.235,0.23,0.235,558500
IMF,20050218,0.97,0.97,0.97,0.97,5550
IMH,20050218,0.19,0.19,0.19,0.19,99260
IMI,20050218,0.023,0.025,0.023,0.024,2492642
IML,20050218,0.145,0.145,0.135,0.135,101000
IMP,20050218,0.005,0.006,0.005,0.005,1815000
IMU,20050218,0.25,0.25,0.245,0.245,205938
INL,20050218,0.068,0.068,0.067,0.067,100104
INP,20050218,0.63,0.63,0.63,0.63,31052
INT,20050218,0.07,0.07,0.069,0.07,1400000
INV,20050218,0.051,0.053,0.051,0.053,400000
IOC,20050218,5,5.27,5,5.2,161650
IOF,20050218,1.26,1.27,1.24,1.25,9514715
IPG,20050218,2.08,2.08,2.05,2.05,5274204
IPL,20050218,21,21,20.1,20.5,1974
IPN,20050218,0.039,0.04,0.039,0.04,382139
IRC,20050218,0.076,0.076,0.076,0.076,36667
IRE,20050218,4.19,4.35,4.18,4.18,277216
IRI,20050218,0.54,0.55,0.53,0.55,162680
IRN,20050218,0.46,0.485,0.46,0.485,309055
ISS,20050218,0.2,0.21,0.195,0.21,155000
ITC,20050218,0.054,0.054,0.054,0.054,106100
ITD,20050218,0.13,0.135,0.13,0.135,240000
ITE,20050218,0.315,0.32,0.31,0.31,408200
ITF,20050218,1.41,1.42,1.4,1.42,56567
IVC,20050218,3.28,3.28,3.23,3.23,184926
IVK,20050218,0.024,0.027,0.024,0.027,4857907
IWF,20050218,2.46,2.5,2.45,2.5,13215
IWI,20050218,2.32,2.33,2.3,2.31,86925
IWL,20050218,2.89,2.95,2.89,2.95,113277
IYS,20050218,1.4,1.4,1.4,1.4,10000
JAK,20050218,0.21,0.21,0.205,0.205,262204
JBH,20050218,3.83,3.84,3.75,3.78,936109
JBM,20050218,5.65,5.79,5.63,5.66,1871577
JDV,20050218,0.8,0.8,0.8,0.8,684
JET,20050218,0.67,0.68,0.65,0.67,115190
JFM,20050218,1.32,1.32,1.32,1.32,66584
JGL,20050218,0.16,0.16,0.16,0.16,90000
JHX,20050218,6.52,6.57,6.51,6.55,1287659
JML,20050218,0.17,0.17,0.17,0.17,734608
JMS,20050218,0.135,0.135,0.12,0.13,466150
JRV,20050218,0.031,0.032,0.029,0.029,28774217
JST,20050218,2.83,2.92,2.83,2.9,1927114
JUM,20050218,0.037,0.038,0.035,0.035,8253000
JVG,20050218,0.175,0.175,0.175,0.175,75000
JYC,20050218,0.93,0.93,0.91,0.91,29412
KAR,20050218,1.52,1.52,1.35,1.41,220200
KCN,20050218,2.32,2.36,2.31,2.31,188365
KDS,20050218,0.69,0.7,0.69,0.7,69450
KHF,20050218,7.64,7.64,7.64,7.64,1232
KIA,20050218,0.265,0.275,0.265,0.275,41000
KIM,20050218,0.91,0.92,0.91,0.92,387512
KKT,20050218,1.07,1.08,1.07,1.08,20908
KLM,20050218,0.24,0.255,0.23,0.255,85488
KME,20050218,2.25,2.25,2.25,2.25,6000
KMN,20050218,0.25,0.255,0.25,0.255,58100
KOV,20050218,4.73,4.73,4.73,4.73,1200
KRS,20050218,0.56,0.56,0.55,0.55,76361
KSC,20050218,3.54,3.58,3.54,3.58,10600
KYC,20050218,1.8,1.82,1.74,1.74,247065
KZL,20050218,1.17,1.26,1.17,1.24,1454637
LAF,20050218,0.195,0.215,0.195,0.215,8464456
LAU,20050218,0.305,0.305,0.3,0.3,34400
LCL,20050218,0.81,0.81,0.81,0.81,18687
LCO,20050218,0.64,0.64,0.63,0.63,26212
LCT,20050218,0.45,0.45,0.445,0.445,31000
LDW,20050218,4.61,4.61,4.61,4.61,1899
LEF,20050218,0.2,0.23,0.19,0.23,77341
LEG,20050218,0.081,0.081,0.076,0.076,2584970
LEI,20050218,10.6,10.62,10.29,10.37,826421
LEP,20050218,1.7,1.7,1.69,1.69,43312
LFE,20050218,0.59,0.59,0.57,0.58,38100
LHG,20050218,1.09,1.1,1.08,1.1,7522765
LIM,20050218,7.32,7.4,7.32,7.39,340721
LIO,20050218,0.009,0.009,0.008,0.009,7591044
LIP,20050218,1.7,1.7,1.69,1.69,133338
LKE,20050218,0.14,0.14,0.14,0.14,25000
LKO,20050218,0.039,0.04,0.039,0.039,4931307
LKP,20050218,0.046,0.046,0.046,0.046,150000
LLC,20050218,13.45,13.45,12.89,13.02,5528834
LMC,20050218,2.57,2.6,2.57,2.6,16230
LMW,20050218,0.8,0.8,0.79,0.79,5000
LNG,20050218,0.46,0.475,0.44,0.45,888995
LNN,20050218,7.3,7.5,7.3,7.48,7936620
LOK,20050218,1.4,1.4,1.38,1.38,52265
LRF,20050218,0.95,0.95,0.95,0.95,7705
LRL,20050218,0.37,0.37,0.37,0.37,149440
LRX,20050218,0.28,0.28,0.26,0.27,3034000
LSG,20050218,2.06,2.1,2.06,2.1,250714
LUM,20050218,0.12,0.12,0.115,0.12,267481
LVL,20050218,0.145,0.15,0.135,0.15,161419
LVR,20050218,1.11,1.11,1.1,1.1,1227428
LYC,20050218,0.3,0.31,0.29,0.29,448450
LYL,20050218,1.72,1.72,1.71,1.71,16250
MAA,20050218,0.37,0.37,0.31,0.31,103964
MAH,20050218,0.53,0.56,0.51,0.54,1491238
MAL,20050218,0.54,0.54,0.44,0.53,427969
MAP,20050218,3.37,3.42,3.37,3.38,5330550
MAQ,20050218,0.17,0.17,0.17,0.17,30000
MAR,20050218,0.145,0.145,0.145,0.145,10000
MAY,20050218,4.5,4.58,4.41,4.55,2007081
MBL,20050218,48.9,49.75,48.9,49.3,1358475
MBN,20050218,0.56,0.56,0.55,0.55,48500
MBP,20050218,0.95,0.97,0.95,0.95,316681
MCC,20050218,6.23,6.29,6.13,6.15,259090
MCG,20050218,6.12,6.12,6.04,6.1,2608935
MCH,20050218,1.72,1.72,1.72,1.72,13000
MCL,20050218,0.01,0.01,0.008,0.008,502949
MCO,20050218,0.09,0.09,0.09,0.09,20000
MCP,20050218,5.49,5.49,5.34,5.43,34925
MCR,20050218,0.83,0.85,0.8,0.82,3342075
MCW,20050218,1.86,1.92,1.85,1.91,12996514
MDE,20050218,0.53,0.54,0.53,0.54,10140
MDL,20050218,0.49,0.49,0.49,0.49,50000
MDM,20050218,0.035,0.035,0.035,0.035,100000
MDS,20050218,0.13,0.13,0.12,0.12,100000
MDT,20050218,1.13,1.14,1.12,1.12,2853155
MDV,20050218,0.155,0.155,0.15,0.15,22000
MEE,20050218,0.054,0.055,0.051,0.051,140282
MEI,20050218,0.29,0.3,0.285,0.3,78085
MEL,20050218,0.31,0.31,0.3,0.3,33050
MEO,20050218,0.11,0.125,0.105,0.105,455959
MFI,20050218,1.08,1.08,1.08,1.08,6110
MFS,20050218,1.6,1.6,1.54,1.54,172000
MFT,20050218,0.92,0.92,0.9,0.9,77419
MGQ,20050218,3.91,3.95,3.91,3.94,2481083
MGR,20050218,4.65,4.65,4.56,4.56,3131734
MGW,20050218,6.17,6.18,6.11,6.15,286064
MGX,20050218,0.48,0.485,0.465,0.475,2010199
MGZ,20050218,0.155,0.155,0.155,0.155,17406
MHL,20050218,0.011,0.011,0.011,0.011,200000
MIC,20050218,0.071,0.071,0.068,0.068,826981
MIG,20050218,3.61,3.68,3.6,3.63,3603026
MIL,20050218,0.07,0.072,0.068,0.07,2153508
MIR,20050218,1.56,1.56,1.54,1.54,17900
MIS,20050218,0.38,0.385,0.38,0.38,22669
MLB,20050218,1.2,1.22,1.18,1.22,18912
MLE,20050218,1.78,1.79,1.77,1.78,266557
MLM,20050218,0.165,0.165,0.15,0.15,46050
MLT,20050218,16.55,16.78,16.55,16.78,4945
MMA,20050218,1.05,1.06,1.05,1.05,592968
MMN,20050218,0.125,0.13,0.125,0.13,450000
MMS,20050218,1.61,1.65,1.61,1.65,43619
MND,20050218,9.79,9.8,9.75,9.75,107055
MOB,20050218,0.195,0.195,0.195,0.195,33900
MOC,20050218,1.07,1.07,1.07,1.07,75000
MOF,20050218,1.25,1.25,1.23,1.23,4040488
MOG,20050218,0.32,0.32,0.32,0.32,100000
MOK,20050218,0.28,0.28,0.28,0.28,30000
MOS,20050218,0.195,0.195,0.19,0.19,2245835
MPA,20050218,0.115,0.115,0.115,0.115,90000
MPB,20050218,5.02,5.02,5,5,200
MPD,20050218,0.155,0.155,0.15,0.15,511209
MPF,20050218,1.07,1.07,1.05,1.06,534802
MPH,20050218,0.8,0.82,0.8,0.8,367100
MPI,20050218,0.061,0.062,0.061,0.062,272345
MPO,20050218,0.05,0.051,0.05,0.051,1747391
MPR,20050218,1.11,1.12,1.1,1.11,3792529
MPS,20050218,1.07,1.07,1.06,1.06,149617
MRE,20050218,1.92,1.92,1.89,1.92,1600931
MRL,20050218,1.02,1.03,1,1.01,400342
MRM,20050218,0.33,0.33,0.32,0.32,158225
MRS,20050218,0.22,0.22,0.22,0.22,31250
MRT,20050218,0.48,0.48,0.48,0.48,2000
MRX,20050218,0.068,0.068,0.066,0.066,2622493
MSB,20050218,0.71,0.73,0.71,0.73,131704
MSC,20050218,0.11,0.11,0.11,0.11,1071278
MSO,20050218,0.105,0.105,0.105,0.105,75000
MST,20050218,0.205,0.205,0.19,0.205,1516941
MSX,20050218,0.91,0.91,0.91,0.91,6786
MTB,20050218,0.11,0.11,0.11,0.11,6310
MTH,20050218,0.37,0.37,0.37,0.37,20000
MTI,20050218,0.56,0.56,0.55,0.55,51000
MTO,20050218,0.465,0.47,0.43,0.47,2106231
MTR,20050218,0.13,0.145,0.13,0.145,98300
MTT,20050218,2.97,3.03,2.95,3.02,1197344
MUL,20050218,0.03,0.03,0.029,0.029,2659499
MUR,20050218,0.087,0.089,0.087,0.087,185466
MVL,20050218,0.023,0.023,0.022,0.022,97000
MVP,20050218,0.98,1.02,0.96,0.96,55755
MVU,20050218,1.46,1.46,1.46,1.46,1000
MXG,20050218,5.84,5.86,5.8,5.8,2205008
MXI,20050218,0.93,0.94,0.92,0.92,91841
MXL,20050218,0.085,0.085,0.082,0.083,970000
MYO,20050218,1.16,1.16,1.14,1.15,649745
NAB,20050218,29.47,29.57,29.37,29.54,3112642
NAL,20050218,0.56,0.56,0.54,0.54,205960
NAM,20050218,0.53,0.54,0.52,0.53,56650
NAV,20050218,0.15,0.16,0.145,0.145,645500
NBL,20050218,2.8,2.84,2.7,2.7,621995
NCA,20050218,0.18,0.18,0.17,0.17,39805
NCK,20050218,1.86,1.86,1.8,1.86,74050
NCM,20050218,17.08,17.15,16.86,16.95,1343147
NDC,20050218,0.225,0.23,0.225,0.23,44350
NDO,20050218,0.069,0.069,0.068,0.068,1562950
NEM,20050218,5.38,5.42,5.37,5.42,34511
NEO,20050218,0.049,0.05,0.049,0.049,3894268
NEU,20050218,0.36,0.36,0.36,0.36,33887
NFD,20050218,6.15,6.17,6.15,6.17,1056863
NGM,20050218,0.14,0.14,0.14,0.14,2500
NHC,20050218,1.38,1.47,1.37,1.45,150809
NHL,20050218,0.255,0.26,0.255,0.26,100050
NHM,20050218,0.005,0.005,0.005,0.005,140000
NHR,20050218,0.43,0.43,0.42,0.43,368532
NIA,20050218,0.18,0.18,0.18,0.18,288770
NKL,20050218,0.19,0.19,0.185,0.185,53527
NKP,20050218,0.86,0.87,0.85,0.87,63000
NLB,20050218,0.135,0.135,0.135,0.135,1500
NLS,20050218,0.13,0.135,0.13,0.135,79881
NLX,20050218,0.43,0.435,0.425,0.435,563224
NMC,20050218,0.056,0.057,0.055,0.057,708000
NMS,20050218,0.82,0.82,0.78,0.78,114000
NNG,20050218,0.27,0.27,0.265,0.265,120000
NPH,20050218,1.42,1.42,1.4,1.4,38200
NRT,20050218,5.27,5.35,5.23,5.24,85910
NSA,20050218,0.265,0.265,0.26,0.26,16044
NSL,20050218,0.3,0.3,0.3,0.3,10000
NST,20050218,0.125,0.125,0.12,0.12,20000
NSX,20050218,0.9,0.92,0.89,0.9,157192
NTC,20050218,0.22,0.22,0.215,0.215,95000
NTG,20050218,0.055,0.055,0.055,0.055,63706
NUF,20050218,10.1,10.1,9.7,9.96,211615
NVE,20050218,0.31,0.315,0.305,0.31,148450
NWA,20050218,0.036,0.036,0.036,0.036,184000
NWE,20050218,0.13,0.13,0.13,0.13,144000
NWK,20050218,0.185,0.185,0.185,0.185,2000
NWS,20050218,22.25,22.3,22.2,22.25,2675198
NXS,20050218,0.48,0.48,0.455,0.455,337575
NZO,20050218,1.1,1.11,1.1,1.11,29012
OBJ,20050218,0.03,0.031,0.03,0.031,1755000
OCO,20050218,0.017,0.017,0.017,0.017,293500
OEC,20050218,0.105,0.105,0.1,0.1,261557
OEL,20050218,0.185,0.2,0.185,0.19,199881
OEX,20050218,0.27,0.275,0.265,0.265,987983
OFM,20050218,2.37,2.4,2.37,2.4,134141
OGD,20050218,0.65,0.66,0.63,0.65,796729
OHL,20050218,0.14,0.14,0.14,0.14,42512
OIL,20050218,0.345,0.35,0.34,0.345,83104
OKN,20050218,1.6,1.64,1.6,1.64,25100
OLE,20050218,0.027,0.027,0.027,0.027,20000
OLY,20050218,0.28,0.29,0.245,0.245,428000
OMC,20050218,0.33,0.35,0.33,0.35,46428
OMH,20050218,1.57,1.57,1.52,1.55,22665
OMI,20050218,0.81,0.81,0.8,0.8,18000
OMP,20050218,3.73,3.76,3.7,3.7,83986
OPC,20050218,0.13,0.13,0.13,0.13,6333
OPL,20050218,0.48,0.48,0.455,0.465,264413
OPM,20050218,0.005,0.005,0.004,0.005,15736000
ORC,20050218,0.11,0.115,0.11,0.11,1957133
ORG,20050218,6.71,6.92,6.71,6.87,1663513
ORI,20050218,19,19.25,18.96,19.18,699891
ORL,20050218,2.27,2.29,2.27,2.29,2600
ORO,20050218,0.043,0.045,0.042,0.042,304164
ORP,20050218,0.027,0.027,0.027,0.027,942000
ORT,20050218,0.093,0.094,0.093,0.094,89406
OSH,20050218,2.09,2.12,2.07,2.08,4403022
OST,20050218,2.77,2.79,2.75,2.77,3956819
OTL,20050218,0.52,0.53,0.52,0.52,696194
OTT,20050218,0.41,0.41,0.41,0.41,250
OXR,20050218,0.96,0.96,0.92,0.92,6262589
PAA,20050218,0.265,0.27,0.26,0.27,60050
PAC,20050218,1.1,1.1,1.1,1.1,2100
PAD,20050218,0.066,0.067,0.066,0.067,556
PBB,20050218,3.03,3.06,3,3.04,529004
PBD,20050218,1.27,1.29,1.26,1.29,64299
PBG,20050218,2.98,3.02,2.98,3,1128742
PBI,20050218,0.35,0.35,0.35,0.35,22000
PBL,20050218,15.55,15.76,15.52,15.7,1712077
PBO,20050218,0.305,0.305,0.305,0.305,10000
PBT,20050218,0.54,0.55,0.53,0.53,49500
PCG,20050218,0.51,0.53,0.51,0.52,79286
PCL,20050218,0.083,0.083,0.08,0.08,917153
PCO,20050218,0.012,0.012,0.012,0.012,170600
PCP,20050218,0.095,0.095,0.095,0.095,50000
PDG,20050218,22.8,23.15,22.65,23.1,2462
PDM,20050218,0.07,0.07,0.07,0.07,200000
PDN,20050218,1.14,1.15,1.12,1.14,978169
PDR,20050218,0.105,0.105,0.105,0.105,11953
PEA,20050218,0.55,0.55,0.55,0.55,18000
PEL,20050218,0.053,0.053,0.053,0.053,103034
PEM,20050218,1.1,1.16,1.1,1.11,1187071
PEN,20050218,0.016,0.016,0.016,0.016,250000
PEO,20050218,0.195,0.195,0.185,0.185,540400
PEP,20050218,0.47,0.47,0.465,0.465,34800
PET,20050218,0.99,0.99,0.98,0.98,16600
PGA,20050218,2.95,2.96,2.95,2.95,38500
PGL,20050218,4.45,4.46,4.4,4.44,39230
PGN,20050218,0.86,0.9,0.86,0.9,77000
PGS,20050218,0.25,0.25,0.24,0.245,471100
PHA,20050218,0.25,0.25,0.25,0.25,5000
PHL,20050218,0.057,0.065,0.055,0.055,1174832
PHY,20050218,4.47,4.49,4.43,4.46,1201786
PIE,20050218,0.017,0.017,0.017,0.017,273450
PIF,20050218,1.4,1.42,1.39,1.42,1204579
PIO,20050218,0.24,0.24,0.24,0.24,51500
PKT,20050218,0.008,0.008,0.008,0.008,1750
PLA,20050218,0.19,0.19,0.19,0.19,28000
PLF,20050218,1.2,1.21,1.18,1.18,202741
PLT,20050218,0.365,0.4,0.365,0.4,322292
PMA,20050218,0.125,0.125,0.12,0.12,50200
PMC,20050218,2.03,2.06,2.02,2.03,215913
PME,20050218,1.3,1.33,1.3,1.33,103963
PMM,20050218,3.48,3.49,3.46,3.46,2901946
PMN,20050218,5.45,5.54,5.42,5.52,2883784
PMP,20050218,2.2,2.22,2.11,2.15,2773350
PMX,20050218,0.065,0.065,0.065,0.065,3125
PNA,20050218,0.265,0.27,0.26,0.27,3414697
PNO,20050218,0.063,0.063,0.061,0.062,1155000
PNW,20050218,0.051,0.051,0.051,0.051,10000
POH,20050218,0.34,0.34,0.33,0.33,191065
POL,20050218,0.2,0.2,0.185,0.185,57098
PPC,20050218,1.6,1.6,1.59,1.59,56779
PPD,20050218,0.36,0.36,0.345,0.345,53000
PPK,20050218,1,1.01,1,1,70410
PPP,20050218,0.145,0.15,0.145,0.145,330000
PPR,20050218,2.23,2.23,2.2,2.23,16427
PPT,20050218,65.22,65.99,64.91,64.92,52676
PPX,20050218,4.51,4.58,4.51,4.54,1134101
PRE,20050218,0.032,0.037,0.031,0.037,11934726
PRG,20050218,3.32,3.33,3.31,3.32,22190
PRK,20050218,6.1,6.14,6.02,6.1,2838078
PRM,20050218,0.08,0.08,0.077,0.077,29428
PRO,20050218,0.125,0.125,0.125,0.125,76925
PRR,20050218,0.125,0.13,0.12,0.125,840232
PRT,20050218,3.1,3.1,3.1,3.1,36307
PRU,20050218,0.17,0.17,0.17,0.17,20000
PRV,20050218,1.03,1.03,1.02,1.03,490320
PRY,20050218,8.5,8.57,8.4,8.54,65104
PSA,20050218,1.14,1.15,1.12,1.12,189430
PSD,20050218,1.07,1.08,1.05,1.06,377499
PSG,20050218,0.135,0.135,0.13,0.135,192258
PSR,20050218,0.023,0.025,0.023,0.024,60090298
PSV,20050218,0.38,0.38,0.375,0.38,372251
PSX,20050218,0.24,0.24,0.225,0.225,292868
PTD,20050218,1.75,1.76,1.73,1.73,210291
PTR,20050218,0.32,0.32,0.31,0.32,9675
PTS,20050218,0.086,0.086,0.086,0.086,17500
PVE,20050218,0.88,0.99,0.88,0.96,4800
PWR,20050218,0.4,0.4,0.39,0.4,81324
PWT,20050218,1.45,1.6,1.44,1.6,460348
PXL,20050218,0.39,0.39,0.385,0.39,5860
PXS,20050218,0.93,0.95,0.92,0.95,172193
QAD,20050218,0.055,0.055,0.054,0.054,1305300
QAN,20050218,3.49,3.53,3.47,3.5,36783448
QBE,20050218,15.9,15.98,15.45,15.55,3321367
QCH,20050218,4.6,4.63,4.6,4.6,21250
QGC,20050218,0.59,0.6,0.57,0.57,499046
QMG,20050218,0.42,0.42,0.4,0.4,28465
QML,20050218,0.145,0.145,0.13,0.13,8000
QPX,20050218,0.14,0.14,0.13,0.135,405000
QRS,20050218,0.175,0.175,0.165,0.165,306332
QTM,20050218,0.17,0.17,0.165,0.165,88050
QUE,20050218,0.175,0.175,0.175,0.175,26250
QXQ,20050218,0.023,0.024,0.023,0.024,100000
RAC,20050218,0.59,0.59,0.58,0.59,405300
RAT,20050218,1.14,1.15,1.14,1.15,7000
RAU,20050218,0.165,0.165,0.16,0.16,51675
RBS,20050218,9.45,9.45,9.45,9.45,874
RBY,20050218,0.033,0.033,0.031,0.031,32000
RCD,20050218,6.16,6.16,6.1,6.13,287718
RCG,20050218,0.31,0.31,0.31,0.31,4000
RCH,20050218,0.006,0.006,0.006,0.006,50000
RCL,20050218,3.25,3.27,3.21,3.25,188754
RCR,20050218,0.78,0.78,0.74,0.76,226304
RCT,20050218,3.02,3.14,3.02,3.14,1000
RDF,20050218,3.8,3.8,3.46,3.67,473667
RDM,20050218,0.27,0.27,0.265,0.265,79274
RDR,20050218,0.245,0.26,0.245,0.255,75800
REA,20050218,1.71,1.95,1.54,1.9,291388
REB,20050218,2.88,2.88,2.85,2.85,37794
RED,20050218,0.13,0.135,0.13,0.13,160058
REH,20050218,13.21,13.21,13.2,13.2,2960
REL,20050218,0.13,0.13,0.13,0.13,90100
REM,20050218,0.62,0.62,0.61,0.61,65002
RFS,20050218,0.18,0.185,0.18,0.185,130000
RGA,20050218,0.74,0.74,0.73,0.73,39000
RHC,20050218,6.66,6.67,6.48,6.65,409717
RHD,20050218,0.97,0.97,0.93,0.95,110473
RHT,20050218,0.21,0.21,0.2,0.2,38500
RIC,20050218,1.49,1.5,1.48,1.48,304459
RIM,20050218,0.026,0.026,0.025,0.025,180922
RIN,20050218,10.98,11.05,10.95,11,1626795
RIO,20050218,43.9,44.28,43.75,44.14,3081416
RIV,20050218,0.63,0.63,0.62,0.63,27000
RKN,20050218,0.8,0.81,0.78,0.78,78684
RMC,20050218,0.043,0.043,0.04,0.04,45000
RMD,20050218,7.55,7.6,7.54,7.59,270850
RMG,20050218,0.025,0.026,0.025,0.026,155000
RMI,20050218,0.115,0.115,0.11,0.115,4523142
RML,20050218,0.19,0.195,0.19,0.195,31600
RMS,20050218,0.17,0.18,0.17,0.18,384199
RNG,20050218,0.145,0.145,0.145,0.145,99666
ROC,20050218,1.89,1.92,1.88,1.92,728926
ROK,20050218,3.97,3.98,3.96,3.97,7028
RPM,20050218,0.081,0.081,0.081,0.081,6134
RPT,20050218,0.022,0.022,0.022,0.022,100000
RRL,20050218,0.17,0.17,0.16,0.165,968404
RRS,20050218,0.021,0.022,0.021,0.022,1525000
RRT,20050218,0.96,0.96,0.95,0.95,27752
RSG,20050218,1.45,1.46,1.43,1.46,400912
RSN,20050218,0.115,0.12,0.115,0.12,918000
RSP,20050218,1.23,1.23,1.21,1.22,252826
RTL,20050218,0.38,0.39,0.36,0.38,235257
RTM,20050218,0.049,0.049,0.048,0.048,140000
RUP,20050218,10.77,10.77,10.5,10.5,24643
RWD,20050218,0.11,0.11,0.11,0.11,10000
RXL,20050218,0.12,0.12,0.115,0.115,85000
SAI,20050218,2.18,2.24,2.18,2.2,31146
SBC,20050218,16.19,16.19,15.7,16,162833
SBL,20050218,0.155,0.155,0.15,0.15,90000
SBM,20050218,0.062,0.064,0.061,0.063,1351000
SBP,20050218,0.155,0.155,0.145,0.145,250100
SBR,20050218,0.155,0.155,0.15,0.15,80000
SBS,20050218,0.056,0.056,0.056,0.056,390580
SCF,20050218,114,114,113,113.3,1880
SCV,20050218,1.38,1.38,1.35,1.35,122000
SCX,20050218,0.048,0.048,0.048,0.048,52000
SDG,20050218,2.44,2.45,2.42,2.45,307202
SDI,20050218,1.14,1.15,1.12,1.12,209573
SDL,20050218,0.013,0.013,0.013,0.013,527013
SDR,20050218,0.16,0.16,0.16,0.16,53000
SDS,20050218,0.9,0.9,0.89,0.89,3000
SED,20050218,0.25,0.265,0.25,0.26,712015
SEE,20050218,0.06,0.075,0.06,0.07,287474
SEL,20050218,2.27,2.34,2.27,2.28,30994
SEN,20050218,0.355,0.365,0.345,0.35,6566561
SEV,20050218,7.47,7.57,7.44,7.48,582352
SFC,20050218,10.9,10.9,10.84,10.84,9900
SFE,20050218,9.82,9.89,9.73,9.76,758188
SFY,20050218,41.11,41.11,41.11,41.11,12575
SGB,20050218,24.5,24.64,24.5,24.58,472400
SGL,20050218,0.83,0.83,0.81,0.82,334074
SGN,20050218,2.9,2.91,2.87,2.88,228563
SGP,20050218,5.9,5.9,5.81,5.82,6470819
SGS,20050218,1.58,1.59,1.58,1.58,52650
SGT,20050218,1.99,2.02,1.98,2.01,2462536
SHC,20050218,0.385,0.385,0.375,0.375,4788
SHG,20050218,0.8,0.8,0.78,0.78,211600
SHL,20050218,11.83,12.19,11.83,12.19,1014123
SHN,20050218,0.155,0.155,0.15,0.15,295256
SHR,20050218,2.9,3,2.9,3,2600
SHV,20050218,9.86,9.95,9.86,9.95,15900
SIB,20050218,0.13,0.13,0.125,0.125,372540
SIE,20050218,0.054,0.056,0.054,0.054,589189
SIG,20050218,8.7,8.72,8.5,8.7,249919
SIM,20050218,0.295,0.295,0.275,0.295,356500
SIU,20050218,0.15,0.155,0.15,0.155,28000
SKC,20050218,4.7,4.77,4.7,4.77,38952
SKE,20050218,2.77,2.78,2.72,2.72,15020
SKR,20050218,0.04,0.04,0.039,0.039,699059
SKW,20050218,0.18,0.18,0.17,0.175,452862
SLA,20050218,0.225,0.225,0.22,0.22,86908
SLF,20050218,18.55,18.55,18.55,18.55,300
SLM,20050218,5.17,5.17,5.14,5.15,97619
SLT,20050218,0.485,0.485,0.47,0.47,48850
SLV,20050218,0.48,0.48,0.47,0.47,128570
SLX,20050218,1.27,1.27,1.21,1.26,107270
SMA,20050218,0.009,0.011,0.009,0.011,70000
SMC,20050218,0.12,0.12,0.12,0.12,5500
SML,20050218,0.13,0.13,0.13,0.13,478075
SMM,20050218,0.325,0.335,0.32,0.33,459956
SMN,20050218,0.175,0.175,0.17,0.175,125000
SMO,20050218,0.105,0.105,0.1,0.105,2715000
SMS,20050218,17.4,17.89,17.35,17.5,126481
SMX,20050218,2.04,2.04,1.98,1.99,23470
SMY,20050218,0.98,0.99,0.97,0.98,986223
SNF,20050218,0.49,0.49,0.47,0.47,20002
SNL,20050218,0.72,0.74,0.72,0.74,67700
SNN,20050218,0.265,0.27,0.26,0.26,234390
SNT,20050218,5.78,5.78,5.78,5.78,10000
SOE,20050218,0.28,0.28,0.275,0.28,642799
SOL,20050218,10.49,10.7,10.45,10.7,514610
SOM,20050218,0.47,0.47,0.47,0.47,40000
SOO,20050218,0.38,0.39,0.375,0.39,56526
SOT,20050218,2.29,2.29,2.24,2.27,310203
SPD,20050218,0.29,0.29,0.285,0.285,13600
SPH,20050218,0.64,0.65,0.64,0.65,58747
SPL,20050218,0.87,0.87,0.85,0.85,154167
SPT,20050218,4.94,5,4.9,4.98,219685
SRA,20050218,0.18,0.18,0.175,0.175,903334
SRI,20050218,0.125,0.125,0.12,0.125,63167
SRL,20050218,1.89,1.89,1.88,1.88,11179
SRP,20050218,4.36,4.39,4.36,4.37,3778751
SRX,20050218,2.29,2.3,2.29,2.3,2470
SSN,20050218,0.42,0.44,0.42,0.43,413500
SSS,20050218,1.41,1.8,1.41,1.65,157528
SSX,20050218,1.3,1.34,1.29,1.34,3297596
STE,20050218,0.135,0.14,0.135,0.14,209500
STI,20050218,0.5,0.53,0.5,0.53,92075
STO,20050218,8.91,8.95,8.84,8.85,1914209
STP,20050218,0.045,0.045,0.043,0.043,101000
STR,20050218,0.215,0.215,0.21,0.21,110000
STS,20050218,0.58,0.59,0.58,0.59,26187
STU,20050218,0.99,0.99,0.96,0.97,238544
STW,20050218,41.8,41.9,41.7,41.9,10720
STX,20050218,0.15,0.15,0.145,0.145,647225
SUL,20050218,3.4,3.43,3.19,3.25,430889
SUN,20050218,19.4,19.56,19.3,19.52,1459643
SUR,20050218,0.17,0.175,0.17,0.175,41900
SXC,20050218,0.018,0.018,0.017,0.017,352000
SYG,20050218,0.009,0.009,0.009,0.009,970000
SYL,20050218,4.1,4.1,4.1,4.1,5000
SYM,20050218,1.61,1.62,1.61,1.62,16200
SYN,20050218,0.8,0.8,0.8,0.8,36803
TAA,20050218,0.047,0.047,0.045,0.045,63606
TAH,20050218,17.18,17.25,17.08,17.17,969670
TAM,20050218,0.135,0.14,0.135,0.14,29000
TAN,20050218,1.71,1.71,1.71,1.71,2400
TAP,20050218,1.79,1.79,1.77,1.78,2354959
TAS,20050218,0.15,0.155,0.15,0.155,306655
TAW,20050218,1.4,1.41,1.38,1.41,21000
TBC,20050218,0.39,0.4,0.39,0.39,397300
TCI,20050218,1.36,1.36,1.33,1.35,744000
TCL,20050218,7.5,7.5,7.35,7.36,1568324
TCP,20050218,0.95,0.95,0.95,0.95,13000
TCQ,20050218,1.03,1.03,1.03,1.03,57700
TEA,20050218,0.07,0.07,0.069,0.07,375333
TEE,20050218,0.03,0.035,0.03,0.035,5002
TEL,20050218,5.73,5.75,5.7,5.75,1847860
TEM,20050218,1.38,1.39,1.38,1.38,114984
TEN,20050218,3.98,3.99,3.92,3.93,1300454
TFC,20050218,0.295,0.295,0.29,0.29,170100
TFS,20050218,0.035,0.035,0.035,0.035,28000
TGD,20050218,0.135,0.14,0.135,0.14,6409
TGG,20050218,1.27,1.3,1.27,1.3,19952
TGR,20050218,1.03,1.03,1,1.03,226497
TGS,20050218,0.21,0.21,0.2,0.205,540502
THG,20050218,0.79,0.79,0.78,0.78,357865
THK,20050218,1.39,1.39,1.35,1.35,51248
THX,20050218,0.3,0.3,0.295,0.295,16000
TIF,20050218,0.46,0.46,0.46,0.46,42500
TIM,20050218,2.23,2.26,2.21,2.24,483198
TIR,20050218,0.062,0.063,0.06,0.061,3960634
TIS,20050218,0.8,0.83,0.8,0.83,13213
TKG,20050218,0.006,0.006,0.006,0.006,200000
TKR,20050218,1.6,1.69,1.6,1.69,231750
TLS,20050218,5.3,5.33,5.29,5.31,14179968
TMO,20050218,0.89,0.9,0.88,0.88,120798
TMS,20050218,0.041,0.041,0.041,0.041,1050000
TNC,20050218,0.37,0.37,0.36,0.37,524035
TNE,20050218,0.75,0.76,0.75,0.76,117729
TNG,20050218,0.1,0.1,0.1,0.1,5927
TNS,20050218,3.8,3.8,3.71,3.75,8933
TOL,20050218,13.24,13.33,13.22,13.22,469147
TOR,20050218,1.67,1.68,1.67,1.68,25979
TOX,20050218,0.03,0.031,0.03,0.03,1867300
TPX,20050218,6.22,6.3,6.22,6.3,3700
TRG,20050218,14.8,14.8,14.5,14.5,4900
TRS,20050218,3.25,3.3,3.16,3.16,87667
TRU,20050218,10.2,10.2,10.2,10.2,6752
TRY,20050218,2.93,2.97,2.92,2.97,30500
TSE,20050218,7.16,7.21,7.14,7.17,275666
TSO,20050218,1.95,1.95,1.94,1.94,428242
TST,20050218,0.155,0.155,0.155,0.155,70000
TTH,20050218,0.093,0.093,0.093,0.093,40125
TTI,20050218,0.26,0.27,0.255,0.26,78444
TTR,20050218,0.315,0.315,0.31,0.31,314156
TTT,20050218,0.82,0.82,0.81,0.81,956881
TTV,20050218,1.01,1.01,1,1,86000
TVL,20050218,0.135,0.135,0.135,0.135,100000
TWD,20050218,1.6,1.65,1.6,1.65,16122
TWO,20050218,1.45,1.45,1.39,1.4,50500
TWR,20050218,1.82,1.82,1.72,1.72,667775
TYC,20050218,0.5,0.55,0.5,0.55,270147
TZL,20050218,0.63,0.64,0.63,0.64,233116
TZN,20050218,0.245,0.245,0.22,0.22,42000
UCL,20050218,0.033,0.034,0.031,0.033,1652889
UCM,20050218,2.4,2.4,2.4,2.4,5759
UCW,20050218,1.16,1.16,1.16,1.16,11000
UGL,20050218,7.36,7.42,7.36,7.42,450476
UKD,20050218,0.15,0.155,0.15,0.155,20422
UNI,20050218,0.79,0.91,0.79,0.87,170761
UNW,20050218,0.6,0.61,0.6,0.6,802500
UOS,20050218,1.26,1.26,1.25,1.25,10149
URL,20050218,0.13,0.135,0.13,0.135,1564669
UTB,20050218,13.3,13.4,13.09,13.4,375665
UXC,20050218,0.92,0.92,0.89,0.91,261523
VBA,20050218,2.02,2.04,2.01,2.02,1185597
VCM,20050218,1.67,1.8,1.67,1.75,72911
VCN,20050218,0.23,0.23,0.23,0.23,80000
VCR,20050218,1.3,1.33,1.29,1.3,422264
VGH,20050218,3.35,3.35,3.32,3.35,47434
VGL,20050218,1.65,1.66,1.64,1.66,103748
VGP,20050218,1.4,1.4,1.38,1.38,278765
VHL,20050218,0.4,0.4,0.395,0.395,24500
VII,20050218,0.16,0.16,0.16,0.16,108400
VKI,20050218,0.44,0.44,0.44,0.44,21300
VLL,20050218,1.99,2,1.97,1.97,615462
VOF,20050218,1.03,1.03,1.03,1.03,5862
VOY,20050218,0.27,0.28,0.27,0.275,309934
VPE,20050218,0.035,0.035,0.034,0.034,3410500
VPG,20050218,1.3,1.3,1.28,1.29,1387847
VRE,20050218,0.425,0.43,0.42,0.42,168600
VRI,20050218,0.205,0.215,0.19,0.2,2782971
VRL,20050218,2.4,2.41,2.4,2.41,80617
VSG,20050218,0.033,0.033,0.032,0.032,562514
VSL,20050218,1.4,1.4,1.28,1.3,597985
VTI,20050218,0.63,0.65,0.63,0.63,205000
VTP,20050218,1.04,1.04,1.04,1.04,72458
VTR,20050218,1.1,1.11,1.1,1.1,279452
VWD,20050218,1.69,1.7,1.67,1.67,16320
VXS,20050218,0.079,0.08,0.079,0.079,127150
WAB,20050218,1.03,1.03,1.03,1.03,74120
WAG,20050218,0.14,0.15,0.14,0.145,96000
WAL,20050218,0.185,0.185,0.185,0.185,6000
WAM,20050218,1.58,1.58,1.57,1.57,17866
WAN,20050218,8.46,8.53,8.44,8.53,110963
WAS,20050218,0.046,0.046,0.043,0.045,1337540
WAT,20050218,4.19,4.19,4.1,4.1,3055
WBA,20050218,0.92,0.92,0.89,0.91,24897
WBB,20050218,6.95,7,6.93,7,20250
WBC,20050218,19.18,19.36,19.15,19.24,2983846
WCB,20050218,4.15,4.22,4.15,4.22,40800
WCG,20050218,1.65,1.65,1.61,1.62,30667
WDC,20050218,17.11,17.17,16.91,16.91,5415797
WEB,20050218,0.185,0.19,0.185,0.19,234900
WES,20050218,39.08,39.69,38.8,39.25,453415
WFL,20050218,2.91,2.94,2.91,2.94,2132
WGR,20050218,0.125,0.125,0.125,0.125,2500
WHF,20050218,3.38,3.38,3.34,3.34,15118
WHS,20050218,3.83,3.84,3.83,3.84,13500
WIL,20050218,0.95,0.95,0.94,0.94,412803
WLS,20050218,1.01,1.01,1.01,1.01,18000
WMG,20050218,0.105,0.105,0.105,0.105,50000
WML,20050218,0.077,0.077,0.075,0.075,130000
WMR,20050218,7.65,7.77,7.64,7.76,12957656
WNZ,20050218,6,6,6,6,500
WOR,20050218,5.65,5.86,5.65,5.8,201328
WOW,20050218,14.85,14.97,14.82,14.87,1645644
WPL,20050218,21.6,21.64,21.4,21.5,1346253
WRF,20050218,0.48,0.48,0.48,0.48,20000
WSA,20050218,1.78,1.78,1.7,1.74,434471
WSS,20050218,0.11,0.11,0.105,0.105,230000
WST,20050218,0.68,0.68,0.68,0.68,41660
WTE,20050218,0.057,0.057,0.054,0.055,3852761
WTP,20050218,1.52,1.53,1.48,1.52,156829
WWA,20050218,1,1,1,1,4000
WYL,20050218,3.33,3.41,3.31,3.39,766546
XAN,20050218,0.057,0.057,0.055,0.055,758500
XAO,20050218,4154.6,4156.4,4141.7,4151.7,0
XBL,20050218,0.265,0.265,0.22,0.235,184799
XBW,20050218,31987.2,31987.2,31963.1,31963.1,0
XDJ,20050218,2300.2,2300.2,2289.6,2299.9,0
XEJ,20050218,7445.4,7492.5,7414.6,7462.5,0
XEN,20050218,0.07,0.07,0.07,0.07,3560
XFJ,20050218,4972,4972,4946.1,4955.2,0
XFL,20050218,4102.1,4106.1,4087.3,4100.4,0
XHJ,20050218,4777.1,4794.5,4742.5,4792.9,0
XIJ,20050218,401.5,406,394.7,396.7,0
XJO,20050218,4166.7,4169.5,4152.9,4163.5,0
XKO,20050218,4172.7,4175.3,4158.9,4169.3,0
XMD,20050218,4077.9,4082.4,4067,4069.4,0
XMJ,20050218,7202.9,7243.7,7170.5,7214.4,0
XNJ,20050218,4999.3,5010.8,4976.2,4994.6,0
XPJ,20050218,1841.6,1842.7,1818.1,1818.1,0
XSJ,20050218,5419.1,5446.7,5404.4,5433.8,0
XSO,20050218,2396.7,2396.7,2386.2,2390.9,0
XTJ,20050218,1877.5,1886,1873,1880,0
XTL,20050218,2232.7,2235.4,2224,2230.9,0
XTO,20050218,3385.4,3388.2,3374.6,3383.2,0
XUJ,20050218,4652.6,4690.2,4623.7,4687.5,0
XXJ,20050218,5012.2,5016.8,4988.7,5008.6,0
YAM,20050218,0.009,0.009,0.009,0.009,1289067
YGL,20050218,0.025,0.025,0.025,0.025,20000
YML,20050218,0.14,0.155,0.14,0.155,60000
ZFX,20050218,3.11,3.18,3.06,3.09,11381525
ZIM,20050218,3.08,3.08,3.07,3.08,6835
ZYL,20050218,0.004,0.004,0.004,0.004,356250
