AAC,20050628,1.75,1.765,1.75,1.75,208177
AAE,20050628,0.26,0.265,0.26,0.26,35000
AAM,20050628,0.26,0.26,0.25,0.25,70684
AAR,20050628,0.023,0.024,0.023,0.023,764728
AAT,20050628,0.16,0.165,0.16,0.165,70000
AAU,20050628,0.635,0.66,0.63,0.655,183310
ABB,20050628,6.33,6.38,6.28,6.35,99070
ABC,20050628,1.87,1.875,1.86,1.875,665558
ABI,20050628,0.12,0.12,0.115,0.115,344940
ABP,20050628,1.34,1.35,1.33,1.35,172367
ABQ,20050628,0.275,0.3,0.275,0.285,188756
ABS,20050628,5.48,5.5,5.42,5.44,1144997
ACE,20050628,0.14,0.155,0.14,0.15,10871
ACL,20050628,0.545,0.545,0.525,0.525,50260
ACR,20050628,0.505,0.52,0.505,0.52,69930
ACU,20050628,0.21,0.24,0.21,0.23,801400
ADA,20050628,0.265,0.265,0.255,0.255,64951
ADB,20050628,11.5,11.58,11.5,11.55,116289
ADG,20050628,3.56,3.56,3.56,3.56,5265
ADI,20050628,0.245,0.25,0.245,0.245,885235
ADK,20050628,0.05,0.05,0.05,0.05,252500
ADL,20050628,0.056,0.06,0.056,0.057,47831
ADN,20050628,0.29,0.31,0.29,0.305,51500
ADS,20050628,0.05,0.05,0.04,0.04,25000
ADT,20050628,0.88,0.885,0.88,0.885,4358
ADU,20050628,0.43,0.45,0.43,0.435,82767
ADX,20050628,0.14,0.14,0.14,0.14,56300
ADY,20050628,0.12,0.13,0.12,0.125,5029270
ADZ,20050628,1.995,2,1.97,2,255236
AEC,20050628,2.07,2.1,2.07,2.1,11787
AED,20050628,0.76,0.76,0.74,0.74,315690
AEI,20050628,0.65,0.66,0.635,0.635,55930
AEM,20050628,0.04,0.06,0.04,0.06,182000
AEN,20050628,0.975,0.975,0.975,0.975,1000
AEO,20050628,1.75,1.75,1.735,1.745,445746
AET,20050628,0.26,0.26,0.26,0.26,25000
AEU,20050628,1.42,1.43,1.42,1.43,88377
AEX,20050628,0.029,0.029,0.028,0.028,2001500
AFC,20050628,0.84,0.84,0.84,0.84,10000
AFI,20050628,3.71,3.76,3.71,3.74,167038
AFL,20050628,0.72,0.72,0.7,0.7,22505
AFS,20050628,0.07,0.07,0.065,0.065,222538
AFT,20050628,0.012,0.012,0.012,0.012,3910869
AGC,20050628,1.23,1.235,1.21,1.23,223740
AGG,20050628,9.15,9.25,9.15,9.25,1092234
AGI,20050628,0.55,0.55,0.53,0.545,229343
AGL,20050628,14.19,14.32,14.12,14.19,1077240
AGM,20050628,0.13,0.13,0.13,0.13,10000
AGS,20050628,0.061,0.061,0.058,0.058,107009
AGX,20050628,0.29,0.29,0.275,0.29,555568
AGY,20050628,0.057,0.057,0.053,0.053,81300
AHD,20050628,4.19,4.2,4.18,4.2,70894
AHG,20050628,0.056,0.056,0.055,0.055,170000
AHO,20050628,0.61,0.61,0.61,0.61,32960
AHS,20050628,1.175,1.18,1.155,1.155,405404
AHU,20050628,5.16,5.2,5.16,5.2,400
AIA,20050628,2.11,2.11,2.06,2.09,484366
AIE,20050628,0.145,0.145,0.145,0.145,607075
AII,20050628,0.21,0.21,0.21,0.21,35000
AIM,20050628,0.048,0.048,0.047,0.048,1395067
AIX,20050628,2.63,2.64,2.6,2.64,487036
AIZ,20050628,1.28,1.29,1.26,1.28,231506
AJL,20050628,1.48,1.48,1.29,1.35,364325
AKD,20050628,0.009,0.009,0.009,0.009,172000
ALD,20050628,0.225,0.225,0.22,0.22,100000
ALE,20050628,0.06,0.06,0.06,0.06,420000
ALK,20050628,0.14,0.145,0.135,0.14,790317
ALL,20050628,10.94,11.23,10.94,11.18,1693236
ALN,20050628,9.8,9.9,9.73,9.8,1641426
ALR,20050628,1.2,1.2,1.18,1.18,29300
ALS,20050628,7.29,7.5,7.29,7.41,169991
ALT,20050628,0.042,0.043,0.042,0.043,204501
ALU,20050628,0.22,0.22,0.215,0.215,171692
ALW,20050628,0.46,0.47,0.46,0.47,17000
ALZ,20050628,1.395,1.4,1.36,1.36,3500036
AMB,20050628,0.54,0.54,0.54,0.54,160000
AMC,20050628,6.78,6.83,6.74,6.78,8015805
AMG,20050628,0.025,0.026,0.025,0.025,689637
AMH,20050628,0.47,0.475,0.47,0.47,121988
AML,20050628,0.42,0.42,0.42,0.42,146775
AMM,20050628,0.15,0.155,0.15,0.15,482919
AMO,20050628,0.8,0.8,0.8,0.8,5000
AMP,20050628,6.48,6.55,6.46,6.52,10495180
AMU,20050628,0.81,0.815,0.8,0.81,335355
AND,20050628,0.15,0.17,0.15,0.16,4696569
ANE,20050628,3.74,3.8,3.74,3.8,24367
ANG,20050628,0.28,0.28,0.275,0.275,390934
ANM,20050628,0.008,0.008,0.007,0.008,8915193
ANN,20050628,9.97,10.24,9.87,10.13,458860
ANP,20050628,0.042,0.044,0.041,0.043,834013
ANX,20050628,0.4,0.41,0.4,0.41,38999
ANZ,20050628,21.76,21.94,21.74,21.86,3922332
AOE,20050628,0.39,0.4,0.39,0.39,381585
APA,20050628,3.7,3.75,3.67,3.68,212388
APD,20050628,1.45,1.45,1.38,1.38,92050
APE,20050628,7.4,7.45,7.4,7.45,1049
APG,20050628,0.036,0.036,0.034,0.035,643333
API,20050628,3.16,3.28,3.15,3.28,2243266
APN,20050628,5.23,5.26,5.16,5.22,1421019
APV,20050628,0.23,0.235,0.225,0.225,745700
APZ,20050628,0.2,0.2,0.2,0.2,909400
AQD,20050628,0.087,0.087,0.085,0.087,490000
AQL,20050628,0.045,0.045,0.045,0.045,116250
AQP,20050628,7.15,7.3,7.14,7.3,14350
ARA,20050628,0.31,0.31,0.3,0.3,12433
ARE,20050628,0.2,0.205,0.2,0.205,39935
ARG,20050628,5.51,5.56,5.5,5.52,82062
ARM,20050628,0.275,0.275,0.275,0.275,14200
ARP,20050628,3.15,3.15,3.06,3.07,108188
ARQ,20050628,2,2.04,1.965,1.995,704577
ARU,20050628,0.165,0.165,0.165,0.165,20000
ARW,20050628,1.15,1.19,1.15,1.19,145927
ARX,20050628,0.06,0.061,0.058,0.058,295000
ARZ,20050628,0.275,0.275,0.275,0.275,800
ASB,20050628,1.82,1.86,1.77,1.775,328957
ASC,20050628,0.035,0.036,0.035,0.036,874870
ASL,20050628,0.695,0.71,0.695,0.71,116010
ASP,20050628,0.09,0.09,0.09,0.09,20000
ASU,20050628,0.015,0.015,0.015,0.015,800000
ASV,20050628,0.073,0.089,0.073,0.077,1457978
ASX,20050628,22.9,23.1,22.6,22.86,287103
ASZ,20050628,0.46,0.46,0.455,0.455,1913
ATG,20050628,0.78,0.78,0.77,0.78,41330
ATN,20050628,0.1,0.1,0.1,0.1,18513
ATP,20050628,0.21,0.215,0.21,0.21,27680
ATR,20050628,2.31,2.31,2.3,2.3,13721
ATV,20050628,0.085,0.09,0.085,0.09,97600
ATX,20050628,0.05,0.051,0.046,0.047,2341900
ATZ,20050628,0.14,0.14,0.135,0.135,328733
AUH,20050628,0.036,0.038,0.036,0.038,57000
AUL,20050628,0.013,0.013,0.012,0.012,450000
AUM,20050628,0.018,0.021,0.018,0.019,845076
AUN,20050628,0.93,0.94,0.93,0.93,45394
AUO,20050628,1.295,1.295,1.295,1.295,9263
AUS,20050628,0.83,0.85,0.825,0.85,67800
AUT,20050628,0.25,0.25,0.25,0.25,90000
AUV,20050628,0.16,0.16,0.16,0.16,10000
AUW,20050628,1.085,1.1,1.065,1.085,593126
AUX,20050628,0.055,0.055,0.054,0.054,353639
AUZ,20050628,0.036,0.039,0.036,0.039,1499600
AVA,20050628,0.041,0.041,0.041,0.041,250000
AVE,20050628,1.38,1.38,1.365,1.365,29100
AVJ,20050628,1.45,1.45,1.42,1.42,182215
AVM,20050628,0.34,0.34,0.33,0.335,125400
AVO,20050628,0.31,0.32,0.305,0.31,339555
AVP,20050628,0.09,0.09,0.09,0.09,56688
AVR,20050628,0.92,0.93,0.915,0.92,18664
AVS,20050628,0.15,0.15,0.145,0.15,207562
AVT,20050628,0.033,0.033,0.033,0.033,33609
AVV,20050628,1.29,1.29,1.27,1.27,109360
AVX,20050628,0.155,0.16,0.155,0.155,87100
AWB,20050628,4.49,4.65,4.47,4.65,1007504
AWC,20050628,5.61,5.67,5.53,5.66,4419430
AWE,20050628,2.05,2.05,2.01,2.04,2462160
AWL,20050628,0.02,0.02,0.02,0.02,1000000
AWP,20050628,2.5,2.53,2.5,2.53,56045
AXA,20050628,4.56,4.58,4.48,4.5,4917106
AXM,20050628,0.105,0.11,0.1,0.1,195650
AXO,20050628,0.46,0.46,0.43,0.43,50511
AZA,20050628,0.7,0.71,0.7,0.71,377289
AZC,20050628,0.15,0.155,0.15,0.155,34000
AZR,20050628,0.24,0.245,0.24,0.24,1692725
AZZ,20050628,0.46,0.465,0.455,0.465,311806
BAR,20050628,0.135,0.145,0.135,0.145,205506
BAS,20050628,0.14,0.145,0.14,0.14,1859340
BAX,20050628,5.2,5.2,5.11,5.16,63860
BBB,20050628,0.39,0.4,0.39,0.4,116500
BBG,20050628,13.25,13.64,13.25,13.62,888681
BCA,20050628,2.9,3,2.9,2.91,299431
BCD,20050628,0.335,0.335,0.33,0.33,146124
BCL,20050628,0.18,0.18,0.175,0.18,1270300
BDG,20050628,1.08,1.08,1.055,1.055,245456
BDI,20050628,0.26,0.26,0.255,0.255,39639
BDL,20050628,0.066,0.068,0.065,0.065,137593
BDM,20050628,0.5,0.5,0.5,0.5,1600
BEL,20050628,0.34,0.34,0.34,0.34,9899
BEN,20050628,9.84,9.99,9.84,9.99,101734
BER,20050628,0.52,0.52,0.52,0.52,4000
BET,20050628,1.85,1.85,1.85,1.85,1650
BGD,20050628,0.24,0.24,0.22,0.235,64285
BGF,20050628,0.245,0.25,0.24,0.25,2616352
BGN,20050628,0.055,0.057,0.05,0.051,138000
BHP,20050628,17.9,18.08,17.85,18.08,15138474
BIL,20050628,8.16,8.19,8.08,8.17,2461992
BIT,20050628,0.11,0.115,0.105,0.11,326300
BIX,20050628,0.036,0.036,0.036,0.036,345500
BJT,20050628,1.22,1.22,1.18,1.19,91716
BKA,20050628,0.27,0.275,0.25,0.27,1040419
BKI,20050628,1.1,1.105,1.09,1.105,86310
BKL,20050628,12.9,12.9,12.85,12.85,4929
BKM,20050628,0.009,0.009,0.009,0.009,21556
BKN,20050628,2.75,2.88,2.75,2.88,119932
BKP,20050628,0.195,0.2,0.185,0.195,3083000
BKS,20050628,0.01,0.01,0.009,0.01,1254867
BKW,20050628,9.99,9.99,9.95,9.95,24007
BKY,20050628,0.11,0.115,0.11,0.115,110000
BLD,20050628,6.25,6.46,6.21,6.44,1817345
BLN,20050628,0.115,0.13,0.115,0.13,312850
BLR,20050628,0.013,0.016,0.013,0.016,115273
BLT,20050628,0.125,0.13,0.125,0.13,36551
BLZ,20050628,0.067,0.067,0.066,0.066,395187
BMO,20050628,0.235,0.24,0.235,0.235,178522
BMX,20050628,0.17,0.175,0.17,0.175,778000
BNB,20050628,13.02,13.45,13.02,13.45,829578
BNE,20050628,0.295,0.3,0.295,0.3,30000
BNO,20050628,0.11,0.11,0.105,0.105,367652
BNT,20050628,0.16,0.16,0.155,0.155,187500
BOC,20050628,0.8,0.8,0.74,0.74,17063
BOD,20050628,0.043,0.045,0.043,0.043,155000
BON,20050628,0.5,0.5,0.5,0.5,64192
BOQ,20050628,11.94,11.98,11.8,11.9,72009
BOS,20050628,0.16,0.16,0.15,0.15,94836
BOW,20050628,0.125,0.13,0.125,0.125,306860
BPC,20050628,0.9,0.915,0.9,0.915,3742111
BPH,20050628,0.072,0.072,0.072,0.072,120000
BPO,20050628,0.036,0.037,0.036,0.036,492353
BPT,20050628,0.68,0.7,0.665,0.675,1839932
BQT,20050628,0.24,0.245,0.235,0.24,679201
BRT,20050628,0.08,0.08,0.08,0.08,50000
BRW,20050628,0.033,0.033,0.033,0.033,700000
BRZ,20050628,1.7,1.75,1.69,1.74,174075
BSA,20050628,0.265,0.275,0.265,0.275,193000
BSG,20050628,0.615,0.62,0.61,0.62,267900
BSL,20050628,8.13,8.21,8.11,8.16,3691910
BSN,20050628,0.053,0.053,0.052,0.052,35000
BSO,20050628,1.965,1.97,1.91,1.91,189431
BTA,20050628,0.435,0.435,0.425,0.435,514444
BTC,20050628,0.33,0.335,0.33,0.33,54000
BTV,20050628,0.02,0.02,0.019,0.019,786500
BTX,20050628,0.67,0.68,0.66,0.68,169900
BUG,20050628,0.61,0.61,0.6,0.6,11000
BUY,20050628,0.078,0.086,0.078,0.085,1554844
BWP,20050628,1.89,1.91,1.88,1.91,191267
BXP,20050628,0.225,0.23,0.225,0.23,605161
BYI,20050628,0.355,0.355,0.355,0.355,1200
CAA,20050628,1.72,1.75,1.72,1.74,204843
CAB,20050628,4.48,4.52,4.44,4.5,325516
CAG,20050628,0.033,0.033,0.032,0.032,1700550
CAL,20050628,0.42,0.42,0.415,0.415,18500
CAS,20050628,0.24,0.24,0.24,0.24,20000
CAT,20050628,15.55,16.05,15.55,16,10720
CAU,20050628,0.13,0.13,0.125,0.125,207777
CAZ,20050628,0.225,0.23,0.21,0.23,145000
CBA,20050628,37.7,37.9,37.65,37.75,2455083
CBD,20050628,0.039,0.042,0.035,0.036,581169
CBH,20050628,0.24,0.24,0.23,0.24,2103344
CCE,20050628,0.38,0.38,0.37,0.37,719670
CCH,20050628,0.31,0.31,0.31,0.31,20500
CCI,20050628,0.013,0.014,0.013,0.013,3445361
CCL,20050628,8,8.1,7.95,8,5003376
CCP,20050628,3.05,3.05,2.97,2.97,9845
CCS,20050628,0.035,0.035,0.035,0.035,225000
CCV,20050628,0.25,0.25,0.23,0.23,10000
CDA,20050628,1.34,1.4,1.33,1.395,48100
CDD,20050628,2.8,2.83,2.75,2.75,10857
CDF,20050628,1.41,1.414,1.41,1.414,43994
CDO,20050628,4.63,4.7,4.63,4.65,1104594
CDP,20050628,3.16,3.16,3.16,3.16,198
CDR,20050628,2.35,2.45,2.35,2.45,168876
CDX,20050628,2.1,2.1,2.07,2.1,25274
CEG,20050628,1.055,1.055,1.03,1.03,36635
CEQ,20050628,2.4,2.4,2.4,2.4,24183
CEY,20050628,4.9,4.92,4.86,4.9,1312916
CFI,20050628,0.71,0.72,0.71,0.72,162114
CFK,20050628,0.355,0.355,0.35,0.35,225200
CFR,20050628,0.014,0.015,0.014,0.014,1261000
CFU,20050628,0.46,0.465,0.43,0.45,387079
CGF,20050628,3.13,3.14,3.11,3.13,1549690
CGO,20050628,0.655,0.655,0.655,0.655,2000
CGS,20050628,0.095,0.11,0.095,0.11,629264
CGX,20050628,0.6,0.61,0.6,0.6,44000
CHB,20050628,33.5,33.63,33.5,33.63,289
CHD,20050628,0.97,0.97,0.97,0.97,186500
CHF,20050628,0.42,0.42,0.39,0.42,122187
CHL,20050628,0.14,0.14,0.135,0.135,32695
CHP,20050628,0.038,0.038,0.029,0.029,215500
CHQ,20050628,0.73,0.73,0.725,0.73,25000
CHT,20050628,0.011,0.011,0.011,0.011,345955
CHX,20050628,1.17,1.18,1.16,1.165,88346
CHY,20050628,2.12,2.15,2.1,2.1,155850
CIG,20050628,0.027,0.027,0.025,0.025,1086246
CIN,20050628,15,15,15,15,3000
CIR,20050628,1.1,1.11,1.1,1.11,100346
CIX,20050628,0.45,0.455,0.45,0.45,408695
CIY,20050628,3.71,3.79,3.68,3.75,684105
CKL,20050628,0.64,0.64,0.64,0.64,7200
CKR,20050628,0.36,0.36,0.35,0.36,548602
CKS,20050628,0.37,0.37,0.37,0.37,5000
CLB,20050628,0.02,0.036,0.02,0.031,3533841
CLF,20050628,0.19,0.2,0.19,0.19,136900
CLH,20050628,1.415,1.43,1.41,1.43,151374
CLO,20050628,0.47,0.47,0.47,0.47,62631
CLT,20050628,1.385,1.385,1.35,1.35,10711
CLV,20050628,0.205,0.21,0.19,0.19,909662
CMI,20050628,1.35,1.35,1.335,1.34,48077
CML,20050628,9.2,9.33,9.2,9.29,4633080
CMO,20050628,0.012,0.012,0.01,0.01,690000
CMP,20050628,0.215,0.22,0.21,0.215,513295
CMQ,20050628,1.055,1.06,1.045,1.055,424217
CMR,20050628,0.78,0.85,0.78,0.82,314142
CMS,20050628,0.04,0.04,0.039,0.039,36000
CMW,20050628,0.285,0.3,0.285,0.3,170000
CMX,20050628,0.1,0.105,0.1,0.1,549450
CNB,20050628,0.86,0.86,0.86,0.86,300
CND,20050628,2.07,2.07,2.06,2.07,18200
CNF,20050628,0.075,0.075,0.07,0.07,518872
CNM,20050628,0.025,0.027,0.024,0.027,120000
CNN,20050628,0.037,0.039,0.037,0.039,148997
CNP,20050628,5.9,5.9,5.83,5.84,1430381
CNT,20050628,0.27,0.27,0.27,0.27,64700
COA,20050628,4.59,4.7,4.59,4.7,870764
COE,20050628,0.265,0.265,0.255,0.255,526132
COF,20050628,2.69,2.71,2.65,2.7,28550
COH,20050628,38.45,39.1,38.45,39,391608
COI,20050628,0.11,0.11,0.105,0.105,244717
COM,20050628,0.17,0.17,0.17,0.17,17200
COO,20050628,0.007,0.01,0.007,0.01,3690667
COS,20050628,0.32,0.35,0.32,0.35,76527
COU,20050628,1.29,1.3,1.28,1.3,37550
COZ,20050628,0.29,0.295,0.29,0.295,12000
CPA,20050628,1.265,1.265,1.245,1.255,3509223
CPB,20050628,9,9,8.95,8.95,8760
CPC,20050628,0.215,0.22,0.205,0.21,478099
CPI,20050628,0.485,0.49,0.48,0.48,61500
CPK,20050628,3.7,4,3.7,4,7200
CPN,20050628,0.06,0.06,0.058,0.058,3929
CPU,20050628,5.89,6,5.89,5.94,5011704
CQT,20050628,0.165,0.17,0.155,0.16,190807
CRG,20050628,8.55,8.58,8.5,8.55,482915
CRK,20050628,0.41,0.455,0.41,0.455,91500
CRP,20050628,0.105,0.105,0.105,0.105,24200
CRS,20050628,0.35,0.35,0.335,0.335,1668343
CRT,20050628,0.52,0.52,0.51,0.51,191157
CRU,20050628,0.7,0.705,0.7,0.7,16302
CSE,20050628,0.24,0.24,0.23,0.24,230000
CSH,20050628,1.85,1.85,1.85,1.85,250
CSL,20050628,33.17,34.59,33.17,34.59,1084528
CSM,20050628,4.01,4.09,4.01,4.08,414618
CSR,20050628,2.62,2.68,2.62,2.66,1996212
CST,20050628,2.86,2.89,2.83,2.84,23760
CTE,20050628,0.23,0.23,0.23,0.23,15000
CTF,20050628,0.13,0.165,0.13,0.165,396394
CTI,20050628,0.57,0.58,0.56,0.56,24000
CTL,20050628,0.835,0.84,0.82,0.84,175568
CTN,20050628,0.97,0.98,0.97,0.97,111508
CTO,20050628,0.135,0.14,0.135,0.14,15000
CTX,20050628,15.6,15.69,15.41,15.48,767950
CUE,20050628,0.385,0.405,0.37,0.4,17918285
CUL,20050628,0.024,0.024,0.023,0.024,428520
CUO,20050628,0.013,0.014,0.013,0.014,6124258
CUS,20050628,0.092,0.092,0.09,0.09,128000
CUY,20050628,0.495,0.55,0.495,0.55,396800
CVB,20050628,0.11,0.11,0.11,0.11,85000
CVC,20050628,1.45,1.45,1.45,1.45,22000
CVI,20050628,0.037,0.039,0.037,0.039,20000
CVN,20050628,0.017,0.017,0.017,0.017,1252050
CWG,20050628,0.105,0.105,0.105,0.105,10000
CWT,20050628,0.89,0.9,0.875,0.9,90005
CXL,20050628,0.59,0.59,0.59,0.59,1
CXN,20050628,0.15,0.15,0.15,0.15,104996
CXP,20050628,5.8,5.89,5.75,5.8,402111
CXS,20050628,0.78,0.8,0.7,0.705,570729
CYA,20050628,0.98,0.98,0.975,0.975,632010
CYG,20050628,5.91,5.91,5.91,5.91,3000
CYN,20050628,0.3,0.36,0.3,0.36,228786
CYT,20050628,0.47,0.47,0.435,0.435,143153
DDT,20050628,0.225,0.31,0.225,0.29,3856910
DEG,20050628,0.21,0.22,0.21,0.22,630995
DES,20050628,0.105,0.105,0.105,0.105,67084
DEX,20050628,0.9,0.9,0.9,0.9,1000000
DFT,20050628,0.013,0.014,0.013,0.014,318522
DGR,20050628,0.08,0.08,0.08,0.08,375000
DIA,20050628,0.09,0.09,0.09,0.09,129000
DIO,20050628,0.058,0.062,0.058,0.06,1841552
DJS,20050628,1.845,1.88,1.845,1.875,987103
DJW,20050628,3.82,3.89,3.81,3.89,102779
DKN,20050628,0.7,0.7,0.69,0.7,76612
DLS,20050628,0.067,0.068,0.067,0.067,958956
DMP,20050628,2.38,2.4,2.35,2.4,75437
DMX,20050628,0.016,0.016,0.014,0.015,1975593
DMY,20050628,0.21,0.21,0.21,0.21,476
DNL,20050628,0.2,0.22,0.2,0.205,73000
DNX,20050628,0.1,0.13,0.1,0.13,842017
DOM,20050628,0.345,0.345,0.33,0.335,206614
DON,20050628,0.24,0.24,0.24,0.24,16550
DOW,20050628,5.46,5.46,5.37,5.45,1965639
DRA,20050628,0.23,0.235,0.22,0.235,1097651
DRD,20050628,1.2,1.35,1.2,1.35,53459
DRN,20050628,0.046,0.046,0.045,0.045,669238
DRT,20050628,1.36,1.385,1.36,1.365,7259584
DRX,20050628,0.165,0.165,0.155,0.155,144501
DTL,20050628,2.9,2.9,2.86,2.88,10700
DUE,20050628,2.44,2.5,2.44,2.45,2020692
DUI,20050628,2.38,2.38,2.38,2.38,19000
DVC,20050628,3.75,3.79,3.71,3.71,2274324
DVN,20050628,0.6,0.61,0.595,0.605,44175
DWY,20050628,0.72,0.74,0.72,0.74,8000
DYL,20050628,0.067,0.071,0.067,0.071,4384021
EBB,20050628,4.17,4.23,4.17,4.2,114000
EBG,20050628,0.175,0.175,0.175,0.175,20000
EBR,20050628,0.078,0.08,0.077,0.077,505000
EBT,20050628,0.22,0.23,0.22,0.22,172314
ECH,20050628,0.32,0.33,0.28,0.28,754154
ECI,20050628,0.18,0.2,0.18,0.2,21000
ECU,20050628,0.08,0.08,0.078,0.078,295830
EDN,20050628,0.34,0.34,0.34,0.34,4666
EGL,20050628,0.088,0.09,0.088,0.09,746080
EGO,20050628,0.009,0.009,0.008,0.009,6931610
EIF,20050628,0.023,0.023,0.023,0.023,493056
EIV,20050628,0.061,0.061,0.061,0.061,10000
ELK,20050628,0.26,0.26,0.26,0.26,83473
ELL,20050628,0.043,0.043,0.043,0.043,17500
ELX,20050628,0.235,0.24,0.23,0.235,246526
EMI,20050628,0.25,0.25,0.23,0.235,218816
EMM,20050628,0.035,0.036,0.035,0.036,145000
EMP,20050628,0.24,0.24,0.22,0.225,165414
EMS,20050628,0.18,0.19,0.15,0.165,1045054
ENE,20050628,4.2,4.24,4.09,4.09,121459
ENG,20050628,0.1,0.1,0.098,0.098,210081
ENV,20050628,1.135,1.135,1.125,1.13,1288346
EOS,20050628,3.42,3.5,3.4,3.5,26581
EPE,20050628,0.092,0.093,0.091,0.093,505889
EPR,20050628,0.074,0.074,0.074,0.074,70000
EPT,20050628,0.36,0.36,0.33,0.35,593674
EQI,20050628,1.015,1.04,0.985,1.02,638516
EQN,20050628,0.44,0.44,0.435,0.435,98749
EQX,20050628,0.22,0.22,0.21,0.21,40000
ERA,20050628,13.1,13.45,13.1,13.32,42172
ERG,20050628,0.24,0.245,0.235,0.245,3953782
ERH,20050628,0.026,0.026,0.026,0.026,500
ESG,20050628,0.165,0.17,0.16,0.16,283234
ESS,20050628,0.34,0.34,0.34,0.34,12000
ESV,20050628,0.87,0.9,0.87,0.9,1234001
ETC,20050628,0.041,0.041,0.036,0.041,136000
ETE,20050628,0.145,0.145,0.145,0.145,7092
ETK,20050628,0.027,0.027,0.027,0.027,1440
ETR,20050628,1.645,1.66,1.64,1.66,136935
ETT,20050628,0.033,0.033,0.031,0.031,650136
EUG,20050628,0.16,0.16,0.16,0.16,54224
EVM,20050628,0.29,0.29,0.29,0.29,28000
EVZ,20050628,0.054,0.054,0.054,0.054,378394
EWC,20050628,0.038,0.039,0.038,0.038,330690
EXL,20050628,7.44,7.44,7.35,7.44,613966
EXR,20050628,0.615,0.615,0.555,0.575,277290
EXS,20050628,0.135,0.14,0.13,0.13,474131
EXT,20050628,0.016,0.017,0.015,0.017,1914500
EZE,20050628,0.09,0.09,0.09,0.09,5000
EZL,20050628,1.645,1.645,1.645,1.645,2000
EZY,20050628,0.06,0.061,0.06,0.061,90625
FAN,20050628,3.38,3.45,3.35,3.35,14955
FAR,20050628,0.088,0.1,0.088,0.093,3446041
FBU,20050628,6.12,6.22,6.12,6.22,288739
FCL,20050628,1.84,1.9,1.84,1.87,2488919
FCN,20050628,0.5,0.525,0.495,0.515,2029097
FCO,20050628,0.255,0.28,0.255,0.28,175155
FDL,20050628,0.02,0.02,0.019,0.019,390000
FEA,20050628,0.545,0.575,0.545,0.575,432169
FFI,20050628,4.05,4.05,4,4,4734
FGL,20050628,5.31,5.36,5.3,5.32,6952108
FKP,20050628,2.91,2.92,2.83,2.83,368097
FLT,20050628,14.1,14.25,14.1,14.16,98365
FLX,20050628,2.85,2.9,2.85,2.9,225762
FMG,20050628,2.8,2.81,2.64,2.66,363321
FOA,20050628,26.6,27,26.6,27,226853
FPA,20050628,2.93,3,2.86,2.94,147373
FPF,20050628,0.045,0.045,0.045,0.045,98565
FPH,20050628,2.86,2.86,2.84,2.84,447022
FPS,20050628,0.75,0.75,0.75,0.75,90000
FRI,20050628,0.385,0.4,0.385,0.4,236907
FRL,20050628,0.18,0.18,0.18,0.18,100000
FRR,20050628,0.915,0.92,0.9,0.91,168450
FSA,20050628,0.037,0.037,0.037,0.037,10000
FUN,20050628,1.83,1.845,1.81,1.82,264105
FUS,20050628,0.008,0.008,0.008,0.008,353834
FUT,20050628,0.02,0.02,0.02,0.02,49600
FWD,20050628,5.93,6.2,5.93,6.08,145919
FWF,20050628,0.355,0.355,0.355,0.355,5000
FXJ,20050628,4.3,4.33,4.27,4.3,3057949
FXR,20050628,0.33,0.345,0.325,0.325,385108
GAA,20050628,1.1,1.15,1.045,1.08,449201
GAM,20050628,0.09,0.09,0.086,0.086,77000
GAN,20050628,1.675,1.685,1.665,1.665,12906893
GAP,20050628,1.5,1.5,1.5,1.5,52000
GAS,20050628,2.58,2.58,2.5,2.52,1085892
GAU,20050628,0.088,0.088,0.086,0.086,30000
GBG,20050628,0.08,0.081,0.079,0.08,955761
GBL,20050628,0.04,0.04,0.035,0.035,50000
GBN,20050628,0.023,0.023,0.022,0.023,510000
GBP,20050628,0.5,0.51,0.49,0.51,202000
GBR,20050628,0.12,0.12,0.11,0.11,65590
GBT,20050628,1.18,1.25,1.15,1.205,1227001
GCH,20050628,1.115,1.115,1.115,1.115,85000
GCL,20050628,3.27,3.33,3.27,3.31,296649
GCN,20050628,0.081,0.081,0.081,0.081,104074
GCR,20050628,0.036,0.036,0.034,0.034,1523000
GDA,20050628,0.003,0.004,0.003,0.003,5335000
GDM,20050628,0.34,0.35,0.33,0.34,465385
GDN,20050628,0.057,0.057,0.056,0.056,367143
GDR,20050628,0.13,0.13,0.12,0.12,383517
GDY,20050628,1.56,1.66,1.56,1.6,170847
GED,20050628,0.07,0.07,0.07,0.07,2400
GFD,20050628,0.565,0.6,0.56,0.58,485244
GGN,20050628,0.345,0.345,0.34,0.34,370047
GGP,20050628,0.15,0.155,0.145,0.145,351000
GGX,20050628,0.205,0.21,0.205,0.21,120000
GGY,20050628,0.027,0.027,0.027,0.027,985054
GHG,20050628,0.8,0.8,0.795,0.8,127615
GIP,20050628,0.1,0.1,0.1,0.1,4500
GIR,20050628,0.195,0.195,0.19,0.19,118000
GLB,20050628,0.31,0.32,0.305,0.31,664926
GLI,20050628,1.25,1.255,1.23,1.23,145844
GLN,20050628,0.1,0.105,0.1,0.1,2159572
GLS,20050628,1.2,1.25,1.2,1.25,103000
GMI,20050628,0.96,0.965,0.96,0.96,81286
GML,20050628,0.086,0.086,0.082,0.082,46410
GNC,20050628,11.32,11.33,11.22,11.33,874
GNL,20050628,0.065,0.07,0.065,0.07,722131
GNS,20050628,4.14,4.16,4.07,4.16,567035
GOA,20050628,0.081,0.095,0.081,0.095,54466
GOG,20050628,0.185,0.205,0.185,0.19,591709
GOP,20050628,0.12,0.12,0.115,0.12,345000
GOW,20050628,2.6,2.6,2.6,2.6,875
GPE,20050628,0.047,0.05,0.046,0.047,105619
GPG,20050628,1.79,1.8,1.785,1.785,66520
GPN,20050628,0.019,0.019,0.019,0.019,90089
GPT,20050628,3.66,3.66,3.61,3.63,8814343
GRD,20050628,2.07,2.1,2.03,2.09,452949
GRK,20050628,0.22,0.22,0.22,0.22,60000
GRN,20050628,0.54,0.55,0.52,0.52,71147
GRO,20050628,1.29,1.36,1.29,1.36,27502
GRR,20050628,0.86,0.88,0.84,0.88,31200
GRT,20050628,0.09,0.09,0.09,0.09,3000
GRY,20050628,0.19,0.19,0.18,0.18,53110
GSA,20050628,1.18,1.215,1.18,1.195,785460
GSE,20050628,0.026,0.027,0.026,0.026,603000
GTG,20050628,0.34,0.34,0.33,0.34,366500
GTI,20050628,0.033,0.033,0.033,0.033,10000
GTN,20050628,0.65,0.65,0.65,0.65,600
GTP,20050628,4.15,4.2,4.09,4.2,1404512
GUD,20050628,6.45,6.56,6.3,6.3,419208
GUL,20050628,0.017,0.017,0.017,0.017,30000
GUN,20050628,0.21,0.21,0.21,0.21,100000
GVM,20050628,0.02,0.02,0.02,0.02,330000
GWE,20050628,0.13,0.13,0.13,0.13,60000
GWT,20050628,3,3.03,2.96,3,483873
GZL,20050628,3.16,3.19,3.16,3.19,3025
HAN,20050628,12.2,12.26,12.2,12.26,4994
HAO,20050628,0.047,0.047,0.042,0.045,440000
HAV,20050628,0.94,0.97,0.94,0.97,130420
HBL,20050628,0.305,0.305,0.305,0.305,2000
HCC,20050628,0.825,0.84,0.82,0.84,30826
HCY,20050628,0.015,0.015,0.014,0.014,1050000
HDF,20050628,2.66,2.68,2.66,2.66,142391
HDN,20050628,0.19,0.19,0.19,0.19,30500
HDR,20050628,2.28,2.32,2.21,2.23,2133369
HEG,20050628,0.09,0.09,0.09,0.09,138600
HER,20050628,0.6,0.6,0.6,0.6,25600
HGI,20050628,1.43,1.44,1.42,1.43,7832251
HGO,20050628,0.155,0.155,0.15,0.15,180000
HGR,20050628,0.145,0.145,0.14,0.14,85000
HHL,20050628,5.96,6,5.95,6,6892
HHV,20050628,0.915,0.92,0.91,0.915,178335
HIC,20050628,0.73,0.73,0.72,0.72,14180
HIG,20050628,0.45,0.46,0.45,0.455,410499
HII,20050628,0.125,0.13,0.125,0.13,2893314
HIL,20050628,4.32,4.4,4.32,4.4,76883
HIT,20050628,0.066,0.066,0.066,0.066,5000
HJB,20050628,0.34,0.34,0.34,0.34,28198
HLD,20050628,0.24,0.25,0.235,0.25,295198
HLS,20050628,0.05,0.05,0.05,0.05,23240
HLT,20050628,0.415,0.42,0.415,0.42,19820
HLX,20050628,0.15,0.16,0.15,0.155,173868
HME,20050628,8,8,8,8,245
HNG,20050628,1.735,1.74,1.735,1.735,20550
HNR,20050628,0.093,0.093,0.093,0.093,43000
HOM,20050628,0.31,0.33,0.31,0.33,21823
HPX,20050628,1.68,1.72,1.68,1.72,15258
HRD,20050628,0.22,0.225,0.21,0.22,121000
HRR,20050628,0.68,0.71,0.68,0.69,191409
HSK,20050628,0.355,0.36,0.35,0.35,175000
HSN,20050628,0.25,0.25,0.24,0.24,24027
HSP,20050628,4.55,4.66,4.55,4.63,1270089
HST,20050628,1.58,1.65,1.58,1.64,1341198
HTA,20050628,0.265,0.27,0.26,0.265,898250
HTE,20050628,0.028,0.028,0.027,0.027,799808
HTL,20050628,0.11,0.12,0.11,0.12,160522
HTM,20050628,0.061,0.061,0.06,0.06,90000
HTW,20050628,0.395,0.395,0.375,0.375,78750
HUG,20050628,0.062,0.062,0.062,0.062,22387
HVN,20050628,2.6,2.6,2.53,2.56,2827455
HWG,20050628,0.185,0.185,0.185,0.185,95000
HWI,20050628,1.66,1.69,1.635,1.67,80810
HWT,20050628,1.45,1.45,1.45,1.45,6400
HWW,20050628,0.1,0.1,0.1,0.1,17100
HYO,20050628,0.06,0.063,0.06,0.063,73533
HZN,20050628,0.1,0.1,0.097,0.097,143791
IAG,20050628,6.14,6.14,6.05,6.05,4094864
IAS,20050628,0.205,0.22,0.205,0.22,100550
IBA,20050628,0.485,0.525,0.485,0.505,457633
IBC,20050628,0.55,0.56,0.55,0.56,42100
IBT,20050628,1.71,1.71,1.71,1.71,3000
ICC,20050628,0.006,0.006,0.006,0.006,1082695
ICE,20050628,0.012,0.012,0.012,0.012,158500
ICH,20050628,0.15,0.15,0.15,0.15,1408
ICN,20050628,0.028,0.028,0.027,0.028,1041500
ICS,20050628,0.335,0.335,0.335,0.335,8000
IDE,20050628,0.235,0.235,0.235,0.235,5384
IDT,20050628,1.755,1.755,1.75,1.75,62447
IEF,20050628,1.11,1.11,1.11,1.11,30000
IFC,20050628,0.22,0.22,0.22,0.22,15250
IFL,20050628,7.12,7.12,6.86,6.97,92910
IFM,20050628,0.51,0.51,0.5,0.505,879910
IGL,20050628,0.145,0.145,0.145,0.145,50000
IGO,20050628,1.36,1.37,1.35,1.365,803484
IGP,20050628,4.5,4.55,4.5,4.55,2933
IGR,20050628,0.084,0.084,0.084,0.084,285000
IHG,20050628,0.024,0.024,0.021,0.021,3070106
IIF,20050628,2.07,2.09,2.06,2.08,4742555
IIG,20050628,0.034,0.034,0.034,0.034,5000
IIN,20050628,2.82,2.86,2.8,2.84,52882
ILU,20050628,7.55,7.73,7.49,7.7,1015562
IMA,20050628,0.325,0.325,0.32,0.32,85280
IMD,20050628,0.22,0.22,0.22,0.22,110000
IMF,20050628,0.68,0.68,0.68,0.68,16965
IMH,20050628,0.125,0.135,0.125,0.13,537500
IMI,20050628,0.014,0.015,0.014,0.015,1079965
IML,20050628,0.06,0.06,0.06,0.06,50000
IMP,20050628,0.004,0.004,0.003,0.003,860000
IMU,20050628,0.14,0.14,0.135,0.135,370151
INL,20050628,0.068,0.068,0.066,0.067,298464
INO,20050628,0.185,0.185,0.185,0.185,5066
INP,20050628,0.625,0.63,0.615,0.63,98103
INT,20050628,0.034,0.034,0.033,0.034,2356290
INV,20050628,0.041,0.041,0.041,0.041,12734
IOF,20050628,1.285,1.295,1.285,1.285,2079826
IOH,20050628,0.36,0.38,0.36,0.38,300001
IPA,20050628,0.745,0.745,0.73,0.73,71130
IPG,20050628,1.945,1.965,1.945,1.955,6956793
IPL,20050628,16.6,16.6,15.75,15.75,2127
IRC,20050628,0.078,0.078,0.078,0.078,77292
IRE,20050628,4.06,4.2,4.06,4.2,111386
IRI,20050628,0.4,0.4,0.39,0.39,241465
IRN,20050628,0.34,0.34,0.33,0.34,109000
ISS,20050628,0.195,0.195,0.195,0.195,5000
ITC,20050628,0.038,0.038,0.038,0.038,192917
ITD,20050628,0.165,0.175,0.16,0.16,270192
ITE,20050628,0.16,0.18,0.16,0.165,2285400
ITF,20050628,1.23,1.23,1.2,1.2,44100
IVC,20050628,4.02,4.11,4.02,4.11,797667
IVK,20050628,0.014,0.015,0.014,0.014,1744840
IWF,20050628,1.36,1.38,1.36,1.37,66494
IWI,20050628,2.58,2.6,2.58,2.58,60859
IWL,20050628,2.43,2.5,2.43,2.5,36789
JAG,20050628,0.135,0.135,0.135,0.135,8200
JAK,20050628,0.125,0.13,0.12,0.12,665791
JBH,20050628,3.45,3.54,3.44,3.5,525925
JBM,20050628,6.7,7,6.7,7,560122
JET,20050628,0.675,0.675,0.675,0.675,21300
JFM,20050628,1.29,1.3,1.29,1.29,258712
JGL,20050628,0.075,0.077,0.07,0.07,384001
JHX,20050628,7.3,7.43,7.26,7.31,1243639
JMB,20050628,0.95,0.95,0.91,0.91,37893
JML,20050628,0.21,0.215,0.21,0.215,320083
JMS,20050628,0.082,0.082,0.08,0.08,245777
JPR,20050628,0.06,0.06,0.06,0.06,300000
JRV,20050628,0.023,0.023,0.02,0.02,9725790
JST,20050628,2.06,2.09,2.06,2.06,1334025
JUM,20050628,0.054,0.055,0.053,0.055,840995
JVG,20050628,0.16,0.16,0.16,0.16,25000
JYC,20050628,0.72,0.73,0.71,0.73,59450
KAL,20050628,0.21,0.21,0.21,0.21,6200
KAR,20050628,1.61,1.65,1.57,1.6,162500
KBO,20050628,0.048,0.052,0.048,0.05,628295
KCN,20050628,2.94,2.94,2.83,2.92,146838
KDS,20050628,0.65,0.68,0.65,0.67,100000
KGL,20050628,0.31,0.35,0.31,0.35,505524
KHF,20050628,4.9,4.9,4.89,4.9,29200
KIA,20050628,0.035,0.042,0.032,0.04,2205747
KIM,20050628,1.035,1.095,1.035,1.08,1299415
KLM,20050628,0.205,0.205,0.205,0.205,697
KME,20050628,1.42,1.5,1.42,1.43,27500
KMN,20050628,0.215,0.215,0.21,0.21,632200
KRS,20050628,0.255,0.255,0.25,0.255,557692
KSC,20050628,3.1,3.2,3.1,3.2,24557
KYC,20050628,1.8,1.99,1.8,1.98,302369
KZL,20050628,1.17,1.195,1.16,1.18,240647
LAF,20050628,0.19,0.195,0.19,0.19,1263758
LAS,20050628,0.047,0.047,0.047,0.047,2800
LAU,20050628,0.175,0.18,0.175,0.18,43000
LBY,20050628,0.16,0.16,0.16,0.16,30000
LCL,20050628,0.68,0.68,0.675,0.675,62292
LCO,20050628,0.7,0.75,0.7,0.75,4000
LCP,20050628,0.56,0.57,0.56,0.57,22291
LCT,20050628,0.2,0.21,0.2,0.21,447400
LDR,20050628,0.03,0.035,0.03,0.035,301962
LEF,20050628,0.12,0.12,0.12,0.12,10000
LEG,20050628,0.125,0.125,0.125,0.125,625059
LEI,20050628,10.93,11.39,10.9,11.38,190962
LEP,20050628,2.04,2.09,2.01,2.09,256378
LFE,20050628,0.655,0.66,0.65,0.66,27875
LGD,20050628,0.575,0.61,0.575,0.6,113392
LGO,20050628,0.014,0.014,0.014,0.014,100000
LHG,20050628,1.25,1.25,1.21,1.22,5845298
LIM,20050628,6.6,6.6,6.47,6.47,6095
LIO,20050628,0.005,0.005,0.004,0.005,3833000
LIP,20050628,1.42,1.42,1.4,1.405,306183
LKO,20050628,0.03,0.03,0.029,0.03,4167411
LKP,20050628,0.043,0.047,0.043,0.044,108700
LLC,20050628,13.29,13.34,13.25,13.29,1577614
LMG,20050628,0.006,0.008,0.006,0.007,460000
LMW,20050628,0.675,0.675,0.675,0.675,2000
LNG,20050628,0.395,0.395,0.385,0.39,80754
LNN,20050628,7.38,7.56,7.35,7.47,1376638
LOD,20050628,0.072,0.072,0.072,0.072,8500
LOK,20050628,0.85,0.85,0.82,0.825,39058
LRF,20050628,0.76,0.76,0.76,0.76,71700
LRX,20050628,0.155,0.16,0.155,0.16,907000
LSG,20050628,1.82,1.85,1.81,1.85,126642
LSL,20050628,0.002,0.002,0.002,0.002,1001000
LUM,20050628,0.06,0.062,0.06,0.061,295800
LVL,20050628,0.028,0.033,0.028,0.028,245710
LVR,20050628,0.785,0.81,0.785,0.81,110971
LYC,20050628,0.14,0.15,0.135,0.15,464365
LYL,20050628,1.7,1.7,1.7,1.7,5771
MAA,20050628,0.24,0.255,0.24,0.255,50000
MAC,20050628,0.041,0.041,0.041,0.041,20000
MAH,20050628,0.42,0.43,0.42,0.425,829144
MAL,20050628,0.575,0.58,0.575,0.58,23500
MAP,20050628,3.45,3.49,3.43,3.48,7241322
MAQ,20050628,0.1,0.1,0.1,0.1,158182
MAR,20050628,0.11,0.11,0.11,0.11,40500
MAY,20050628,4.82,4.89,4.77,4.79,2239729
MBL,20050628,58.8,59.5,58.7,59.15,441851
MBN,20050628,0.5,0.5,0.47,0.48,139571
MBP,20050628,0.585,0.61,0.58,0.61,1037134
MCC,20050628,7.6,7.7,7.55,7.7,119892
MCG,20050628,6.29,6.4,6.23,6.3,903454
MCL,20050628,0.003,0.003,0.003,0.003,99886
MCO,20050628,0.1,0.1,0.1,0.1,50000
MCP,20050628,3.02,3.08,3.01,3.07,46980
MCR,20050628,0.635,0.64,0.62,0.625,776781
MCW,20050628,1.91,1.92,1.9,1.91,3668238
MDE,20050628,0.72,0.75,0.71,0.72,40266
MDL,20050628,0.57,0.57,0.57,0.57,11500
MDM,20050628,0.034,0.035,0.034,0.035,436000
MDS,20050628,0.057,0.057,0.05,0.05,494267
MDT,20050628,1.185,1.195,1.175,1.175,4898007
MDV,20050628,0.065,0.065,0.064,0.065,160544
MEE,20050628,0.035,0.037,0.035,0.037,123333
MEI,20050628,0.2,0.2,0.2,0.2,50000
MEO,20050628,0.092,0.092,0.091,0.091,476950
MEP,20050628,0.41,0.41,0.4,0.4,24200
MFI,20050628,0.75,0.76,0.75,0.75,62795
MFS,20050628,1.47,1.48,1.46,1.47,118590
MFT,20050628,0.9,0.905,0.9,0.905,22002
MGK,20050628,1.31,1.33,1.3,1.33,35457
MGO,20050628,0.17,0.17,0.165,0.165,133857
MGQ,20050628,3.99,4.07,3.99,4.01,3680826
MGR,20050628,3.5,3.53,3.5,3.51,4859918
MGW,20050628,4.09,4.1,4.05,4.09,671754
MGX,20050628,0.645,0.645,0.61,0.63,2224360
MGZ,20050628,0.1,0.105,0.1,0.105,142498
MIC,20050628,0.048,0.048,0.046,0.048,2085000
MIG,20050628,4.04,4.19,4.04,4.15,13507798
MIK,20050628,0.052,0.055,0.052,0.055,93312
MIR,20050628,1.52,1.52,1.51,1.51,25749
MIS,20050628,0.405,0.42,0.395,0.41,312539
MLB,20050628,1.205,1.21,1.16,1.175,80241
MLE,20050628,1.92,1.95,1.9,1.92,162787
MLM,20050628,0.16,0.16,0.155,0.155,30000
MLT,20050628,16.4,16.5,16.4,16.45,4750
MMA,20050628,0.945,0.95,0.94,0.94,396367
MME,20050628,0.15,0.16,0.15,0.16,19333
MMN,20050628,0.11,0.11,0.105,0.11,617707
MMX,20050628,0.27,0.28,0.265,0.265,664000
MND,20050628,3.24,3.25,3.22,3.25,116675
MOC,20050628,1.16,1.16,1.16,1.16,104000
MOD,20050628,0.021,0.021,0.021,0.021,450000
MOE,20050628,0.43,0.445,0.43,0.445,81500
MOF,20050628,1.3,1.305,1.29,1.295,1930343
MOG,20050628,0.135,0.135,0.135,0.135,360000
MOL,20050628,1.2,1.2,1.2,1.2,2500
MOO,20050628,0.038,0.039,0.037,0.037,202000
MOS,20050628,0.155,0.16,0.15,0.155,5122708
MPA,20050628,0.088,0.089,0.087,0.089,100000
MPC,20050628,0.021,0.021,0.021,0.021,5000
MPD,20050628,0.105,0.105,0.105,0.105,127000
MPF,20050628,1.045,1.045,1.03,1.045,127552
MPG,20050628,0.94,0.94,0.94,0.94,49000
MPH,20050628,0.41,0.41,0.405,0.41,1824011
MPI,20050628,0.041,0.045,0.041,0.041,599994
MPO,20050628,0.031,0.031,0.031,0.031,225500
MPR,20050628,1.13,1.15,1.13,1.145,4560437
MRC,20050628,0.11,0.115,0.11,0.11,63875
MRE,20050628,2.1,2.1,2.06,2.1,1454167
MRL,20050628,0.785,0.795,0.75,0.77,2483252
MRM,20050628,0.34,0.34,0.335,0.335,88000
MRN,20050628,1.68,1.68,1.65,1.65,1501
MRX,20050628,0.054,0.055,0.052,0.055,3386526
MRY,20050628,0.007,0.008,0.007,0.008,205641
MSB,20050628,0.44,0.44,0.44,0.44,8000
MSC,20050628,0.057,0.058,0.056,0.058,1259142
MSI,20050628,0.03,0.03,0.02,0.02,15000
MSO,20050628,0.056,0.058,0.056,0.058,60000
MST,20050628,0.11,0.115,0.105,0.11,1217343
MSX,20050628,0.75,0.75,0.75,0.75,1250
MTB,20050628,0.071,0.071,0.071,0.071,90000
MTD,20050628,0.155,0.155,0.15,0.15,47500
MTI,20050628,0.39,0.39,0.38,0.39,75000
MTN,20050628,0.23,0.23,0.225,0.225,175000
MTR,20050628,0.093,0.095,0.092,0.092,301499
MTS,20050628,3.83,3.92,3.81,3.86,6383987
MTU,20050628,0.34,0.34,0.34,0.34,45000
MTX,20050628,0.86,0.87,0.86,0.87,60000
MUL,20050628,0.015,0.015,0.014,0.014,6170223
MUR,20050628,0.06,0.064,0.06,0.064,389573
MVL,20050628,0.014,0.014,0.014,0.014,1425
MVP,20050628,0.81,0.81,0.79,0.79,41000
MWE,20050628,0.105,0.105,0.105,0.105,45000
MXG,20050628,2.68,2.74,2.67,2.74,5087279
MXI,20050628,0.75,0.75,0.735,0.75,160001
MXL,20050628,0.14,0.15,0.14,0.145,717774
MYO,20050628,1.08,1.1,1.075,1.1,294358
NAB,20050628,30.37,30.9,30.36,30.87,3788054
NAL,20050628,0.35,0.36,0.35,0.36,394124
NAM,20050628,0.5,0.5,0.485,0.485,97529
NAV,20050628,0.11,0.11,0.105,0.105,102000
NCK,20050628,1.4,1.4,1.4,1.4,40082
NCM,20050628,16.99,17,16.74,16.89,1017385
NDC,20050628,0.075,0.086,0.074,0.086,529773
NDO,20050628,0.08,0.086,0.08,0.085,5634720
NEC,20050628,0.235,0.235,0.235,0.235,82500
NEM,20050628,5.13,5.15,5.11,5.12,286984
NEO,20050628,0.046,0.046,0.044,0.045,3530576
NEU,20050628,0.445,0.45,0.44,0.45,139538
NGM,20050628,0.08,0.08,0.08,0.08,19408
NHC,20050628,1.36,1.42,1.36,1.4,290253
NHR,20050628,0.33,0.33,0.32,0.32,1070864
NIA,20050628,0.2,0.205,0.19,0.205,1820386
NIQ,20050628,0.1,0.1,0.1,0.1,212140
NKL,20050628,0.105,0.105,0.1,0.105,255000
NKP,20050628,0.73,0.73,0.72,0.72,52464
NLS,20050628,0.08,0.08,0.08,0.08,190974
NLX,20050628,0.26,0.265,0.255,0.255,5444981
NMB,20050628,0.019,0.019,0.019,0.019,87000
NMC,20050628,0.056,0.056,0.054,0.054,809581
NMS,20050628,0.665,0.695,0.665,0.695,125904
NNG,20050628,0.245,0.245,0.245,0.245,200
NPX,20050628,4,4,4,4,300
NRL,20050628,0.019,0.019,0.019,0.019,18
NRT,20050628,4.91,4.92,4.71,4.74,423555
NSA,20050628,0.2,0.2,0.2,0.2,59412
NSX,20050628,0.53,0.53,0.5,0.53,150986
NTC,20050628,0.13,0.135,0.125,0.135,170030
NTG,20050628,0.34,0.34,0.34,0.34,5891
NUF,20050628,10.36,10.42,10.3,10.37,146323
NVC,20050628,0.35,0.35,0.32,0.32,73477
NVE,20050628,1.41,1.41,1.4,1.4,56983
NWE,20050628,0.195,0.195,0.18,0.19,1847837
NWR,20050628,0.2,0.2,0.2,0.2,60000
NWS,20050628,22.46,22.54,22.38,22.38,3264532
NXS,20050628,0.335,0.335,0.325,0.325,929684
NZO,20050628,0.85,0.885,0.85,0.885,124424
OBJ,20050628,0.023,0.023,0.023,0.023,241578
OCL,20050628,0.995,1,0.98,0.98,90122
OCO,20050628,0.015,0.016,0.01,0.013,15896093
OEC,20050628,0.1,0.105,0.1,0.1,920533
OEL,20050628,0.185,0.19,0.185,0.19,41938
OEX,20050628,0.245,0.245,0.24,0.24,212136
OFM,20050628,2.02,2.02,2.01,2.01,14277
OGD,20050628,0.615,0.615,0.59,0.605,229762
OHL,20050628,0.05,0.05,0.05,0.05,10000
OIL,20050628,0.33,0.34,0.325,0.325,183765
OKN,20050628,1.72,1.77,1.7,1.77,187709
OLE,20050628,0.025,0.025,0.024,0.024,32500
OLY,20050628,0.19,0.19,0.185,0.19,140000
OMC,20050628,0.9,0.9,0.865,0.865,76881
OMH,20050628,1.05,1.05,1.05,1.05,5165
OMI,20050628,0.46,0.46,0.44,0.44,46650
OMP,20050628,2.55,2.56,2.5,2.53,907871
OPC,20050628,0.11,0.11,0.105,0.105,154000
OPI,20050628,0.1,0.1,0.1,0.1,12047
OPL,20050628,0.57,0.57,0.56,0.57,284369
OPM,20050628,0.002,0.002,0.002,0.002,2050000
ORC,20050628,0.13,0.13,0.13,0.13,45833
ORD,20050628,0.35,0.35,0.34,0.35,90833
ORG,20050628,7.73,7.76,7.63,7.65,1427844
ORI,20050628,17.16,17.44,17.16,17.43,985640
ORL,20050628,2.02,2.07,2.02,2.05,41847
ORO,20050628,0.025,0.025,0.024,0.025,241525
ORP,20050628,0.016,0.016,0.015,0.016,2355832
ORT,20050628,0.065,0.075,0.065,0.07,351853
OSH,20050628,3.2,3.2,2.99,3.01,13498875
OST,20050628,2.6,2.66,2.6,2.64,743993
OTI,20050628,0.047,0.055,0.047,0.055,104500
OTL,20050628,0.3,0.305,0.295,0.305,1031195
OTT,20050628,0.37,0.38,0.37,0.38,26740
OXR,20050628,0.9,0.915,0.89,0.915,6061876
PAA,20050628,0.175,0.18,0.175,0.18,159480
PAD,20050628,0.045,0.045,0.041,0.041,495096
PBB,20050628,1.84,1.94,1.84,1.94,703433
PBD,20050628,1.38,1.38,1.36,1.36,16250
PBG,20050628,2.23,2.29,2.23,2.28,3872332
PBI,20050628,0.205,0.205,0.19,0.195,380458
PBL,20050628,15.05,15.07,14.89,14.95,2914971
PBO,20050628,0.255,0.27,0.25,0.26,613334
PBT,20050628,0.15,0.155,0.15,0.15,105900
PCC,20050628,0.077,0.082,0.077,0.081,806675
PCE,20050628,0.019,0.019,0.019,0.019,46800
PCG,20050628,0.565,0.575,0.565,0.57,181811
PCL,20050628,0.077,0.078,0.074,0.077,841850
PCP,20050628,0.066,0.075,0.066,0.07,120000
PDG,20050628,19.61,19.85,19.61,19.75,2966
PDL,20050628,1.55,1.56,1.55,1.55,77195
PDM,20050628,0.051,0.051,0.051,0.051,20000
PDN,20050628,1.17,1.235,1.16,1.205,3206829
PEL,20050628,0.06,0.06,0.06,0.06,10110
PEM,20050628,0.665,0.685,0.665,0.68,585865
PEO,20050628,0.13,0.13,0.125,0.125,91650
PEP,20050628,0.33,0.33,0.3,0.32,347365
PGA,20050628,3.05,3.05,3.05,3.05,3000
PGL,20050628,2.55,2.67,2.55,2.61,135799
PGN,20050628,0.72,0.72,0.72,0.72,17000
PGS,20050628,0.17,0.175,0.17,0.175,100000
PHL,20050628,0.033,0.033,0.033,0.033,515567
PHY,20050628,5,5.01,5,5.01,426016
PIE,20050628,0.02,0.02,0.02,0.02,100000
PIF,20050628,1.635,1.65,1.635,1.635,6311787
PIO,20050628,0.15,0.155,0.15,0.155,556986
PKT,20050628,0.002,0.002,0.002,0.002,2130328
PLA,20050628,0.11,0.11,0.1,0.105,1924352
PLF,20050628,0.795,0.83,0.795,0.81,234847
PLT,20050628,0.2,0.2,0.19,0.19,250588
PMA,20050628,0.3,0.3,0.3,0.3,8100
PMC,20050628,1.84,1.84,1.81,1.82,281577
PME,20050628,0.98,1,0.91,1,48800
PMH,20050628,0.008,0.009,0.008,0.009,330000
PMM,20050628,3.81,3.84,3.81,3.84,25855
PMN,20050628,4.7,4.77,4.66,4.75,43739757
PMP,20050628,1.345,1.36,1.34,1.35,1947131
PMX,20050628,0.027,0.027,0.026,0.026,8222
PNA,20050628,0.24,0.24,0.225,0.23,4963688
PNN,20050628,0.205,0.205,0.185,0.185,156317
PNO,20050628,0.026,0.026,0.024,0.024,705000
POH,20050628,0.255,0.26,0.255,0.255,333120
POL,20050628,0.195,0.195,0.19,0.19,78750
PPC,20050628,1.5,1.5,1.5,1.5,17158
PPD,20050628,0.165,0.175,0.165,0.175,77000
PPG,20050628,0.425,0.43,0.425,0.425,41200
PPK,20050628,0.895,0.895,0.88,0.88,43000
PPN,20050628,0.135,0.135,0.13,0.13,28265
PPP,20050628,0.125,0.125,0.125,0.125,70000
PPR,20050628,1.83,1.83,1.83,1.83,4484
PPT,20050628,56.8,57.15,56.6,56.9,54430
PPX,20050628,2.88,2.97,2.86,2.94,7032339
PPY,20050628,0.12,0.12,0.12,0.12,150000
PRE,20050628,0.054,0.054,0.052,0.052,1897732
PRG,20050628,3.25,3.25,3.15,3.17,325547
PRK,20050628,5.59,5.59,5.51,5.52,4307315
PRM,20050628,0.035,0.04,0.035,0.04,62333
PRO,20050628,0.11,0.11,0.11,0.11,24500
PRR,20050628,0.097,0.097,0.095,0.095,193000
PRT,20050628,2.95,3,2.95,3,33320
PRU,20050628,0.14,0.14,0.14,0.14,50000
PRV,20050628,0.935,0.935,0.925,0.93,439936
PRY,20050628,8.95,9.04,8.94,9,129430
PSA,20050628,1,1.005,0.985,0.99,261503
PSD,20050628,0.81,0.82,0.805,0.82,178257
PSG,20050628,0.053,0.053,0.052,0.052,701500
PSN,20050628,7.35,7.35,7.35,7.35,2070
PSP,20050628,0.1,0.1,0.1,0.1,10000
PSV,20050628,0.295,0.3,0.29,0.29,2259850
PSX,20050628,0.165,0.18,0.165,0.165,292499
PTD,20050628,1.59,1.595,1.57,1.58,651261
PTR,20050628,0.255,0.255,0.25,0.255,155000
PWK,20050628,0.68,0.7,0.68,0.695,95650
PWR,20050628,0.165,0.175,0.16,0.16,65165
PWT,20050628,1.02,1.03,1.01,1.01,76869
PXL,20050628,0.365,0.38,0.365,0.38,57250
PXS,20050628,1.79,1.79,1.55,1.68,305045
PYC,20050628,0.175,0.175,0.165,0.17,104700
QAD,20050628,0.038,0.038,0.038,0.038,44515
QAN,20050628,3.3,3.35,3.3,3.33,7177400
QBE,20050628,15.95,16.21,15.83,16.14,3637057
QCH,20050628,3.45,3.45,3.4,3.41,48891
QED,20050628,0.057,0.059,0.057,0.058,505000
QFX,20050628,0.12,0.15,0.12,0.15,987677
QGC,20050628,0.415,0.425,0.41,0.42,1226066
QMG,20050628,0.4,0.4,0.365,0.365,1571090
QML,20050628,0.07,0.07,0.07,0.07,48000
QPX,20050628,0.05,0.05,0.05,0.05,26000
QRS,20050628,0.079,0.08,0.076,0.076,504450
QTM,20050628,0.105,0.105,0.094,0.094,480877
QUE,20050628,0.21,0.21,0.21,0.21,46500
QUR,20050628,0.015,0.015,0.015,0.015,1960
QXQ,20050628,0.027,0.027,0.027,0.027,33334
RAT,20050628,1.15,1.17,1.15,1.17,77500
RAU,20050628,0.095,0.095,0.095,0.095,8300
RBH,20050628,0.11,0.12,0.11,0.12,250000
RBS,20050628,10.05,10.05,10.05,10.05,150
RBY,20050628,0.015,0.015,0.015,0.015,415769
RCD,20050628,5.88,5.92,5.88,5.92,225716
RCG,20050628,0.2,0.2,0.185,0.19,273000
RCL,20050628,2.74,2.78,2.7,2.75,756616
RCM,20050628,0.041,0.041,0.04,0.04,387
RCR,20050628,0.75,0.75,0.75,0.75,60015
RCT,20050628,3.05,3.05,3.05,3.05,1850
RDF,20050628,2.86,2.9,2.82,2.86,100808
RDM,20050628,0.23,0.235,0.23,0.235,45000
RDR,20050628,0.25,0.25,0.235,0.235,52529
REA,20050628,1.45,1.45,1.45,1.45,5825
REB,20050628,2,2,1.985,1.985,35285
RED,20050628,0.105,0.105,0.1,0.105,469994
REH,20050628,12.92,12.92,12.92,12.92,400
REL,20050628,0.14,0.145,0.14,0.145,62675
RER,20050628,0.2,0.22,0.195,0.195,455000
RGA,20050628,0.54,0.54,0.54,0.54,10000
RHC,20050628,8.6,8.74,8.59,8.61,127870
RHD,20050628,0.57,0.57,0.56,0.56,160930
RHL,20050628,4.19,4.19,4.19,4.19,153
RHT,20050628,0.13,0.14,0.12,0.14,1183566
RIC,20050628,1.325,1.36,1.32,1.36,3978401
RIM,20050628,0.017,0.017,0.017,0.017,68000
RIN,20050628,13.86,13.9,13.66,13.69,2788571
RIO,20050628,44.45,44.95,44.4,44.94,1895997
RIV,20050628,0.63,0.63,0.625,0.625,20000
RKN,20050628,0.78,0.79,0.78,0.79,75700
RMC,20050628,0.035,0.035,0.035,0.035,12500
RMD,20050628,7.96,8.13,7.95,8.1,460875
RMI,20050628,0.13,0.13,0.125,0.125,1084223
RML,20050628,0.22,0.22,0.175,0.18,473095
RMS,20050628,0.16,0.16,0.155,0.155,242850
RND,20050628,0.23,0.23,0.22,0.22,69000
RNG,20050628,0.095,0.1,0.09,0.09,561183
ROC,20050628,2.03,2.05,2.01,2.03,1554670
ROK,20050628,4.07,4.07,4.07,4.07,1437
RPC,20050628,0.58,0.58,0.58,0.58,8000
RPM,20050628,0.065,0.065,0.065,0.065,22196
RPT,20050628,0.057,0.057,0.049,0.051,35611765
RRL,20050628,0.105,0.105,0.105,0.105,168619
RRS,20050628,0.023,0.024,0.022,0.023,4967900
RRT,20050628,0.865,0.865,0.855,0.855,218730
RSG,20050628,1.05,1.05,0.995,0.995,253501
RSN,20050628,0.093,0.095,0.092,0.095,116137
RSP,20050628,0.98,0.995,0.97,0.995,143500
RTL,20050628,0.295,0.295,0.265,0.265,460582
RTM,20050628,0.073,0.073,0.07,0.071,3546780
RUP,20050628,10.45,10.6,10.45,10.54,54312
RWD,20050628,0.1,0.1,0.1,0.1,200000
RXL,20050628,0.15,0.16,0.15,0.16,43375
SAI,20050628,2.61,2.7,2.61,2.69,142113
SAQ,20050628,5.6,5.6,5.6,5.6,2900
SAR,20050628,0.072,0.079,0.072,0.079,128196
SAU,20050628,0.12,0.12,0.115,0.115,52853
SAX,20050628,0.069,0.12,0.069,0.12,30000
SBC,20050628,11.94,12,11.88,12,135480
SBL,20050628,0.037,0.045,0.036,0.045,163700
SBM,20050628,0.1,0.105,0.1,0.1,621316
SBP,20050628,0.082,0.084,0.082,0.082,305000
SBS,20050628,0.037,0.037,0.036,0.036,1342023
SCB,20050628,0.125,0.125,0.125,0.125,89000
SCD,20050628,0.025,0.025,0.023,0.023,227072
SCE,20050628,0.019,0.02,0.019,0.02,128800
SCF,20050628,113.25,113.25,113.25,113.25,125369
SCV,20050628,0.6,0.65,0.6,0.65,58926
SDG,20050628,1.55,1.59,1.55,1.56,215587
SDI,20050628,0.735,0.75,0.735,0.735,268965
SDL,20050628,0.015,0.016,0.015,0.015,1219353
SDR,20050628,0.155,0.16,0.155,0.16,314860
SDS,20050628,0.52,0.57,0.52,0.57,36050
SEA,20050628,0.35,0.35,0.35,0.35,5000
SED,20050628,0.215,0.215,0.21,0.21,113500
SEE,20050628,0.046,0.046,0.04,0.04,120000
SEK,20050628,2.34,2.34,2.31,2.34,818774
SEL,20050628,1.8,1.8,1.8,1.8,7000
SEM,20050628,4.48,4.5,4.48,4.48,31869
SEN,20050628,0.32,0.32,0.31,0.31,1035480
SEV,20050628,6.86,6.96,6.86,6.94,211219
SFC,20050628,4.85,4.88,4.8,4.8,36205
SFE,20050628,10.1,10.29,10.07,10.16,1572032
SFR,20050628,0.11,0.12,0.105,0.12,125000
SFY,20050628,41.63,42.04,41.63,42.04,6142
SGB,20050628,25.82,26.19,25.82,26.15,861240
SGL,20050628,0.49,0.545,0.49,0.545,4487595
SGN,20050628,2.77,2.89,2.77,2.82,3239123
SGP,20050628,5.58,5.58,5.52,5.56,6755736
SGS,20050628,1.03,1.05,1.02,1.035,110285
SGT,20050628,2.09,2.1,2.08,2.1,18408964
SGV,20050628,0.13,0.13,0.13,0.13,2500
SGX,20050628,1.845,1.845,1.81,1.83,1161669
SHC,20050628,0.28,0.28,0.26,0.26,230000
SHG,20050628,0.6,0.6,0.6,0.6,27000
SHL,20050628,12.61,12.86,12.59,12.83,697057
SHN,20050628,0.056,0.056,0.051,0.051,526921
SHV,20050628,9.75,9.78,9.75,9.78,5080
SIB,20050628,0.056,0.056,0.054,0.055,193819
SIE,20050628,0.04,0.042,0.04,0.041,904000
SIG,20050628,9.13,9.2,9,9.13,312706
SIM,20050628,0.22,0.22,0.22,0.22,20031
SKC,20050628,3.93,3.98,3.93,3.95,73350
SKE,20050628,2.44,2.44,2.42,2.42,45692
SKG,20050628,0.66,0.685,0.66,0.665,14411
SKR,20050628,0.031,0.032,0.03,0.03,1625588
SKW,20050628,0.185,0.185,0.18,0.18,249111
SLA,20050628,0.105,0.11,0.105,0.105,39050
SLD,20050628,0.185,0.185,0.185,0.185,8000
SLF,20050628,17.19,17.19,17.18,17.18,452
SLM,20050628,4.9,4.9,4.81,4.9,226152
SLT,20050628,0.28,0.28,0.27,0.27,252182
SLV,20050628,0.46,0.46,0.44,0.46,257400
SLX,20050628,1.12,1.14,1.11,1.13,189436
SMA,20050628,0.012,0.012,0.011,0.012,883462
SMC,20050628,0.15,0.15,0.15,0.15,10000
SML,20050628,0.125,0.125,0.105,0.105,1781595
SMM,20050628,0.325,0.375,0.32,0.375,2179347
SMN,20050628,0.1,0.105,0.099,0.1,547384
SMO,20050628,0.065,0.068,0.065,0.068,2180000
SMS,20050628,14.78,14.78,14.39,14.44,703518
SMX,20050628,1.86,1.87,1.85,1.87,69760
SMY,20050628,0.82,0.855,0.82,0.855,229200
SNF,20050628,0.355,0.355,0.345,0.345,113000
SNL,20050628,0.46,0.46,0.45,0.45,17500
SNN,20050628,0.23,0.235,0.23,0.23,170000
SNO,20050628,0.415,0.43,0.4,0.43,82777
SOE,20050628,0.21,0.215,0.21,0.21,1642436
SOL,20050628,8.86,8.9,8.85,8.9,13026
SOM,20050628,0.2,0.2,0.175,0.175,72500
SOO,20050628,0.26,0.26,0.25,0.25,43820
SOT,20050628,1.48,1.5,1.46,1.48,1747426
SPH,20050628,0.54,0.54,0.51,0.52,53150
SPL,20050628,0.44,0.445,0.43,0.445,312140
SPT,20050628,5.23,5.35,5.23,5.35,176351
SRA,20050628,0.051,0.055,0.05,0.055,1952421
SRI,20050628,0.075,0.077,0.075,0.076,997786
SRL,20050628,1.855,1.855,1.815,1.835,97498
SRV,20050628,2.89,2.89,2.88,2.89,40000
SRX,20050628,1.45,1.49,1.4,1.465,46343
SRZ,20050628,0.18,0.18,0.175,0.175,156715
SSH,20050628,0.013,0.013,0.013,0.013,30000
SSI,20050628,2.79,2.8,2.71,2.8,52689
SSN,20050628,0.315,0.315,0.315,0.315,177046
SSX,20050628,1.25,1.26,1.245,1.26,1783165
STB,20050628,0.14,0.14,0.135,0.135,56200
STE,20050628,0.095,0.095,0.09,0.09,70000
STI,20050628,0.27,0.27,0.27,0.27,625
STO,20050628,11.75,11.8,11.3,11.34,2605049
STP,20050628,0.043,0.043,0.043,0.043,448000
STR,20050628,0.195,0.2,0.19,0.2,65000
STS,20050628,0.62,0.62,0.61,0.61,6130
STT,20050628,0.017,0.017,0.017,0.017,59112
STU,20050628,0.995,1.01,0.93,0.95,233473
STW,20050628,41.88,42.43,41.88,42.25,49305
STX,20050628,0.13,0.135,0.125,0.13,2166334
SUL,20050628,2.84,2.84,2.8,2.81,62383
SUN,20050628,20.61,20.77,20.4,20.46,1572179
SUR,20050628,0.18,0.18,0.18,0.18,52063
SWG,20050628,0.017,0.023,0.017,0.023,1652200
SXC,20050628,0.007,0.008,0.007,0.007,526320
SYG,20050628,0.007,0.007,0.007,0.007,697672
SYM,20050628,1.51,1.51,1.51,1.51,14100
SYP,20050628,0.15,0.15,0.15,0.15,40000
TAA,20050628,0.014,0.015,0.014,0.014,540823
TAH,20050628,16.45,16.5,16.34,16.34,1123732
TAM,20050628,0.074,0.075,0.074,0.074,1500933
TAN,20050628,1.5,1.5,1.5,1.5,1740
TAP,20050628,2.5,2.57,2.34,2.42,2332949
TAS,20050628,0.13,0.13,0.13,0.13,115000
TAW,20050628,0.71,0.71,0.65,0.68,76300
TBC,20050628,0.21,0.21,0.21,0.21,236213
TBR,20050628,0.49,0.5,0.49,0.5,140065
TCI,20050628,1.38,1.38,1.37,1.37,15380
TCL,20050628,7.3,7.4,7.29,7.39,3214526
TCN,20050628,0.06,0.06,0.059,0.059,102900
TCP,20050628,0.69,0.69,0.67,0.67,116862
TCQ,20050628,0.98,0.99,0.98,0.99,16030
TEA,20050628,0.065,0.065,0.063,0.063,385000
TEE,20050628,0.029,0.03,0.028,0.03,1350000
TEL,20050628,5.49,5.51,5.47,5.5,3124629
TEN,20050628,3.62,3.66,3.61,3.64,2947352
TFC,20050628,0.43,0.435,0.42,0.42,86500
TFE,20050628,0.31,0.325,0.31,0.325,657200
TFS,20050628,0.065,0.065,0.065,0.065,23000
TGD,20050628,0.085,0.085,0.085,0.085,76725
TGF,20050628,0.125,0.125,0.125,0.125,65000
TGG,20050628,1.17,1.18,1.16,1.16,188812
TGR,20050628,0.85,0.86,0.84,0.85,61792
TGS,20050628,0.175,0.175,0.175,0.175,5000
THG,20050628,0.77,0.78,0.77,0.775,108229
THK,20050628,0.82,0.82,0.82,0.82,75000
THX,20050628,0.185,0.19,0.185,0.19,149673
TIF,20050628,0.465,0.47,0.465,0.465,240018
TIM,20050628,2.14,2.19,2.13,2.18,1149048
TIR,20050628,0.053,0.054,0.052,0.052,3022481
TIS,20050628,0.61,0.61,0.58,0.58,43000
TJN,20050628,0.91,0.92,0.91,0.92,116480
TKG,20050628,0.003,0.003,0.003,0.003,2587220
TKL,20050628,0.17,0.17,0.17,0.17,40000
TKR,20050628,1.13,1.13,1.13,1.13,2200000
TLS,20050628,5.08,5.11,5.07,5.08,15700162
TLT,20050628,0.93,0.93,0.93,0.93,3500
TMM,20050628,0.25,0.25,0.25,0.25,5000
TMO,20050628,0.46,0.46,0.445,0.455,121949
TMS,20050628,0.038,0.039,0.038,0.039,874052
TNC,20050628,0.18,0.18,0.175,0.18,285000
TNE,20050628,0.52,0.53,0.52,0.52,586080
TNG,20050628,0.18,0.21,0.18,0.2,153839
TNS,20050628,3.62,3.75,3.62,3.75,27992
TOL,20050628,13.07,13.2,12.95,13.03,580344
TOR,20050628,1.72,1.72,1.71,1.71,3654
TOX,20050628,0.033,0.034,0.032,0.034,9918686
TPI,20050628,3.65,3.8,3.65,3.8,305518
TPX,20050628,6.5,6.74,6.5,6.74,12500
TRG,20050628,11.9,12,11.9,11.95,2508
TRO,20050628,0.11,0.13,0.11,0.115,280714
TRS,20050628,2.93,2.99,2.9,2.99,302919
TRY,20050628,2.25,2.26,2.2,2.25,118500
TSE,20050628,7.45,7.52,7.42,7.52,657403
TSH,20050628,0.4,0.4,0.4,0.4,26200
TSO,20050628,2.09,2.1,2.08,2.1,3120915
TSV,20050628,0.084,0.087,0.084,0.087,20500
TTH,20050628,0.08,0.08,0.08,0.08,384638
TTI,20050628,0.21,0.21,0.2,0.205,111000
TTR,20050628,0.2,0.2,0.19,0.19,528236
TTT,20050628,0.65,0.66,0.63,0.63,101000
TTV,20050628,0.98,0.98,0.98,0.98,30000
TVL,20050628,0.16,0.175,0.16,0.17,97268
TWD,20050628,1.39,1.39,1.39,1.39,4000
TWO,20050628,1.25,1.25,1.225,1.23,34762
TWR,20050628,1.825,1.86,1.82,1.85,458142
TYC,20050628,0.715,0.72,0.705,0.705,76614
TZL,20050628,0.48,0.5,0.47,0.49,137746
TZN,20050628,0.345,0.36,0.32,0.36,531265
UCL,20050628,0.028,0.031,0.028,0.031,348346
UCM,20050628,1.08,1.08,1,1.05,80400
UCW,20050628,1.05,1.05,1.05,1.05,175
UGL,20050628,9.31,9.41,9.3,9.41,316514
UKD,20050628,0.12,0.12,0.105,0.11,200000
UNI,20050628,0.575,0.58,0.55,0.55,264280
UNW,20050628,0.31,0.315,0.3,0.31,679658
UOS,20050628,1.17,1.17,1.16,1.16,6925
URL,20050628,0.145,0.145,0.14,0.145,57843
UTB,20050628,14.5,14.61,14.33,14.5,311364
UXC,20050628,0.775,0.775,0.77,0.775,89802
VBA,20050628,1.66,1.67,1.66,1.66,256531
VCM,20050628,1.655,1.655,1.655,1.655,400
VCR,20050628,1.365,1.42,1.365,1.39,2141204
VGH,20050628,3.84,3.85,3.84,3.85,33114
VGL,20050628,1.28,1.35,1.28,1.345,218118
VGP,20050628,0.81,0.9,0.81,0.87,267200
VHL,20050628,0.305,0.31,0.3,0.3,260862
VIA,20050628,0.033,0.033,0.033,0.033,31000
VKI,20050628,0.405,0.405,0.4,0.4,14378
VLL,20050628,0.35,0.385,0.345,0.38,14907224
VOY,20050628,0.33,0.33,0.32,0.325,2058055
VPE,20050628,0.027,0.028,0.026,0.027,6734930
VPG,20050628,1.32,1.335,1.32,1.33,554289
VPH,20050628,0.1,0.1,0.1,0.1,1250
VRE,20050628,0.165,0.17,0.16,0.165,492648
VRL,20050628,2.4,2.5,2.4,2.5,67882
VSG,20050628,0.023,0.023,0.022,0.023,108000
VSL,20050628,1.145,1.19,1.145,1.165,255417
VTI,20050628,0.73,0.74,0.7,0.74,77242
VTP,20050628,0.97,0.97,0.97,0.97,114177
VTR,20050628,0.81,0.82,0.805,0.82,287100
VWD,20050628,1.35,1.36,1.35,1.35,72552
VXS,20050628,0.016,0.017,0.016,0.017,82500
WAB,20050628,1,1.01,1,1.01,37376
WAG,20050628,0.105,0.105,0.105,0.105,222300
WAL,20050628,0.125,0.13,0.12,0.125,63030
WAM,20050628,1.395,1.405,1.385,1.39,79976
WAN,20050628,7.9,8.02,7.9,8,285165
WAS,20050628,0.021,0.021,0.021,0.021,64000
WBA,20050628,0.69,0.7,0.69,0.7,21667
WBB,20050628,7.25,7.25,7.25,7.25,1300
WBC,20050628,19.5,19.77,19.45,19.73,7127951
WCB,20050628,3.71,3.74,3.7,3.74,15000
WCG,20050628,1.38,1.38,1.38,1.38,13274
WDC,20050628,17.4,17.76,17.4,17.7,4283598
WEB,20050628,0.145,0.15,0.145,0.145,218900
WES,20050628,39.65,40.31,39.65,40.31,537575
WEZ,20050628,0.086,0.086,0.077,0.078,201129
WFL,20050628,2.47,2.47,2.46,2.46,29000
WGP,20050628,0.15,0.15,0.14,0.14,61000
WGR,20050628,0.13,0.13,0.13,0.13,1000
WHS,20050628,3.43,3.43,3.35,3.35,100769
WIL,20050628,0.91,0.91,0.905,0.91,426042
WLS,20050628,0.875,0.875,0.875,0.875,215844
WME,20050628,0.039,0.039,0.039,0.039,47806
WMG,20050628,0.071,0.071,0.071,0.071,115000
WOR,20050628,7.5,7.5,7.39,7.46,328561
WOW,20050628,16.33,16.5,16.32,16.49,2512451
WPL,20050628,29.61,29.61,28.91,29.25,2215048
WRF,20050628,0.38,0.38,0.38,0.38,400
WSA,20050628,1.33,1.4,1.33,1.375,281417
WSS,20050628,0.084,0.084,0.084,0.084,50000
WST,20050628,0.545,0.55,0.545,0.545,40000
WSY,20050628,0.027,0.027,0.026,0.026,339288
WTE,20050628,0.04,0.041,0.039,0.039,1538800
WTP,20050628,1.045,1.06,1.03,1.06,17695
WWA,20050628,0.88,0.88,0.88,0.88,1200
WYL,20050628,2.24,2.25,2.22,2.25,221166
XAN,20050628,0.009,0.015,0.009,0.013,13039481
XAO,20050628,4191.1,4224.9,4191.1,4222,0
XBL,20050628,0.155,0.165,0.15,0.165,98572
XBW,20050628,33031.7,33031.7,33031.7,33031.7,0
XDJ,20050628,2227.4,2238,2226,2232.3,0
XEJ,20050628,9564.3,9675.5,9449.7,9499.4,0
XFJ,20050628,5021.5,5071,5021.5,5065.1,0
XFL,20050628,4188.5,4223.7,4187.7,4220.6,0
XHJ,20050628,5153.3,5289.5,5153.3,5280.8,0
XIJ,20050628,384,389.8,384,388.2,0
XJO,20050628,4237.6,4274.1,4237,4270.8,0
XKO,20050628,4222.8,4265,4222.8,4262,0
XMD,20050628,4056.2,4097.7,4056.2,4093,0
XMJ,20050628,7212.9,7279.1,7205.4,7278.1,0
XNJ,20050628,5119,5190.7,5118.5,5186.5,0
XPJ,20050628,1773.2,1795.3,1773.2,1789.3,0
XSJ,20050628,5564.6,5620.1,5563.7,5615.8,0
XSO,20050628,2345.8,2362.3,2345.6,2362,0
XTJ,20050628,1798,1806.1,1794.5,1798.5,0
XTL,20050628,2280.9,2302.7,2280.3,2301.4,0
XTO,20050628,3438.4,3473.8,3438.4,3471.1,0
XUJ,20050628,4945,4982,4932.7,4943.4,0
XXJ,20050628,5130.9,5180,5130.9,5174.7,0
YAM,20050628,0.005,0.006,0.005,0.006,755867
YGL,20050628,0.025,0.025,0.025,0.025,105500
YML,20050628,0.16,0.16,0.16,0.16,262326
ZAL,20050628,0.011,0.011,0.011,0.011,16000
ZBB,20050628,0.285,0.285,0.28,0.28,70000
ZFX,20050628,3.02,3.07,3.02,3.07,2096340
ZIM,20050628,2.82,2.84,2.8,2.8,3400
ZYL,20050628,0.004,0.004,0.004,0.004,810000
