AAC,20050916,1.71,1.735,1.7,1.705,111814
AAE,20050916,0.32,0.32,0.29,0.29,144000
AAM,20050916,0.26,0.335,0.26,0.32,1055132
AAQ,20050916,0.55,0.55,0.53,0.53,31300
AAR,20050916,0.021,0.021,0.019,0.019,3842368
AAT,20050916,0.12,0.125,0.12,0.125,186074
AAU,20050916,0.78,0.78,0.75,0.75,88600
ABB,20050916,6.8,6.8,6.65,6.68,26337
ABC,20050916,2.12,2.14,2.07,2.07,475716
ABI,20050916,0.105,0.105,0.1,0.105,58500
ABP,20050916,1.375,1.41,1.375,1.4,73051
ABQ,20050916,0.23,0.23,0.23,0.23,45000
ABS,20050916,6.45,6.59,6.45,6.54,1168502
ACE,20050916,0.18,0.18,0.155,0.155,38581
ACL,20050916,0.99,0.99,0.92,0.935,180638
ACR,20050916,0.67,0.68,0.67,0.68,333337
ACS,20050916,0.18,0.18,0.18,0.18,10000
ACU,20050916,0.15,0.15,0.145,0.145,265156
ADA,20050916,0.225,0.225,0.225,0.225,36000
ADB,20050916,13.17,13.51,13.17,13.27,186370
ADG,20050916,3.79,3.79,3.71,3.71,6545
ADI,20050916,0.365,0.39,0.36,0.39,684140
ADK,20050916,0.11,0.135,0.11,0.135,1860232
ADN,20050916,0.285,0.285,0.275,0.275,31000
ADU,20050916,0.4,0.4,0.39,0.39,155300
ADX,20050916,0.135,0.135,0.13,0.13,104126
ADY,20050916,0.185,0.185,0.175,0.18,6737535
ADZ,20050916,1.82,1.825,1.785,1.795,1652522
AEC,20050916,2.61,2.61,2.6,2.6,6673
AED,20050916,1.05,1.155,1.045,1.13,2605974
AEI,20050916,0.715,0.72,0.7,0.72,8950
AEN,20050916,1.1,1.1,1.1,1.1,9831
AEO,20050916,1.73,1.73,1.725,1.73,181331
AEU,20050916,1.465,1.47,1.465,1.465,65780
AEX,20050916,0.03,0.03,0.03,0.03,1304000
AFI,20050916,4.04,4.07,4.03,4.04,133162
AFL,20050916,0.7,0.7,0.67,0.67,130266
AFS,20050916,0.059,0.059,0.059,0.059,100000
AFT,20050916,0.018,0.021,0.018,0.02,9326118
AGC,20050916,1.6,1.62,1.59,1.6,298217
AGG,20050916,10.3,10.5,10.3,10.36,21951
AGI,20050916,0.54,0.56,0.54,0.545,47351
AGL,20050916,14.38,14.55,14.37,14.54,1668556
AGM,20050916,0.14,0.145,0.135,0.135,483689
AGO,20050916,0.22,0.22,0.22,0.22,65800
AGP,20050916,2.7,2.7,2.7,2.7,600
AGS,20050916,0.14,0.155,0.14,0.155,2103458
AGX,20050916,0.3,0.305,0.3,0.3,162526
AGZ,20050916,0.22,0.22,0.22,0.22,25000
AHD,20050916,4.58,4.58,4.46,4.46,28465
AHS,20050916,1.26,1.27,1.25,1.265,176100
AHU,20050916,6.6,6.6,6.5,6.5,4008
AIA,20050916,2.07,2.08,2.06,2.07,452024
AIE,20050916,0.18,0.185,0.18,0.185,133563
AII,20050916,0.41,0.43,0.41,0.43,59297
AIM,20050916,0.051,0.053,0.051,0.052,1493750
AIX,20050916,2.45,2.49,2.45,2.49,1052988
AIZ,20050916,1.11,1.11,1.11,1.11,4100
AJL,20050916,1.24,1.24,1.235,1.24,33078
AKD,20050916,0.02,0.02,0.02,0.02,3162879
ALB,20050916,0.62,0.66,0.6,0.66,222414
ALD,20050916,0.235,0.255,0.235,0.255,386112
ALE,20050916,0.048,0.048,0.046,0.046,246840
ALK,20050916,0.18,0.18,0.175,0.175,154000
ALL,20050916,12.28,12.28,11.84,12.04,3710612
ALN,20050916,11.2,11.39,11.16,11.25,1293906
ALR,20050916,1.25,1.28,1.25,1.28,35888
ALS,20050916,7.77,7.94,7.72,7.79,276072
ALU,20050916,0.27,0.275,0.255,0.255,45285
ALW,20050916,0.675,0.675,0.675,0.675,232000
ALZ,20050916,1.9,1.93,1.895,1.93,1174402
AMC,20050916,6.73,6.81,6.68,6.75,5752609
AMG,20050916,0.18,0.195,0.17,0.195,118880
AMH,20050916,0.56,0.56,0.545,0.545,26660
AML,20050916,0.42,0.43,0.42,0.43,35000
AMM,20050916,0.19,0.195,0.185,0.19,357500
AMP,20050916,7.46,7.59,7.46,7.53,5582312
AMU,20050916,0.97,1.02,0.97,1.01,1439442
AND,20050916,0.19,0.195,0.185,0.185,1799712
ANE,20050916,3.57,3.6,3.57,3.6,91267
ANG,20050916,0.31,0.31,0.31,0.31,6225
ANM,20050916,0.015,0.017,0.015,0.016,38129924
ANN,20050916,10.92,10.98,10.73,10.8,510792
ANO,20050916,0.2,0.2,0.19,0.19,190000
ANP,20050916,0.054,0.054,0.052,0.052,360247
ANZ,20050916,23.04,23.34,22.96,23.25,7194593
AOE,20050916,0.69,0.72,0.69,0.71,1129498
AOM,20050916,0.019,0.019,0.019,0.019,38000
APA,20050916,3.61,3.64,3.58,3.58,283100
APG,20050916,0.032,0.032,0.032,0.032,100000
API,20050916,3.1,3.14,3.1,3.14,845754
APN,20050916,5.08,5.11,5.05,5.1,1512315
APV,20050916,0.325,0.325,0.31,0.31,10000
APZ,20050916,0.205,0.205,0.2,0.205,3420500
AQA,20050916,4.03,4.11,4.03,4.1,33076
AQD,20050916,0.09,0.09,0.09,0.09,139791
AQP,20050916,9.09,9.18,9.08,9.1,31907
ARA,20050916,0.365,0.365,0.355,0.365,106118
ARE,20050916,0.21,0.21,0.21,0.21,10670
ARG,20050916,6.09,6.09,6.04,6.04,67706
ARM,20050916,0.24,0.24,0.24,0.24,10000
ARO,20050916,0.043,0.043,0.038,0.038,360000
ARP,20050916,2.98,2.99,2.96,2.98,114445
ARQ,20050916,2.06,2.07,2.03,2.04,949537
ARU,20050916,0.285,0.295,0.285,0.295,291962
ARW,20050916,1.35,1.38,1.34,1.38,522424
ARX,20050916,0.048,0.048,0.045,0.045,1219388
ARZ,20050916,0.455,0.455,0.455,0.455,3725
ASB,20050916,1.99,2,1.99,2,142000
ASC,20050916,0.038,0.038,0.038,0.038,370000
ASL,20050916,0.83,0.84,0.83,0.84,85744
ASV,20050916,0.057,0.057,0.057,0.057,200000
ASX,20050916,27.16,27.25,26.95,27.13,311292
ASZ,20050916,0.53,0.54,0.505,0.54,62337
ATG,20050916,0.72,0.72,0.7,0.72,96500
ATP,20050916,0.235,0.235,0.235,0.235,1550
ATR,20050916,3.13,3.13,3.05,3.05,34600
ATV,20050916,0.078,0.078,0.078,0.078,50000
ATX,20050916,0.041,0.041,0.041,0.041,9254
ATZ,20050916,0.135,0.135,0.13,0.135,18390
AUI,20050916,5.91,5.91,5.9,5.9,3000
AUL,20050916,0.016,0.016,0.016,0.016,390625
AUM,20050916,0.17,0.17,0.17,0.17,31000
AUN,20050916,1.26,1.26,1.235,1.235,390719
AUS,20050916,0.85,0.875,0.85,0.85,59155
AUT,20050916,0.38,0.45,0.38,0.435,1140491
AUW,20050916,1.23,1.24,1.22,1.23,319260
AUX,20050916,0.06,0.06,0.055,0.055,335200
AUZ,20050916,0.03,0.033,0.028,0.032,26379673
AVA,20050916,0.041,0.041,0.04,0.04,800000
AVE,20050916,1.385,1.4,1.38,1.38,89395
AVJ,20050916,1.38,1.4,1.375,1.4,148504
AVM,20050916,0.47,0.47,0.465,0.465,67530
AVO,20050916,0.41,0.42,0.41,0.415,811694
AVP,20050916,0.08,0.08,0.06,0.06,11025
AVR,20050916,1,1.015,1,1.015,24080
AVS,20050916,0.13,0.14,0.13,0.14,79600
AVV,20050916,1.18,1.185,1.15,1.185,98210
AVX,20050916,0.18,0.19,0.17,0.17,12500
AWB,20050916,5.03,5.09,4.98,5.08,519685
AWC,20050916,6.05,6.09,6.04,6.07,2926876
AWE,20050916,2.1,2.12,2.07,2.1,2223745
AWL,20050916,0.018,0.019,0.018,0.019,125000
AWP,20050916,2.62,2.65,2.62,2.64,562835
AXA,20050916,4.8,4.89,4.8,4.88,2160749
AXI,20050916,0.026,0.026,0.026,0.026,300000
AXO,20050916,0.79,0.79,0.78,0.78,57500
AXQ,20050916,1.04,1.04,0.95,0.98,740710
AZA,20050916,0.9,0.9,0.865,0.895,256924
AZR,20050916,0.17,0.17,0.165,0.17,1344967
AZZ,20050916,0.64,0.665,0.63,0.65,209456
BAR,20050916,0.145,0.145,0.145,0.145,95000
BAS,20050916,0.195,0.195,0.185,0.19,1237885
BAX,20050916,5.9,5.9,5.68,5.72,14928
BBB,20050916,0.37,0.37,0.365,0.37,338400
BBG,20050916,12.9,13.24,12.9,13.12,986587
BBI,20050916,1.82,1.825,1.805,1.81,6731223
BBL,20050916,0.135,0.135,0.125,0.125,30000
BCA,20050916,3.62,3.73,3.61,3.65,794041
BCD,20050916,0.38,0.395,0.38,0.385,388500
BCL,20050916,0.24,0.24,0.24,0.24,127457
BDG,20050916,1.02,1.05,1.02,1.05,1378094
BDI,20050916,0.29,0.295,0.29,0.29,459122
BDL,20050916,0.069,0.069,0.068,0.069,180000
BDM,20050916,0.6,0.6,0.6,0.6,6000
BDS,20050916,3.2,3.2,3.2,3.2,666
BEI,20050916,2.1,2.1,2.06,2.1,20865
BEL,20050916,0.35,0.36,0.35,0.35,82437
BEN,20050916,11.09,11.25,11.01,11.1,185262
BET,20050916,1.7,1.7,1.7,1.7,1412
BGD,20050916,0.19,0.205,0.19,0.205,248826
BGF,20050916,0.27,0.28,0.265,0.28,7173921
BGN,20050916,0.09,0.09,0.09,0.09,3703
BHP,20050916,20.92,21.1,20.89,20.99,23658364
BIL,20050916,9,9.02,8.96,8.98,6768870
BIT,20050916,0.165,0.165,0.165,0.165,10000
BIX,20050916,0.042,0.042,0.04,0.04,120500
BJT,20050916,1.64,1.64,1.56,1.56,8575035
BKA,20050916,0.315,0.32,0.31,0.31,107957
BKI,20050916,1.215,1.22,1.21,1.22,29857
BKL,20050916,14.2,14.3,14.07,14.07,44164
BKM,20050916,0.01,0.01,0.01,0.01,34697
BKN,20050916,3.34,3.5,3.33,3.5,343520
BKP,20050916,0.245,0.245,0.24,0.24,203000
BKR,20050916,0.35,0.35,0.35,0.35,20000
BKS,20050916,0.008,0.009,0.008,0.009,523190
BKW,20050916,12.1,12.1,11.9,12,18449
BKY,20050916,0.25,0.25,0.25,0.25,25000
BLD,20050916,8.06,8.14,8.05,8.07,1382464
BLN,20050916,0.13,0.14,0.125,0.14,101648
BLR,20050916,0.023,0.027,0.023,0.027,11678436
BLT,20050916,0.16,0.17,0.16,0.16,281000
BLZ,20050916,0.054,0.06,0.054,0.06,668700
BMN,20050916,0.32,0.34,0.32,0.34,70000
BMO,20050916,0.27,0.275,0.27,0.275,2411760
BMX,20050916,0.24,0.255,0.24,0.25,2359300
BNB,20050916,18.3,18.49,18.01,18.01,1482425
BNO,20050916,0.15,0.15,0.15,0.15,1458084
BNT,20050916,0.355,0.365,0.355,0.36,787042
BOC,20050916,0.7,0.75,0.7,0.75,16200
BOD,20050916,0.05,0.05,0.047,0.047,100000
BOL,20050916,2.78,2.87,2.78,2.85,487948
BOQ,20050916,12.35,12.48,12.31,12.4,282398
BOS,20050916,0.19,0.19,0.185,0.19,31250
BOW,20050916,0.16,0.16,0.155,0.16,281000
BPC,20050916,1.055,1.055,1.045,1.05,4454284
BPH,20050916,0.062,0.062,0.062,0.062,10000
BPO,20050916,0.028,0.028,0.027,0.028,97000
BPT,20050916,0.825,0.825,0.805,0.82,1426520
BQT,20050916,0.28,0.28,0.265,0.27,1740794
BRO,20050916,0.005,0.005,0.005,0.005,30000
BRT,20050916,0.065,0.065,0.065,0.065,16000
BRW,20050916,0.035,0.035,0.035,0.035,100000
BRZ,20050916,1.885,1.89,1.85,1.89,128140
BSA,20050916,0.24,0.24,0.24,0.24,10600
BSG,20050916,0.94,0.98,0.94,0.98,908299
BSL,20050916,9.95,9.97,9.9,9.91,1894178
BSO,20050916,2.12,2.14,2.12,2.13,14600
BTA,20050916,1,1.035,0.88,0.95,6540508
BTC,20050916,0.4,0.4,0.4,0.4,15000
BTV,20050916,0.053,0.053,0.051,0.051,2370838
BTX,20050916,0.36,0.365,0.355,0.365,220850
BUG,20050916,0.6,0.6,0.6,0.6,75153
BUY,20050916,0.094,0.1,0.094,0.096,839769
BWP,20050916,2.05,2.06,2.03,2.06,226288
BXP,20050916,0.285,0.285,0.27,0.275,1577386
BYI,20050916,0.35,0.35,0.35,0.35,3108
CAA,20050916,1.53,1.575,1.53,1.53,178121
CAB,20050916,5.85,6,5.82,6,205575
CAG,20050916,0.026,0.028,0.026,0.026,193000
CAL,20050916,0.44,0.44,0.44,0.44,5000
CAM,20050916,0.99,0.99,0.99,0.99,15200
CAQ,20050916,0.345,0.345,0.33,0.335,227610
CAS,20050916,0.2,0.2,0.2,0.2,25000
CAU,20050916,0.12,0.12,0.12,0.12,70659
CAZ,20050916,0.34,0.36,0.335,0.35,401573
CBA,20050916,37.83,37.97,37.62,37.89,3365123
CBD,20050916,0.056,0.056,0.056,0.056,10000
CBH,20050916,0.29,0.29,0.285,0.285,473532
CBR,20050916,3.65,3.65,3.65,3.65,11040
CCE,20050916,0.35,0.355,0.345,0.35,184087
CCI,20050916,0.014,0.014,0.014,0.014,1194330
CCK,20050916,0.084,0.084,0.084,0.084,7500
CCL,20050916,8.27,8.29,8.07,8.1,5176380
CCP,20050916,3.6,3.6,3.55,3.55,19289
CCS,20050916,0.044,0.044,0.044,0.044,40000
CDA,20050916,1.5,1.5,1.49,1.5,28557
CDD,20050916,4.2,4.24,4.15,4.24,13707
CDF,20050916,1.53,1.54,1.53,1.53,8773
CDO,20050916,4.92,4.94,4.83,4.93,360697
CDP,20050916,3.34,3.38,3.34,3.38,7800
CDR,20050916,2.32,2.35,2.32,2.32,439745
CDX,20050916,2.13,2.14,2.13,2.14,20500
CEG,20050916,1.29,1.31,1.28,1.3,50648
CEQ,20050916,2.38,2.38,2.35,2.35,1700
CER,20050916,1.57,1.58,1.565,1.565,1043738
CEY,20050916,5.1,5.15,5.07,5.09,497994
CFI,20050916,0.7,0.7,0.695,0.7,104444
CFK,20050916,0.44,0.44,0.435,0.435,38076
CFR,20050916,0.013,0.013,0.013,0.013,265610
CFU,20050916,0.6,0.62,0.575,0.6,192982
CGF,20050916,3.82,3.85,3.82,3.85,1735106
CGM,20050916,0.12,0.12,0.12,0.12,20000
CGO,20050916,0.69,0.73,0.69,0.73,28000
CGS,20050916,0.115,0.115,0.115,0.115,20000
CGX,20050916,0.59,0.6,0.59,0.59,530000
CHB,20050916,36.6,36.65,36.6,36.65,177
CHD,20050916,0.92,0.92,0.9,0.92,57879
CHF,20050916,0.4,0.4,0.395,0.395,241052
CHL,20050916,0.17,0.17,0.165,0.165,110000
CHO,20050916,4.9,4.92,4.86,4.92,5566
CHP,20050916,0.05,0.052,0.05,0.052,510000
CHQ,20050916,0.82,0.82,0.82,0.82,5744
CHT,20050916,0.015,0.015,0.014,0.014,8028000
CHX,20050916,1.6,1.63,1.57,1.57,193435
CHY,20050916,2.34,2.35,2.32,2.32,4335230
CIG,20050916,0.053,0.053,0.052,0.052,1570750
CII,20050916,0.16,0.16,0.16,0.16,103000
CIN,20050916,16.65,16.69,16.65,16.69,896
CIR,20050916,1.285,1.285,1.26,1.28,82428
CIX,20050916,0.4,0.4,0.4,0.4,183485
CIY,20050916,4.05,4.08,3.83,4.08,889761
CKR,20050916,0.32,0.33,0.305,0.325,92822
CKS,20050916,0.48,0.48,0.48,0.48,20000
CLF,20050916,0.26,0.26,0.25,0.25,185000
CLH,20050916,1.59,1.605,1.545,1.56,159629
CLK,20050916,0.335,0.335,0.32,0.32,5797
CLO,20050916,0.51,0.515,0.505,0.515,44759
CLT,20050916,1.19,1.21,1.185,1.2,45424
CLV,20050916,0.175,0.175,0.17,0.17,120700
CLX,20050916,0.76,0.76,0.76,0.76,11668
CMI,20050916,1.55,1.58,1.5,1.55,49064
CML,20050916,10.25,10.29,10.09,10.29,4761522
CMP,20050916,0.18,0.18,0.175,0.175,125907
CMQ,20050916,1.17,1.175,1.155,1.16,93378
CMV,20050916,0.77,0.78,0.76,0.77,179163
CMW,20050916,0.39,0.4,0.39,0.4,18400
CMX,20050916,0.11,0.115,0.11,0.115,50000
CNB,20050916,0.93,0.93,0.93,0.93,10000
CND,20050916,2.66,2.66,2.6,2.61,16169
CNF,20050916,0.07,0.07,0.07,0.07,12500
CNN,20050916,0.036,0.036,0.036,0.036,2000
CNP,20050916,6.11,6.12,6.07,6.1,1452332
CNT,20050916,0.33,0.335,0.33,0.33,405000
COA,20050916,4.99,5.01,4.92,5.01,1055177
COE,20050916,0.385,0.415,0.38,0.415,2126938
COF,20050916,3.5,3.5,3.4,3.42,29447
COH,20050916,40.85,41.46,40.85,41.35,173140
COI,20050916,0.155,0.155,0.15,0.15,34877
COO,20050916,0.009,0.009,0.009,0.009,2247825
COS,20050916,0.28,0.28,0.265,0.265,73797
COU,20050916,1.655,1.66,1.64,1.64,45000
COZ,20050916,0.28,0.28,0.28,0.28,71246
CPA,20050916,1.295,1.295,1.29,1.295,2393158
CPB,20050916,9.9,9.9,9.85,9.85,2000
CPC,20050916,0.32,0.325,0.31,0.32,2323501
CPI,20050916,0.53,0.53,0.525,0.525,27400
CPS,20050916,0.22,0.22,0.2,0.2,30000
CPU,20050916,6.75,6.85,6.71,6.83,1405192
CRE,20050916,0.19,0.195,0.185,0.19,522000
CRG,20050916,10.79,11.05,10.79,11.05,130855
CRL,20050916,0.077,0.077,0.077,0.077,76073
CRP,20050916,0.063,0.063,0.063,0.063,18000
CRS,20050916,0.355,0.365,0.35,0.35,2335700
CRT,20050916,0.65,0.66,0.65,0.65,360000
CRU,20050916,0.88,0.915,0.88,0.915,59500
CSE,20050916,0.265,0.265,0.255,0.255,117490
CSH,20050916,2.07,2.07,2.04,2.04,68733
CSL,20050916,36,36.45,35.86,36,836539
CSM,20050916,4.06,4.15,4.06,4.11,686780
CSR,20050916,2.95,2.97,2.87,2.95,7498756
CST,20050916,2.85,2.85,2.7,2.7,37950
CTE,20050916,0.19,0.19,0.18,0.19,96645
CTF,20050916,0.23,0.23,0.21,0.21,18966
CTI,20050916,0.51,0.51,0.51,0.51,1000
CTL,20050916,0.97,0.98,0.96,0.98,17183
CTN,20050916,1.045,1.055,1.04,1.05,204340
CTO,20050916,0.135,0.14,0.135,0.135,1597714
CTX,20050916,18.18,18.45,18.18,18.35,503564
CUE,20050916,0.275,0.28,0.27,0.275,4133427
CUL,20050916,0.037,0.037,0.036,0.036,977600
CUO,20050916,0.018,0.018,0.017,0.017,2049445
CUS,20050916,0.185,0.19,0.18,0.19,2138717
CUY,20050916,0.67,0.69,0.67,0.69,48708
CVB,20050916,0.165,0.165,0.165,0.165,55000
CVC,20050916,1.44,1.45,1.44,1.44,13400
CWT,20050916,0.91,0.92,0.91,0.91,27342
CXL,20050916,0.62,0.62,0.62,0.62,46090
CXP,20050916,6.08,6.24,6.08,6.19,122293
CXS,20050916,0.56,0.56,0.54,0.54,19480
CYA,20050916,1.025,1.03,1.015,1.015,457572
CYG,20050916,5.82,5.82,5.82,5.82,6063
CYN,20050916,0.45,0.45,0.45,0.45,1276
CYT,20050916,0.67,0.68,0.67,0.67,29000
DBS,20050916,0.49,0.49,0.48,0.48,155000
DDT,20050916,0.3,0.3,0.295,0.3,119500
DEG,20050916,0.26,0.27,0.24,0.245,2107527
DES,20050916,0.11,0.12,0.11,0.115,272633
DEX,20050916,1,1,0.99,0.99,87125
DFT,20050916,0.016,0.017,0.016,0.017,25573247
DGH,20050916,1.01,1.01,1.01,1.01,10758
DGR,20050916,0.13,0.13,0.13,0.13,75000
DIA,20050916,0.075,0.075,0.075,0.075,20100
DIO,20050916,0.057,0.057,0.056,0.057,1292209
DJS,20050916,2.5,2.6,2.5,2.6,2683587
DJW,20050916,3.94,3.94,3.85,3.86,84447
DKN,20050916,0.795,0.795,0.76,0.76,4990
DKS,20050916,10.2,10.2,10.2,10.2,2000
DLS,20050916,0.092,0.098,0.092,0.093,3409533
DMP,20050916,3.03,3.05,3.03,3.05,94012
DMX,20050916,0.024,0.026,0.024,0.025,1230000
DNL,20050916,0.165,0.165,0.165,0.165,20000
DNS,20050916,0.035,0.035,0.035,0.035,56161
DNX,20050916,0.11,0.11,0.11,0.11,7499
DOM,20050916,0.455,0.48,0.455,0.475,400749
DON,20050916,0.26,0.26,0.26,0.26,39484
DOW,20050916,5.8,6.08,5.8,6.08,2126809
DRA,20050916,0.175,0.185,0.175,0.175,5735632
DRD,20050916,1.83,2,1.83,1.9,20845
DRK,20050916,0.145,0.145,0.145,0.145,62075
DRN,20050916,0.034,0.034,0.034,0.034,100000
DRT,20050916,1.38,1.385,1.375,1.38,16268725
DTL,20050916,3.05,3.12,3.05,3.1,7369
DUE,20050916,2.7,2.71,2.68,2.7,602917
DUI,20050916,2.75,2.75,2.71,2.71,3916
DVC,20050916,3.91,3.97,3.9,3.97,3451967
DVN,20050916,0.715,0.715,0.705,0.705,111342
DYE,20050916,0.425,0.46,0.425,0.44,357395
DYL,20050916,0.14,0.145,0.125,0.125,15811885
EBB,20050916,4.65,4.66,4.65,4.65,35568
EBR,20050916,0.12,0.125,0.12,0.12,1082334
EBT,20050916,0.175,0.175,0.175,0.175,556
ECH,20050916,0.3,0.305,0.3,0.305,149115
ECI,20050916,0.09,0.1,0.09,0.1,62000
ECU,20050916,0.083,0.083,0.08,0.08,465886
EDN,20050916,0.42,0.42,0.42,0.42,5467
EGL,20050916,0.16,0.16,0.16,0.16,20000
EGO,20050916,0.007,0.007,0.006,0.007,3720000
EGX,20050916,0.36,0.36,0.36,0.36,53000
EIF,20050916,0.028,0.029,0.028,0.028,500000
ELK,20050916,0.54,0.55,0.54,0.54,51500
ELL,20050916,0.06,0.06,0.06,0.06,80000
ELX,20050916,0.27,0.28,0.27,0.28,67250
EME,20050916,0.93,1.09,0.93,1.055,411525
EMI,20050916,0.35,0.38,0.35,0.375,659915
EMP,20050916,0.25,0.25,0.235,0.235,26000
EMS,20050916,0.15,0.15,0.15,0.15,65000
ENE,20050916,4.68,4.7,4.61,4.69,429253
ENG,20050916,0.08,0.08,0.078,0.079,856452
ENV,20050916,1.22,1.245,1.21,1.24,414160
EON,20050916,0.87,0.87,0.845,0.845,83325
EOS,20050916,3.64,3.64,3.61,3.61,7219
EPE,20050916,0.068,0.068,0.068,0.068,419875
EPT,20050916,0.4,0.405,0.39,0.4,28476
EQI,20050916,1.25,1.26,1.24,1.245,242446
EQN,20050916,0.81,0.84,0.805,0.84,154000
EQT,20050916,11.8,11.8,11.5,11.5,3000
EQX,20050916,0.205,0.245,0.195,0.2,53905
ERA,20050916,16.91,16.96,16.65,16.66,9518
ERG,20050916,0.185,0.185,0.18,0.185,1738209
ESG,20050916,0.165,0.165,0.16,0.16,275000
ESS,20050916,0.35,0.355,0.35,0.355,34000
ETC,20050916,0.012,0.013,0.012,0.012,600000
ETE,20050916,0.08,0.08,0.08,0.08,20000
ETR,20050916,1.95,1.96,1.94,1.94,156835
ETT,20050916,0.045,0.05,0.045,0.05,80000
ETW,20050916,0.295,0.295,0.285,0.29,168780
EVZ,20050916,0.044,0.044,0.043,0.043,80000
EWC,20050916,0.041,0.041,0.04,0.04,170000
EXL,20050916,7.61,7.65,7.46,7.46,609923
EXR,20050916,0.49,0.49,0.47,0.475,76300
EXS,20050916,0.175,0.185,0.17,0.185,355501
EXT,20050916,0.025,0.025,0.024,0.025,6098334
EZL,20050916,1.64,1.64,1.59,1.59,25000
FAN,20050916,3.67,3.74,3.67,3.74,2926
FAR,20050916,0.105,0.115,0.105,0.11,7926808
FBU,20050916,7.16,7.16,7.06,7.06,23398
FCL,20050916,2.17,2.2,2.16,2.2,1613077
FCN,20050916,0.475,0.49,0.46,0.475,2804700
FDL,20050916,0.022,0.022,0.021,0.022,138000
FEA,20050916,0.645,0.665,0.645,0.665,286170
FFI,20050916,4,4,4,4,1000
FGL,20050916,5.74,5.81,5.7,5.78,6221638
FKP,20050916,4.2,4.39,4.17,4.39,429438
FLT,20050916,15.11,15.29,15.01,15.1,305565
FLX,20050916,3.05,3.15,3.01,3.06,168485
FMG,20050916,3.9,4.15,3.9,4.15,1310964
FOA,20050916,26.61,27,26.61,27,159739
FPA,20050916,3.29,3.29,3.29,3.29,85258
FPF,20050916,0.053,0.053,0.053,0.053,50000
FPH,20050916,3.32,3.34,3.3,3.33,225290
FPS,20050916,0.88,0.88,0.84,0.84,13812
FRE,20050916,0.25,0.26,0.25,0.255,170000
FRI,20050916,0.405,0.405,0.405,0.405,75000
FRR,20050916,0.82,0.83,0.81,0.83,45496
FUN,20050916,2.02,2.08,2.01,2.08,233130
FUS,20050916,0.011,0.012,0.011,0.011,11419575
FWD,20050916,6.8,6.8,6.7,6.77,202219
FXJ,20050916,4.61,4.69,4.61,4.68,4880843
FXR,20050916,0.34,0.34,0.335,0.335,454882
GAA,20050916,1.135,1.16,1.04,1.04,299155
GAN,20050916,1.81,1.825,1.8,1.8,2279945
GAS,20050916,2.65,2.74,2.65,2.72,290368
GBG,20050916,0.15,0.155,0.145,0.155,3536711
GBL,20050916,0.029,0.034,0.029,0.033,1095094
GBN,20050916,0.041,0.041,0.04,0.04,800000
GBP,20050916,0.495,0.5,0.49,0.49,300667
GBT,20050916,1.135,1.135,1.1,1.1,40425
GCL,20050916,3.63,3.63,3.5,3.53,1088782
GCN,20050916,0.14,0.145,0.135,0.14,771590
GCR,20050916,0.037,0.037,0.036,0.036,132833
GDA,20050916,0.002,0.002,0.002,0.002,135000
GDM,20050916,0.345,0.345,0.335,0.335,10800
GDN,20050916,0.061,0.062,0.06,0.062,288533
GDR,20050916,0.2,0.22,0.2,0.21,1969769
GDY,20050916,1.85,1.87,1.82,1.835,133391
GFD,20050916,0.555,0.555,0.555,0.555,36600
GGN,20050916,0.34,0.345,0.335,0.34,1273937
GGP,20050916,0.18,0.18,0.17,0.17,28960
GGX,20050916,0.295,0.295,0.295,0.295,7100
GGY,20050916,0.05,0.051,0.049,0.05,947000
GHG,20050916,0.905,0.905,0.88,0.88,150533
GIP,20050916,0.105,0.115,0.105,0.105,118940
GIR,20050916,0.335,0.335,0.325,0.33,130604
GLB,20050916,0.325,0.325,0.315,0.315,181800
GLC,20050916,1.09,1.09,1.07,1.07,35221
GLI,20050916,1.235,1.245,1.235,1.24,84900
GLN,20050916,0.12,0.12,0.12,0.12,50000
GLO,20050916,0.085,0.085,0.07,0.07,133000
GME,20050916,0.185,0.185,0.18,0.18,46754
GMI,20050916,1,1,0.995,0.995,715854
GNC,20050916,11.1,11.3,11.05,11.3,11421
GNL,20050916,0.056,0.059,0.055,0.059,295000
GNS,20050916,3.31,3.32,3.22,3.27,3058792
GOA,20050916,0.081,0.09,0.081,0.09,102824
GOG,20050916,0.24,0.24,0.235,0.24,915597
GOP,20050916,0.19,0.2,0.19,0.19,307203
GOW,20050916,2.75,2.75,2.73,2.73,14000
GPE,20050916,0.027,0.03,0.027,0.027,811754
GPG,20050916,1.93,1.94,1.92,1.93,452754
GPN,20050916,0.017,0.018,0.017,0.018,2326500
GPO,20050916,0.018,0.018,0.018,0.018,5000
GPT,20050916,4,4,3.95,3.95,5418182
GRD,20050916,2.79,2.91,2.78,2.9,1385589
GRN,20050916,0.49,0.495,0.49,0.495,41327
GRO,20050916,1.35,1.36,1.31,1.35,94718
GRP,20050916,0.52,0.52,0.52,0.52,8000
GRR,20050916,1.07,1.07,1,1.025,179266
GRY,20050916,0.19,0.19,0.19,0.19,43400
GSA,20050916,1.175,1.175,1.17,1.175,2302486
GTG,20050916,0.415,0.43,0.4,0.43,578590
GTN,20050916,0.85,0.85,0.81,0.81,10050
GTP,20050916,2.81,2.89,2.79,2.89,1357301
GTX,20050916,0.38,0.38,0.375,0.375,8000
GUD,20050916,7.82,7.94,7.82,7.94,188415
GUN,20050916,0.27,0.27,0.265,0.265,121400
GVM,20050916,0.024,0.024,0.023,0.023,265000
GWE,20050916,0.19,0.2,0.19,0.2,84000
GWR,20050916,0.27,0.27,0.24,0.24,424914
GWT,20050916,3.22,3.31,3.22,3.3,437568
GWV,20050916,0.007,0.007,0.007,0.007,78512
GYN,20050916,0.125,0.125,0.125,0.125,24970
GZL,20050916,3.14,3.14,3.1,3.1,2451
HAN,20050916,13.7,13.75,13.7,13.75,1792
HAO,20050916,0.06,0.06,0.06,0.06,38000
HAV,20050916,1.03,1.03,1.03,1.03,2500
HBL,20050916,0.35,0.35,0.335,0.35,19502
HCY,20050916,0.015,0.015,0.015,0.015,588500
HDF,20050916,2.65,2.68,2.65,2.67,313842
HDN,20050916,0.2,0.21,0.2,0.21,73770
HDR,20050916,2.2,2.22,2.19,2.19,1296304
HEG,20050916,0.078,0.079,0.077,0.079,356000
HER,20050916,0.7,0.7,0.68,0.68,14580
HGI,20050916,1.62,1.635,1.615,1.625,6333790
HGO,20050916,0.17,0.175,0.17,0.175,934000
HGR,20050916,0.1,0.1,0.1,0.1,42000
HHL,20050916,6.18,6.18,6.18,6.18,700
HHM,20050916,0.155,0.155,0.15,0.15,64000
HHV,20050916,0.96,0.97,0.955,0.97,479587
HIC,20050916,0.755,0.765,0.75,0.75,23674
HIG,20050916,0.565,0.6,0.565,0.6,2284956
HIL,20050916,4.69,4.77,4.69,4.75,149149
HIT,20050916,0.079,0.09,0.079,0.09,100000
HJB,20050916,0.425,0.435,0.425,0.435,53500
HLT,20050916,0.3,0.31,0.3,0.31,49000
HLX,20050916,0.14,0.145,0.14,0.145,69500
HMC,20050916,0.058,0.058,0.053,0.053,1190000
HME,20050916,11,11.5,11,11.5,2881
HMR,20050916,0.515,0.515,0.515,0.515,50000
HNG,20050916,1.74,1.775,1.74,1.775,49722
HNR,20050916,0.12,0.12,0.12,0.12,25000
HOM,20050916,0.455,0.47,0.455,0.47,24700
HPX,20050916,1.68,1.71,1.68,1.69,45000
HRD,20050916,0.195,0.195,0.19,0.19,34426
HRR,20050916,0.635,0.64,0.615,0.625,212527
HSK,20050916,0.375,0.395,0.375,0.395,253500
HSN,20050916,0.2,0.21,0.2,0.21,47500
HSP,20050916,6.35,6.42,6.32,6.4,631040
HST,20050916,2.06,2.06,2.03,2.03,122285
HTA,20050916,0.31,0.31,0.305,0.305,236500
HTE,20050916,0.025,0.025,0.025,0.025,100000
HTL,20050916,0.15,0.15,0.15,0.15,30000
HTM,20050916,0.058,0.058,0.058,0.058,72000
HTW,20050916,0.425,0.43,0.425,0.43,75000
HUG,20050916,0.056,0.056,0.056,0.056,9880
HVN,20050916,2.77,2.77,2.75,2.76,2973450
HWG,20050916,0.24,0.245,0.24,0.245,185000
HWI,20050916,1.69,1.715,1.66,1.715,949334
HWT,20050916,2.09,2.1,2.09,2.09,438839
HYO,20050916,0.09,0.09,0.085,0.085,70500
HZN,20050916,0.165,0.165,0.165,0.165,351875
IAG,20050916,5.5,5.53,5.47,5.49,7704777
IAS,20050916,0.29,0.305,0.29,0.305,11980
IBA,20050916,0.44,0.45,0.435,0.44,700000
IBC,20050916,0.585,0.585,0.585,0.585,59500
ICC,20050916,0.005,0.006,0.005,0.005,671000
ICD,20050916,0.95,0.965,0.95,0.96,4150
ICE,20050916,0.018,0.018,0.016,0.018,750000
ICS,20050916,0.3,0.3,0.3,0.3,20000
IDE,20050916,0.155,0.155,0.155,0.155,16000
IDT,20050916,1.92,1.95,1.895,1.95,14728
IEF,20050916,1.15,1.15,1.135,1.135,23100
IFL,20050916,7.46,7.48,7.4,7.47,166644
IFM,20050916,0.51,0.515,0.51,0.51,260331
IGO,20050916,1.47,1.495,1.46,1.46,703767
IGP,20050916,4.85,4.91,4.85,4.9,19962
IGR,20050916,0.095,0.1,0.094,0.1,769208
IHG,20050916,0.024,0.025,0.024,0.025,770000
IIF,20050916,2.36,2.39,2.36,2.37,2721654
IIN,20050916,3.3,3.36,3.3,3.35,78325
ILF,20050916,1.14,1.14,1.12,1.12,215529
ILU,20050916,8.68,8.93,8.68,8.92,1060980
IMA,20050916,0.315,0.315,0.315,0.315,71800
IMD,20050916,0.255,0.255,0.25,0.255,607948
IMF,20050916,0.72,0.72,0.72,0.72,70000
IMH,20050916,0.155,0.16,0.15,0.155,383500
IMI,20050916,0.014,0.015,0.014,0.015,1526982
IMP,20050916,0.005,0.005,0.005,0.005,877044
IMU,20050916,0.15,0.155,0.15,0.155,135562
INL,20050916,0.082,0.083,0.078,0.08,1123247
INO,20050916,0.81,0.83,0.8,0.81,907888
INP,20050916,0.58,0.58,0.56,0.57,105759
INT,20050916,0.042,0.042,0.038,0.04,4851907
IOF,20050916,1.37,1.39,1.37,1.38,933601
IOH,20050916,1,1.02,0.95,1.01,154098
IPA,20050916,0.92,0.92,0.87,0.92,41656
IPG,20050916,2.16,2.17,2.16,2.16,2603190
IPL,20050916,15.7,15.76,15.7,15.76,2407
IPN,20050916,0.069,0.07,0.069,0.07,551792
IRC,20050916,0.083,0.083,0.083,0.083,16000
IRE,20050916,4.28,4.3,4.22,4.22,350211
IRI,20050916,0.53,0.545,0.53,0.54,50629
IRN,20050916,0.365,0.365,0.36,0.365,401034
ISS,20050916,0.18,0.18,0.18,0.18,2000
ITC,20050916,0.049,0.05,0.049,0.05,77500
ITE,20050916,0.115,0.115,0.11,0.11,91000
ITF,20050916,1.06,1.07,1.04,1.06,416062
IVC,20050916,4.18,4.2,4.16,4.16,369249
IVK,20050916,0.016,0.016,0.016,0.016,498901
IWF,20050916,1.66,1.715,1.65,1.65,102677
IWI,20050916,2.3,2.3,2.3,2.3,7366
IWL,20050916,3.23,3.23,3.11,3.16,41044
JAG,20050916,0.105,0.105,0.1,0.105,100000
JAK,20050916,0.125,0.13,0.125,0.125,99588
JBH,20050916,3.29,3.36,3.28,3.36,252318
JBM,20050916,7.2,7.3,7.12,7.24,586843
JET,20050916,0.755,0.755,0.755,0.755,6756
JFM,20050916,1.3,1.305,1.3,1.3,233173
JGL,20050916,0.13,0.135,0.13,0.13,133350
JHX,20050916,9.04,9.14,9.04,9.04,1733741
JMB,20050916,1.185,1.3,1.185,1.3,79212
JML,20050916,0.185,0.185,0.185,0.185,121277
JPR,20050916,0.035,0.035,0.035,0.035,5000
JRL,20050916,0.515,0.565,0.515,0.565,426222
JRV,20050916,0.021,0.021,0.021,0.021,679500
JST,20050916,2.44,2.46,2.39,2.41,1918704
JUM,20050916,0.067,0.069,0.067,0.069,816369
JYC,20050916,0.8,0.8,0.8,0.8,1250
KAR,20050916,1.78,1.815,1.75,1.75,112547
KBO,20050916,0.075,0.077,0.075,0.077,26500
KCN,20050916,3.46,3.53,3.46,3.5,421542
KDS,20050916,0.72,0.73,0.72,0.73,20705
KGL,20050916,0.39,0.39,0.39,0.39,19000
KHF,20050916,3.2,3.2,3.14,3.15,10930
KIM,20050916,1.19,1.19,1.15,1.185,3447292
KLM,20050916,0.235,0.235,0.23,0.23,61750
KMN,20050916,0.22,0.225,0.215,0.225,1403708
KOR,20050916,0.3,0.315,0.295,0.315,481801
KRS,20050916,0.22,0.23,0.22,0.225,262980
KYC,20050916,1.72,1.74,1.7,1.7,45920
KZL,20050916,1.43,1.45,1.43,1.445,1327262
LAF,20050916,0.165,0.17,0.165,0.165,542700
LAU,20050916,0.185,0.19,0.185,0.19,379346
LCL,20050916,0.65,0.65,0.64,0.64,87944
LCT,20050916,0.18,0.18,0.17,0.17,52400
LDW,20050916,6,6.01,6,6,11593
LEG,20050916,0.092,0.092,0.089,0.092,1153767
LEI,20050916,14.13,14.5,14.11,14.48,943268
LEP,20050916,2.25,2.25,2.25,2.25,92086
LFE,20050916,1.13,1.15,1.12,1.15,38512
LGD,20050916,0.715,0.73,0.71,0.715,92700
LHG,20050916,1.635,1.655,1.615,1.63,23142677
LIM,20050916,6.22,6.35,6.22,6.34,15191
LIP,20050916,1.61,1.61,1.575,1.61,177666
LKO,20050916,0.023,0.024,0.022,0.023,5403016
LLC,20050916,13.6,13.6,13.44,13.52,1064570
LNG,20050916,0.46,0.47,0.455,0.455,208454
LNN,20050916,8.3,8.35,8.07,8.19,1120953
LOK,20050916,1.105,1.17,1.105,1.15,51756
LOU,20050916,0.37,0.37,0.36,0.36,109383
LPL,20050916,0.4,0.41,0.38,0.38,597845
LRF,20050916,0.81,0.81,0.805,0.805,25526
LRX,20050916,0.14,0.14,0.13,0.13,507200
LSG,20050916,1.86,1.9,1.85,1.9,599001
LUM,20050916,0.068,0.068,0.062,0.067,917624
LVL,20050916,0.1,0.105,0.096,0.105,165000
LVR,20050916,0.77,0.775,0.73,0.745,976622
LYC,20050916,0.16,0.16,0.155,0.155,174300
LYL,20050916,2.58,2.58,2.51,2.51,16000
MAA,20050916,0.33,0.33,0.33,0.33,12000
MAG,20050916,1.45,1.45,1.43,1.43,67000
MAH,20050916,0.515,0.54,0.505,0.535,1012820
MAL,20050916,0.495,0.5,0.495,0.5,252999
MAP,20050916,3.37,3.46,3.37,3.44,8085039
MAQ,20050916,0.1,0.1,0.1,0.1,75000
MAR,20050916,0.1,0.1,0.1,0.1,10000
MAY,20050916,5.35,5.44,5.31,5.39,1887653
MBL,20050916,65.98,66.18,65.5,66,624403
MBN,20050916,0.6,0.615,0.6,0.615,271960
MBP,20050916,0.64,0.65,0.63,0.64,134559
MCC,20050916,5.99,6.07,5.96,6.03,1141155
MCG,20050916,6,6.07,5.97,6.03,1360005
MCL,20050916,0.006,0.006,0.006,0.006,100000
MCO,20050916,0.105,0.105,0.105,0.105,440000
MCP,20050916,3.26,3.26,3.14,3.16,66268
MCR,20050916,0.74,0.74,0.725,0.735,1285911
MCW,20050916,1.985,2,1.985,1.995,6964853
MDE,20050916,1,1,0.98,0.98,19645
MDL,20050916,0.7,0.72,0.7,0.71,126900
MDM,20050916,0.033,0.033,0.031,0.033,1293210
MDT,20050916,1.175,1.18,1.17,1.175,3147255
MDV,20050916,0.1,0.1,0.1,0.1,260000
MDX,20050916,0.125,0.125,0.125,0.125,40000
MEE,20050916,0.044,0.044,0.043,0.043,109702
MEI,20050916,0.19,0.19,0.19,0.19,48000
MEL,20050916,0.33,0.33,0.33,0.33,30000
MEO,20050916,0.135,0.135,0.135,0.135,14600
MEP,20050916,0.51,0.6,0.51,0.54,176944
MFS,20050916,1.85,1.9,1.81,1.81,510617
MFT,20050916,0.975,0.98,0.965,0.98,72781
MGK,20050916,1.77,1.82,1.75,1.75,88050
MGO,20050916,0.26,0.26,0.26,0.26,43350
MGQ,20050916,4.35,4.39,4.33,4.33,7172290
MGR,20050916,4.15,4.25,4.14,4.22,6172595
MGU,20050916,0.1,0.1,0.1,0.1,300000
MGW,20050916,4.05,4.13,4.03,4.07,375259
MGX,20050916,0.785,0.785,0.77,0.775,4065171
MHI,20050916,0.11,0.11,0.11,0.11,4700
MHL,20050916,0.01,0.011,0.009,0.011,180000
MIG,20050916,4.08,4.12,4.05,4.12,9365294
MIK,20050916,0.055,0.055,0.055,0.055,6666
MIR,20050916,1.69,1.69,1.67,1.67,20000
MIS,20050916,0.52,0.53,0.5,0.51,827571
MLB,20050916,1.29,1.3,1.26,1.3,291170
MLE,20050916,2.34,2.35,2.29,2.32,116606
MLM,20050916,0.18,0.18,0.18,0.18,36800
MLT,20050916,17.6,17.6,17.6,17.6,1000
MMA,20050916,0.945,0.955,0.945,0.945,248993
MME,20050916,0.14,0.14,0.14,0.14,10000
MMN,20050916,0.12,0.12,0.115,0.115,935678
MMS,20050916,1.92,1.92,1.9,1.9,4790
MMX,20050916,0.395,0.4,0.385,0.39,823815
MND,20050916,4.32,4.37,4.11,4.31,267429
MOC,20050916,1.43,1.5,1.43,1.46,285124
MOD,20050916,0.025,0.025,0.025,0.025,114650
MOE,20050916,0.67,0.69,0.67,0.69,212704
MOF,20050916,1.365,1.38,1.365,1.37,2943087
MOG,20050916,0.22,0.225,0.215,0.215,174000
MOL,20050916,1.275,1.36,1.25,1.33,313115
MOO,20050916,0.041,0.044,0.041,0.043,1395000
MOS,20050916,0.245,0.245,0.24,0.24,2257492
MPA,20050916,0.125,0.125,0.125,0.125,10000
MPF,20050916,1.085,1.085,1.085,1.085,302315
MPG,20050916,0.95,0.96,0.93,0.95,117490
MPH,20050916,0.38,0.39,0.375,0.38,219640
MPI,20050916,0.042,0.042,0.042,0.042,70000
MPO,20050916,0.058,0.059,0.057,0.059,1536100
MPR,20050916,1.2,1.205,1.195,1.2,3379025
MPS,20050916,1.065,1.07,1.06,1.065,131335
MRE,20050916,1.72,1.74,1.7,1.73,597015
MRL,20050916,0.905,0.95,0.9,0.94,1120984
MRM,20050916,0.395,0.4,0.385,0.4,374773
MRN,20050916,1.6,1.6,1.6,1.6,108500
MRO,20050916,0.3,0.5,0.3,0.44,743500
MRS,20050916,0.18,0.18,0.18,0.18,2500
MRX,20050916,0.072,0.077,0.071,0.072,72280124
MSB,20050916,0.5,0.5,0.5,0.5,40000
MSC,20050916,0.042,0.043,0.042,0.043,787511
MSF,20050916,7.15,7.25,7.15,7.25,3000
MSI,20050916,0.03,0.03,0.03,0.03,30000
MSO,20050916,0.07,0.07,0.068,0.068,145000
MST,20050916,0.27,0.275,0.26,0.27,2277510
MSX,20050916,0.76,0.76,0.75,0.75,51000
MTB,20050916,0.11,0.11,0.11,0.11,40000
MTD,20050916,0.18,0.18,0.18,0.18,11639
MTH,20050916,0.31,0.31,0.305,0.305,17500
MTI,20050916,0.45,0.45,0.44,0.44,20000
MTN,20050916,0.505,0.51,0.5,0.5,122000
MTR,20050916,0.098,0.098,0.097,0.097,30500
MTS,20050916,3.94,4.05,3.94,4.05,4495852
MTU,20050916,0.325,0.325,0.325,0.325,5000
MTX,20050916,0.85,0.85,0.84,0.84,51008
MUL,20050916,0.019,0.02,0.019,0.019,9531132
MVP,20050916,0.8,0.81,0.8,0.8,20000
MVU,20050916,1.38,1.38,1.38,1.38,8400
MWE,20050916,0.1,0.1,0.098,0.098,439000
MWR,20050916,0.04,0.04,0.04,0.04,124550
MXG,20050916,3.21,3.23,3.17,3.22,5207642
MXI,20050916,0.875,0.875,0.86,0.86,60000
MXL,20050916,0.1,0.105,0.092,0.092,1910982
MYO,20050916,1.05,1.085,1.05,1.085,789843
NAB,20050916,31.76,32.01,31.52,31.98,5106623
NAD,20050916,0.032,0.034,0.032,0.034,7612030
NAL,20050916,0.46,0.465,0.44,0.445,311934
NAM,20050916,0.73,0.73,0.725,0.725,127582
NBL,20050916,3.2,3.21,3.2,3.21,2310
NCI,20050916,1.45,1.45,1.45,1.45,112
NCM,20050916,19.4,19.53,19.21,19.45,3769796
NDC,20050916,0.105,0.105,0.1,0.1,110634
NDL,20050916,0.2,0.2,0.16,0.16,117500
NEC,20050916,0.535,0.535,0.52,0.52,44900
NEL,20050916,0.525,0.53,0.52,0.52,55000
NEM,20050916,5.8,5.85,5.79,5.81,90622
NEO,20050916,0.041,0.044,0.041,0.043,5127737
NEU,20050916,0.39,0.39,0.39,0.39,22000
NGF,20050916,0.225,0.225,0.18,0.215,678000
NGM,20050916,0.11,0.115,0.11,0.115,446632
NHC,20050916,1.32,1.32,1.265,1.29,291600
NHR,20050916,0.375,0.38,0.375,0.38,659750
NIA,20050916,0.23,0.235,0.22,0.22,2052553
NIQ,20050916,0.19,0.2,0.19,0.2,204400
NKL,20050916,0.135,0.135,0.135,0.135,86500
NLB,20050916,0.52,0.57,0.52,0.57,37300
NLS,20050916,0.088,0.098,0.088,0.098,55000
NLX,20050916,0.25,0.255,0.245,0.25,2697526
NMB,20050916,0.017,0.017,0.016,0.016,761260
NMC,20050916,0.058,0.058,0.057,0.057,4279433
NMS,20050916,0.69,0.74,0.67,0.67,279387
NOP,20050916,0.05,0.052,0.05,0.052,201100
NPH,20050916,1.3,1.3,1.3,1.3,2234
NRT,20050916,4.89,4.99,4.89,4.98,77740
NSA,20050916,0.12,0.12,0.12,0.12,150
NSX,20050916,0.41,0.435,0.41,0.435,8500
NTC,20050916,0.155,0.155,0.155,0.155,20000
NTG,20050916,0.25,0.25,0.25,0.25,18191
NUF,20050916,11.03,11.09,11,11.03,209372
NVC,20050916,0.5,0.52,0.5,0.52,96208
NVE,20050916,1.31,1.31,1.27,1.27,26180
NWA,20050916,0.043,0.044,0.042,0.044,1356778
NWE,20050916,0.165,0.18,0.165,0.175,3253256
NWR,20050916,0.22,0.22,0.22,0.22,5000
NWS,20050916,21.93,22.3,21.89,21.89,21990319
NXS,20050916,0.57,0.58,0.55,0.55,2756993
NZO,20050916,0.85,0.865,0.85,0.865,98000
OBJ,20050916,0.035,0.036,0.033,0.036,680000
OCL,20050916,1.615,1.615,1.6,1.6,10587
OCO,20050916,0.01,0.01,0.01,0.01,1000000
OEC,20050916,0.115,0.115,0.115,0.115,20088
OEL,20050916,0.26,0.28,0.26,0.28,115000
OEX,20050916,0.365,0.38,0.365,0.375,228983
OFM,20050916,2.02,2.02,2.01,2.01,44188
OGD,20050916,0.635,0.64,0.625,0.63,903390
OIL,20050916,0.33,0.335,0.325,0.325,148150
OKN,20050916,2.2,2.3,2.2,2.27,88698
OLE,20050916,0.029,0.029,0.028,0.028,300000
OLY,20050916,0.2,0.2,0.2,0.2,373850
OMH,20050916,1.065,1.065,1.055,1.06,29000
OMI,20050916,1.1,1.12,1.05,1.12,54911
OMP,20050916,3.2,3.25,3.19,3.25,945489
ONT,20050916,1.12,1.12,1.12,1.12,2500
OPC,20050916,0.105,0.11,0.1,0.11,150000
OPI,20050916,0.11,0.11,0.105,0.105,10000
OPL,20050916,0.64,0.69,0.64,0.66,2412573
OPM,20050916,0.002,0.002,0.002,0.002,3524429
ORC,20050916,0.043,0.043,0.043,0.043,20000
ORG,20050916,7.06,7.11,7.04,7.07,2412525
ORI,20050916,21.2,21.2,20.78,20.9,856242
ORL,20050916,2.32,2.32,2.3,2.3,105550
ORO,20050916,0.025,0.025,0.024,0.024,30000
ORP,20050916,0.019,0.02,0.019,0.02,1008000
ORT,20050916,0.042,0.045,0.042,0.045,35000
OSH,20050916,3.57,3.57,3.51,3.52,6070900
OST,20050916,3.44,3.49,3.41,3.49,3502070
OTL,20050916,0.38,0.385,0.38,0.385,200895
OXR,20050916,1.22,1.23,1.215,1.225,10262337
PAA,20050916,0.2,0.2,0.195,0.195,220000
PBA,20050916,0.54,0.54,0.54,0.54,37000
PBB,20050916,2.35,2.38,2.27,2.3,580775
PBD,20050916,1.525,1.53,1.52,1.53,11000
PBG,20050916,2.9,2.93,2.89,2.9,4215965
PBI,20050916,0.26,0.26,0.25,0.25,234345
PBL,20050916,16.9,17.09,16.9,16.98,2270703
PBO,20050916,0.185,0.19,0.185,0.19,8000
PBT,20050916,0.19,0.19,0.19,0.19,10500
PCC,20050916,0.08,0.08,0.079,0.079,225600
PCE,20050916,0.034,0.034,0.034,0.034,13077
PCG,20050916,0.71,0.72,0.7,0.71,561824
PCL,20050916,0.08,0.083,0.08,0.083,356682
PCP,20050916,0.135,0.135,0.135,0.135,100000
PDG,20050916,20.65,21,20.65,20.7,11040
PDL,20050916,1.8,1.8,1.77,1.8,30563
PDM,20050916,0.058,0.058,0.058,0.058,25000
PDN,20050916,2.09,2.3,2.09,2.29,5353815
PEM,20050916,0.765,0.765,0.76,0.76,246189
PEN,20050916,0.011,0.011,0.011,0.011,3075000
PEO,20050916,0.14,0.14,0.14,0.14,33250
PEP,20050916,0.37,0.375,0.37,0.375,19737
PGL,20050916,2.65,2.68,2.61,2.68,16908
PGN,20050916,0.81,0.82,0.81,0.82,120000
PGS,20050916,0.16,0.16,0.15,0.155,736100
PHL,20050916,0.034,0.034,0.033,0.033,89227
PIE,20050916,0.015,0.016,0.015,0.016,575000
PIO,20050916,0.18,0.18,0.18,0.18,56498
PLA,20050916,0.17,0.175,0.17,0.175,542000
PLF,20050916,1.24,1.265,1.24,1.255,415620
PLT,20050916,0.185,0.185,0.185,0.185,16500
PMA,20050916,0.85,0.85,0.85,0.85,3700
PMC,20050916,2.1,2.13,2.1,2.11,42235
PME,20050916,1.16,1.16,1.16,1.16,5300
PMM,20050916,4.1,4.22,4.1,4.22,62590
PMN,20050916,4.83,4.86,4.82,4.85,10733515
PMP,20050916,1.25,1.255,1.23,1.24,1620388
PMV,20050916,4.3,4.3,4.1,4.1,7985
PMX,20050916,0.021,0.021,0.021,0.021,583
PNA,20050916,0.215,0.22,0.21,0.22,6226991
PNN,20050916,0.315,0.35,0.31,0.345,1514422
PNO,20050916,0.022,0.022,0.022,0.022,499763
POH,20050916,0.26,0.26,0.245,0.245,72000
POL,20050916,0.195,0.195,0.19,0.195,76650
PPC,20050916,1.9,1.9,1.86,1.9,44127
PPG,20050916,0.455,0.455,0.45,0.455,54000
PPK,20050916,0.865,0.875,0.865,0.865,24540
PPP,20050916,0.13,0.13,0.13,0.13,2875
PPR,20050916,1.68,1.68,1.68,1.68,165
PPT,20050916,63.86,64.2,63.5,63.5,94037
PPX,20050916,3.08,3.1,3.04,3.05,2436725
PPY,20050916,0.23,0.23,0.23,0.23,10000
PRE,20050916,0.065,0.065,0.063,0.064,4074250
PRG,20050916,3.17,3.2,3.17,3.17,44006
PRK,20050916,6.75,6.83,6.75,6.82,1646377
PRM,20050916,0.033,0.033,0.033,0.033,2200
PRR,20050916,0.105,0.11,0.1,0.105,614000
PRT,20050916,3.4,3.4,3.4,3.4,6609
PRV,20050916,0.935,0.94,0.925,0.94,302323
PRY,20050916,10.5,10.5,10.06,10.35,60571
PSA,20050916,1.47,1.485,1.47,1.47,257150
PSD,20050916,0.805,0.82,0.8,0.81,207078
PSG,20050916,0.049,0.05,0.049,0.05,83343
PSH,20050916,2.32,2.39,2.32,2.39,344626
PSP,20050916,0.16,0.16,0.155,0.155,115000
PSV,20050916,0.34,0.345,0.33,0.335,12578291
PTD,20050916,1.385,1.39,1.37,1.37,174054
PTR,20050916,0.33,0.33,0.32,0.32,16600
PUR,20050916,0.23,0.235,0.22,0.225,407038
PVE,20050916,0.585,0.595,0.58,0.595,326529
PWK,20050916,1.12,1.12,1.05,1.06,33170
PWR,20050916,0.42,0.42,0.42,0.42,5133
PWT,20050916,1.05,1.06,1.04,1.05,62478
PXL,20050916,0.305,0.33,0.305,0.33,26500
PXS,20050916,2.2,2.27,2.2,2.25,182473
QAD,20050916,0.064,0.068,0.064,0.064,2489450
QAN,20050916,3.33,3.39,3.33,3.39,11465233
QBE,20050916,17.45,17.71,17.44,17.65,3644627
QCH,20050916,3.81,3.84,3.81,3.84,9026
QFX,20050916,0.205,0.205,0.2,0.2,25000
QGC,20050916,0.43,0.445,0.43,0.43,1086972
QMG,20050916,0.675,0.675,0.66,0.66,35000
QML,20050916,0.09,0.09,0.09,0.09,10000
QPX,20050916,0.05,0.055,0.047,0.048,297000
QRS,20050916,0.092,0.093,0.09,0.093,305000
QTK,20050916,0.42,0.445,0.395,0.4,7332260
QUE,20050916,0.2,0.2,0.2,0.2,10000
RAT,20050916,1.155,1.155,1.155,1.155,12880
RAU,20050916,0.12,0.125,0.12,0.125,80000
RBS,20050916,2.6,2.6,2.6,2.6,10500
RCD,20050916,6.9,6.93,6.82,6.82,401698
RCG,20050916,0.195,0.21,0.195,0.21,19168
RCH,20050916,0.006,0.006,0.006,0.006,300000
RCL,20050916,2.94,3.05,2.94,3.03,266206
RCR,20050916,1,1,0.99,1,32800
RCT,20050916,3,3,3,3,10000
RDF,20050916,3.25,3.29,3.2,3.2,99138
RDM,20050916,0.27,0.28,0.265,0.28,121200
RDR,20050916,0.23,0.25,0.23,0.25,247490
REA,20050916,2.37,2.39,2.37,2.39,38786
REB,20050916,2.28,2.3,2.28,2.3,21900
RED,20050916,0.115,0.125,0.115,0.12,275900
REH,20050916,13.5,13.59,13.5,13.5,1600
REL,20050916,0.18,0.18,0.18,0.18,80000
RER,20050916,0.19,0.19,0.185,0.185,32000
RGA,20050916,0.495,0.51,0.495,0.51,97000
RHC,20050916,9.52,9.74,9.52,9.69,174361
RHD,20050916,0.685,0.7,0.685,0.7,55300
RHT,20050916,0.135,0.135,0.13,0.135,324200
RIC,20050916,1.39,1.41,1.39,1.4,714485
RIN,20050916,15.75,15.76,15.47,15.6,2397641
RIO,20050916,53.5,53.89,53.2,53.77,3724836
RIV,20050916,0.8,0.8,0.8,0.8,112500
RKN,20050916,0.805,0.805,0.805,0.805,78500
RMC,20050916,0.04,0.04,0.033,0.033,20000
RMD,20050916,4.75,4.84,4.71,4.71,736701
RMI,20050916,0.115,0.115,0.105,0.11,1564500
RML,20050916,0.21,0.21,0.205,0.205,128955
RMS,20050916,0.135,0.135,0.135,0.135,53490
RNG,20050916,0.13,0.135,0.12,0.125,593082
ROC,20050916,2.51,2.55,2.51,2.55,943043
ROK,20050916,4.55,4.64,4.55,4.64,7668
RPC,20050916,0.615,0.615,0.61,0.615,42000
RPM,20050916,0.095,0.095,0.095,0.095,6000
RPT,20050916,0.059,0.059,0.058,0.059,4008220
RRL,20050916,0.135,0.135,0.135,0.135,90000
RRS,20050916,0.026,0.026,0.025,0.025,1049100
RRT,20050916,0.925,0.925,0.92,0.92,121681
RSG,20050916,1.075,1.105,1.075,1.105,582044
RSN,20050916,0.225,0.25,0.225,0.24,3380583
RSP,20050916,1.34,1.34,1.29,1.29,1622736
RTL,20050916,0.295,0.3,0.29,0.3,50000
RTM,20050916,0.031,0.031,0.027,0.028,9394520
RUP,20050916,11.78,11.8,11.75,11.76,22809
RUR,20050916,0.225,0.225,0.225,0.225,50000
RVR,20050916,0.27,0.27,0.24,0.26,51240
RXL,20050916,0.11,0.11,0.11,0.11,60000
SAH,20050916,0.063,0.065,0.063,0.065,29239
SAI,20050916,2.84,2.91,2.84,2.89,270650
SAQ,20050916,5.62,5.62,5.55,5.62,16418
SAU,20050916,0.27,0.275,0.235,0.235,585546
SBC,20050916,14.64,14.78,14.63,14.7,62683
SBL,20050916,0.065,0.065,0.06,0.06,67000
SBM,20050916,0.25,0.28,0.25,0.27,5856488
SBP,20050916,0.105,0.11,0.105,0.105,220263
SBR,20050916,0.31,0.345,0.31,0.345,6100
SBS,20050916,0.066,0.067,0.066,0.067,210000
SCB,20050916,0.175,0.175,0.17,0.17,46252
SCD,20050916,0.028,0.028,0.026,0.026,34057
SCF,20050916,113.2,113.2,113,113.2,2944
SDG,20050916,1.65,1.73,1.65,1.73,693257
SDI,20050916,0.92,0.92,0.91,0.91,26360
SDL,20050916,0.016,0.019,0.016,0.019,6736574
SDR,20050916,0.16,0.16,0.16,0.16,303133
SDS,20050916,0.65,0.655,0.65,0.65,24000
SEA,20050916,0.445,0.445,0.445,0.445,30000
SED,20050916,0.215,0.22,0.215,0.22,512936
SEK,20050916,2.9,2.95,2.72,2.72,2018739
SEL,20050916,1.92,2.02,1.92,2.02,57496
SEM,20050916,5.14,5.2,5.14,5.14,22220
SEN,20050916,0.34,0.345,0.335,0.345,1291844
SEV,20050916,8.31,8.45,8.31,8.43,329510
SFC,20050916,5.05,5.35,5.05,5.3,7552
SFE,20050916,11.89,11.99,11.78,11.97,741606
SFR,20050916,0.2,0.2,0.2,0.2,500
SGB,20050916,27.65,27.95,27.53,27.86,1557561
SGL,20050916,0.57,0.575,0.56,0.57,1009300
SGN,20050916,3.08,3.15,3.08,3.14,2697222
SGP,20050916,6.13,6.25,6.13,6.2,4048982
SGS,20050916,1.275,1.28,1.26,1.28,43840
SGT,20050916,1.99,2.02,1.985,1.99,3452191
SGX,20050916,2.11,2.15,2.05,2.08,391824
SHC,20050916,0.18,0.18,0.17,0.17,70000
SHL,20050916,15.65,15.65,15.56,15.6,1181334
SHN,20050916,0.038,0.038,0.035,0.037,1031585
SHV,20050916,12.6,12.6,12.45,12.6,11284
SIE,20050916,0.045,0.045,0.043,0.043,564572
SIG,20050916,11.64,11.99,11.64,11.99,283136
SIM,20050916,0.27,0.285,0.27,0.28,46000
SIU,20050916,0.052,0.052,0.052,0.052,40000
SIV,20050916,1.75,1.8,1.75,1.8,11902
SKC,20050916,4.5,4.58,4.5,4.54,42770
SKE,20050916,3.16,3.18,3.16,3.16,52792
SKG,20050916,0.4,0.41,0.355,0.4,55287
SKT,20050916,5.6,5.6,5.6,5.6,21600
SKW,20050916,0.18,0.18,0.17,0.17,53223
SLA,20050916,0.175,0.175,0.175,0.175,8500
SLD,20050916,0.265,0.3,0.265,0.295,373180
SLF,20050916,17.85,18.06,17.85,18.06,1345
SLM,20050916,4.45,4.46,4.38,4.39,146973
SLT,20050916,0.19,0.2,0.19,0.2,30809
SLV,20050916,0.46,0.47,0.46,0.47,274000
SLX,20050916,1.21,1.23,1.2,1.23,198700
SMA,20050916,0.012,0.012,0.012,0.012,20000
SMC,20050916,0.165,0.165,0.15,0.15,592747
SML,20050916,0.081,0.084,0.081,0.084,90000
SMM,20050916,0.775,0.79,0.75,0.755,1264828
SMN,20050916,0.13,0.13,0.125,0.125,70765
SMO,20050916,0.115,0.115,0.115,0.115,1466172
SMS,20050916,18.46,18.92,18.46,18.89,542534
SMX,20050916,1.99,1.99,1.97,1.97,36200
SMY,20050916,0.79,0.8,0.775,0.8,320092
SNF,20050916,0.39,0.39,0.39,0.39,5500
SNL,20050916,0.45,0.45,0.45,0.45,20000
SNN,20050916,0.23,0.23,0.23,0.23,193000
SOE,20050916,0.22,0.22,0.215,0.215,742090
SOL,20050916,9.51,9.75,9.5,9.56,9285
SOM,20050916,0.23,0.23,0.225,0.23,35000
SOO,20050916,0.34,0.34,0.33,0.33,62836
SOT,20050916,1.735,1.745,1.7,1.745,107285
SPD,20050916,0.2,0.2,0.2,0.2,54700
SPH,20050916,0.62,0.62,0.6,0.6,10000
SPL,20050916,0.45,0.465,0.44,0.46,114000
SPT,20050916,5,5.1,5,5.09,356856
SRA,20050916,0.044,0.045,0.044,0.044,926002
SRI,20050916,0.072,0.072,0.071,0.072,312566
SRL,20050916,2.56,2.58,2.55,2.56,169407
SRV,20050916,3.73,3.73,3.72,3.72,6876
SRX,20050916,2.01,2.01,2.01,2.01,6325
SRZ,20050916,0.31,0.32,0.31,0.32,78650
SSI,20050916,3.35,3.4,3.35,3.35,38475
SSN,20050916,0.49,0.525,0.49,0.525,604500
SSX,20050916,1.54,1.57,1.54,1.555,3581820
STI,20050916,0.255,0.255,0.255,0.255,416
STO,20050916,11.29,11.31,11.15,11.2,2082504
STP,20050916,0.075,0.077,0.075,0.077,420000
STR,20050916,0.215,0.215,0.205,0.205,243000
STS,20050916,0.78,0.78,0.78,0.78,100000
STT,20050916,0.027,0.029,0.027,0.029,612824
STU,20050916,1.29,1.29,1.27,1.28,81352
STW,20050916,45.4,45.66,45.27,45.3,179822
STX,20050916,0.13,0.13,0.125,0.125,305000
SUL,20050916,2.95,2.99,2.95,2.99,10000
SUN,20050916,19.64,19.7,19.55,19.6,1537102
SUR,20050916,0.21,0.225,0.21,0.22,362000
SWG,20050916,0.018,0.018,0.015,0.018,1367834
SYL,20050916,4.35,4.35,4.3,4.3,1189
SYM,20050916,1.485,1.505,1.48,1.48,126070
SYN,20050916,2.4,2.6,2.4,2.6,51650
TAA,20050916,0.023,0.025,0.022,0.025,1196430
TAH,20050916,16.89,17.04,16.89,16.95,2233780
TAM,20050916,0.12,0.12,0.12,0.12,143000
TAP,20050916,2.75,2.78,2.7,2.7,1051360
TAS,20050916,0.15,0.16,0.15,0.155,350571
TAW,20050916,0.78,0.8,0.78,0.8,35000
TBC,20050916,0.255,0.255,0.25,0.25,148535
TCI,20050916,1.4,1.4,1.38,1.395,332409
TCL,20050916,7.58,7.6,7.52,7.56,2704436
TCN,20050916,0.06,0.062,0.054,0.062,34500
TCP,20050916,0.63,0.63,0.63,0.63,2600
TCQ,20050916,1.08,1.095,1.08,1.095,15000
TEA,20050916,0.13,0.145,0.13,0.145,5057859
TEE,20050916,0.02,0.021,0.02,0.021,591002
TEL,20050916,5.55,5.63,5.55,5.63,4967845
TEN,20050916,3.64,3.66,3.63,3.66,2095289
TFC,20050916,0.44,0.45,0.41,0.41,184000
TFE,20050916,0.33,0.33,0.33,0.33,85000
TGF,20050916,0.14,0.14,0.14,0.14,249022
TGG,20050916,1.335,1.335,1.315,1.325,96051
TGP,20050916,3.19,3.19,3.19,3.19,15000
TGS,20050916,0.19,0.19,0.185,0.185,100000
THG,20050916,0.79,0.795,0.78,0.78,2176987
THK,20050916,0.75,0.76,0.74,0.745,36925
THX,20050916,0.275,0.275,0.27,0.27,43901
TIM,20050916,2.25,2.28,2.25,2.26,295179
TIR,20050916,0.048,0.048,0.044,0.046,1974854
TKG,20050916,0.003,0.003,0.003,0.003,30000
TKL,20050916,0.175,0.175,0.165,0.165,49000
TKR,20050916,1.05,1.05,1.05,1.05,4500
TLS,20050916,4.45,4.49,4.44,4.48,34443621
TMO,20050916,0.375,0.385,0.37,0.385,214300
TMS,20050916,0.036,0.037,0.035,0.037,401200
TNE,20050916,0.54,0.55,0.54,0.545,140925
TNG,20050916,0.24,0.24,0.22,0.22,45603
TNL,20050916,0.25,0.25,0.25,0.25,688
TNS,20050916,3.84,3.86,3.84,3.86,2537
TOL,20050916,13.79,13.8,13.69,13.71,757404
TOX,20050916,0.067,0.067,0.064,0.065,2585822
TPI,20050916,4.47,4.48,4.23,4.23,1416342
TRG,20050916,13.17,13.17,13.15,13.15,21019
TRS,20050916,3.84,3.84,3.75,3.75,15018
TRU,20050916,9.4,9.56,9.4,9.4,15406
TRY,20050916,2.73,2.77,2.73,2.76,28775
TSE,20050916,8.64,8.69,8.5,8.62,276969
TSH,20050916,0.39,0.39,0.39,0.39,25384
TSO,20050916,2.18,2.19,2.18,2.18,2646901
TST,20050916,0.105,0.105,0.105,0.105,20000
TSV,20050916,0.075,0.075,0.075,0.075,72
TTI,20050916,0.315,0.315,0.31,0.315,58147
TTR,20050916,0.15,0.15,0.145,0.145,410800
TTS,20050916,3.31,3.33,3.3,3.3,1240666
TTT,20050916,0.535,0.535,0.52,0.53,221250
TVL,20050916,0.185,0.19,0.175,0.19,163690
TWD,20050916,1.6,1.6,1.6,1.6,2253
TWO,20050916,1.25,1.335,1.25,1.335,63580
TWR,20050916,2.15,2.19,2.14,2.19,1209766
TYC,20050916,0.74,0.745,0.73,0.73,287574
TZL,20050916,0.75,0.76,0.74,0.755,556542
TZN,20050916,0.36,0.36,0.355,0.36,45600
UCL,20050916,0.08,0.089,0.074,0.079,14933791
UCM,20050916,0.91,0.91,0.91,0.91,5400
UCW,20050916,1.25,1.25,1.25,1.25,1200
UGL,20050916,10.84,11.07,10.84,10.95,581814
UKD,20050916,0.092,0.092,0.09,0.09,162800
UNI,20050916,0.585,0.59,0.55,0.55,97200
UNW,20050916,0.575,0.585,0.57,0.57,362876
URL,20050916,0.155,0.16,0.155,0.16,489536
UTB,20050916,12.85,12.85,12.59,12.75,746485
UXC,20050916,0.955,0.96,0.955,0.955,194705
VBA,20050916,1.6,1.615,1.6,1.615,85504
VCM,20050916,1.75,1.75,1.75,1.75,1000
VCN,20050916,0.33,0.35,0.33,0.345,282034
VCR,20050916,1.25,1.265,1.235,1.235,366551
VGH,20050916,4.62,4.75,4.56,4.56,46305
VGL,20050916,1.43,1.43,1.38,1.41,259351
VGP,20050916,1.08,1.1,1.08,1.08,129000
VHL,20050916,0.26,0.29,0.26,0.28,33450
VIR,20050916,1.09,1.12,1.085,1.12,5737102
VLL,20050916,0.395,0.41,0.395,0.41,319254
VOF,20050916,0.98,0.98,0.98,0.98,2671
VPE,20050916,0.034,0.034,0.032,0.034,9741849
VPG,20050916,1.445,1.495,1.445,1.48,3168012
VPH,20050916,0.115,0.115,0.115,0.115,1845
VRE,20050916,0.16,0.16,0.155,0.16,85350
VRL,20050916,2.84,2.88,2.82,2.85,121266
VSG,20050916,0.022,0.024,0.022,0.024,316000
VSL,20050916,1.405,1.445,1.405,1.435,971152
VTI,20050916,0.905,0.92,0.905,0.92,283497
VTP,20050916,0.97,0.97,0.97,0.97,20000
VWD,20050916,1.49,1.495,1.475,1.475,81953
VXS,20050916,0.025,0.025,0.024,0.024,70800
WAB,20050916,1.06,1.06,1.05,1.06,66750
WAL,20050916,0.165,0.165,0.165,0.165,2000
WAM,20050916,1.52,1.52,1.5,1.5,34425
WAN,20050916,8.36,8.47,8.36,8.47,664966
WAS,20050916,0.033,0.033,0.031,0.031,500000
WAT,20050916,3.75,3.78,3.75,3.75,17000
WBA,20050916,0.75,0.75,0.74,0.74,500000
WBB,20050916,7.9,7.95,7.9,7.95,753
WBC,20050916,20.65,20.79,20.52,20.75,5280432
WCB,20050916,3.95,3.95,3.95,3.95,700
WCG,20050916,1.51,1.51,1.5,1.5,30800
WDC,20050916,17.22,17.42,17.22,17.3,9642601
WEB,20050916,0.4,0.4,0.385,0.39,861549
WES,20050916,38.9,39.5,38.9,39.4,837833
WEZ,20050916,0.087,0.092,0.087,0.092,19000
WFL,20050916,1.98,1.99,1.98,1.98,7100
WGP,20050916,0.12,0.12,0.12,0.12,12000
WHF,20050916,3.65,3.68,3.52,3.52,27884
WHS,20050916,3.58,3.58,3.58,3.58,626
WIL,20050916,0.91,0.915,0.905,0.905,260680
WLL,20050916,1.35,1.37,1.34,1.34,16430
WLS,20050916,0.95,0.955,0.95,0.955,104000
WME,20050916,0.09,0.09,0.09,0.09,14000
WMG,20050916,0.075,0.075,0.071,0.071,50000
WOR,20050916,9.66,9.84,9.64,9.82,679420
WOW,20050916,16.14,16.2,16.05,16.09,3548351
WPG,20050916,0.23,0.24,0.23,0.24,91500
WPL,20050916,32.65,32.7,32.25,32.34,1781538
WSA,20050916,2.1,2.18,2.06,2.18,507418
WSS,20050916,0.12,0.16,0.12,0.16,1135000
WST,20050916,0.505,0.505,0.49,0.49,15064
WSY,20050916,0.025,0.025,0.025,0.025,50000
WTE,20050916,0.036,0.038,0.036,0.037,3764773
WTP,20050916,1.36,1.405,1.35,1.36,94016
WWA,20050916,0.95,0.965,0.95,0.965,30500
WWM,20050916,0.027,0.027,0.025,0.025,210000
WYL,20050916,2.68,2.76,2.68,2.72,314075
XAO,20050916,4493.6,4508.4,4488.7,4499.4,0
XBL,20050916,0.15,0.15,0.15,0.15,3285
XBW,20050916,34489.6,34489.6,34489.6,34489.6,0
XDJ,20050916,2350.1,2358.2,2345.3,2345.4,0
XEJ,20050916,10201.6,10211.6,10149.6,10166.5,0
XFJ,20050916,5308.1,5336.3,5291.9,5324.9,0
XFL,20050916,4441.2,4460.9,4433.4,4452.3,0
XHJ,20050916,5902.9,5903.5,5867.2,5878.5,0
XIJ,20050916,434.6,439,434.4,437.7,0
XJO,20050916,4542.2,4560.9,4536.1,4553.6,0
XKO,20050916,4536,4554.5,4530,4547.4,0
XMD,20050916,4532,4545.5,4529.8,4539.2,0
XMJ,20050916,8390.8,8436.4,8390.1,8412.2,0
XNJ,20050916,5369.9,5405.6,5367.5,5405.6,0
XPJ,20050916,1880.5,1890.5,1879.4,1881.7,0
XSJ,20050916,5851.4,5869.7,5840.1,5869.7,0
XSO,20050916,2611.3,2622,2610.4,2622,0
XTE,20050916,70,82,68.5,82,1538690
XTJ,20050916,1618.6,1626.6,1608.6,1624,0
XTL,20050916,2406.1,2420.9,2401.4,2415.3,0
XTO,20050916,3680.2,3695.6,3674.7,3688.9,0
XUJ,20050916,5218.6,5262.9,5213.1,5254.2,0
XXJ,20050916,5418.5,5448.1,5397.1,5439.5,0
YAM,20050916,0.012,0.012,0.011,0.011,8141373
YML,20050916,0.185,0.19,0.185,0.19,230000
ZBB,20050916,0.4,0.43,0.4,0.43,129892
ZCO,20050916,0.17,0.17,0.17,0.17,53100
ZFX,20050916,4.14,4.26,4.14,4.26,5421707
ZIM,20050916,3.19,3.19,3.19,3.19,501
ZYL,20050916,0.002,0.002,0.002,0.002,75000
