AAC,20050323,1.76,1.78,1.74,1.74,44017
AAE,20050323,0.19,0.19,0.19,0.19,4475
AAM,20050323,0.325,0.325,0.31,0.31,157000
AAQ,20050323,0.7,0.7,0.7,0.7,10142
AAR,20050323,0.03,0.033,0.03,0.033,1009372
AAT,20050323,0.145,0.145,0.145,0.145,54000
AAU,20050323,1.13,1.13,1.11,1.12,641720
ABB,20050323,6.85,6.85,6.77,6.8,67310
ABC,20050323,1.69,1.7,1.68,1.69,909577
ABI,20050323,0.165,0.165,0.15,0.155,919356
ABK,20050323,0.175,0.175,0.17,0.17,60578
ABP,20050323,1.34,1.37,1.33,1.36,117337
ABQ,20050323,0.34,0.34,0.32,0.32,79365
ABS,20050323,5.54,5.55,5.26,5.32,1228188
ACL,20050323,0.58,0.59,0.58,0.58,30000
ACR,20050323,0.76,0.76,0.75,0.75,331281
ACU,20050323,0.2,0.205,0.2,0.2,239335
ADA,20050323,0.35,0.35,0.345,0.345,52700
ADB,20050323,10.8,10.8,10.65,10.65,149416
ADG,20050323,3.65,3.65,3.59,3.65,18065
ADI,20050323,0.34,0.34,0.32,0.32,56500
ADL,20050323,0.15,0.165,0.15,0.15,10500
ADT,20050323,0.95,0.95,0.95,0.95,3720
ADX,20050323,0.145,0.145,0.14,0.14,46000
ADY,20050323,0.195,0.195,0.18,0.185,12699518
ADZ,20050323,1.85,1.87,1.8,1.84,653771
AEC,20050323,1.68,1.69,1.68,1.69,6500
AEF,20050323,19.14,19.14,19.14,19.14,600
AEI,20050323,0.6,0.6,0.59,0.6,44500
AEM,20050323,0.145,0.145,0.145,0.145,6716
AEN,20050323,0.95,0.95,0.95,0.95,6597
AEO,20050323,1.7,1.75,1.7,1.75,1134151
AET,20050323,0.27,0.3,0.27,0.29,25401
AEU,20050323,1.53,1.56,1.53,1.56,141673
AEX,20050323,0.052,0.056,0.05,0.051,29117866
AFC,20050323,0.84,0.84,0.84,0.84,10000
AFI,20050323,3.68,3.7,3.66,3.66,253286
AFL,20050323,0.68,0.7,0.68,0.7,44440
AFT,20050323,0.019,0.02,0.019,0.019,312400
AGC,20050323,1.88,1.9,1.87,1.89,251480
AGG,20050323,9.25,9.25,9.2,9.2,3091
AGI,20050323,0.82,0.84,0.82,0.83,34650
AGL,20050323,14.2,14.35,14.16,14.17,1495768
AGM,20050323,0.125,0.125,0.12,0.12,1178690
AGO,20050323,0.34,0.34,0.32,0.32,277000
AGS,20050323,0.04,0.04,0.04,0.04,25000
AGX,20050323,0.44,0.44,0.425,0.44,102780
AGY,20050323,0.066,0.066,0.066,0.066,8823
AGZ,20050323,0.225,0.225,0.225,0.225,26042
AHD,20050323,4.1,4.13,4.02,4.04,27000
AHG,20050323,0.089,0.089,0.08,0.085,753632
AHO,20050323,0.61,0.78,0.61,0.63,9982333
AHS,20050323,1.34,1.35,1.34,1.35,84749
AIA,20050323,7.65,7.65,7.51,7.51,419490
AIE,20050323,0.2,0.2,0.19,0.19,56000
AIM,20050323,0.066,0.066,0.063,0.064,4350252
AIX,20050323,2.31,2.31,2.28,2.3,3298760
AIZ,20050323,1.46,1.46,1.45,1.45,43405
AJL,20050323,1.77,1.77,1.75,1.75,20847
ALD,20050323,0.29,0.29,0.275,0.275,392429
ALK,20050323,0.22,0.22,0.21,0.22,36000
ALL,20050323,10.53,10.62,10.2,10.25,1124262
ALN,20050323,8.95,9,8.81,8.93,512727
ALR,20050323,1.21,1.21,1.19,1.19,18330
ALS,20050323,8.36,8.37,8.18,8.3,135919
ALT,20050323,0.057,0.06,0.055,0.055,50100
ALU,20050323,0.31,0.31,0.3,0.3,9788
ALW,20050323,0.465,0.465,0.455,0.455,64000
ALZ,20050323,1.72,1.72,1.67,1.68,613748
AMB,20050323,0.5,0.5,0.5,0.5,14500
AMC,20050323,7.29,7.3,7.17,7.21,3156183
AMG,20050323,0.043,0.044,0.041,0.042,9145547
AMH,20050323,0.48,0.48,0.47,0.47,102212
AML,20050323,0.465,0.465,0.465,0.465,21000
AMM,20050323,0.185,0.19,0.185,0.185,433850
AMP,20050323,7.33,7.34,7.23,7.24,8374281
AMU,20050323,0.86,0.87,0.83,0.83,487116
ANC,20050323,9.26,9.26,9.2,9.2,3295
AND,20050323,0.1,0.1,0.1,0.1,138000
ANE,20050323,3.75,3.75,3.7,3.73,22750
ANG,20050323,0.375,0.375,0.375,0.375,3765
ANM,20050323,0.022,0.022,0.018,0.02,18950226
ANN,20050323,10,10.05,9.86,9.89,355294
ANO,20050323,0.19,0.19,0.18,0.18,823000
ANP,20050323,0.074,0.074,0.072,0.073,118000
ANX,20050323,0.495,0.5,0.495,0.5,50000
ANZ,20050323,21.06,21.1,20.85,20.88,5178223
AOE,20050323,0.425,0.425,0.415,0.42,72200
APA,20050323,4,4,3.76,3.87,146888
APE,20050323,7.29,7.3,7.29,7.29,6000
APG,20050323,0.053,0.054,0.052,0.052,440000
API,20050323,3.06,3.06,3.01,3.04,782891
APL,20050323,0.22,0.22,0.22,0.22,5000
APN,20050323,5.1,5.1,5.02,5.05,1660230
APV,20050323,0.36,0.36,0.36,0.36,22000
APZ,20050323,0.205,0.21,0.205,0.21,257500
AQA,20050323,2.18,2.18,2.15,2.18,6000
AQD,20050323,0.175,0.175,0.175,0.175,22800
AQL,20050323,0.04,0.04,0.04,0.04,37500
AQP,20050323,6.5,6.7,6.5,6.6,68525
ARA,20050323,0.36,0.36,0.36,0.36,5531
ARE,20050323,0.22,0.23,0.21,0.23,547914
ARG,20050323,5.54,5.54,5.5,5.53,67059
ARO,20050323,0.058,0.058,0.058,0.058,150000
ARP,20050323,3.98,3.98,3.93,3.95,70065
ARQ,20050323,1.97,1.99,1.94,1.94,324911
ARU,20050323,0.215,0.215,0.205,0.21,249884
ARX,20050323,0.052,0.052,0.051,0.051,50000
ASB,20050323,1.94,1.95,1.91,1.95,79303
ASC,20050323,0.048,0.049,0.046,0.046,356500
ASL,20050323,0.63,0.64,0.62,0.63,158400
ASP,20050323,0.079,0.079,0.079,0.079,18000
ASQ,20050323,0.5,0.52,0.5,0.5,30138
ASU,20050323,0.017,0.017,0.016,0.016,100000
ASV,20050323,0.15,0.16,0.145,0.16,432151
ASX,20050323,20.6,20.76,20.4,20.45,248617
ASZ,20050323,0.435,0.435,0.435,0.435,37
ATG,20050323,0.95,0.98,0.95,0.95,58630
ATM,20050323,0.3,0.3,0.3,0.3,8525
ATN,20050323,0.165,0.165,0.16,0.16,1206000
ATR,20050323,3.23,3.23,3.22,3.22,13653
ATX,20050323,0.071,0.071,0.07,0.07,310000
ATZ,20050323,0.235,0.235,0.23,0.23,41950
AUH,20050323,0.056,0.056,0.056,0.056,100000
AUI,20050323,5.25,5.25,5.24,5.24,4786
AUL,20050323,0.022,0.023,0.021,0.021,668500
AUN,20050323,0.85,0.86,0.85,0.86,322662
AUO,20050323,1.3,1.34,1.29,1.32,8668399
AUS,20050323,0.94,0.94,0.94,0.94,12500
AUV,20050323,0.205,0.205,0.19,0.2,63000
AUW,20050323,1.15,1.16,1.11,1.13,1374785
AUX,20050323,0.043,0.043,0.043,0.043,28400
AUZ,20050323,0.075,0.093,0.075,0.09,2312406
AVA,20050323,0.065,0.067,0.062,0.063,2296183
AVE,20050323,1.5,1.5,1.45,1.47,34130
AVJ,20050323,1.34,1.34,1.31,1.32,211970
AVM,20050323,0.61,0.61,0.61,0.61,231796
AVO,20050323,0.345,0.345,0.325,0.33,1427338
AVP,20050323,0.15,0.15,0.15,0.15,50000
AVR,20050323,0.98,0.99,0.97,0.98,92000
AVS,20050323,0.43,0.44,0.42,0.425,145084
AVT,20050323,0.052,0.055,0.052,0.055,24788
AVU,20050323,0.42,0.42,0.415,0.415,35000
AVV,20050323,1.36,1.37,1.34,1.34,91301
AVX,20050323,0.2,0.2,0.195,0.2,284000
AWB,20050323,4.83,4.86,4.8,4.8,421551
AWC,20050323,6.29,6.3,6.16,6.16,8585045
AWE,20050323,1.91,1.92,1.88,1.89,1053441
AWL,20050323,0.024,0.024,0.024,0.024,30000
AWP,20050323,12.46,12.46,12.25,12.3,17056
AXA,20050323,4.25,4.25,4.12,4.19,3060919
AXC,20050323,0.16,0.16,0.16,0.16,40000
AXI,20050323,0.028,0.028,0.028,0.028,211878
AXM,20050323,0.115,0.12,0.115,0.12,26000
AXO,20050323,0.135,0.14,0.13,0.13,88353
AZA,20050323,0.71,0.71,0.69,0.7,626652
AZC,20050323,0.185,0.185,0.18,0.18,207573
AZR,20050323,0.29,0.29,0.28,0.28,3103140
AZZ,20050323,0.58,0.58,0.58,0.58,37000
BAR,20050323,0.125,0.13,0.12,0.13,1197309
BAS,20050323,0.205,0.24,0.205,0.23,5682004
BAX,20050323,5.5,5.65,5.5,5.65,273693
BBB,20050323,0.56,0.57,0.56,0.56,346800
BBG,20050323,13.13,13.25,13.11,13.25,402233
BBL,20050323,0.145,0.145,0.145,0.145,42000
BCA,20050323,2.9,2.96,2.88,2.92,523822
BCD,20050323,0.39,0.39,0.375,0.375,36656
BCL,20050323,0.225,0.225,0.22,0.225,1445000
BDG,20050323,1.33,1.34,1.3,1.33,839384
BDI,20050323,0.315,0.32,0.3,0.3,410878
BDL,20050323,0.088,0.088,0.082,0.084,285162
BDM,20050323,0.4,0.4,0.38,0.38,48400
BDS,20050323,3.15,3.15,3.15,3.15,9625
BEL,20050323,0.36,0.36,0.36,0.36,5000
BEN,20050323,9.66,9.66,9.56,9.6,240390
BGD,20050323,0.215,0.215,0.21,0.215,473250
BGF,20050323,0.21,0.21,0.2,0.205,5727847
BGN,20050323,0.074,0.074,0.074,0.074,13000
BHP,20050323,18.65,18.7,18.52,18.59,16661656
BIL,20050323,8.2,8.21,8.1,8.12,5746965
BIX,20050323,0.077,0.077,0.077,0.077,50000
BKA,20050323,0.27,0.27,0.27,0.27,22000
BKI,20050323,1.1,1.1,1.08,1.1,273016
BKL,20050323,14.55,14.55,14.5,14.5,1650
BKM,20050323,0.015,0.015,0.015,0.015,19000
BKN,20050323,2.66,2.7,2.65,2.67,101386
BKS,20050323,0.015,0.015,0.014,0.014,359256
BKV,20050323,0.105,0.105,0.105,0.105,18000
BKW,20050323,11.08,11.2,11.07,11.15,15441
BKY,20050323,0.14,0.15,0.14,0.15,71000
BLD,20050323,6.2,6.25,6.12,6.18,2990441
BLN,20050323,0.125,0.13,0.125,0.125,318010
BLZ,20050323,0.083,0.086,0.082,0.086,178479
BMO,20050323,0.295,0.3,0.285,0.295,557800
BMX,20050323,0.18,0.18,0.175,0.18,1867889
BNB,20050323,11.08,11.08,10.9,10.9,821204
BNE,20050323,0.45,0.45,0.45,0.45,1200
BNO,20050323,0.205,0.21,0.2,0.21,73051
BOC,20050323,0.75,0.76,0.74,0.74,189805
BOL,20050323,2.05,2.06,2.02,2.02,303622
BON,20050323,0.47,0.47,0.46,0.46,107500
BOQ,20050323,10.48,10.48,10.35,10.4,167051
BOS,20050323,0.24,0.24,0.23,0.23,41200
BPC,20050323,1.01,1.02,1,1.01,4517478
BPH,20050323,0.125,0.125,0.125,0.125,5000
BPO,20050323,0.055,0.055,0.055,0.055,444800
BPT,20050323,0.71,0.71,0.65,0.68,1850779
BQT,20050323,0.24,0.24,0.23,0.23,319503
BRC,20050323,0.375,0.375,0.375,0.375,4000
BRK,20050323,4.32,4.32,4.25,4.25,12400
BRO,20050323,0.007,0.007,0.007,0.007,1517000
BRW,20050323,0.041,0.041,0.038,0.038,1420000
BRZ,20050323,2.36,2.37,2.34,2.35,219841
BSA,20050323,0.31,0.315,0.31,0.315,37730
BSG,20050323,0.65,0.65,0.63,0.63,972275
BSL,20050323,8.89,9.06,8.85,9.03,3060987
BSO,20050323,2.32,2.33,2.32,2.33,16200
BTA,20050323,0.51,0.51,0.49,0.49,335082
BTC,20050323,0.42,0.42,0.38,0.385,368700
BTV,20050323,0.031,0.033,0.031,0.031,476202
BTX,20050323,0.8,0.84,0.8,0.81,1131825
BUG,20050323,0.64,0.64,0.64,0.64,2583
BUY,20050323,0.098,0.098,0.093,0.093,1426587
BWP,20050323,1.69,1.7,1.68,1.68,279762
BWT,20050323,0.076,0.076,0.075,0.075,1827481
BXP,20050323,0.24,0.245,0.24,0.24,745827
CAA,20050323,2.1,2.1,2.07,2.08,42324
CAB,20050323,4.58,4.65,4.58,4.65,61608
CAG,20050323,0.053,0.054,0.052,0.053,688300
CAL,20050323,0.54,0.55,0.54,0.55,64500
CAM,20050323,0.97,0.99,0.97,0.99,62000
CAS,20050323,0.24,0.24,0.23,0.23,75000
CAT,20050323,5.3,5.65,5.3,5.5,4000
CAU,20050323,0.21,0.215,0.205,0.205,308000
CAZ,20050323,0.35,0.36,0.35,0.36,13801
CBA,20050323,35.56,35.65,35.13,35.13,2698140
CBD,20050323,0.27,0.27,0.265,0.27,57700
CBH,20050323,0.285,0.295,0.265,0.27,4377083
CCE,20050323,0.44,0.445,0.42,0.425,1224334
CCL,20050323,8.71,8.77,8.6,8.75,2211653
CCP,20050323,3.43,3.43,3.41,3.42,87800
CCS,20050323,0.05,0.05,0.04,0.04,25000
CCV,20050323,0.28,0.285,0.28,0.285,64359
CDA,20050323,1.62,1.62,1.6,1.62,88333
CDD,20050323,2.7,2.7,2.66,2.66,10750
CDF,20050323,1.455,1.455,1.439,1.439,40800
CDO,20050323,6.08,6.08,5.91,5.98,551757
CDP,20050323,3.21,3.21,3.21,3.21,184168
CDR,20050323,2.3,2.3,2.25,2.26,65631
CDX,20050323,2.45,2.45,2.42,2.45,8620
CEQ,20050323,2.24,2.24,2.21,2.21,33422
CEY,20050323,4.95,4.96,4.9,4.93,1289729
CFI,20050323,0.72,0.73,0.71,0.73,82896
CFR,20050323,0.022,0.023,0.022,0.022,1904501
CFU,20050323,0.9,0.9,0.87,0.87,8550
CGF,20050323,3.4,3.42,3.38,3.42,1981736
CGM,20050323,0.08,0.08,0.08,0.08,150000
CGO,20050323,0.67,0.67,0.66,0.66,10000
CGX,20050323,0.73,0.73,0.7,0.7,145945
CHB,20050323,31.5,31.5,31.06,31.06,45
CHF,20050323,0.42,0.42,0.41,0.41,30000
CHL,20050323,0.15,0.15,0.15,0.15,165200
CHP,20050323,0.05,0.05,0.05,0.05,30000
CHQ,20050323,0.85,0.85,0.83,0.85,96858
CHX,20050323,0.98,0.99,0.98,0.98,23780
CHY,20050323,1.99,2,1.98,2,72958
CIG,20050323,0.036,0.036,0.036,0.036,390000
CIN,20050323,15.3,15.3,15.3,15.3,580
CIR,20050323,1.77,1.77,1.74,1.74,20927
CIX,20050323,0.57,0.58,0.56,0.56,1308219
CIY,20050323,4.96,4.99,4.92,4.99,210641
CKL,20050323,0.72,0.72,0.72,0.72,309900
CKR,20050323,0.5,0.5,0.49,0.49,98800
CKS,20050323,0.42,0.42,0.42,0.42,22128
CLB,20050323,0.105,0.115,0.105,0.115,218100
CLF,20050323,0.57,0.6,0.56,0.58,142000
CLH,20050323,1.44,1.44,1.41,1.41,206657
CLO,20050323,0.55,0.55,0.55,0.55,66017
CLT,20050323,1.66,1.68,1.63,1.63,80300
CLV,20050323,0.205,0.215,0.2,0.215,271949
CMI,20050323,1.77,1.78,1.77,1.77,23649
CMK,20050323,0.59,0.59,0.59,0.59,9000
CML,20050323,9.76,9.79,9.72,9.75,3407350
CMO,20050323,0.022,0.022,0.022,0.022,102500
CMP,20050323,0.29,0.31,0.28,0.31,102100
CMQ,20050323,1.57,1.75,1.5,1.67,1465388
CMR,20050323,0.6,0.73,0.6,0.72,633474
CMS,20050323,0.047,0.047,0.047,0.047,30000
CMX,20050323,0.135,0.135,0.135,0.135,215000
CND,20050323,2.16,2.24,2.16,2.24,17169
CNF,20050323,0.11,0.11,0.105,0.105,65342
CNM,20050323,0.037,0.037,0.035,0.035,1196528
CNN,20050323,0.055,0.055,0.055,0.055,100000
CNP,20050323,5.3,5.3,5.26,5.27,2306959
CNR,20050323,0.73,0.73,0.72,0.72,18580
CNT,20050323,0.29,0.31,0.29,0.31,30000
COA,20050323,4.76,4.77,4.54,4.65,527970
COE,20050323,0.28,0.28,0.265,0.27,907360
COF,20050323,2.25,2.25,2.22,2.25,70150
COH,20050323,33.21,33.4,32.83,33.4,413567
COI,20050323,0.12,0.12,0.11,0.11,107600
COO,20050323,0.021,0.022,0.021,0.021,362000
COS,20050323,0.51,0.51,0.5,0.51,50800
COU,20050323,1.41,1.41,1.31,1.35,291968
COZ,20050323,0.37,0.38,0.37,0.38,187132
CPA,20050323,1.28,1.29,1.27,1.27,3280100
CPB,20050323,9.35,9.35,9.3,9.3,10536
CPC,20050323,0.32,0.33,0.315,0.325,559000
CPI,20050323,0.88,0.88,0.88,0.88,10000
CPK,20050323,5.9,5.9,5.9,5.9,1800
CPN,20050323,0.077,0.078,0.077,0.077,360000
CPU,20050323,5.68,5.69,5.61,5.69,1440404
CQT,20050323,0.185,0.195,0.185,0.185,49000
CRD,20050323,0.245,0.245,0.235,0.235,700874
CRE,20050323,0.135,0.14,0.135,0.135,140000
CRG,20050323,8.7,8.7,8.53,8.6,353036
CRK,20050323,0.305,0.31,0.285,0.285,275500
CRL,20050323,0.08,0.08,0.079,0.079,230000
CRS,20050323,0.47,0.475,0.465,0.465,722038
CRT,20050323,0.46,0.46,0.46,0.46,166589
CRU,20050323,0.78,0.78,0.78,0.78,21857
CSE,20050323,0.33,0.33,0.3,0.315,675963
CSH,20050323,1.9,1.93,1.9,1.9,21525
CSL,20050323,35.01,35.32,34.7,35.08,960367
CSM,20050323,3.88,3.88,3.57,3.66,2259472
CSR,20050323,2.51,2.51,2.45,2.45,5054385
CST,20050323,3.28,3.29,3.23,3.28,65053
CTF,20050323,0.245,0.26,0.245,0.26,5410
CTL,20050323,1.03,1.06,1.03,1.06,168643
CTN,20050323,1.08,1.09,1.07,1.07,50000
CTO,20050323,0.12,0.12,0.12,0.12,61667
CTX,20050323,16.1,16.1,15.61,15.85,811610
CUE,20050323,0.23,0.235,0.225,0.23,2100360
CUL,20050323,0.037,0.037,0.036,0.037,316666
CUO,20050323,0.02,0.02,0.019,0.02,7330865
CUS,20050323,0.14,0.14,0.13,0.14,1344738
CVB,20050323,0.27,0.27,0.255,0.27,14500
CVC,20050323,1.9,1.9,1.9,1.9,18490
CVN,20050323,0.027,0.027,0.026,0.026,603123
CWG,20050323,0.115,0.115,0.115,0.115,30000
CWP,20050323,2.35,2.37,2.35,2.37,9988
CWT,20050323,1.06,1.06,1.05,1.06,61681
CXN,20050323,0.16,0.16,0.155,0.155,77000
CXP,20050323,6.4,6.4,6.27,6.3,268273
CXS,20050323,0.53,0.53,0.48,0.48,68543
CYA,20050323,1.04,1.04,1.03,1.03,436006
CYG,20050323,6.5,6.59,6.31,6.4,21144
CYN,20050323,0.48,0.48,0.45,0.45,14000
CYT,20050323,0.54,0.54,0.52,0.54,50055
DBS,20050323,0.37,0.37,0.37,0.37,5000
DDT,20050323,0.39,0.395,0.38,0.38,95000
DEG,20050323,0.405,0.405,0.39,0.395,274883
DES,20050323,0.135,0.135,0.13,0.13,29334
DFT,20050323,0.013,0.013,0.012,0.013,2962167
DIA,20050323,0.145,0.145,0.145,0.145,167000
DIO,20050323,0.082,0.083,0.079,0.08,605000
DJS,20050323,2.07,2.09,2.05,2.06,3480249
DJW,20050323,3.62,3.62,3.6,3.62,121236
DKN,20050323,0.71,0.71,0.71,0.71,21100
DLS,20050323,0.115,0.115,0.105,0.115,2965460
DMX,20050323,0.03,0.03,0.029,0.029,54940
DNL,20050323,0.43,0.435,0.425,0.425,220326
DNX,20050323,0.093,0.095,0.093,0.095,500000
DOM,20050323,0.29,0.3,0.285,0.3,153474
DON,20050323,0.3,0.3,0.3,0.3,199138
DOW,20050323,5.25,5.27,5.21,5.23,1374688
DRA,20050323,0.23,0.235,0.22,0.22,967766
DRD,20050323,1.14,1.16,1.14,1.15,53000
DRT,20050323,1.3,1.3,1.28,1.29,10278749
DTL,20050323,3.2,3.2,3.2,3.2,9500
DUE,20050323,2.39,2.39,2.34,2.35,1875385
DUI,20050323,2.33,2.33,2.33,2.33,22000
DVC,20050323,3.51,3.54,3.45,3.52,1215015
DVN,20050323,0.72,0.72,0.71,0.71,299250
DWY,20050323,0.84,0.87,0.84,0.87,18072
DYL,20050323,0.064,0.064,0.056,0.058,19612224
EAC,20050323,5.5,5.5,5.5,5.5,100
EBR,20050323,0.125,0.125,0.12,0.12,852295
EBT,20050323,0.285,0.29,0.275,0.28,306238
ECM,20050323,0.14,0.145,0.14,0.145,70000
ECU,20050323,0.092,0.092,0.09,0.09,2284611
EDN,20050323,0.31,0.31,0.29,0.29,3050
EGL,20050323,0.22,0.22,0.215,0.215,200000
EGO,20050323,0.009,0.009,0.009,0.009,345000
EIF,20050323,0.051,0.051,0.049,0.049,60000
EIV,20050323,0.051,0.052,0.051,0.052,20450
ELL,20050323,0.06,0.06,0.06,0.06,35225
ELX,20050323,0.215,0.22,0.215,0.22,177933
EMI,20050323,0.25,0.255,0.25,0.255,81480
EMM,20050323,0.037,0.037,0.037,0.037,80000
EMP,20050323,0.5,0.5,0.5,0.5,18803
EMS,20050323,0.145,0.145,0.145,0.145,123000
ENE,20050323,4,4.05,3.93,4,367512
ENV,20050323,1.15,1.17,1.14,1.14,462706
EOS,20050323,4.95,5,4.9,5,31777
EPE,20050323,0.155,0.155,0.15,0.15,209380
EPR,20050323,0.095,0.095,0.094,0.094,103375
EPT,20050323,0.72,0.73,0.72,0.73,49598
EQI,20050323,1.27,1.27,1.26,1.27,126770
EQM,20050323,4.45,4.45,4.45,4.45,800
EQN,20050323,0.59,0.59,0.56,0.56,297729
EQT,20050323,11.5,11.85,11,11.85,66624
EQX,20050323,0.23,0.23,0.23,0.23,60000
ERA,20050323,12.39,12.39,12,12.2,16134
ERG,20050323,0.32,0.32,0.305,0.31,4992056
ESG,20050323,0.215,0.22,0.215,0.215,269000
ESS,20050323,0.38,0.38,0.38,0.38,2385
ESV,20050323,0.81,0.81,0.81,0.81,43000
ETC,20050323,0.007,0.009,0.007,0.009,82394411
ETE,20050323,0.21,0.21,0.2,0.2,55071
ETR,20050323,1.8,1.81,1.76,1.8,230054
ETW,20050323,0.99,0.99,0.98,0.99,342008
EUG,20050323,0.17,0.17,0.17,0.17,129412
EVM,20050323,0.385,0.39,0.38,0.38,87091
EWC,20050323,0.031,0.032,0.031,0.031,672300
EXL,20050323,8.23,8.23,7.65,7.74,833783
EXR,20050323,0.78,0.79,0.76,0.76,299180
EXS,20050323,0.2,0.2,0.195,0.195,66667
EXT,20050323,0.021,0.021,0.019,0.019,4280500
EZE,20050323,0.12,0.135,0.12,0.135,38334
EZL,20050323,1.6,1.6,1.58,1.6,6348
FAN,20050323,4.5,4.5,4.41,4.45,92409
FAR,20050323,0.12,0.12,0.115,0.115,581282
FBU,20050323,6.53,6.59,6.5,6.53,30188
FCL,20050323,2.09,2.11,2.06,2.08,1742737
FCN,20050323,0.61,0.62,0.58,0.58,3245459
FCO,20050323,0.235,0.235,0.235,0.235,77880
FDL,20050323,0.026,0.026,0.026,0.026,665000
FEA,20050323,0.62,0.62,0.62,0.62,314521
FGL,20050323,5.22,5.25,5.19,5.19,4944170
FKP,20050323,4.17,4.19,4.05,4.09,187394
FLK,20050323,0.81,0.81,0.81,0.81,1035
FLT,20050323,16.2,16.21,16.06,16.13,54217
FLX,20050323,3.66,3.66,3.52,3.53,140759
FMG,20050323,5.28,5.28,5.05,5.05,707586
FOA,20050323,24.85,25.2,24.81,25.06,245190
FPA,20050323,2.81,2.85,2.81,2.84,22196
FPF,20050323,0.58,0.58,0.58,0.58,44918
FPH,20050323,2.87,2.87,2.8,2.8,145359
FPS,20050323,0.78,0.78,0.76,0.76,6290
FRI,20050323,0.375,0.375,0.37,0.37,100000
FRL,20050323,0.19,0.19,0.19,0.19,65000
FRM,20050323,0.55,0.55,0.55,0.55,72493
FRR,20050323,0.97,0.97,0.96,0.97,389135
FUN,20050323,1.86,1.86,1.83,1.83,288918
FUS,20050323,0.015,0.015,0.015,0.015,101600
FUT,20050323,0.022,0.022,0.021,0.021,225000
FWD,20050323,8.53,8.53,8.26,8.35,176074
FWF,20050323,0.41,0.42,0.41,0.42,3000
FXJ,20050323,4.2,4.21,4.17,4.18,8163197
FXR,20050323,0.5,0.51,0.495,0.51,224006
GAA,20050323,1.11,1.11,1.06,1.09,46825
GAM,20050323,0.17,0.17,0.17,0.17,50000
GAN,20050323,1.6,1.61,1.59,1.59,10172489
GAP,20050323,2.1,2.13,2.1,2.13,36329
GAS,20050323,2.44,2.45,2.43,2.44,256444
GAU,20050323,0.14,0.14,0.13,0.13,117000
GBA,20050323,0.1,0.1,0.1,0.1,10171
GBG,20050323,0.13,0.13,0.125,0.125,761840
GBL,20050323,0.04,0.04,0.04,0.04,28000
GBN,20050323,0.035,0.035,0.03,0.03,240900
GBP,20050323,0.7,0.7,0.65,0.68,392332
GBR,20050323,0.185,0.185,0.185,0.185,40000
GCA,20050323,0.968,0.968,0.968,0.968,17500
GCL,20050323,3.65,3.65,3.41,3.55,674882
GCN,20050323,0.062,0.065,0.062,0.065,549917
GCR,20050323,0.042,0.042,0.042,0.042,330000
GDA,20050323,0.006,0.006,0.006,0.006,966666
GDM,20050323,0.45,0.5,0.45,0.5,318545
GDN,20050323,0.044,0.046,0.044,0.046,20718
GDR,20050323,0.235,0.24,0.23,0.24,118700
GDY,20050323,1.53,1.53,1.5,1.5,54526
GED,20050323,0.15,0.15,0.145,0.145,120500
GFD,20050323,0.79,0.79,0.77,0.79,64900
GGN,20050323,0.405,0.41,0.4,0.405,1033406
GGP,20050323,0.24,0.25,0.24,0.24,92273
GHG,20050323,0.75,0.76,0.75,0.76,24377
GIP,20050323,0.14,0.14,0.14,0.14,49100
GIR,20050323,0.275,0.275,0.26,0.26,279200
GLB,20050323,0.39,0.4,0.38,0.38,7300
GLI,20050323,1.13,1.13,1.12,1.13,178946
GLN,20050323,0.19,0.19,0.18,0.19,179000
GLS,20050323,1.49,1.49,1.49,1.49,441000
GME,20050323,0.19,0.195,0.185,0.19,560210
GMI,20050323,1.12,1.12,1.11,1.11,183220
GML,20050323,0.11,0.11,0.1,0.11,458333
GNC,20050323,13.8,13.94,13.75,13.94,10139
GNL,20050323,0.088,0.09,0.085,0.09,591857
GNS,20050323,4.15,4.18,4,4.16,607916
GOA,20050323,0.12,0.13,0.12,0.13,84118
GOG,20050323,0.22,0.22,0.21,0.21,266631
GOP,20050323,0.155,0.155,0.155,0.155,50000
GOW,20050323,2.75,2.75,2.75,2.75,17227
GPB,20050323,1.03,1.03,0.98,1.01,51300
GPE,20050323,0.13,0.13,0.105,0.115,619221
GPG,20050323,1.96,1.96,1.95,1.95,114286
GPN,20050323,0.019,0.019,0.017,0.017,2362000
GPO,20050323,0.041,0.041,0.041,0.041,50418
GPT,20050323,3.55,3.55,3.49,3.51,6878484
GRD,20050323,2.35,2.35,2.24,2.3,116481
GRN,20050323,0.58,0.62,0.55,0.57,1079093
GRO,20050323,1.23,1.25,1.23,1.25,34600
GRR,20050323,1.69,1.69,1.64,1.64,168377
GRY,20050323,0.24,0.25,0.24,0.25,145999
GSA,20050323,1.1,1.11,1.09,1.11,1482244
GSE,20050323,0.032,0.032,0.03,0.03,194000
GTG,20050323,0.455,0.46,0.435,0.44,994587
GTM,20050323,0.064,0.064,0.063,0.063,2272154
GTN,20050323,0.63,0.63,0.6,0.62,125715
GTP,20050323,4.1,4.12,3.96,3.96,1348373
GTX,20050323,0.38,0.41,0.38,0.41,61335
GUD,20050323,7.04,7.04,6.95,7,161655
GUN,20050323,0.275,0.275,0.26,0.26,331340
GVM,20050323,0.023,0.023,0.023,0.023,270000
GWR,20050323,0.32,0.32,0.295,0.305,70000
GWT,20050323,2.89,2.9,2.84,2.9,375989
HAN,20050323,11.82,11.96,11.82,11.95,5835
HAV,20050323,1.31,1.31,1.22,1.23,215682
HBL,20050323,0.365,0.365,0.36,0.36,27857
HCC,20050323,1.56,1.56,1.56,1.56,800
HCY,20050323,0.023,0.023,0.021,0.021,1999677
HDF,20050323,2.54,2.59,2.54,2.56,283506
HDN,20050323,0.26,0.27,0.24,0.24,102250
HDR,20050323,1.97,1.97,1.91,1.92,4210050
HER,20050323,0.75,0.76,0.75,0.76,52834
HGO,20050323,0.19,0.19,0.18,0.18,473500
HGR,20050323,0.2,0.2,0.2,0.2,22500
HHG,20050323,1.54,1.54,1.42,1.5,16285326
HHL,20050323,7.17,7.2,7.17,7.2,10094
HHV,20050323,0.95,0.96,0.94,0.96,431136
HIB,20050323,1.49,1.49,1.44,1.49,142470
HIC,20050323,0.77,0.77,0.76,0.76,62958
HIG,20050323,0.52,0.53,0.51,0.53,656613
HIL,20050323,4.23,4.23,4.15,4.16,168781
HJB,20050323,0.6,0.6,0.6,0.6,1993
HLD,20050323,0.31,0.32,0.31,0.315,81250
HLL,20050323,0.14,0.14,0.14,0.14,1933
HLT,20050323,0.405,0.405,0.405,0.405,37000
HLX,20050323,0.155,0.155,0.155,0.155,15000
HLY,20050323,10.84,10.95,10.76,10.76,539783
HMC,20050323,0.054,0.054,0.054,0.054,68800
HME,20050323,7.2,7.2,7.2,7.2,1176
HNG,20050323,1.83,1.84,1.83,1.84,13069
HNR,20050323,0.16,0.16,0.16,0.16,20000
HPX,20050323,1.72,1.73,1.71,1.72,55751
HRD,20050323,0.32,0.32,0.32,0.32,20000
HRR,20050323,0.28,0.285,0.275,0.28,65400
HSC,20050323,0.25,0.25,0.25,0.25,96000
HSK,20050323,0.405,0.405,0.405,0.405,10000
HSN,20050323,0.435,0.435,0.425,0.435,36750
HSP,20050323,4.33,4.33,4.28,4.31,449719
HTA,20050323,0.33,0.335,0.33,0.335,830409
HTE,20050323,0.051,0.051,0.049,0.049,544803
HTL,20050323,0.12,0.12,0.12,0.12,47600
HTW,20050323,0.45,0.465,0.45,0.46,64100
HUG,20050323,0.065,0.068,0.065,0.068,1972661
HVN,20050323,2.78,2.79,2.75,2.77,2277990
HWG,20050323,0.16,0.16,0.155,0.155,205000
HWI,20050323,2.07,2.09,2.01,2.01,533189
HWT,20050323,1.49,1.49,1.46,1.47,65650
HYO,20050323,0.082,0.089,0.082,0.089,45480
HZN,20050323,0.12,0.12,0.12,0.12,258000
IAG,20050323,6.31,6.32,6.25,6.28,4975021
IAS,20050323,0.33,0.33,0.32,0.32,24695
IAT,20050323,0.095,0.095,0.09,0.09,417000
IBA,20050323,0.66,0.66,0.64,0.65,929859
IBC,20050323,0.55,0.56,0.55,0.56,22500
IBT,20050323,2.1,2.12,2.03,2.12,95080
ICC,20050323,0.009,0.009,0.008,0.009,2288700
ICE,20050323,0.021,0.021,0.021,0.021,600000
ICN,20050323,0.039,0.039,0.037,0.037,345000
ICS,20050323,0.365,0.395,0.365,0.395,49000
IDT,20050323,2.15,2.15,2.15,2.15,3399
IEF,20050323,1.13,1.13,1.12,1.12,5303
IFC,20050323,0.28,0.28,0.28,0.28,10000
IFL,20050323,7.27,7.27,7.14,7.21,92646
IFM,20050323,0.62,0.62,0.61,0.61,728302
IGL,20050323,0.29,0.29,0.29,0.29,110000
IGO,20050323,1.33,1.33,1.31,1.31,331282
IGP,20050323,4.7,4.7,4.55,4.6,135150
IGR,20050323,0.065,0.065,0.065,0.065,561635
IHG,20050323,0.034,0.035,0.034,0.034,482724
IIF,20050323,2.02,2.05,2.02,2.02,662309
IIN,20050323,3.42,3.42,3.32,3.35,292697
ILU,20050323,5.87,5.89,5.7,5.7,2682513
IMA,20050323,0.415,0.42,0.415,0.42,31250
IMD,20050323,0.22,0.22,0.22,0.22,249500
IMF,20050323,0.88,0.88,0.88,0.88,16000
IMH,20050323,0.15,0.15,0.15,0.15,23000
IMI,20050323,0.032,0.032,0.031,0.032,5247500
IML,20050323,0.11,0.11,0.11,0.11,105000
IMP,20050323,0.005,0.005,0.005,0.005,200000
IMU,20050323,0.21,0.21,0.19,0.21,830000
INL,20050323,0.062,0.063,0.062,0.062,743114
INP,20050323,0.56,0.56,0.56,0.56,54800
INT,20050323,0.072,0.072,0.069,0.069,1409709
IOC,20050323,4.6,4.61,4.6,4.6,24703
IOF,20050323,1.21,1.22,1.21,1.22,771889
IPA,20050323,1.29,1.3,1.29,1.3,50000
IPG,20050323,2.13,2.13,2.1,2.1,4706224
IPL,20050323,17.85,17.85,17.6,17.7,16182
IPN,20050323,0.035,0.036,0.035,0.036,970000
IRC,20050323,0.084,0.084,0.084,0.084,80000
IRE,20050323,4.28,4.28,4.05,4.16,248959
IRI,20050323,0.45,0.45,0.45,0.45,331784
IRN,20050323,0.475,0.485,0.47,0.47,92633
ISS,20050323,0.21,0.21,0.205,0.205,117047
ITC,20050323,0.055,0.06,0.055,0.06,150000
ITD,20050323,0.165,0.165,0.165,0.165,75000
ITE,20050323,0.24,0.24,0.24,0.24,106000
ITF,20050323,1.46,1.47,1.46,1.47,23480
IVC,20050323,3.89,3.93,3.85,3.85,436013
IVK,20050323,0.029,0.029,0.026,0.026,2365135
IVN,20050323,10.3,10.49,10.3,10.49,1000
IWF,20050323,2.34,2.34,2.22,2.25,62961
IWL,20050323,2.85,2.85,2.71,2.71,32651
JAK,20050323,0.175,0.175,0.17,0.17,114082
JBH,20050323,4.2,4.2,3.95,4.03,254977
JBM,20050323,5.7,5.7,5.5,5.58,672542
JDV,20050323,0.92,0.93,0.92,0.92,150000
JET,20050323,0.64,0.64,0.62,0.64,40400
JFM,20050323,1.3,1.3,1.28,1.28,100669
JGL,20050323,0.17,0.17,0.17,0.17,4300
JHX,20050323,6.12,6.12,5.96,5.98,1311769
JMB,20050323,0.28,0.28,0.28,0.28,2223
JML,20050323,0.165,0.165,0.16,0.165,413608
JMS,20050323,0.13,0.13,0.12,0.13,123000
JRL,20050323,0.325,0.325,0.32,0.32,40000
JRV,20050323,0.026,0.027,0.025,0.025,5698862
JST,20050323,2.92,2.95,2.9,2.91,1907523
JUM,20050323,0.065,0.067,0.059,0.059,11800772
JVG,20050323,0.155,0.155,0.155,0.155,135000
JYC,20050323,0.68,0.68,0.67,0.67,35204
KAR,20050323,1.61,1.61,1.48,1.53,365996
KBO,20050323,0.06,0.064,0.06,0.063,210000
KCN,20050323,2.31,2.44,2.31,2.42,216373
KDS,20050323,0.66,0.66,0.65,0.65,78575
KHF,20050323,6.75,6.75,6.71,6.71,2000
KIA,20050323,0.22,0.22,0.22,0.22,27800
KIM,20050323,1.05,1.09,1.05,1.09,1947788
KLM,20050323,0.225,0.225,0.215,0.215,110000
KME,20050323,2.05,2.06,2.05,2.06,9250
KMN,20050323,0.305,0.305,0.29,0.295,1215402
KNH,20050323,0.17,0.17,0.16,0.16,27500
KOV,20050323,4.55,4.55,4.55,4.55,2800
KRS,20050323,0.41,0.42,0.41,0.42,74200
KSC,20050323,3.55,3.55,3.55,3.55,12422
KYC,20050323,1.94,1.94,1.9,1.9,4100
KZL,20050323,1.45,1.45,1.42,1.42,2863813
LAF,20050323,0.245,0.25,0.245,0.25,2678147
LAL,20050323,0.075,0.075,0.074,0.074,135000
LAS,20050323,0.072,0.072,0.072,0.072,1000
LAU,20050323,0.27,0.27,0.26,0.26,36800
LBY,20050323,0.175,0.175,0.175,0.175,85000
LCE,20050323,0.235,0.235,0.235,0.235,45000
LCL,20050323,0.82,0.82,0.81,0.81,62776
LCO,20050323,0.67,0.67,0.65,0.65,8353
LCP,20050323,0.65,0.65,0.65,0.65,7000
LCT,20050323,0.36,0.36,0.35,0.355,103900
LEG,20050323,0.175,0.18,0.145,0.145,32849910
LEI,20050323,10.11,10.17,9.87,9.88,916030
LEP,20050323,1.82,1.82,1.77,1.82,69034
LFE,20050323,0.54,0.55,0.53,0.55,309934
LGD,20050323,0.57,0.58,0.57,0.58,50000
LHG,20050323,1.11,1.11,1.09,1.1,13942941
LIM,20050323,7.8,7.8,7.55,7.56,129218
LIO,20050323,0.008,0.008,0.007,0.007,1698000
LIP,20050323,1.67,1.67,1.63,1.63,195719
LKO,20050323,0.04,0.041,0.04,0.041,788000
LLC,20050323,12.94,12.98,12.85,12.95,1627350
LMC,20050323,2.53,2.53,2.53,2.53,500
LMG,20050323,0.01,0.01,0.01,0.01,10000
LNG,20050323,0.5,0.51,0.5,0.51,182644
LNN,20050323,7.16,7.2,7.02,7.2,3835959
LOD,20050323,0.074,0.074,0.074,0.074,50000
LOK,20050323,1.13,1.13,1.09,1.09,59276
LRF,20050323,0.93,0.93,0.93,0.93,50000
LRL,20050323,0.36,0.36,0.35,0.35,72610
LRX,20050323,0.235,0.235,0.23,0.23,486921
LSG,20050323,2.15,2.15,2.07,2.1,178179
LUM,20050323,0.11,0.11,0.11,0.11,306900
LVL,20050323,0.099,0.1,0.095,0.1,170050
LVR,20050323,1.07,1.1,1.06,1.07,485971
LYC,20050323,0.28,0.295,0.28,0.295,444590
MAA,20050323,0.295,0.295,0.295,0.295,18000
MAG,20050323,1.4,1.4,1.4,1.4,495584
MAH,20050323,0.49,0.49,0.48,0.485,564414
MAL,20050323,0.61,0.61,0.59,0.59,145716
MAP,20050323,3.22,3.24,3.16,3.22,8957474
MAQ,20050323,0.15,0.15,0.145,0.15,192000
MAR,20050323,0.14,0.14,0.14,0.14,181287
MAY,20050323,3.97,3.98,3.84,3.85,3775198
MBL,20050323,49.19,49.19,47.75,47.75,1257678
MBN,20050323,0.56,0.57,0.54,0.55,140392
MBP,20050323,0.78,0.78,0.75,0.75,271334
MCC,20050323,7.18,7.18,6.81,7.16,383630
MCG,20050323,5.75,5.79,5.65,5.75,1895241
MCK,20050323,0.94,0.94,0.9,0.9,35000
MCL,20050323,0.007,0.007,0.006,0.006,608000
MCO,20050323,0.115,0.115,0.105,0.105,325217
MCP,20050323,4.12,4.12,4.09,4.1,118145
MCR,20050323,0.77,0.78,0.77,0.77,420033
MCW,20050323,1.81,1.83,1.81,1.82,3963224
MDE,20050323,0.53,0.53,0.53,0.53,35000
MDL,20050323,0.7,0.7,0.67,0.7,959223
MDM,20050323,0.031,0.031,0.03,0.03,294000
MDS,20050323,0.105,0.105,0.1,0.1,235000
MDT,20050323,1.13,1.14,1.12,1.12,5346444
MDV,20050323,0.125,0.125,0.125,0.125,50000
MEE,20050323,0.055,0.055,0.055,0.055,150000
MEI,20050323,0.26,0.26,0.26,0.26,2300
MEL,20050323,0.3,0.3,0.29,0.3,125000
MEP,20050323,0.42,0.43,0.42,0.42,26550
MFI,20050323,0.95,0.95,0.9,0.95,129098
MFS,20050323,1.43,1.43,1.38,1.4,144533
MFT,20050323,0.91,0.91,0.91,0.91,1300
MGO,20050323,0.1,0.11,0.1,0.11,65000
MGQ,20050323,3.78,3.83,3.78,3.81,2475420
MGR,20050323,4.49,4.53,4.45,4.48,2203355
MGU,20050323,0.11,0.11,0.11,0.11,5847
MGW,20050323,5.59,5.59,5.45,5.46,250567
MHL,20050323,0.012,0.014,0.012,0.012,1300000
MIC,20050323,0.076,0.082,0.076,0.079,1859231
MIG,20050323,3.58,3.6,3.55,3.55,10133877
MIK,20050323,0.05,0.05,0.047,0.047,50000
MIL,20050323,1.12,1.16,1.12,1.12,8575
MIR,20050323,1.49,1.52,1.49,1.52,143436
MIS,20050323,0.77,0.87,0.76,0.85,1223729
MLB,20050323,1.3,1.3,1.3,1.3,4500
MLE,20050323,1.82,1.83,1.78,1.78,686256
MLM,20050323,0.145,0.15,0.145,0.15,27500
MLT,20050323,16.12,16.12,16.05,16.05,1800
MMA,20050323,1.02,1.03,1.01,1.02,190764
MML,20050323,0.72,0.73,0.71,0.73,37000
MMN,20050323,0.13,0.13,0.125,0.125,1165000
MMS,20050323,1.7,1.72,1.7,1.72,213540
MND,20050323,12.61,12.61,12.3,12.3,45525
MOB,20050323,0.155,0.155,0.15,0.155,139950
MOC,20050323,1.05,1.05,1.04,1.04,105000
MOD,20050323,0.026,0.026,0.026,0.026,97200
MOF,20050323,1.25,1.26,1.24,1.25,7359949
MOG,20050323,0.28,0.29,0.28,0.29,38100
MOK,20050323,0.275,0.275,0.265,0.265,70000
MOO,20050323,0.043,0.044,0.043,0.044,733280
MOS,20050323,0.19,0.19,0.18,0.185,2486455
MPD,20050323,0.155,0.155,0.155,0.155,6949
MPF,20050323,1.06,1.06,1.05,1.05,152195
MPG,20050323,1.07,1.09,1.06,1.08,732889
MPH,20050323,0.72,0.74,0.72,0.73,119300
MPI,20050323,0.071,0.071,0.071,0.071,300000
MPO,20050323,0.046,0.046,0.045,0.045,253396
MPR,20050323,1.07,1.08,1.06,1.07,5352151
MPS,20050323,1.07,1.08,1.07,1.08,70000
MPY,20050323,0.9,0.9,0.9,0.9,5600
MRE,20050323,2.13,2.13,2.06,2.07,2358323
MRL,20050323,0.99,1,0.99,1,415576
MRM,20050323,0.325,0.325,0.32,0.32,67900
MRS,20050323,0.245,0.245,0.24,0.24,64575
MRT,20050323,0.36,0.36,0.36,0.36,10000
MRX,20050323,0.083,0.1,0.081,0.089,37707176
MRY,20050323,0.008,0.008,0.007,0.007,377911
MSB,20050323,0.59,0.59,0.59,0.59,26000
MSC,20050323,0.099,0.1,0.095,0.098,663868
MST,20050323,0.19,0.19,0.185,0.185,1190231
MSX,20050323,0.92,0.95,0.92,0.95,92500
MTB,20050323,0.11,0.12,0.11,0.12,699226
MTH,20050323,0.38,0.38,0.38,0.38,52600
MTI,20050323,0.51,0.51,0.5,0.5,81000
MTO,20050323,0.49,0.49,0.48,0.48,122920
MTR,20050323,0.135,0.135,0.11,0.125,609935
MTT,20050323,3.05,3.06,2.99,3,6297544
MTU,20050323,0.39,0.39,0.39,0.39,10000
MTX,20050323,0.83,0.83,0.83,0.83,1295
MUL,20050323,0.023,0.025,0.023,0.023,3973667
MUR,20050323,0.11,0.115,0.11,0.11,1818145
MVL,20050323,0.017,0.017,0.017,0.017,2855
MVP,20050323,1,1,1,1,19000
MVU,20050323,1.45,1.48,1.44,1.48,16600
MWE,20050323,0.14,0.14,0.14,0.14,86450
MWM,20050323,0.36,0.36,0.36,0.36,12000
MWR,20050323,0.04,0.041,0.039,0.039,101095
MXG,20050323,4.31,4.48,4.31,4.39,7873508
MXI,20050323,0.91,0.92,0.91,0.92,703696
MXL,20050323,0.1,0.11,0.1,0.105,1171619
MYO,20050323,1.11,1.12,1.08,1.08,976637
NAB,20050323,29,29.08,28.77,28.79,5796305
NAL,20050323,0.45,0.45,0.44,0.44,342942
NAM,20050323,0.57,0.57,0.56,0.57,155895
NAV,20050323,0.12,0.12,0.12,0.12,18258
NBL,20050323,3.15,3.15,3.1,3.1,71160
NCK,20050323,2.06,2.06,2.06,2.06,30700
NCM,20050323,17.9,17.92,17.65,17.72,2263415
NDC,20050323,0.18,0.18,0.17,0.18,444418
NDO,20050323,0.08,0.082,0.079,0.082,3291342
NEC,20050323,0.39,0.39,0.375,0.385,267521
NEM,20050323,5.5,5.5,5.43,5.43,27316
NEO,20050323,0.053,0.054,0.051,0.054,4301724
NEU,20050323,0.29,0.29,0.29,0.29,17500
NFD,20050323,6.37,6.38,6.37,6.37,812871
NHC,20050323,1.39,1.39,1.35,1.37,54649
NHE,20050323,0.076,0.076,0.074,0.074,90000
NHL,20050323,0.315,0.325,0.315,0.32,518794
NHM,20050323,0.005,0.005,0.004,0.005,2187000
NHR,20050323,0.41,0.42,0.41,0.415,112820
NIA,20050323,0.205,0.205,0.2,0.2,463494
NKL,20050323,0.19,0.195,0.185,0.185,218323
NKP,20050323,0.82,0.82,0.81,0.82,87800
NLS,20050323,0.135,0.135,0.13,0.13,180000
NLX,20050323,0.405,0.405,0.39,0.395,3140912
NMB,20050323,0.014,0.014,0.013,0.013,240000
NMC,20050323,0.055,0.055,0.054,0.055,1238860
NMS,20050323,1.19,1.31,1.12,1.3,382814
NRT,20050323,5,5,4.88,4.89,132962
NSA,20050323,0.26,0.26,0.26,0.26,5000
NST,20050323,0.11,0.11,0.11,0.11,20000
NSX,20050323,0.81,0.81,0.78,0.8,279845
NTC,20050323,0.185,0.185,0.18,0.18,150000
NTG,20050323,0.051,0.053,0.051,0.052,7754544
NUF,20050323,11.02,11.24,10.8,11.18,436846
NVE,20050323,0.3,0.3,0.28,0.28,210000
NWA,20050323,0.033,0.033,0.033,0.033,2000
NWE,20050323,0.13,0.13,0.12,0.12,1860400
NWK,20050323,0.2,0.2,0.2,0.2,8000
NWR,20050323,0.265,0.27,0.26,0.26,70100
NWS,20050323,22.88,23,22.77,22.77,4653898
NXS,20050323,0.53,0.53,0.51,0.51,991065
NZO,20050323,1.05,1.05,1.05,1.05,10000
OBJ,20050323,0.034,0.034,0.032,0.032,3095299
OCL,20050323,0.95,0.95,0.95,0.95,1000
OCO,20050323,0.014,0.014,0.013,0.013,178461
OEC,20050323,0.088,0.093,0.087,0.09,1801159
OEL,20050323,0.26,0.26,0.25,0.25,196237
OEX,20050323,0.29,0.29,0.28,0.285,264700
OFM,20050323,2.18,2.18,2.17,2.18,152083
OGD,20050323,0.69,0.7,0.68,0.68,279354
OHL,20050323,0.09,0.09,0.09,0.09,900
OIL,20050323,0.38,0.385,0.37,0.375,82951
OKN,20050323,1.59,1.6,1.57,1.6,61194
OMC,20050323,0.94,1,0.92,1,265352
OMH,20050323,1.41,1.41,1.36,1.39,93288
OMI,20050323,0.61,0.61,0.61,0.61,2275
OMP,20050323,3.6,3.61,3.27,3.5,414563
ONT,20050323,0.99,1,0.99,1,16700
OPC,20050323,0.15,0.15,0.12,0.15,358000
OPI,20050323,0.11,0.11,0.11,0.11,2500
OPL,20050323,0.51,0.51,0.485,0.5,686741
OPM,20050323,0.005,0.006,0.005,0.006,425000
ORC,20050323,0.16,0.16,0.15,0.15,253948
ORD,20050323,0.3,0.31,0.3,0.305,20500
ORG,20050323,7.45,7.45,7.29,7.34,2601314
ORI,20050323,19.18,19.25,18.82,18.9,1863844
ORL,20050323,2.42,2.45,2.42,2.45,25776
ORP,20050323,0.023,0.024,0.023,0.024,1173000
ORT,20050323,0.085,0.085,0.085,0.085,10000
OSH,20050323,2.48,2.48,2.42,2.42,8340220
OST,20050323,2.59,2.62,2.58,2.61,3522641
OTL,20050323,0.485,0.485,0.475,0.475,617625
OTT,20050323,0.35,0.35,0.345,0.345,49000
OXR,20050323,1.01,1.02,0.99,1,5728346
PAA,20050323,0.21,0.23,0.21,0.23,134417
PAC,20050323,1,1,1,1,10346
PAD,20050323,0.055,0.055,0.055,0.055,100000
PAY,20050323,3.12,3.12,3.12,3.12,2880
PBB,20050323,2.65,2.66,2.62,2.62,432459
PBD,20050323,1.32,1.33,1.32,1.33,14450
PBG,20050323,2.6,2.6,2.55,2.55,4311792
PBI,20050323,0.33,0.33,0.32,0.32,50000
PBL,20050323,15.71,15.77,15.57,15.57,3986473
PBO,20050323,0.19,0.19,0.165,0.17,730500
PBT,20050323,0.5,0.5,0.5,0.5,35000
PCE,20050323,0.037,0.037,0.037,0.037,48601
PCG,20050323,0.63,0.63,0.62,0.62,429636
PCL,20050323,0.094,0.094,0.092,0.092,922316
PCP,20050323,0.091,0.091,0.091,0.091,10000
PDG,20050323,21.5,21.5,21.5,21.5,825
PDN,20050323,1.16,1.16,1.11,1.11,2181602
PEM,20050323,1.12,1.12,1.07,1.1,161318
PEN,20050323,0.016,0.018,0.016,0.018,5350000
PEO,20050323,0.165,0.165,0.165,0.165,115819
PEP,20050323,0.45,0.45,0.43,0.43,43435
PET,20050323,0.98,0.98,0.97,0.97,40000
PGA,20050323,3.2,3.2,3.2,3.2,15400
PGL,20050323,3.21,3.28,3.18,3.28,52282
PGN,20050323,0.81,0.81,0.81,0.81,34026
PGS,20050323,0.23,0.23,0.23,0.23,314477
PHY,20050323,4.55,4.6,4.5,4.6,428719
PIE,20050323,0.021,0.022,0.021,0.022,821998
PIF,20050323,1.51,1.52,1.48,1.48,806932
PIO,20050323,0.215,0.215,0.215,0.215,71280
PKT,20050323,0.007,0.007,0.007,0.007,75000
PLA,20050323,0.175,0.175,0.175,0.175,60000
PLF,20050323,1.2,1.2,1.16,1.17,150635
PLT,20050323,0.335,0.34,0.33,0.33,31351
PMA,20050323,0.095,0.095,0.095,0.095,100000
PMC,20050323,1.98,1.99,1.97,1.99,66361
PMM,20050323,3.86,3.88,3.85,3.85,6305900
PMN,20050323,4.91,4.93,4.88,4.9,9223212
PMP,20050323,1.82,1.83,1.78,1.81,1650502
PNA,20050323,0.32,0.32,0.31,0.31,2980136
PNO,20050323,0.055,0.055,0.055,0.055,362927
PNW,20050323,0.055,0.055,0.053,0.053,60000
POH,20050323,0.355,0.36,0.35,0.36,677500
POL,20050323,0.22,0.22,0.22,0.22,155084
PPC,20050323,1.54,1.54,1.52,1.52,98149
PPD,20050323,0.34,0.35,0.32,0.35,101800
PPK,20050323,0.98,0.98,0.97,0.97,6300
PPP,20050323,0.14,0.14,0.14,0.14,50000
PPR,20050323,2.05,2.05,1.94,2.03,5158538
PPT,20050323,61.07,61.25,59.1,59.1,43287
PPX,20050323,4,4.13,4,4.1,3797834
PRE,20050323,0.059,0.06,0.058,0.058,1640105
PRG,20050323,3.18,3.24,3.18,3.2,60162
PRK,20050323,6.05,6.06,5.95,6,7537170
PRM,20050323,0.052,0.052,0.052,0.052,60000
PRR,20050323,0.115,0.12,0.11,0.12,905500
PRT,20050323,3.04,3.04,2.96,2.99,20047
PRU,20050323,0.16,0.16,0.16,0.16,25000
PRV,20050323,0.99,0.99,0.98,0.98,659730
PRY,20050323,8.34,8.34,8.29,8.3,336612
PSA,20050323,1.17,1.18,1.16,1.18,94000
PSD,20050323,0.97,0.97,0.92,0.93,480650
PSN,20050323,7,7,7,7,1500
PSR,20050323,0.021,0.021,0.02,0.02,1559411
PSV,20050323,0.355,0.355,0.35,0.35,1080195
PSX,20050323,0.225,0.225,0.215,0.225,209367
PTD,20050323,1.62,1.63,1.59,1.59,824575
PTS,20050323,0.086,0.086,0.083,0.083,100000
PVE,20050323,0.98,0.98,0.95,0.95,32800
PWR,20050323,0.36,0.365,0.355,0.36,152326
PWT,20050323,1.26,1.28,1.26,1.28,38513
PXL,20050323,0.29,0.3,0.29,0.3,107648
PXS,20050323,1.18,1.21,1.16,1.16,118385
QAD,20050323,0.047,0.047,0.047,0.047,6600
QAN,20050323,3.52,3.53,3.5,3.5,7872344
QBE,20050323,14.89,14.93,14.64,14.72,5051606
QCH,20050323,4.92,4.92,4.88,4.9,63764
QED,20050323,0.034,0.035,0.034,0.035,138755
QGC,20050323,0.485,0.49,0.465,0.465,1686689
QMG,20050323,0.5,0.5,0.48,0.48,65650
QML,20050323,0.13,0.13,0.13,0.13,10000
QPX,20050323,0.1,0.11,0.098,0.11,1016000
QRS,20050323,0.145,0.145,0.14,0.14,1566000
QTI,20050323,0.67,0.67,0.66,0.66,10000
QTM,20050323,0.15,0.15,0.15,0.15,10000
QUE,20050323,0.19,0.19,0.19,0.19,6000
QUR,20050323,0.024,0.025,0.024,0.024,415000
QXQ,20050323,0.02,0.02,0.02,0.02,2223
RAU,20050323,0.125,0.14,0.12,0.14,168704
RBH,20050323,0.175,0.175,0.16,0.165,226500
RBS,20050323,8.93,8.93,8.93,8.93,2652
RBY,20050323,0.039,0.039,0.032,0.032,250000
RCD,20050323,5.69,5.69,5.34,5.53,853251
RCL,20050323,3.29,3.35,3.27,3.3,858755
RCR,20050323,0.83,0.83,0.82,0.82,103266
RCT,20050323,3.06,3.06,3.06,3.06,15950
RDF,20050323,4.08,4.11,3.91,3.91,31324
RDM,20050323,0.325,0.325,0.31,0.315,423175
RDR,20050323,0.31,0.31,0.3,0.3,44000
REA,20050323,1.61,1.65,1.58,1.59,48693
REB,20050323,2.75,2.75,2.71,2.72,52649
RED,20050323,0.115,0.13,0.115,0.13,1186094
REH,20050323,13.1,13.1,13,13,18745
REL,20050323,0.16,0.16,0.155,0.155,91277
REM,20050323,0.67,0.67,0.67,0.67,800
RFS,20050323,0.15,0.15,0.15,0.15,80400
RGA,20050323,0.83,0.85,0.83,0.85,7650
RHC,20050323,7.61,7.63,7.35,7.38,416018
RHD,20050323,0.83,0.83,0.81,0.81,44283
RHL,20050323,4.15,4.15,4.15,4.15,30356
RHT,20050323,0.185,0.185,0.185,0.185,14000
RIC,20050323,1.5,1.54,1.5,1.51,365716
RIN,20050323,11.34,11.4,11.12,11.33,3539866
RIO,20050323,46.34,46.4,45.92,45.92,3105114
RIV,20050323,0.63,0.63,0.62,0.62,303900
RKN,20050323,0.74,0.74,0.72,0.74,66860
RMD,20050323,7.17,7.21,7.14,7.15,630641
RMG,20050323,0.025,0.026,0.025,0.026,865500
RMI,20050323,0.155,0.155,0.145,0.145,3880670
RML,20050323,0.39,0.39,0.375,0.39,208341
RMS,20050323,0.13,0.13,0.13,0.13,10000
RNG,20050323,0.15,0.15,0.145,0.145,104000
ROC,20050323,1.92,1.92,1.89,1.91,567477
ROK,20050323,4,4,3.97,4,6710
RPC,20050323,0.4,0.4,0.395,0.4,58000
RPG,20050323,0.68,0.68,0.68,0.68,6000
RPM,20050323,0.083,0.083,0.081,0.081,100000
RPT,20050323,0.03,0.03,0.03,0.03,224003
RRL,20050323,0.14,0.145,0.14,0.14,323556
RRS,20050323,0.028,0.028,0.027,0.027,2386945
RRT,20050323,0.9,0.9,0.9,0.9,64235
RSG,20050323,1.42,1.46,1.42,1.45,847872
RSN,20050323,0.12,0.125,0.12,0.125,141000
RSP,20050323,1.36,1.37,1.33,1.37,481933
RTL,20050323,0.375,0.38,0.37,0.38,60300
RTM,20050323,0.16,0.165,0.14,0.155,45942857
RUP,20050323,10.61,10.64,10.5,10.54,26013
RWD,20050323,0.12,0.12,0.12,0.12,18000
SAI,20050323,2.32,2.35,2.3,2.35,124866
SAQ,20050323,5.75,5.75,5.75,5.75,149096
SAR,20050323,0.083,0.083,0.083,0.083,53683
SBC,20050323,13.6,13.7,13.56,13.57,683370
SBL,20050323,0.13,0.13,0.13,0.13,1500
SBM,20050323,0.085,0.105,0.085,0.088,33544621
SBP,20050323,0.135,0.14,0.135,0.14,60000
SBR,20050323,0.27,0.27,0.25,0.25,112124
SBS,20050323,0.055,0.055,0.051,0.053,739000
SCD,20050323,0.021,0.021,0.021,0.021,456333
SCE,20050323,0.023,0.025,0.023,0.025,857600
SCF,20050323,113.05,113.35,113.04,113.15,22139
SCV,20050323,1.2,1.2,1.2,1.2,18500
SDG,20050323,2.22,2.23,2.2,2.21,176831
SDI,20050323,1.15,1.15,1.11,1.12,344585
SDL,20050323,0.021,0.021,0.02,0.02,2676190
SDS,20050323,0.51,0.6,0.51,0.6,141353
SED,20050323,0.23,0.245,0.23,0.245,439724
SEE,20050323,0.074,0.074,0.074,0.074,67000
SEL,20050323,2,2,1.98,2,82043
SEN,20050323,0.335,0.335,0.32,0.32,1287170
SEV,20050323,7.51,7.61,7.51,7.6,643009
SFC,20050323,8.56,8.56,8.52,8.55,8600
SFE,20050323,9.33,9.33,9.12,9.18,486770
SFR,20050323,0.18,0.18,0.18,0.18,20000
SGB,20050323,25.2,25.2,24.92,24.92,1187072
SGL,20050323,0.75,0.76,0.75,0.75,94100
SGN,20050323,3.12,3.14,3.11,3.14,1449576
SGP,20050323,5.75,5.8,5.71,5.71,4528614
SGS,20050323,1.53,1.55,1.51,1.55,113311
SGT,20050323,2.08,2.09,2.06,2.08,2844946
SGX,20050323,1.97,1.97,1.94,1.95,101900
SHC,20050323,0.365,0.365,0.365,0.365,19100
SHG,20050323,0.67,0.7,0.65,0.69,124430
SHL,20050323,12,12.13,11.97,12,357793
SHN,20050323,0.095,0.096,0.095,0.095,390465
SHV,20050323,9.5,9.54,9.45,9.5,12367
SIB,20050323,0.11,0.11,0.105,0.11,417203
SIE,20050323,0.054,0.055,0.053,0.054,643500
SIG,20050323,9.07,9.13,9.05,9.05,711638
SIM,20050323,0.235,0.235,0.23,0.235,142246
SKC,20050323,4.74,4.75,4.7,4.73,742478
SKE,20050323,2.7,2.7,2.67,2.7,44713
SKG,20050323,1.21,1.21,1.2,1.2,31300
SKR,20050323,0.04,0.04,0.039,0.039,937500
SKW,20050323,0.2,0.205,0.195,0.195,596003
SLA,20050323,0.185,0.19,0.185,0.19,206750
SLD,20050323,0.2,0.2,0.175,0.175,55286
SLF,20050323,17.71,17.71,17.61,17.65,16887
SLM,20050323,6.03,6.06,6.03,6.05,557678
SLT,20050323,0.45,0.45,0.45,0.45,33741
SLV,20050323,0.5,0.52,0.5,0.5,178200
SLX,20050323,1.19,1.19,1.15,1.15,19487
SMA,20050323,0.014,0.014,0.014,0.014,300000
SMC,20050323,0.11,0.12,0.11,0.12,79540
SML,20050323,0.115,0.115,0.11,0.115,310000
SMM,20050323,0.43,0.43,0.41,0.415,566828
SMN,20050323,0.15,0.155,0.14,0.155,41500
SMO,20050323,0.089,0.09,0.089,0.09,810988
SMS,20050323,17.84,17.84,17.25,17.45,348243
SMX,20050323,1.87,1.88,1.8,1.8,121490
SMY,20050323,1,1.01,0.94,0.94,903441
SNF,20050323,0.49,0.49,0.475,0.475,39884
SNL,20050323,0.6,0.6,0.6,0.6,18240
SNN,20050323,0.265,0.265,0.26,0.26,363304
SNO,20050323,0.37,0.41,0.36,0.41,43389
SOE,20050323,0.26,0.26,0.25,0.255,4283520
SOL,20050323,10.17,10.17,9.95,9.95,19822
SOM,20050323,0.455,0.455,0.44,0.44,184412
SOO,20050323,0.315,0.32,0.31,0.32,43000
SOT,20050323,2.17,2.25,2.1,2.15,259881
SPD,20050323,0.255,0.255,0.255,0.255,10000
SPH,20050323,1,1,0.95,0.95,43616
SPL,20050323,0.79,0.79,0.7,0.75,374842
SPT,20050323,5.1,5.15,5.08,5.09,298366
SRA,20050323,0.145,0.15,0.14,0.145,919007
SRI,20050323,0.105,0.105,0.105,0.105,400788
SRL,20050323,2.04,2.05,2.02,2.05,151532
SRP,20050323,4.21,4.25,4.2,4.24,3920392
SRV,20050323,2.71,2.71,2.7,2.7,1630
SRX,20050323,1.98,1.98,1.98,1.98,100
SSN,20050323,0.39,0.4,0.385,0.395,933300
SSS,20050323,1.26,1.27,1.26,1.27,9500
SSX,20050323,1.36,1.37,1.34,1.36,3365323
STB,20050323,0.16,0.16,0.16,0.16,69700
STE,20050323,0.11,0.115,0.105,0.105,75833
STI,20050323,0.395,0.4,0.395,0.4,46038
STO,20050323,8.97,9.01,8.83,8.86,4016075
STP,20050323,0.042,0.042,0.041,0.042,394195
STR,20050323,0.215,0.215,0.215,0.215,250000
STT,20050323,0.026,0.026,0.025,0.025,212500
STU,20050323,0.98,0.98,0.94,0.95,119265
STW,20050323,42.72,42.72,42.28,42.37,56149
STX,20050323,0.155,0.16,0.155,0.155,582250
SUL,20050323,3.11,3.14,3.06,3.06,38778
SUN,20050323,19.15,19.25,18.85,18.98,896421
SUR,20050323,0.21,0.22,0.21,0.21,244715
SWG,20050323,0.028,0.028,0.028,0.028,35700
SYG,20050323,0.007,0.007,0.007,0.007,2030000
SYM,20050323,1.45,1.45,1.45,1.45,32096
TAA,20050323,0.033,0.038,0.033,0.037,1132650
TAH,20050323,17.18,17.2,16.91,17,1306904
TAM,20050323,0.14,0.145,0.135,0.135,2528062
TAN,20050323,1.63,1.63,1.63,1.63,4000
TAP,20050323,2.08,2.11,2.05,2.1,814123
TAS,20050323,0.175,0.175,0.16,0.165,440252
TAT,20050323,0.38,0.38,0.38,0.38,10000
TAW,20050323,1.25,1.25,1.23,1.25,41370
TBC,20050323,0.39,0.395,0.385,0.395,103750
TBR,20050323,0.5,0.5,0.5,0.5,21265
TCI,20050323,1.37,1.38,1.34,1.38,1023500
TCL,20050323,7.47,7.51,7.35,7.35,5663980
TCP,20050323,0.95,0.95,0.95,0.95,4500
TCQ,20050323,1.03,1.03,1.02,1.02,1098000
TEA,20050323,0.074,0.076,0.073,0.073,444953
TEE,20050323,0.029,0.033,0.029,0.03,172000
TEL,20050323,5.84,5.85,5.8,5.84,3143848
TEM,20050323,1.4,1.4,1.39,1.39,42000
TEN,20050323,3.74,3.75,3.69,3.69,2071249
TFC,20050323,0.295,0.3,0.29,0.3,217700
TFE,20050323,0.33,0.33,0.325,0.325,2350866
TFS,20050323,0.045,0.045,0.045,0.045,20000
TGD,20050323,0.115,0.115,0.11,0.11,85179
TGF,20050323,0.175,0.18,0.175,0.18,53000
TGG,20050323,1.21,1.23,1.21,1.23,125602
TGR,20050323,0.97,0.97,0.95,0.95,138800
TGS,20050323,0.21,0.21,0.21,0.21,3500
THG,20050323,0.74,0.76,0.74,0.76,217816
THK,20050323,1.29,1.29,1.21,1.21,25775
THX,20050323,0.28,0.28,0.28,0.28,8500
TIF,20050323,0.48,0.48,0.48,0.48,84696
TIM,20050323,2.17,2.18,2.14,2.15,466513
TIR,20050323,0.073,0.073,0.069,0.07,2163901
TIS,20050323,0.85,0.86,0.8,0.8,223490
TKG,20050323,0.006,0.006,0.005,0.006,1533170
TKR,20050323,1.46,1.46,1.45,1.45,9300
TLS,20050323,5.49,5.5,5.4,5.4,26906666
TMO,20050323,0.74,0.74,0.72,0.73,120199
TMS,20050323,0.042,0.043,0.041,0.042,452198
TNC,20050323,0.415,0.415,0.38,0.39,275635
TNE,20050323,0.65,0.66,0.64,0.66,813055
TNG,20050323,0.11,0.11,0.11,0.11,107927
TNS,20050323,3.73,3.73,3.73,3.73,2678
TOL,20050323,13.76,13.79,13.54,13.65,739498
TOR,20050323,1.52,1.52,1.5,1.5,10307
TOX,20050323,0.029,0.029,0.027,0.027,903000
TRG,20050323,13.5,13.5,13.49,13.5,13469
TRO,20050323,0.17,0.17,0.17,0.17,100000
TRS,20050323,3.11,3.11,2.99,3.1,104556
TRY,20050323,2.8,2.8,2.8,2.8,7300
TSE,20050323,7.43,7.43,7.12,7.23,286929
TSO,20050323,1.96,1.97,1.95,1.96,750886
TTR,20050323,0.25,0.25,0.24,0.24,172606
TTT,20050323,0.74,0.75,0.74,0.75,32705
TTV,20050323,0.94,0.96,0.94,0.96,24475
TVL,20050323,0.13,0.13,0.13,0.13,10600
TWO,20050323,1.63,1.64,1.59,1.59,29980
TWR,20050323,1.74,1.75,1.73,1.73,907166
TYC,20050323,0.67,0.67,0.63,0.67,333548
TZL,20050323,0.62,0.62,0.58,0.58,423799
TZN,20050323,0.225,0.225,0.22,0.22,229585
UCL,20050323,0.034,0.034,0.033,0.033,280000
UCM,20050323,2.02,2.02,2,2,15000
UCW,20050323,1.01,1.01,1,1,5500
UGL,20050323,7.38,7.58,7.2,7.43,334968
UKD,20050323,0.14,0.14,0.14,0.14,87939
UNI,20050323,0.68,0.68,0.66,0.68,84123
UNW,20050323,0.54,0.54,0.52,0.54,111387
UOS,20050323,1.32,1.32,1.31,1.31,20000
URL,20050323,0.165,0.17,0.16,0.17,762377
UTB,20050323,14.38,14.75,14.3,14.42,381908
UXC,20050323,0.84,0.84,0.82,0.83,144388
VBA,20050323,1.89,1.9,1.89,1.89,4677897
VCM,20050323,1.91,1.91,1.9,1.9,2800
VCN,20050323,0.25,0.25,0.25,0.25,46060
VCR,20050323,1.08,1.1,1.07,1.07,1440785
VGH,20050323,3.34,3.34,3.27,3.27,53423
VGL,20050323,1.39,1.41,1.38,1.4,155736
VGP,20050323,1.26,1.26,1.23,1.24,160970
VHL,20050323,0.42,0.42,0.41,0.41,54022
VLL,20050323,1.78,1.78,1.72,1.74,647084
VOY,20050323,0.265,0.265,0.26,0.265,195126
VPE,20050323,0.036,0.036,0.035,0.035,5358064
VPG,20050323,1.27,1.3,1.25,1.3,1660789
VRE,20050323,0.305,0.305,0.3,0.3,51000
VRI,20050323,0.165,0.17,0.165,0.17,35112
VRL,20050323,2.55,2.6,2.55,2.6,15200
VSG,20050323,0.031,0.031,0.031,0.031,258000
VSL,20050323,1.18,1.21,1.18,1.18,393155
VTI,20050323,0.65,0.65,0.65,0.65,39731
VTP,20050323,1.03,1.03,1.02,1.03,22000
VTR,20050323,1.06,1.06,1.06,1.06,476
VWD,20050323,1.55,1.55,1.52,1.52,95059
VXS,20050323,0.065,0.065,0.065,0.065,3700
WAB,20050323,1.05,1.05,1.04,1.04,82217
WAG,20050323,0.145,0.145,0.145,0.145,10000
WAL,20050323,0.215,0.215,0.215,0.215,12000
WAM,20050323,1.58,1.58,1.58,1.58,100000
WAN,20050323,8.23,8.23,7.95,8.08,428982
WAS,20050323,0.032,0.037,0.031,0.037,1511485
WBA,20050323,0.86,0.86,0.85,0.85,16000
WBB,20050323,6.75,6.75,6.72,6.72,930
WBC,20050323,19.15,19.18,19.01,19.01,4913515
WCB,20050323,4.15,4.15,4.1,4.1,17450
WCG,20050323,1.48,1.48,1.48,1.48,44000
WDC,20050323,16.2,16.42,16.18,16.35,7928882
WEB,20050323,0.16,0.16,0.16,0.16,385056
WES,20050323,40.8,40.8,40.16,40.48,1317038
WEZ,20050323,0.155,0.16,0.155,0.155,521068
WFL,20050323,2.81,2.81,2.81,2.81,3540
WGP,20050323,0.23,0.23,0.225,0.225,224720
WGR,20050323,0.16,0.16,0.16,0.16,8200
WHF,20050323,3.35,3.35,3.35,3.35,10000
WHS,20050323,3.72,3.8,3.72,3.8,31919
WIL,20050323,0.93,0.94,0.93,0.94,1443497
WLS,20050323,1.03,1.04,1.03,1.04,169564
WME,20050323,0.027,0.027,0.027,0.027,3910
WMG,20050323,0.11,0.11,0.11,0.11,150000
WMR,20050323,7.99,8.01,7.98,7.98,9142776
WNS,20050323,0.16,0.16,0.16,0.16,3000
WOR,20050323,6.85,6.95,6.76,6.81,505711
WOW,20050323,16.21,16.45,16.21,16.38,2729232
WPL,20050323,24.95,24.98,24.6,24.64,2244233
WSA,20050323,1.94,1.94,1.85,1.89,197802
WSY,20050323,0.038,0.039,0.035,0.035,567000
WTE,20050323,0.058,0.058,0.056,0.057,863130
WTP,20050323,1.16,1.16,1.13,1.13,55121
WWA,20050323,0.86,0.87,0.85,0.87,40150
WWM,20050323,0.037,0.037,0.035,0.035,200000
WYL,20050323,3.36,3.37,3.3,3.32,235546
XAN,20050323,0.032,0.032,0.03,0.03,1481112
XAO,20050323,4219.2,4219.2,4164.6,4164.6,0
XBL,20050323,0.2,0.2,0.2,0.2,118431
XBW,20050323,31602,31602,31602,31602,0
XDJ,20050323,2343.7,2343.7,2307.1,2307.1,0
XEJ,20050323,8468.6,8472.2,8274.6,8282.3,0
XFJ,20050323,4904.8,4904.8,4832.6,4832.6,0
XFL,20050323,4172.6,4172.6,4116.9,4116.9,0
XHJ,20050323,4962.5,4962.5,4902.3,4913.6,0
XIJ,20050323,380,380,374,376.9,0
XJO,20050323,4226.4,4226.4,4170.8,4170.8,0
XKO,20050323,4230.5,4230.5,4174.8,4174.8,0
XMD,20050323,4065.4,4065.5,4010.3,4019,0
XMJ,20050323,7418.8,7418.8,7333.5,7350.8,0
XNJ,20050323,5122.1,5122.1,5031.5,5039.4,0
XPJ,20050323,1770.1,1770.1,1746.1,1753.2,0
XSJ,20050323,5681.3,5681.6,5639.2,5646.1,0
XSO,20050323,2419.1,2419.1,2381.9,2384.9,0
XTJ,20050323,1938.7,1941.7,1911,1911.5,0
XTL,20050323,2284.3,2284.3,2254.8,2254.8,0
XTO,20050323,3433.8,3433.8,3389,3389,0
XUJ,20050323,4746.9,4762.1,4707.6,4722.5,0
XXJ,20050323,4980.6,4980.6,4900.1,4900.1,0
YAM,20050323,0.009,0.009,0.008,0.009,1248328
YGL,20050323,0.032,0.032,0.031,0.031,580000
YML,20050323,0.16,0.16,0.155,0.155,29856
ZFX,20050323,3.18,3.18,3.09,3.14,6234352
ZIM,20050323,3.07,3.07,3.06,3.06,5280
ZYL,20050323,0.005,0.005,0.005,0.005,7820000
