AAC,20050223,1.75,1.76,1.68,1.72,515444
AAM,20050223,0.32,0.32,0.32,0.32,8498
AAQ,20050223,0.54,0.54,0.5,0.51,107919
AAR,20050223,0.041,0.042,0.038,0.041,8837571
AAT,20050223,0.17,0.17,0.17,0.17,24218
AAU,20050223,1.13,1.13,1.13,1.13,4400
ABB,20050223,6.95,7.01,6.93,7.01,323030
ABC,20050223,1.67,1.69,1.66,1.67,1225438
ABI,20050223,0.096,0.096,0.09,0.09,465202
ABK,20050223,0.16,0.16,0.16,0.16,232000
ABP,20050223,1.38,1.39,1.37,1.37,59972
ABQ,20050223,0.4,0.42,0.4,0.42,62250
ABS,20050223,5.33,5.38,5.33,5.35,739937
ACL,20050223,0.72,0.72,0.7,0.7,22911
ACR,20050223,0.72,0.72,0.69,0.7,107695
ACU,20050223,0.24,0.24,0.215,0.235,596130
ACX,20050223,0.04,0.04,0.04,0.04,278500
ADA,20050223,0.365,0.365,0.355,0.355,35000
ADB,20050223,10.96,11,10.92,10.96,160061
ADL,20050223,0.19,0.19,0.18,0.19,66490
ADN,20050223,0.29,0.29,0.28,0.28,46190
ADT,20050223,1.1,1.1,1.1,1.1,1000
ADU,20050223,0.76,0.78,0.76,0.78,38205
ADX,20050223,0.15,0.15,0.15,0.15,42150
ADY,20050223,0.14,0.145,0.12,0.12,47308796
ADZ,20050223,1.56,1.56,1.55,1.55,193213
AEC,20050223,1.83,1.83,1.67,1.8,69578
AEF,20050223,20,20,20,20,25
AEI,20050223,0.7,0.7,0.7,0.7,151860
AEN,20050223,1.08,1.08,1.05,1.05,115817
AEO,20050223,1.63,1.65,1.63,1.64,198659
AEU,20050223,1.6,1.61,1.58,1.6,533036
AEX,20050223,0.038,0.038,0.037,0.037,420000
AFC,20050223,0.7,0.7,0.7,0.7,8500
AFI,20050223,3.75,3.75,3.66,3.66,323394
AFL,20050223,0.74,0.74,0.74,0.74,133
AFS,20050223,0.051,0.051,0.051,0.051,45000
AFT,20050223,0.021,0.021,0.02,0.02,701173
AGC,20050223,1.75,1.75,1.68,1.74,29750
AGG,20050223,9.02,9.18,9.02,9.12,37340
AGI,20050223,1.01,1.01,0.95,0.96,813553
AGL,20050223,14.22,14.35,14.14,14.14,673390
AGM,20050223,0.155,0.155,0.14,0.145,1482591
AGO,20050223,0.29,0.3,0.29,0.29,84200
AGS,20050223,0.04,0.04,0.04,0.04,50000
AGX,20050223,0.45,0.45,0.415,0.43,496764
AGY,20050223,0.06,0.064,0.06,0.064,156495
AGZ,20050223,0.22,0.23,0.22,0.23,14166
AHD,20050223,4.2,4.28,4.11,4.25,72610
AHG,20050223,0.046,0.047,0.046,0.047,167010
AHO,20050223,0.52,0.52,0.51,0.51,20000
AHS,20050223,1.42,1.44,1.41,1.43,643166
AHU,20050223,8.1,8.1,8.1,8.1,85
AIA,20050223,7.8,7.8,7.65,7.65,18652
AIE,20050223,0.18,0.185,0.18,0.185,78200
AIM,20050223,0.052,0.052,0.051,0.051,2047824
AIX,20050223,2.65,2.65,2.57,2.59,501449
AIY,20050223,0.15,0.15,0.15,0.15,20000
AIZ,20050223,1.53,1.53,1.5,1.51,38628
AJL,20050223,1.85,1.85,1.8,1.8,35479
AKD,20050223,0.013,0.013,0.013,0.013,20000
ALD,20050223,0.275,0.275,0.275,0.275,196310
ALE,20050223,0.075,0.075,0.075,0.075,60000
ALH,20050223,3.73,3.77,3.73,3.73,6000
ALK,20050223,0.22,0.22,0.215,0.215,130000
ALL,20050223,10.42,10.42,10.05,10.26,1902636
ALN,20050223,8.81,8.82,8.63,8.65,864521
ALR,20050223,1.19,1.19,1.19,1.19,30000
ALS,20050223,8.55,8.64,8.5,8.59,105026
ALT,20050223,0.063,0.063,0.063,0.063,8000
ALU,20050223,0.365,0.365,0.35,0.35,265700
ALW,20050223,0.45,0.46,0.45,0.46,406700
ALZ,20050223,1.79,1.8,1.78,1.78,384290
AMC,20050223,7.2,7.26,7.18,7.18,3197513
AME,20050223,0.185,0.185,0.185,0.185,11501
AMG,20050223,0.032,0.034,0.031,0.034,2618500
AMH,20050223,0.49,0.49,0.49,0.49,126
AML,20050223,0.52,0.52,0.52,0.52,31000
AMM,20050223,0.19,0.19,0.185,0.185,601140
AMO,20050223,0.99,1.01,0.98,1.01,54000
AMP,20050223,7.12,7.15,7.05,7.06,8616824
AMU,20050223,0.81,0.83,0.8,0.82,213180
AND,20050223,0.105,0.105,0.1,0.105,410000
ANE,20050223,3.91,3.96,3.9,3.91,64813
ANG,20050223,0.38,0.38,0.37,0.37,32000
ANM,20050223,0.016,0.016,0.016,0.016,380966
ANN,20050223,9.86,9.86,9.63,9.86,328223
ANP,20050223,0.115,0.115,0.115,0.115,273462
ANX,20050223,0.43,0.46,0.43,0.46,39480
ANZ,20050223,21.45,21.48,21.26,21.3,3261174
AOE,20050223,0.385,0.39,0.385,0.385,194999
APA,20050223,3.85,3.85,3.8,3.85,206030
APE,20050223,6.96,7.04,6.96,7.04,11000
APG,20050223,0.058,0.058,0.051,0.054,4588109
API,20050223,3.22,3.23,3.14,3.19,156435
APN,20050223,4.91,4.93,4.76,4.81,1480821
APV,20050223,0.38,0.38,0.38,0.38,48000
APZ,20050223,0.215,0.215,0.21,0.21,462255
AQA,20050223,2.75,2.75,2.64,2.65,26900
AQD,20050223,0.135,0.135,0.135,0.135,30000
AQP,20050223,5.72,5.84,5.72,5.82,16443
ARA,20050223,0.385,0.39,0.37,0.375,262961
ARG,20050223,5.55,5.6,5.45,5.57,92669
ARM,20050223,0.3,0.3,0.3,0.3,16000
ARO,20050223,0.056,0.056,0.056,0.056,75000
ARP,20050223,3.78,3.78,3.75,3.75,218041
ARQ,20050223,1.95,1.98,1.94,1.95,1043223
ARU,20050223,0.28,0.285,0.265,0.275,530254
ARX,20050223,0.058,0.058,0.055,0.057,449000
ASB,20050223,1.96,1.96,1.88,1.93,251183
ASC,20050223,0.05,0.051,0.05,0.051,93565
ASL,20050223,0.64,0.64,0.62,0.64,319293
ASV,20050223,0.17,0.175,0.165,0.165,177134
ASX,20050223,22.26,22.27,21.95,22.07,406662
ASZ,20050223,0.45,0.45,0.45,0.45,37000
ATG,20050223,1.05,1.05,1.03,1.04,92934
ATN,20050223,0.165,0.165,0.165,0.165,9067
ATP,20050223,0.22,0.22,0.22,0.22,22564
ATR,20050223,3.14,3.2,3.14,3.2,25000
ATX,20050223,0.08,0.08,0.077,0.077,538790
ATZ,20050223,0.29,0.29,0.28,0.28,209000
AUI,20050223,5.3,5.3,5.17,5.17,8438
AUL,20050223,0.025,0.026,0.025,0.026,403000
AUM,20050223,0.046,0.046,0.046,0.046,325000
AUN,20050223,0.84,0.85,0.84,0.84,361053
AUO,20050223,1.1,1.17,1.1,1.14,8253322
AUS,20050223,0.98,0.98,0.97,0.97,14436
AUW,20050223,1.09,1.09,1.07,1.07,1438482
AUX,20050223,0.049,0.049,0.049,0.049,15000
AUZ,20050223,0.09,0.09,0.079,0.079,467301
AVA,20050223,0.05,0.05,0.05,0.05,346300
AVE,20050223,1.51,1.51,1.48,1.48,169030
AVJ,20050223,1.45,1.47,1.45,1.46,126897
AVM,20050223,0.73,0.73,0.73,0.73,27000
AVO,20050223,0.42,0.455,0.42,0.43,2153225
AVP,20050223,0.17,0.17,0.17,0.17,10011
AVR,20050223,1.05,1.05,1.01,1.01,95376
AVS,20050223,0.42,0.42,0.4,0.4,247567
AVT,20050223,0.065,0.068,0.052,0.052,99333
AVU,20050223,0.48,0.52,0.48,0.495,103250
AVV,20050223,1.4,1.4,1.35,1.36,93272
AVX,20050223,0.275,0.275,0.25,0.25,26500
AWB,20050223,4.5,4.51,4.47,4.49,3359512
AWC,20050223,6.01,6.04,5.87,5.87,7968082
AWE,20050223,1.6,1.63,1.49,1.63,4042636
AWL,20050223,0.025,0.025,0.025,0.025,309286
AWP,20050223,11.36,11.36,11.19,11.19,11304
AXA,20050223,4.1,4.11,4.03,4.05,4753782
AXC,20050223,0.145,0.145,0.145,0.145,100000
AXM,20050223,0.125,0.14,0.125,0.14,7000
AXO,20050223,0.125,0.125,0.125,0.125,10000
AZA,20050223,0.59,0.6,0.58,0.6,301156
AZC,20050223,0.19,0.19,0.19,0.19,52800
AZR,20050223,0.22,0.23,0.215,0.225,15681537
AZZ,20050223,0.66,0.66,0.64,0.66,228100
BAR,20050223,0.06,0.06,0.06,0.06,42000
BAS,20050223,0.52,0.53,0.52,0.53,298942
BAX,20050223,5.93,6,5.93,6,2008132
BBB,20050223,0.58,0.59,0.56,0.56,159142
BBG,20050223,13.3,13.3,13.01,13.2,535599
BCA,20050223,3.03,3.03,2.98,2.98,1531313
BCD,20050223,0.385,0.39,0.375,0.375,164000
BCL,20050223,0.22,0.23,0.22,0.23,131000
BDG,20050223,0.94,0.95,0.92,0.95,469968
BDI,20050223,0.28,0.28,0.28,0.28,6075
BDL,20050223,0.081,0.082,0.081,0.081,8904
BDS,20050223,3.3,3.34,3.3,3.34,5692
BEL,20050223,0.37,0.37,0.37,0.37,5500
BEN,20050223,9.75,9.75,9.6,9.6,351137
BGD,20050223,0.18,0.18,0.18,0.18,15000
BGF,20050223,0.2,0.2,0.19,0.19,7070801
BGN,20050223,0.083,0.083,0.082,0.082,103284
BHP,20050223,17.89,18.52,17.85,18.44,21659366
BIC,20050223,0.55,0.55,0.54,0.54,40000
BIL,20050223,7.6,7.61,7.54,7.56,2773188
BIT,20050223,0.225,0.225,0.225,0.225,45300
BKA,20050223,0.31,0.31,0.295,0.295,145000
BKI,20050223,1.17,1.18,1.15,1.18,140832
BKL,20050223,13.83,14.2,13.83,14.2,3517
BKN,20050223,3.06,3.06,2.9,3,494283
BKS,20050223,0.016,0.016,0.016,0.016,1931400
BKV,20050223,0.105,0.105,0.1,0.1,1029253
BKW,20050223,11.71,11.81,11.6,11.7,12678
BLD,20050223,6.38,6.38,6.26,6.28,3176351
BLN,20050223,0.145,0.145,0.145,0.145,20000
BLR,20050223,0.02,0.02,0.019,0.019,1000000
BLT,20050223,0.38,0.4,0.38,0.4,40500
BLZ,20050223,0.089,0.092,0.089,0.092,372570
BMO,20050223,0.32,0.32,0.31,0.32,433905
BMX,20050223,0.14,0.14,0.135,0.135,1887070
BNB,20050223,10.85,10.87,10.59,10.59,489209
BNE,20050223,0.64,0.64,0.64,0.64,2500
BNO,20050223,0.24,0.245,0.24,0.245,40000
BOC,20050223,0.58,0.58,0.55,0.58,47600
BOD,20050223,0.145,0.145,0.145,0.145,150000
BOL,20050223,2.16,2.16,2.11,2.12,76530
BOQ,20050223,10.55,10.59,10.45,10.45,197030
BOS,20050223,0.235,0.235,0.235,0.235,11000
BPC,20050223,0.96,0.97,0.94,0.94,4615419
BPG,20050223,0.07,0.073,0.07,0.073,75667
BPH,20050223,0.15,0.155,0.15,0.155,20000
BPO,20050223,0.068,0.069,0.067,0.068,719500
BPT,20050223,0.56,0.57,0.54,0.54,4831637
BQT,20050223,0.26,0.26,0.25,0.25,1464085
BRK,20050223,4.35,4.35,4.33,4.33,39770
BRO,20050223,0.008,0.008,0.008,0.008,1920000
BRW,20050223,0.042,0.044,0.039,0.042,2712678
BRZ,20050223,2.44,2.48,2.43,2.43,663370
BSA,20050223,0.29,0.295,0.29,0.29,101000
BSG,20050223,0.59,0.6,0.57,0.57,1053772
BSL,20050223,9.79,9.79,9.36,9.36,8776960
BSO,20050223,2.19,2.21,2.18,2.18,18353
BTA,20050223,0.445,0.45,0.435,0.445,230255
BTC,20050223,0.45,0.45,0.445,0.45,85585
BTV,20050223,0.033,0.033,0.033,0.033,25000
BTX,20050223,0.76,0.76,0.73,0.73,273417
BUG,20050223,0.69,0.69,0.69,0.69,15000
BUY,20050223,0.098,0.1,0.095,0.095,543666
BWP,20050223,1.71,1.71,1.69,1.7,580191
BWT,20050223,0.055,0.055,0.055,0.055,593546
BXP,20050223,0.225,0.23,0.22,0.22,1517878
CAA,20050223,2.16,2.27,2.16,2.21,98780
CAB,20050223,4.53,4.55,4.47,4.49,124355
CAG,20050223,0.052,0.054,0.051,0.051,949193
CAS,20050223,0.23,0.23,0.23,0.23,1000
CAU,20050223,0.195,0.195,0.19,0.19,230000
CAZ,20050223,0.43,0.43,0.42,0.42,11163
CBA,20050223,35.76,36.14,35.56,35.63,3917428
CBD,20050223,0.27,0.28,0.27,0.28,38361
CBH,20050223,0.29,0.295,0.28,0.28,1398758
CBR,20050223,6.6,6.62,6.6,6.62,2820
CCE,20050223,0.41,0.42,0.41,0.41,251417
CCL,20050223,7.93,7.94,7.75,7.86,3478640
CCP,20050223,3.49,3.49,3.49,3.49,7000
CCS,20050223,0.065,0.065,0.065,0.065,5000
CCV,20050223,0.3,0.305,0.3,0.3,87000
CDA,20050223,1.9,1.91,1.89,1.9,318600
CDD,20050223,2.65,2.86,2.65,2.86,18870
CDF,20050223,1.424,1.424,1.414,1.414,14740
CDO,20050223,5.47,5.5,5.25,5.43,302236
CDP,20050223,3.09,3.09,3.05,3.06,12700
CDR,20050223,2.25,2.27,2.22,2.25,770048
CDX,20050223,2.98,2.98,2.8,2.9,47838
CEG,20050223,1.65,1.65,1.59,1.6,57000
CEQ,20050223,2.06,2.08,2.06,2.06,49100
CEY,20050223,4.18,4.29,4.16,4.29,2784141
CFI,20050223,0.74,0.74,0.72,0.72,15998
CFR,20050223,0.023,0.023,0.022,0.023,548560
CFU,20050223,0.89,0.89,0.88,0.88,31000
CGF,20050223,3.38,3.38,3.31,3.34,1115182
CGM,20050223,0.092,0.092,0.091,0.091,80000
CGO,20050223,0.71,0.71,0.7,0.7,59650
CGX,20050223,0.91,1,0.9,0.9,1704000
CHB,20050223,32,32,32,32,64
CHF,20050223,0.445,0.445,0.43,0.44,223823
CHO,20050223,5.12,5.12,5.12,5.12,10000
CHT,20050223,0.013,0.013,0.013,0.013,692300
CHX,20050223,1.04,1.04,1.02,1.03,66302
CHY,20050223,2,2.02,1.98,2.02,147913
CIG,20050223,0.038,0.038,0.038,0.038,350000
CIR,20050223,2.06,2.06,2,2.05,52425
CIY,20050223,5.24,5.26,5.16,5.16,109410
CKL,20050223,0.74,0.75,0.73,0.75,73171
CKR,20050223,0.54,0.55,0.54,0.55,18169
CLB,20050223,0.145,0.145,0.14,0.14,213000
CLF,20050223,0.79,0.81,0.78,0.79,66255
CLH,20050223,1.41,1.58,1.33,1.58,1344910
CLO,20050223,0.57,0.57,0.52,0.56,678073
CLT,20050223,1.66,1.67,1.62,1.62,43686
CLV,20050223,0.285,0.285,0.275,0.275,354300
CMI,20050223,1.87,1.87,1.83,1.83,44837
CML,20050223,9.29,9.3,9.18,9.2,4285148
CMO,20050223,0.025,0.025,0.023,0.025,211065
CMP,20050223,0.28,0.285,0.275,0.28,265036
CMQ,20050223,1.23,1.23,1.17,1.22,887634
CMR,20050223,0.36,0.365,0.36,0.365,30700
CMS,20050223,0.05,0.05,0.05,0.05,82210
CMW,20050223,0.29,0.29,0.29,0.29,15000
CMX,20050223,0.135,0.135,0.135,0.135,20000
CNA,20050223,35.5,35.5,35.5,35.5,27160
CNB,20050223,0.92,0.92,0.92,0.92,8000
CND,20050223,2.42,2.42,2.37,2.4,89044
CNF,20050223,0.09,0.09,0.09,0.09,144424
CNM,20050223,0.042,0.043,0.038,0.038,1256500
CNN,20050223,0.057,0.057,0.057,0.057,100000
CNP,20050223,5.15,5.19,5.13,5.16,941862
CNR,20050223,0.76,0.76,0.74,0.74,6800
CNT,20050223,0.34,0.34,0.33,0.33,285000
COA,20050223,4.45,4.45,4.31,4.32,430890
COE,20050223,0.235,0.235,0.23,0.235,1134354
COF,20050223,2.47,2.47,2.2,2.3,122365
COH,20050223,28.35,28.43,28.02,28.25,155914
COO,20050223,0.03,0.03,0.029,0.029,528130
COS,20050223,0.58,0.58,0.5,0.5,179272
COU,20050223,1.47,1.47,1.43,1.46,98410
COZ,20050223,0.37,0.37,0.365,0.365,181600
CPA,20050223,1.23,1.24,1.22,1.23,6472706
CPB,20050223,10,10,9.93,9.99,32951
CPC,20050223,0.25,0.255,0.25,0.25,821889
CPI,20050223,0.88,0.88,0.86,0.86,164481
CPK,20050223,5.5,5.6,5.5,5.6,16000
CPN,20050223,0.071,0.071,0.071,0.071,80000
CPS,20050223,0.45,0.45,0.405,0.405,18500
CPU,20050223,5.61,5.61,5.38,5.5,4341405
CQT,20050223,0.18,0.19,0.16,0.175,404053
CRD,20050223,0.23,0.23,0.225,0.225,124974
CRE,20050223,0.125,0.125,0.125,0.125,4500
CRG,20050223,8.65,8.65,8.55,8.6,146196
CRK,20050223,0.32,0.325,0.315,0.325,190925
CRL,20050223,0.085,0.085,0.084,0.085,400000
CRP,20050223,0.125,0.125,0.125,0.125,112969
CRS,20050223,0.51,0.52,0.495,0.5,1241144
CRT,20050223,0.485,0.485,0.485,0.485,15500
CRU,20050223,0.86,0.89,0.86,0.89,148800
CSE,20050223,0.19,0.19,0.19,0.19,104912
CSH,20050223,1.95,2,1.92,1.92,15560
CSL,20050223,31,32.1,31,31.99,1916918
CSM,20050223,3.27,3.28,3.22,3.24,555920
CSR,20050223,2.45,2.47,2.43,2.45,1243745
CST,20050223,3.01,3.04,2.91,3,239058
CTF,20050223,0.32,0.32,0.315,0.315,6011
CTI,20050223,0.76,0.76,0.72,0.72,24000
CTL,20050223,0.98,0.99,0.98,0.98,96950
CTN,20050223,1.04,1.04,1.04,1.04,70722
CTO,20050223,0.135,0.14,0.135,0.14,316213
CTX,20050223,13,13.01,12.71,12.8,729950
CUE,20050223,0.27,0.275,0.26,0.265,8472136
CUL,20050223,0.04,0.04,0.039,0.039,479820
CUO,20050223,0.02,0.02,0.02,0.02,2023991
CUS,20050223,0.095,0.095,0.09,0.093,1039624
CVB,20050223,0.27,0.27,0.27,0.27,10855
CVC,20050223,1.9,1.9,1.9,1.9,20000
CVN,20050223,0.026,0.029,0.026,0.029,476694
CWP,20050223,2.3,2.33,2.3,2.33,14280
CWT,20050223,1.03,1.05,1.03,1.03,165179
CXE,20050223,0.045,0.045,0.045,0.045,234200
CXL,20050223,0.65,0.65,0.65,0.65,6000
CXN,20050223,0.165,0.165,0.16,0.16,90000
CXP,20050223,5.98,6.04,5.98,6,234843
CXS,20050223,0.63,0.63,0.62,0.62,30000
CYA,20050223,1.07,1.07,1.05,1.05,254869
CYG,20050223,7.15,7.15,7.12,7.12,1305
CYN,20050223,0.65,0.65,0.65,0.65,9000
CYT,20050223,0.59,0.59,0.59,0.59,68000
DBS,20050223,0.39,0.39,0.39,0.39,2700
DDT,20050223,0.385,0.39,0.375,0.39,208331
DEG,20050223,0.36,0.36,0.35,0.35,274700
DES,20050223,0.15,0.15,0.14,0.145,61019
DFT,20050223,0.015,0.015,0.015,0.015,1095855
DGH,20050223,1.01,1.01,1.01,1.01,21550
DGR,20050223,0.081,0.084,0.081,0.084,464934
DIO,20050223,0.091,0.093,0.091,0.091,1321026
DJS,20050223,2,2.01,1.91,1.92,3023803
DJW,20050223,3.68,3.68,3.58,3.65,141513
DKN,20050223,0.8,0.8,0.79,0.8,92000
DKS,20050223,12.65,12.65,12.65,12.65,121
DLS,20050223,0.075,0.077,0.073,0.076,830333
DMX,20050223,0.035,0.036,0.033,0.036,596000
DNL,20050223,0.32,0.32,0.315,0.315,151306
DNX,20050223,0.085,0.09,0.082,0.09,821500
DOM,20050223,0.315,0.315,0.3,0.3,95400
DON,20050223,0.32,0.32,0.31,0.31,24995
DOW,20050223,5.15,5.15,4.92,4.98,909920
DRA,20050223,0.25,0.255,0.25,0.255,51000
DRD,20050223,2,2,1.9,1.97,45255
DRT,20050223,1.25,1.27,1.25,1.27,7491993
DTL,20050223,3.5,3.5,3.49,3.5,12030
DUE,20050223,2.52,2.55,2.5,2.5,466682
DUI,20050223,2.34,2.38,2.34,2.38,9750
DVC,20050223,3.42,3.47,3.41,3.45,1625670
DVN,20050223,0.73,0.74,0.73,0.74,53340
DWY,20050223,0.92,0.93,0.92,0.93,5001
DYL,20050223,0.062,0.063,0.057,0.059,20005421
EAC,20050223,6.25,6.25,6.25,6.25,1000
EBG,20050223,0.18,0.18,0.18,0.18,104000
EBR,20050223,0.125,0.125,0.12,0.12,330300
EBT,20050223,0.2,0.205,0.195,0.195,347165
ECU,20050223,0.066,0.067,0.066,0.066,779462
EDN,20050223,0.29,0.3,0.29,0.3,52331
EGL,20050223,0.29,0.29,0.28,0.28,176400
EGO,20050223,0.01,0.01,0.01,0.01,1014213
EIF,20050223,0.056,0.057,0.056,0.057,57455
EIL,20050223,0.14,0.14,0.14,0.14,123000
ELL,20050223,0.065,0.07,0.065,0.07,80000
ELX,20050223,0.205,0.205,0.2,0.2,185500
EMI,20050223,0.3,0.3,0.285,0.295,739650
EMP,20050223,0.55,0.55,0.55,0.55,12000
EMS,20050223,0.225,0.23,0.22,0.23,38550
ENE,20050223,3.65,3.65,3.52,3.64,153500
ENV,20050223,1.12,1.13,1.11,1.11,657476
EOS,20050223,5.2,5.2,5.15,5.15,7922
EPE,20050223,0.135,0.135,0.13,0.13,314500
EPT,20050223,0.79,0.79,0.77,0.77,112395
EQI,20050223,1.25,1.26,1.24,1.24,581487
EQM,20050223,4.2,4.2,4.2,4.2,4286
EQN,20050223,0.62,0.62,0.6,0.6,133332
EQX,20050223,0.235,0.235,0.235,0.235,15500
ERA,20050223,11.1,11.18,10.94,11.05,117060
ERG,20050223,0.305,0.305,0.3,0.3,321375
ESG,20050223,0.225,0.225,0.22,0.22,203000
ESL,20050223,0.12,0.13,0.12,0.13,14600
ESS,20050223,0.41,0.41,0.405,0.405,10000
ESV,20050223,0.9,0.9,0.9,0.9,138701
ETC,20050223,0.009,0.009,0.009,0.009,648500
ETE,20050223,0.24,0.24,0.24,0.24,40667
ETR,20050223,2.02,2.04,1.87,1.99,1335838
ETT,20050223,0.092,0.095,0.092,0.095,60000
ETW,20050223,1.08,1.08,1.06,1.07,76721
EUG,20050223,0.19,0.19,0.19,0.19,250000
EVM,20050223,0.29,0.29,0.29,0.29,40000
EWC,20050223,0.02,0.02,0.019,0.019,34600
EXL,20050223,6.58,6.6,6.38,6.45,476090
EXR,20050223,0.71,0.71,0.69,0.69,34800
EXT,20050223,0.019,0.019,0.017,0.018,1850854
EZE,20050223,0.135,0.135,0.13,0.13,227357
EZL,20050223,1.74,1.74,1.74,1.74,7500
EZY,20050223,0.085,0.085,0.085,0.085,12500
FAN,20050223,4.47,4.47,4.1,4.36,165638
FAR,20050223,0.085,0.088,0.085,0.085,850139
FBU,20050223,6.52,6.52,6.45,6.45,159141
FCL,20050223,2.1,2.1,2.03,2.03,2538689
FCN,20050223,0.9,0.9,0.87,0.9,1470829
FCO,20050223,0.225,0.225,0.225,0.225,10000
FDL,20050223,0.03,0.03,0.03,0.03,713333
FEA,20050223,0.6,0.61,0.6,0.61,2176394
FGL,20050223,5.2,5.22,5.16,5.16,8457639
FKP,20050223,3.86,3.89,3.85,3.88,396061
FLE,20050223,0.2,0.2,0.2,0.2,4000
FLT,20050223,15.99,16.02,15.81,15.87,87794
FLX,20050223,2.98,2.98,2.92,2.94,25859
FMG,20050223,4.7,4.75,4.46,4.48,379042
FOA,20050223,23.31,23.45,23.2,23.35,220233
FPA,20050223,2.91,2.91,2.82,2.83,141520
FPF,20050223,0.58,0.58,0.58,0.58,2543
FPH,20050223,2.87,2.87,2.75,2.75,401355
FRI,20050223,0.41,0.41,0.41,0.41,2400
FRM,20050223,0.56,0.56,0.56,0.56,10000
FUN,20050223,1.91,1.92,1.87,1.9,479302
FUS,20050223,0.015,0.015,0.015,0.015,130000
FUT,20050223,0.03,0.03,0.03,0.03,31845
FWD,20050223,8.2,8.23,8.13,8.14,70072
FXJ,20050223,4.42,4.43,4.38,4.39,5535105
FXR,20050223,0.455,0.465,0.455,0.465,137244
GAA,20050223,1.14,1.14,1.12,1.12,57250
GAM,20050223,0.16,0.16,0.16,0.16,9600
GAN,20050223,1.55,1.57,1.55,1.55,3487069
GAP,20050223,2.6,2.6,2.59,2.6,134794
GAS,20050223,2.5,2.53,2.5,2.51,313290
GBA,20050223,0.076,0.077,0.076,0.077,27500
GBG,20050223,0.11,0.12,0.11,0.115,6209064
GBL,20050223,0.04,0.045,0.04,0.045,499000
GBN,20050223,0.027,0.03,0.027,0.03,34000
GBP,20050223,0.59,0.6,0.58,0.59,89850
GBR,20050223,0.23,0.23,0.23,0.23,5000
GCL,20050223,3.34,3.35,3.21,3.26,436609
GCN,20050223,0.065,0.065,0.065,0.065,50001
GCR,20050223,0.057,0.057,0.055,0.056,305108
GDM,20050223,0.4,0.41,0.4,0.41,149949
GDN,20050223,0.037,0.044,0.037,0.044,3003150
GDY,20050223,1.65,1.65,1.51,1.6,337393
GFD,20050223,0.87,0.87,0.86,0.86,16600
GGN,20050223,0.375,0.375,0.37,0.37,832250
GGP,20050223,0.26,0.275,0.26,0.265,103515
GGY,20050223,0.036,0.036,0.036,0.036,268602
GHG,20050223,0.79,0.8,0.79,0.8,27446
GIP,20050223,0.14,0.14,0.125,0.13,124200
GIR,20050223,0.245,0.245,0.245,0.245,25000
GLB,20050223,0.415,0.415,0.4,0.4,172300
GLI,20050223,1.12,1.13,1.11,1.12,323100
GLN,20050223,0.29,0.29,0.29,0.29,10629
GME,20050223,0.18,0.18,0.18,0.18,30000
GMI,20050223,1.04,1.06,1.04,1.05,311510
GML,20050223,0.085,0.085,0.085,0.085,50000
GNC,20050223,14.1,14.2,14,14,9928
GNL,20050223,0.11,0.11,0.11,0.11,231000
GNS,20050223,4.65,4.66,4.5,4.6,847414
GOA,20050223,0.12,0.12,0.12,0.12,200
GOG,20050223,0.205,0.205,0.2,0.2,13500
GOP,20050223,0.15,0.15,0.15,0.15,14500
GOW,20050223,2.65,2.65,2.65,2.65,4003
GPB,20050223,0.71,0.75,0.7,0.75,74650
GPE,20050223,0.175,0.175,0.16,0.175,22500
GPG,20050223,2.14,2.15,2.14,2.15,28620
GPO,20050223,0.047,0.047,0.047,0.047,195540
GPT,20050223,3.78,3.78,3.71,3.75,5825737
GRD,20050223,2.51,2.58,2.46,2.5,165735
GRN,20050223,0.385,0.385,0.375,0.38,210384
GRO,20050223,1.4,1.4,1.36,1.36,38130
GRP,20050223,0.7,0.7,0.7,0.7,40000
GRR,20050223,1.35,1.39,1.35,1.39,148300
GRY,20050223,0.28,0.28,0.275,0.28,174960
GSA,20050223,1.12,1.13,1.09,1.1,1212986
GSF,20050223,0.63,0.63,0.63,0.63,158
GTG,20050223,0.485,0.49,0.48,0.485,400400
GTM,20050223,0.075,0.075,0.072,0.073,2462898
GTN,20050223,0.56,0.56,0.55,0.55,14625
GTP,20050223,4.56,4.61,4.56,4.58,926576
GTX,20050223,0.3,0.3,0.3,0.3,20500
GUD,20050223,7,7.09,6.88,6.9,231556
GUN,20050223,0.235,0.235,0.235,0.235,40220
GVM,20050223,0.03,0.03,0.027,0.027,631962
GWT,20050223,3,3.01,2.96,2.99,546987
HAN,20050223,12.75,12.75,12.75,12.75,2500
HAO,20050223,0.11,0.11,0.11,0.11,23900
HAV,20050223,1.36,1.46,1.36,1.46,154424
HCC,20050223,1.6,1.65,1.57,1.57,21200
HCY,20050223,0.019,0.02,0.019,0.02,131386
HDF,20050223,2.61,2.61,2.59,2.6,372462
HDN,20050223,0.16,0.17,0.16,0.17,70500
HDR,20050223,1.94,1.95,1.85,1.86,3810472
HEG,20050223,0.091,0.091,0.091,0.091,85000
HER,20050223,0.91,0.91,0.9,0.9,62000
HGO,20050223,0.185,0.185,0.18,0.185,75000
HGR,20050223,0.21,0.21,0.19,0.19,73391
HHG,20050223,1.55,1.55,1.53,1.54,3717354
HHL,20050223,7.7,7.7,7.7,7.7,1676
HHV,20050223,0.94,0.95,0.94,0.95,699178
HIB,20050223,1.49,1.55,1.49,1.53,87027
HIC,20050223,0.79,0.8,0.79,0.8,84467
HIG,20050223,0.5,0.51,0.49,0.495,711319
HIL,20050223,4.32,4.32,4.25,4.25,252885
HJB,20050223,0.6,0.6,0.6,0.6,12800
HLD,20050223,0.325,0.325,0.315,0.32,172600
HLL,20050223,0.17,0.17,0.17,0.17,5000
HLT,20050223,0.41,0.41,0.4,0.4,33326
HLX,20050223,0.155,0.155,0.155,0.155,10000
HLY,20050223,10.45,10.45,10.1,10.18,330831
HMC,20050223,0.06,0.06,0.059,0.059,241180
HME,20050223,7.1,7.1,6.9,6.9,3909
HNG,20050223,1.97,1.97,1.97,1.97,11632
HNR,20050223,0.16,0.165,0.16,0.165,73736
HOM,20050223,0.34,0.34,0.34,0.34,4700
HPX,20050223,1.72,1.74,1.71,1.72,89257
HRD,20050223,0.34,0.34,0.34,0.34,85470
HSC,20050223,0.24,0.24,0.21,0.21,25000
HSK,20050223,0.42,0.42,0.41,0.41,176200
HSN,20050223,0.5,0.5,0.49,0.5,19979
HSP,20050223,4.25,4.28,4.15,4.19,231398
HTA,20050223,0.33,0.335,0.32,0.33,2036200
HTE,20050223,0.051,0.051,0.05,0.051,121034
HTW,20050223,0.46,0.46,0.45,0.45,194000
HVN,20050223,2.88,2.88,2.81,2.81,2062998
HWG,20050223,0.15,0.15,0.15,0.15,20000
HWI,20050223,2.24,2.25,2.23,2.23,114434
HWT,20050223,1.49,1.5,1.49,1.5,17800
HYO,20050223,0.115,0.115,0.115,0.115,32450
HZG,20050223,0.22,0.23,0.22,0.23,5228
HZN,20050223,0.105,0.105,0.099,0.099,427400
IAG,20050223,6.42,6.47,6.29,6.3,5833822
IAS,20050223,0.325,0.325,0.325,0.325,82300
IAT,20050223,0.11,0.11,0.11,0.11,80000
IBA,20050223,0.61,0.61,0.61,0.61,97198
IBC,20050223,0.59,0.59,0.58,0.58,7665
IBR,20050223,0.4,0.41,0.39,0.4,108250
IBT,20050223,2.19,2.2,2.16,2.2,132500
ICC,20050223,0.01,0.01,0.009,0.01,9690000
ICE,20050223,0.022,0.022,0.021,0.021,1148841
ICN,20050223,0.031,0.031,0.031,0.031,130000
ICP,20050223,0.04,0.04,0.04,0.04,30000
ICS,20050223,0.42,0.43,0.41,0.42,157990
IDT,20050223,2,2,1.87,1.88,56385
IEF,20050223,1.15,1.15,1.14,1.14,27058
IFC,20050223,0.25,0.25,0.25,0.25,81464
IFL,20050223,7.95,7.95,7.42,7.5,325337
IFM,20050223,0.61,0.62,0.59,0.6,1636081
IGL,20050223,0.31,0.31,0.31,0.31,35000
IGO,20050223,1.25,1.26,1.24,1.25,500854
IGP,20050223,4.23,4.37,4.2,4.37,142932
IGR,20050223,0.068,0.07,0.068,0.07,250423
IHG,20050223,0.038,0.039,0.037,0.037,3402766
IIF,20050223,2.05,2.08,2.05,2.08,2024859
IIN,20050223,3.4,3.43,3.25,3.35,1069694
ILU,20050223,5.74,5.74,5.61,5.68,1016517
IMA,20050223,0.36,0.37,0.36,0.37,53280
IMD,20050223,0.23,0.23,0.23,0.23,104600
IMH,20050223,0.18,0.18,0.18,0.18,60000
IMI,20050223,0.025,0.025,0.024,0.024,5166473
IML,20050223,0.125,0.125,0.12,0.12,200000
IMP,20050223,0.005,0.006,0.005,0.005,4513180
IMU,20050223,0.235,0.25,0.23,0.25,240214
INL,20050223,0.066,0.067,0.066,0.067,34536
INO,20050223,0.17,0.17,0.17,0.17,76000
INP,20050223,0.61,0.61,0.6,0.61,110549
INT,20050223,0.067,0.067,0.065,0.066,988100
IOC,20050223,5.18,5.18,5,5,52205
IOF,20050223,1.21,1.22,1.2,1.21,1946750
IPA,20050223,1.62,1.63,1.56,1.56,28000
IPG,20050223,2.04,2.05,2.03,2.04,3180995
IPL,20050223,20.09,20.09,19.2,19.5,2959
IPN,20050223,0.037,0.038,0.037,0.037,195556
IRC,20050223,0.079,0.079,0.079,0.079,170000
IRE,20050223,4.33,4.34,4.06,4.24,237609
IRI,20050223,0.52,0.52,0.5,0.5,100240
IRN,20050223,0.51,0.51,0.48,0.51,1305500
ISS,20050223,0.2,0.2,0.19,0.19,178000
ITC,20050223,0.056,0.056,0.056,0.056,210000
ITE,20050223,0.305,0.31,0.26,0.26,312421
ITF,20050223,1.36,1.39,1.32,1.39,81400
IVC,20050223,3.2,3.21,3.11,3.21,222784
IVK,20050223,0.026,0.027,0.025,0.025,1650111
IWF,20050223,2.54,2.59,2.54,2.55,43054
IWI,20050223,2.3,2.31,2.29,2.29,70425
IWL,20050223,3.19,3.2,3.18,3.2,1150826
IYS,20050223,1.38,1.38,1.38,1.38,5000
JAG,20050223,0.16,0.16,0.16,0.16,20000
JAK,20050223,0.2,0.21,0.2,0.21,119000
JBH,20050223,3.7,3.75,3.7,3.74,327864
JBM,20050223,5.35,5.35,5.13,5.17,837503
JDV,20050223,1.02,1.03,1,1,563045
JET,20050223,0.67,0.67,0.62,0.65,775683
JFM,20050223,1.31,1.32,1.29,1.32,243236
JGL,20050223,0.165,0.165,0.165,0.165,29967
JHX,20050223,6.3,6.3,6.19,6.2,2385260
JMB,20050223,0.265,0.265,0.265,0.265,1223
JML,20050223,0.165,0.17,0.165,0.17,210000
JMS,20050223,0.12,0.13,0.12,0.13,170160
JRL,20050223,0.32,0.32,0.32,0.32,10000
JRV,20050223,0.03,0.031,0.029,0.03,10356078
JST,20050223,2.84,2.85,2.78,2.82,1647905
JUM,20050223,0.044,0.051,0.044,0.05,15780284
JVG,20050223,0.17,0.17,0.17,0.17,80000
KAR,20050223,1.16,1.16,0.96,0.96,974579
KBO,20050223,0.078,0.078,0.073,0.073,47400
KCN,20050223,2.34,2.39,2.32,2.34,258566
KDS,20050223,0.72,0.72,0.71,0.72,10850
KHF,20050223,7.64,7.64,7.63,7.63,2818
KIM,20050223,0.88,0.89,0.87,0.88,394861
KKT,20050223,1.1,1.1,1.1,1.1,5000
KLM,20050223,0.25,0.265,0.25,0.255,38814
KME,20050223,2.3,2.3,2.3,2.3,10741
KMN,20050223,0.245,0.245,0.235,0.24,388000
KRS,20050223,0.41,0.42,0.41,0.41,1187306
KSC,20050223,3.53,3.54,3.5,3.5,4701
KYC,20050223,1.66,1.66,1.53,1.65,571752
KZL,20050223,1.28,1.28,1.24,1.26,372598
LAF,20050223,0.22,0.225,0.21,0.21,3624310
LAL,20050223,0.063,0.064,0.063,0.064,225480
LAS,20050223,0.062,0.062,0.061,0.061,1000
LAU,20050223,0.295,0.295,0.285,0.285,102284
LBY,20050223,0.18,0.18,0.18,0.18,10000
LCL,20050223,0.8,0.81,0.8,0.8,28400
LCO,20050223,0.66,0.7,0.66,0.7,26031
LCP,20050223,0.69,0.69,0.69,0.69,45000
LCT,20050223,0.43,0.44,0.43,0.43,69895
LDW,20050223,4.73,4.73,4.7,4.7,2017
LEF,20050223,0.19,0.19,0.185,0.19,75000
LEG,20050223,0.075,0.076,0.071,0.071,1842620
LEI,20050223,9.99,9.99,9.79,9.79,2576327
LEP,20050223,1.69,1.69,1.69,1.69,3600
LFE,20050223,0.57,0.59,0.55,0.59,87860
LGD,20050223,0.54,0.56,0.54,0.56,112101
LGO,20050223,0.018,0.018,0.018,0.018,100000
LHG,20050223,1.12,1.13,1.1,1.11,15519720
LIM,20050223,7.29,7.29,7.23,7.23,1617
LIO,20050223,0.008,0.009,0.008,0.008,2305555
LIP,20050223,1.7,1.71,1.69,1.7,164704
LKO,20050223,0.039,0.04,0.039,0.039,1337000
LLC,20050223,13.1,13.19,12.74,12.79,1969411
LMC,20050223,2.58,2.58,2.58,2.58,10000
LMG,20050223,0.01,0.01,0.01,0.01,500000
LMW,20050223,0.82,0.82,0.82,0.82,8848
LNG,20050223,0.445,0.455,0.445,0.45,226000
LNN,20050223,7.43,7.51,7.37,7.43,2125739
LOK,20050223,1.32,1.32,1.28,1.28,75587
LRF,20050223,0.93,0.93,0.9,0.9,171000
LRL,20050223,0.37,0.37,0.36,0.37,278000
LRX,20050223,0.26,0.26,0.25,0.26,557200
LSG,20050223,2.06,2.09,2.03,2.03,163987
LSL,20050223,0.007,0.007,0.007,0.007,10000
LUM,20050223,0.12,0.12,0.115,0.12,345000
LVL,20050223,0.13,0.13,0.11,0.11,260800
LVR,20050223,1.07,1.1,1.07,1.09,21200
LYC,20050223,0.29,0.29,0.29,0.29,63000
LYL,20050223,1.68,1.7,1.68,1.7,2565
MAA,20050223,0.385,0.44,0.385,0.44,1033445
MAG,20050223,1.3,1.3,1.3,1.3,4769
MAH,20050223,0.54,0.54,0.5,0.51,1325915
MAL,20050223,0.61,0.62,0.59,0.59,165811
MAP,20050223,3.13,3.28,3.13,3.24,9388646
MAQ,20050223,0.16,0.16,0.16,0.16,10000
MAY,20050223,4.4,4.41,4.13,4.14,5026578
MBL,20050223,49.5,49.55,48.2,48.2,795706
MBN,20050223,0.5,0.5,0.5,0.5,29000
MBP,20050223,1.01,1.01,0.97,1,275722
MCC,20050223,6.48,6.5,6.02,6.15,1265324
MCG,20050223,6.08,6.15,6.07,6.09,2149795
MCK,20050223,0.83,0.85,0.82,0.85,49400
MCO,20050223,0.085,0.085,0.085,0.085,9000
MCP,20050223,5.04,5.04,4.8,4.82,69267
MCR,20050223,0.82,0.82,0.78,0.78,2049331
MCW,20050223,1.88,1.9,1.88,1.89,8153590
MDE,20050223,0.52,0.52,0.52,0.52,26300
MDL,20050223,0.5,0.59,0.5,0.51,3326367
MDM,20050223,0.037,0.037,0.034,0.034,1232750
MDS,20050223,0.125,0.125,0.125,0.125,40000
MDT,20050223,1.11,1.11,1.09,1.09,2751547
MDV,20050223,0.15,0.15,0.15,0.15,204
MEE,20050223,0.057,0.058,0.057,0.057,253296
MEI,20050223,0.29,0.29,0.28,0.28,40000
MEL,20050223,0.3,0.3,0.3,0.3,25000
MFI,20050223,1.08,1.09,1.08,1.09,31234
MFS,20050223,1.57,1.58,1.55,1.57,71800
MGO,20050223,0.135,0.14,0.125,0.125,487200
MGQ,20050223,3.84,3.91,3.81,3.91,3772380
MGR,20050223,4.46,4.49,4.45,4.48,2907306
MGU,20050223,0.13,0.13,0.13,0.13,5000
MGW,20050223,6.14,6.15,5.96,6,311965
MGX,20050223,0.53,0.57,0.52,0.55,14501468
MGZ,20050223,0.18,0.18,0.18,0.18,38900
MHI,20050223,0.14,0.14,0.14,0.14,11000
MHL,20050223,0.01,0.01,0.01,0.01,1050000
MIC,20050223,0.074,0.076,0.074,0.074,1477394
MIG,20050223,3.55,3.55,3.46,3.49,5282987
MIL,20050223,0.062,0.063,0.06,0.063,405000
MIR,20050223,1.53,1.53,1.52,1.52,62894
MIS,20050223,0.405,0.435,0.4,0.41,404627
MLB,20050223,1.32,1.36,1.25,1.36,133348
MLE,20050223,1.8,1.85,1.8,1.81,277251
MLM,20050223,0.15,0.15,0.15,0.15,20000
MLT,20050223,16.3,16.3,16,16,13556
MMA,20050223,1.05,1.06,1.04,1.05,349541
MML,20050223,0.78,0.79,0.77,0.77,95000
MMN,20050223,0.13,0.13,0.125,0.125,1196165
MMS,20050223,1.65,1.72,1.65,1.72,14320
MND,20050223,11.41,11.41,11.11,11.11,262909
MOB,20050223,0.18,0.18,0.175,0.175,80000
MOC,20050223,1.1,1.1,1.07,1.07,59600
MOD,20050223,0.032,0.034,0.032,0.034,22952
MOF,20050223,1.24,1.26,1.23,1.26,13617067
MOG,20050223,0.315,0.325,0.31,0.31,81500
MOK,20050223,0.26,0.26,0.26,0.26,25000
MOS,20050223,0.185,0.185,0.18,0.185,2422679
MPA,20050223,0.115,0.115,0.11,0.11,349112
MPB,20050223,5,5,5,5,900
MPD,20050223,0.15,0.15,0.15,0.15,100000
MPF,20050223,1.07,1.08,1.07,1.07,322863
MPH,20050223,0.8,0.8,0.74,0.74,563549
MPI,20050223,0.067,0.072,0.067,0.07,638988
MPO,20050223,0.052,0.054,0.051,0.051,1069787
MPR,20050223,1.09,1.09,1.08,1.08,7050403
MPS,20050223,1.05,1.06,1.05,1.06,183715
MRE,20050223,1.8,1.8,1.77,1.79,1355277
MRL,20050223,1.01,1.02,1.01,1.01,260824
MRM,20050223,0.315,0.32,0.31,0.32,194700
MRS,20050223,0.23,0.23,0.23,0.23,15000
MRT,20050223,0.4,0.45,0.4,0.45,39500
MRX,20050223,0.068,0.071,0.068,0.07,3712378
MRY,20050223,0.009,0.009,0.009,0.009,100000
MSB,20050223,0.71,0.72,0.7,0.72,70442
MSC,20050223,0.11,0.11,0.105,0.105,218000
MSF,20050223,7.4,7.4,7.4,7.4,800
MSO,20050223,0.095,0.095,0.095,0.095,122500
MST,20050223,0.2,0.21,0.2,0.205,408776
MSX,20050223,0.92,0.92,0.92,0.92,650
MTB,20050223,0.105,0.105,0.105,0.105,116000
MTD,20050223,0.21,0.21,0.21,0.21,37319
MTH,20050223,0.355,0.355,0.355,0.355,6391
MTI,20050223,0.54,0.55,0.54,0.55,77000
MTO,20050223,0.485,0.485,0.475,0.48,450346
MTR,20050223,0.13,0.14,0.13,0.135,180559
MTT,20050223,2.98,2.98,2.95,2.96,541531
MTU,20050223,0.42,0.42,0.4,0.4,278221
MTX,20050223,0.88,0.88,0.88,0.88,14658
MUL,20050223,0.029,0.029,0.028,0.029,2748545
MUR,20050223,0.091,0.091,0.09,0.091,785811
MVL,20050223,0.021,0.021,0.021,0.021,171000
MVP,20050223,1,1,0.97,0.97,2100
MWE,20050223,0.14,0.14,0.135,0.135,120000
MWM,20050223,0.35,0.35,0.345,0.35,216561
MWR,20050223,0.027,0.027,0.026,0.026,650000
MXG,20050223,5.63,5.64,5.53,5.58,3312770
MXI,20050223,0.9,0.9,0.86,0.87,615057
MXL,20050223,0.085,0.087,0.085,0.087,32000
MYO,20050223,1.14,1.15,1.11,1.12,448372
NAB,20050223,29.41,29.45,29.2,29.2,2986576
NAL,20050223,0.49,0.495,0.46,0.48,425335
NAM,20050223,0.52,0.52,0.52,0.52,81269
NAV,20050223,0.14,0.14,0.13,0.13,96772
NBL,20050223,2.73,2.73,2.73,2.73,220
NCA,20050223,0.295,0.295,0.295,0.295,73005
NCH,20050223,0.19,0.19,0.19,0.19,70000
NCI,20050223,1.44,1.44,1.44,1.44,450
NCK,20050223,1.9,1.95,1.87,1.95,238566
NCM,20050223,17.27,17.48,17.23,17.4,2296614
NDC,20050223,0.2,0.2,0.2,0.2,153000
NDO,20050223,0.068,0.072,0.068,0.071,2391181
NEC,20050223,0.275,0.31,0.27,0.295,1783532
NEM,20050223,5.52,5.59,5.51,5.59,332130
NEO,20050223,0.051,0.052,0.05,0.05,6707388
NEU,20050223,0.35,0.35,0.34,0.34,95000
NFD,20050223,6.2,6.23,6.2,6.2,1522820
NGM,20050223,0.135,0.135,0.135,0.135,17500
NHC,20050223,1.41,1.42,1.38,1.4,65300
NHE,20050223,0.069,0.069,0.069,0.069,500000
NHL,20050223,0.25,0.265,0.25,0.265,145440
NHM,20050223,0.005,0.006,0.005,0.006,4950000
NHR,20050223,0.43,0.435,0.425,0.43,904737
NIA,20050223,0.19,0.195,0.185,0.19,1632765
NIQ,20050223,0.14,0.14,0.14,0.14,5500
NKL,20050223,0.18,0.18,0.175,0.175,22700
NKP,20050223,0.84,0.84,0.82,0.83,214620
NLS,20050223,0.135,0.135,0.135,0.135,57600
NLX,20050223,0.425,0.425,0.405,0.415,5092833
NMC,20050223,0.057,0.058,0.055,0.056,3355000
NMS,20050223,0.78,0.79,0.77,0.78,79810
NNG,20050223,0.26,0.26,0.26,0.26,48350
NPX,20050223,5.52,5.8,5.52,5.8,804
NRT,20050223,5.06,5.06,4.81,4.95,124399
NST,20050223,0.115,0.115,0.115,0.115,40000
NSX,20050223,0.92,0.94,0.89,0.94,118200
NTC,20050223,0.205,0.205,0.2,0.2,40485
NTG,20050223,0.055,0.055,0.054,0.054,140750
NUF,20050223,10.11,10.25,9.93,9.97,336794
NVE,20050223,0.28,0.28,0.26,0.27,202985
NWA,20050223,0.036,0.036,0.036,0.036,295000
NWE,20050223,0.12,0.12,0.105,0.11,1775270
NWK,20050223,0.2,0.235,0.2,0.235,20000
NWS,20050223,21.29,21.35,21.07,21.14,5107305
NXS,20050223,0.44,0.44,0.43,0.435,452900
NZO,20050223,1.12,1.12,1.12,1.12,10900
OBJ,20050223,0.032,0.033,0.031,0.033,4827500
OCL,20050223,0.77,0.9,0.77,0.9,138872
OCO,20050223,0.017,0.018,0.016,0.016,449000
OEC,20050223,0.11,0.11,0.1,0.105,340643
OEL,20050223,0.195,0.195,0.19,0.19,425000
OEX,20050223,0.275,0.305,0.265,0.275,1607366
OFM,20050223,2.38,2.38,2.37,2.37,13830
OGD,20050223,0.66,0.67,0.66,0.66,556341
OHL,20050223,0.13,0.13,0.13,0.13,5264
OIL,20050223,0.365,0.365,0.345,0.345,285838
OKN,20050223,1.58,1.58,1.55,1.55,41520
OLE,20050223,0.026,0.027,0.026,0.026,469000
OLH,20050223,1,1,1,1,1965
OLY,20050223,0.265,0.27,0.265,0.27,81000
OMC,20050223,0.305,0.31,0.305,0.31,30000
OMH,20050223,1.46,1.47,1.46,1.47,4865
OMI,20050223,0.63,0.65,0.61,0.62,55404
OMP,20050223,3.86,3.86,3.71,3.71,243494
OPC,20050223,0.13,0.13,0.13,0.13,288509
OPI,20050223,0.11,0.11,0.105,0.11,117177
OPL,20050223,0.46,0.46,0.45,0.45,536251
OPM,20050223,0.005,0.005,0.004,0.004,4045400
ORC,20050223,0.13,0.13,0.105,0.125,1516343
ORG,20050223,7.2,7.23,7.1,7.15,2119959
ORI,20050223,19.53,19.63,19.36,19.41,1558537
ORL,20050223,2.31,2.32,2.31,2.32,14400
ORO,20050223,0.044,0.045,0.044,0.045,529750
ORP,20050223,0.027,0.027,0.027,0.027,449541
ORT,20050223,0.091,0.091,0.089,0.091,182500
OSH,20050223,2.17,2.18,2.12,2.15,3679437
OST,20050223,2.77,2.8,2.7,2.72,3711848
OTL,20050223,0.52,0.53,0.52,0.53,477510
OTT,20050223,0.46,0.465,0.455,0.465,9446
OXR,20050223,0.94,0.94,0.92,0.93,9001009
PAA,20050223,0.265,0.275,0.265,0.275,337400
PBB,20050223,2.99,3.14,2.99,3.12,1346195
PBD,20050223,1.32,1.34,1.32,1.34,40202
PBG,20050223,2.9,2.95,2.77,2.8,9807200
PBI,20050223,0.36,0.36,0.36,0.36,73674
PBL,20050223,15.35,15.55,15.04,15.55,1143092
PBT,20050223,0.53,0.53,0.52,0.52,41445
PCG,20050223,0.53,0.53,0.53,0.53,140906
PCL,20050223,0.077,0.077,0.076,0.076,270000
PCO,20050223,0.013,0.013,0.013,0.013,208218
PDG,20050223,23.5,23.6,23.3,23.3,2912
PDM,20050223,0.072,0.072,0.067,0.067,120000
PDN,20050223,1.16,1.16,1.08,1.1,1711321
PDR,20050223,0.11,0.11,0.11,0.11,5000
PEL,20050223,0.055,0.058,0.052,0.053,763001
PEM,20050223,1.01,1.02,1,1.01,311650
PEN,20050223,0.015,0.015,0.014,0.014,1030550
PEO,20050223,0.195,0.195,0.185,0.185,123000
PEP,20050223,0.455,0.46,0.45,0.46,62415
PET,20050223,0.98,0.98,0.97,0.97,35000
PGA,20050223,3,3,3,3,1700
PGL,20050223,4.32,4.32,4.28,4.29,51648
PGN,20050223,0.9,0.9,0.9,0.9,1115
PGS,20050223,0.23,0.23,0.215,0.215,574610
PHL,20050223,0.057,0.057,0.053,0.053,524326
PHY,20050223,4.41,4.45,4.35,4.4,235033
PIF,20050223,1.42,1.42,1.39,1.4,1180014
PIO,20050223,0.235,0.235,0.235,0.235,175251
PLA,20050223,0.19,0.19,0.185,0.185,51000
PLF,20050223,1.2,1.2,1.13,1.13,242526
PLT,20050223,0.38,0.38,0.36,0.375,111775
PMC,20050223,2.06,2.1,2.04,2.04,91355
PME,20050223,1.32,1.32,1.25,1.25,35020
PMH,20050223,0.013,0.013,0.013,0.013,500000
PMM,20050223,3.65,3.76,3.61,3.72,11915260
PMN,20050223,5,5.08,4.86,4.86,17515117
PMP,20050223,1.99,2.03,1.9,1.99,2755077
PMV,20050223,4.4,4.5,4.4,4.5,76862
PMX,20050223,0.065,0.065,0.059,0.059,61311
PNA,20050223,0.275,0.275,0.265,0.27,1879800
PNO,20050223,0.057,0.068,0.055,0.06,8257464
PNW,20050223,0.051,0.051,0.051,0.051,6000
POH,20050223,0.355,0.355,0.345,0.345,432314
POL,20050223,0.215,0.23,0.215,0.22,621807
PPC,20050223,1.52,1.55,1.48,1.52,93524
PPD,20050223,0.345,0.345,0.34,0.34,6525
PPK,20050223,1,1,0.98,0.99,36000
PPN,20050223,0.35,0.36,0.35,0.36,3100
PPP,20050223,0.14,0.14,0.135,0.135,518237
PPR,20050223,2.24,2.25,2.24,2.25,20390
PPT,20050223,60.8,60.8,58.9,59.4,110239
PPX,20050223,4.57,4.59,4.54,4.57,1650313
PQB,20050223,0.35,0.35,0.35,0.35,1925
PRE,20050223,0.035,0.035,0.034,0.035,2775000
PRG,20050223,3.23,3.23,3.06,3.19,141738
PRK,20050223,6.04,6.14,6.03,6.08,2367275
PRO,20050223,0.125,0.15,0.125,0.15,15000
PRR,20050223,0.12,0.12,0.115,0.115,804500
PRT,20050223,3.12,3.12,3.12,3.12,8960
PRU,20050223,0.17,0.17,0.17,0.17,20000
PRV,20050223,1.02,1.02,1.01,1.02,1155867
PRY,20050223,8.5,8.55,8.47,8.54,44626
PSA,20050223,1.1,1.19,1.1,1.18,473992
PSD,20050223,1.06,1.06,0.95,0.96,682316
PSG,20050223,0.135,0.135,0.13,0.13,19000
PSP,20050223,0.1,0.1,0.1,0.1,19524
PSR,20050223,0.023,0.023,0.022,0.022,3654898
PSV,20050223,0.38,0.38,0.37,0.375,494070
PSX,20050223,0.235,0.24,0.215,0.22,761228
PTD,20050223,1.63,1.64,1.56,1.57,849481
PTR,20050223,0.33,0.33,0.33,0.33,16000
PTS,20050223,0.086,0.086,0.086,0.086,20000
PVE,20050223,0.94,0.97,0.94,0.97,90500
PWR,20050223,0.395,0.395,0.39,0.39,9154
PWT,20050223,1.54,1.54,1.45,1.45,120847
PXL,20050223,0.4,0.4,0.4,0.4,4500
PXS,20050223,0.96,1.13,0.96,1.07,902899
QAD,20050223,0.056,0.056,0.051,0.055,14451728
QAN,20050223,3.48,3.49,3.44,3.49,11846434
QBE,20050223,15,15,14.64,14.85,3403194
QCH,20050223,4.54,4.54,4.54,4.54,10047
QED,20050223,0.013,0.013,0.013,0.013,280000
QGC,20050223,0.6,0.61,0.57,0.58,617048
QMG,20050223,0.35,0.4,0.35,0.4,52000
QPX,20050223,0.12,0.13,0.12,0.125,147000
QRS,20050223,0.17,0.17,0.16,0.17,577500
QTM,20050223,0.17,0.17,0.165,0.165,17000
QUR,20050223,0.032,0.032,0.032,0.032,150000
RAC,20050223,0.58,0.58,0.57,0.58,347304
RAT,20050223,1.13,1.13,1.13,1.13,6550
RAU,20050223,0.16,0.16,0.15,0.15,39500
RBS,20050223,9.35,9.35,9.25,9.25,7279
RBY,20050223,0.031,0.031,0.031,0.031,12500
RCD,20050223,6,6,5.8,5.94,507886
RCL,20050223,3.2,3.22,3.12,3.18,538214
RCR,20050223,0.76,0.76,0.76,0.76,21600
RCT,20050223,3.05,3.08,3.05,3.08,14500
RDF,20050223,3.74,3.74,3.54,3.66,352038
RDM,20050223,0.265,0.265,0.265,0.265,38000
RDR,20050223,0.245,0.26,0.245,0.26,68513
REA,20050223,1.87,1.92,1.87,1.92,14500
REB,20050223,2.76,2.76,2.72,2.72,20833
RED,20050223,0.145,0.145,0.14,0.14,484770
REH,20050223,13.2,13.2,13.2,13.2,100000
REL,20050223,0.135,0.14,0.135,0.14,244606
REM,20050223,0.61,0.62,0.61,0.62,98301
RFS,20050223,0.185,0.185,0.185,0.185,127000
RGA,20050223,0.72,0.72,0.69,0.69,46500
RHC,20050223,6.6,6.6,6.5,6.57,145569
RHD,20050223,0.95,0.95,0.93,0.94,84134
RHL,20050223,4.32,4.32,4.32,4.32,481
RHT,20050223,0.205,0.21,0.2,0.21,366250
RIC,20050223,1.46,1.48,1.44,1.46,144196
RIN,20050223,11.04,11.06,10.91,10.93,1689421
RIO,20050223,44.45,45.55,44.28,45.3,25333811
RIV,20050223,0.66,0.66,0.64,0.65,829856
RKN,20050223,0.8,0.8,0.78,0.78,39810
RMD,20050223,7.51,7.55,7.49,7.53,801376
RMG,20050223,0.026,0.027,0.026,0.027,371000
RMI,20050223,0.14,0.145,0.135,0.145,16446726
RML,20050223,0.195,0.2,0.19,0.195,101649
RMS,20050223,0.17,0.17,0.16,0.17,63174
ROC,20050223,1.78,1.78,1.7,1.75,2520316
ROK,20050223,4,4,3.98,4,20000
RPC,20050223,0.365,0.37,0.36,0.36,75167
RPM,20050223,0.077,0.077,0.077,0.077,42000
RPT,20050223,0.031,0.031,0.028,0.029,569659
RRL,20050223,0.14,0.145,0.14,0.145,1284218
RRS,20050223,0.02,0.02,0.019,0.02,3033172
RRT,20050223,0.92,0.94,0.92,0.94,172295
RSG,20050223,1.46,1.47,1.45,1.45,151767
RSN,20050223,0.125,0.125,0.12,0.12,316720
RSP,20050223,1.34,1.35,1.3,1.32,376123
RTL,20050223,0.38,0.38,0.365,0.365,130714
RTM,20050223,0.048,0.048,0.048,0.048,440000
RUP,20050223,10.69,10.83,10.65,10.77,110090
RWD,20050223,0.11,0.11,0.1,0.1,35000
RXL,20050223,0.11,0.115,0.11,0.115,105000
SAQ,20050223,6.25,6.25,6,6.04,19253
SAR,20050223,0.085,0.085,0.085,0.085,2000
SAX,20050223,0.085,0.085,0.085,0.085,2000
SBC,20050223,15.8,16.03,15.5,15.73,49433
SBL,20050223,0.15,0.155,0.15,0.15,109000
SBM,20050223,0.06,0.06,0.059,0.059,4437400
SBP,20050223,0.145,0.145,0.135,0.145,645859
SBS,20050223,0.055,0.059,0.055,0.059,766950
SCD,20050223,0.022,0.022,0.022,0.022,1502000
SCF,20050223,113.8,114.15,113.8,113.95,15370
SCV,20050223,1.35,1.35,1.3,1.3,8875
SCX,20050223,0.04,0.04,0.04,0.04,132970
SDG,20050223,2.43,2.43,2.3,2.4,865597
SDI,20050223,1.17,1.2,1.15,1.2,153285
SDL,20050223,0.014,0.016,0.014,0.015,16503509
SDR,20050223,0.16,0.16,0.16,0.16,120000
SDS,20050223,0.89,0.89,0.76,0.76,93600
SED,20050223,0.255,0.255,0.25,0.25,110000
SEL,20050223,2.31,2.33,2.29,2.33,28570
SEN,20050223,0.39,0.39,0.365,0.365,5035961
SEV,20050223,7.6,7.64,7.54,7.59,214880
SFC,20050223,11.03,11.18,10.21,10.4,53179
SFE,20050223,10,10,9.51,9.65,562225
SGB,20050223,24.17,24.25,23.95,24,1276775
SGL,20050223,0.8,0.8,0.75,0.77,588412
SGN,20050223,2.88,2.91,2.86,2.89,321824
SGP,20050223,5.7,5.79,5.7,5.77,6303048
SGS,20050223,1.58,1.6,1.57,1.6,87800
SGT,20050223,2.04,2.07,2.04,2.05,2905942
SGV,20050223,0.17,0.17,0.17,0.17,45000
SGX,20050223,2.14,2.14,2.13,2.14,119032
SHC,20050223,0.38,0.38,0.38,0.38,8000
SHG,20050223,0.7,0.76,0.7,0.72,94300
SHL,20050223,11.75,12.17,11.75,12.1,966362
SHN,20050223,0.145,0.145,0.145,0.145,448958
SHV,20050223,9.85,9.85,9.6,9.6,40035
SIB,20050223,0.125,0.125,0.12,0.125,109206
SIE,20050223,0.055,0.058,0.053,0.055,1936878
SIG,20050223,8.5,8.55,8.37,8.51,285454
SIM,20050223,0.275,0.28,0.265,0.265,228849
SIU,20050223,0.15,0.15,0.15,0.15,17000
SKC,20050223,4.66,4.66,4.6,4.64,172076
SKE,20050223,2.7,2.7,2.63,2.63,103425
SKG,20050223,1.65,1.65,1.52,1.52,3015
SKR,20050223,0.038,0.04,0.038,0.039,754480
SKW,20050223,0.17,0.17,0.17,0.17,93334
SLA,20050223,0.205,0.21,0.205,0.205,22590
SLM,20050223,5.35,5.35,5.29,5.3,143670
SLT,20050223,0.51,0.51,0.49,0.5,226625
SLV,20050223,0.45,0.46,0.42,0.46,21200
SLX,20050223,1.23,1.23,1.21,1.21,43822
SMA,20050223,0.01,0.01,0.009,0.01,468714
SMC,20050223,0.125,0.125,0.125,0.125,20000
SML,20050223,0.115,0.115,0.11,0.11,838000
SMM,20050223,0.385,0.4,0.375,0.395,991440
SMN,20050223,0.175,0.175,0.17,0.175,104528
SMO,20050223,0.1,0.1,0.099,0.099,1497773
SMS,20050223,18,18.07,17.85,18,283850
SMX,20050223,1.9,1.9,1.86,1.86,195925
SMY,20050223,0.95,0.95,0.92,0.92,207939
SNF,20050223,0.485,0.495,0.48,0.48,27174
SNL,20050223,0.72,0.72,0.72,0.72,5125
SNN,20050223,0.27,0.27,0.265,0.265,52000
SNO,20050223,0.405,0.45,0.405,0.445,66700
SOE,20050223,0.265,0.27,0.26,0.265,632294
SOL,20050223,10.42,10.42,9.79,10.05,69278
SOM,20050223,0.45,0.45,0.45,0.45,175000
SOO,20050223,0.385,0.385,0.38,0.38,33000
SOT,20050223,2.21,2.21,2.1,2.18,153840
SPH,20050223,0.7,0.76,0.7,0.73,302925
SPL,20050223,0.85,0.87,0.84,0.84,347010
SPT,20050223,4.93,4.99,4.91,4.99,214481
SRA,20050223,0.17,0.17,0.16,0.165,1103060
SRI,20050223,0.13,0.13,0.125,0.125,645544
SRL,20050223,1.93,1.96,1.93,1.95,115207
SRP,20050223,4.35,4.36,4.33,4.35,2268065
SRV,20050223,2.75,2.75,2.65,2.65,20000
SRX,20050223,2.25,2.28,2.2,2.2,31032
SSN,20050223,0.44,0.44,0.44,0.44,92400
SSS,20050223,1.74,1.76,1.65,1.65,26566
SSX,20050223,1.31,1.36,1.31,1.33,6902879
STB,20050223,0.17,0.17,0.17,0.17,58000
STE,20050223,0.14,0.14,0.14,0.14,114000
STI,20050223,0.5,0.5,0.48,0.49,51000
STO,20050223,9.18,9.3,8.92,9.02,3425127
STP,20050223,0.052,0.064,0.052,0.061,2102346
STR,20050223,0.21,0.21,0.21,0.21,6707
STS,20050223,0.6,0.6,0.6,0.6,14300
STT,20050223,0.031,0.031,0.031,0.031,100000
STU,20050223,0.95,0.95,0.93,0.94,26500
STW,20050223,41.66,41.69,41.6,41.6,244116
STX,20050223,0.15,0.15,0.145,0.15,1127300
SUL,20050223,3.24,3.24,3.2,3.22,360889
SUN,20050223,19.18,19.19,18.45,18.63,1524641
SUR,20050223,0.175,0.18,0.165,0.165,147089
SXC,20050223,0.018,0.018,0.018,0.018,40
SYG,20050223,0.008,0.008,0.008,0.008,329000
SYL,20050223,4.15,4.15,4.1,4.1,11430
SYM,20050223,1.6,1.61,1.6,1.6,405803
SYN,20050223,0.77,0.8,0.77,0.8,14000
TAH,20050223,17.17,17.17,16.9,17.01,1449295
TAM,20050223,0.14,0.145,0.14,0.14,992000
TAP,20050223,1.79,1.81,1.78,1.78,312862
TAS,20050223,0.155,0.155,0.15,0.15,153819
TAT,20050223,0.38,0.38,0.38,0.38,5000
TAW,20050223,1.28,1.3,1.27,1.3,36245
TBC,20050223,0.41,0.415,0.41,0.41,266820
TCI,20050223,1.39,1.4,1.38,1.4,1251658
TCL,20050223,7.2,7.26,7.02,7.15,2186443
TCQ,20050223,1.02,1.03,1.02,1.03,80415
TEA,20050223,0.074,0.075,0.073,0.075,1568800
TEE,20050223,0.029,0.029,0.029,0.029,22225
TEL,20050223,5.7,5.73,5.66,5.66,4237100
TEM,20050223,1.38,1.4,1.38,1.39,283644
TEN,20050223,3.8,3.8,3.73,3.73,1090648
TFC,20050223,0.285,0.285,0.275,0.28,135000
TGD,20050223,0.14,0.145,0.14,0.14,128346
TGF,20050223,0.155,0.155,0.155,0.155,20000
TGG,20050223,1.25,1.26,1.24,1.25,66310
TGR,20050223,1.03,1.03,1.01,1.01,40317
TGS,20050223,0.235,0.24,0.23,0.235,597181
THG,20050223,0.76,0.77,0.75,0.77,128718
THK,20050223,1.32,1.35,1.32,1.34,73505
THX,20050223,0.3,0.32,0.3,0.32,64300
TIF,20050223,0.45,0.45,0.45,0.45,14800
TIM,20050223,2.23,2.23,1.75,2.14,1274498
TIR,20050223,0.059,0.06,0.057,0.059,2409347
TIS,20050223,0.82,0.82,0.8,0.8,71398
TKG,20050223,0.006,0.006,0.006,0.006,35000
TKL,20050223,0.2,0.22,0.2,0.22,56000
TLC,20050223,0.25,0.25,0.25,0.25,749
TLS,20050223,5.31,5.32,5.28,5.29,12156247
TLT,20050223,0.95,0.95,0.95,0.95,1000
TMO,20050223,0.88,0.89,0.86,0.86,161725
TMS,20050223,0.041,0.042,0.04,0.042,2599000
TNC,20050223,0.37,0.37,0.35,0.35,38425
TNE,20050223,0.75,0.75,0.74,0.74,104625
TNG,20050223,0.1,0.1,0.1,0.1,115700
TNS,20050223,3.79,3.8,3.75,3.75,25585
TOL,20050223,12.81,13.2,12.78,13.12,2077480
TOR,20050223,1.68,1.7,1.66,1.66,25664
TOX,20050223,0.029,0.03,0.028,0.03,1910000
TPX,20050223,6.3,6.5,6.3,6.5,10000
TRG,20050223,14.29,14.29,13.7,14.19,3895
TRS,20050223,3.3,3.3,3.28,3.28,52682
TRU,20050223,9.9,10,9.79,9.85,15370
TRY,20050223,3.05,3.06,3.05,3.06,16900
TSE,20050223,7.05,7.05,7.05,7.05,5923
TSH,20050223,0.43,0.46,0.43,0.46,15110
TSO,20050223,1.95,1.95,1.94,1.95,523635
TSR,20050223,0.092,0.092,0.092,0.092,32400
TSV,20050223,0.09,0.09,0.09,0.09,12000
TTI,20050223,0.265,0.265,0.255,0.255,145000
TTR,20050223,0.305,0.305,0.295,0.295,459539
TTT,20050223,0.83,0.84,0.8,0.84,276012
TTV,20050223,1.02,1.03,1.02,1.03,28000
TVL,20050223,0.125,0.135,0.125,0.135,89000
TWD,20050223,1.5,1.6,1.45,1.6,21475
TWO,20050223,1.44,1.45,1.43,1.44,103228
TWR,20050223,1.79,1.82,1.77,1.77,1412438
TYC,20050223,0.52,0.52,0.495,0.495,193000
TZL,20050223,0.63,0.63,0.61,0.61,266000
TZN,20050223,0.22,0.22,0.215,0.215,150922
UCL,20050223,0.036,0.037,0.036,0.037,700000
UCM,20050223,2.4,2.4,2.35,2.35,4441
UCW,20050223,1.05,1.06,0.98,1.06,131684
UGL,20050223,7.3,7.47,7.21,7.43,232707
UKD,20050223,0.15,0.15,0.145,0.145,159984
UNI,20050223,0.88,0.88,0.82,0.84,63400
UNW,20050223,0.59,0.59,0.56,0.58,235040
URL,20050223,0.14,0.14,0.13,0.135,2441161
UTB,20050223,13.59,13.59,13.21,13.27,452921
UXC,20050223,0.9,0.91,0.9,0.9,52900
VBA,20050223,2,2.03,2,2.03,2823898
VCM,20050223,1.76,1.76,1.7,1.7,49291
VCN,20050223,0.26,0.28,0.26,0.27,194000
VCR,20050223,1.27,1.27,1.24,1.25,629891
VGH,20050223,3.3,3.3,3.29,3.3,227696
VGL,20050223,1.63,1.63,1.62,1.63,317513
VGP,20050223,1.3,1.34,1.29,1.34,150041
VHL,20050223,0.375,0.38,0.375,0.38,80863
VII,20050223,0.17,0.17,0.17,0.17,54000
VIL,20050223,0.26,0.26,0.25,0.25,167200
VLL,20050223,1.96,1.98,1.96,1.97,150320
VOY,20050223,0.25,0.25,0.23,0.24,620010
VPE,20050223,0.036,0.037,0.035,0.036,13715411
VPG,20050223,1.28,1.29,1.28,1.28,842933
VRE,20050223,0.4,0.41,0.4,0.4,56952
VRI,20050223,0.17,0.185,0.17,0.185,375810
VRL,20050223,2.31,2.34,2.29,2.34,40100
VSG,20050223,0.032,0.034,0.031,0.031,287500
VSL,20050223,1.13,1.13,1.05,1.12,1036214
VTI,20050223,0.65,0.66,0.65,0.66,420858
VTP,20050223,1.06,1.06,1.03,1.03,57173
VTR,20050223,1.13,1.13,1.13,1.13,1689
VWD,20050223,1.58,1.58,1.5,1.57,154753
VXS,20050223,0.079,0.079,0.071,0.071,59500
WAB,20050223,1.03,1.04,1.03,1.04,57900
WAG,20050223,0.14,0.14,0.13,0.13,20000
WAL,20050223,0.18,0.18,0.17,0.17,20805
WAM,20050223,1.57,1.57,1.56,1.57,57803
WAN,20050223,8.3,8.3,8.24,8.25,395458
WAS,20050223,0.044,0.045,0.042,0.045,162000
WBB,20050223,7.1,7.2,7.1,7.18,5450
WBC,20050223,19.45,19.5,19.11,19.15,4891967
WCG,20050223,1.61,1.61,1.61,1.61,5200
WDC,20050223,16.59,16.9,16.56,16.87,5093340
WEB,20050223,0.21,0.215,0.195,0.205,1408279
WES,20050223,37,38.19,37,38,658165
WEZ,20050223,0.195,0.195,0.19,0.19,93505
WFL,20050223,2.95,2.95,2.9,2.9,66437
WGR,20050223,0.125,0.125,0.125,0.125,29481
WHF,20050223,3.32,3.32,3.32,3.32,6000
WHS,20050223,4,4,3.95,4,32295
WIL,20050223,0.94,0.94,0.93,0.93,225400
WLS,20050223,1,1.01,1,1,88078
WMR,20050223,7.55,7.57,7.46,7.49,51169503
WNZ,20050223,5.8,5.8,5.8,5.8,14650
WOR,20050223,5.94,5.94,5.72,5.75,156360
WOW,20050223,14.7,14.95,14.66,14.71,1535167
WPL,20050223,21.93,21.99,21.54,21.55,1695172
WRF,20050223,0.48,0.48,0.47,0.47,35000
WSA,20050223,1.74,1.9,1.73,1.88,746311
WSY,20050223,0.023,0.023,0.022,0.022,100000
WTE,20050223,0.055,0.056,0.054,0.055,3019000
WTP,20050223,1.47,1.49,1.45,1.45,140451
WWA,20050223,0.99,1,0.99,1,26020
WWM,20050223,0.035,0.035,0.034,0.035,310500
WYL,20050223,3.33,3.44,3.3,3.42,1141582
XAN,20050223,0.05,0.05,0.047,0.047,100776
XAO,20050223,4136.1,4136.1,4101.6,4103.4,0
XBL,20050223,0.22,0.22,0.22,0.22,44773
XBW,20050223,31800.8,31830.4,31800.8,31830.4,0
XDJ,20050223,2277.5,2277.5,2226.9,2234.8,0
XEJ,20050223,7638.4,7686.1,7538.2,7555.4,0
XFJ,20050223,4947.7,4947.7,4884.2,4884.6,0
XFL,20050223,4089.2,4089.6,4060.3,4060.9,0
XHJ,20050223,4759.7,4775.3,4720.6,4749.7,0
XIJ,20050223,381.9,381.9,367.3,370.7,0
XJO,20050223,4150.9,4150.9,4117.6,4119.3,0
XKO,20050223,4156.5,4156.5,4123.4,4124.9,0
XMD,20050223,4047,4047,3998.4,4016.6,0
XMJ,20050223,7211.3,7301.2,7197,7271.1,0
XNJ,20050223,4904.2,4905.8,4858.7,4891.2,0
XPJ,20050223,1793.8,1799.9,1781.3,1799.9,0
XSJ,20050223,5403.6,5403.6,5337.8,5337.8,0
XSO,20050223,2385,2385,2351.7,2351.8,0
XTJ,20050223,1877.6,1878.6,1868.5,1869.6,0
XTL,20050223,2226.4,2229.1,2214.7,2221.4,0
XTO,20050223,3372.6,3372.6,3347.1,3349,0
XUJ,20050223,4723.3,4723.4,4679.8,4679.8,0
XXJ,20050223,5017.1,5017.1,4931.3,4931.3,0
YAM,20050223,0.01,0.01,0.009,0.01,564167
YGL,20050223,0.027,0.029,0.027,0.027,752390
YML,20050223,0.155,0.155,0.155,0.155,1364
ZFX,20050223,3.2,3.21,3.08,3.09,5389279
ZIM,20050223,3.21,3.45,3.21,3.45,5000
ZYL,20050223,0.005,0.005,0.005,0.005,100000
