AAC,20050722,1.78,1.82,1.78,1.785,215524
AAE,20050722,0.24,0.255,0.24,0.255,50000
AAM,20050722,0.255,0.255,0.245,0.25,22496
AAR,20050722,0.023,0.023,0.023,0.023,200000
AAT,20050722,0.165,0.165,0.165,0.165,29150
AAU,20050722,0.7,0.7,0.685,0.69,178750
ABB,20050722,6.7,6.7,6.52,6.67,107734
ABC,20050722,1.945,1.95,1.945,1.95,1658733
ABI,20050722,0.125,0.125,0.125,0.125,10000
ABP,20050722,1.35,1.365,1.34,1.36,102430
ABQ,20050722,0.315,0.315,0.3,0.305,70000
ABS,20050722,5.49,5.64,5.49,5.62,1750593
ACL,20050722,0.565,0.565,0.565,0.565,2932
ACR,20050722,0.5,0.54,0.5,0.52,1534000
ACU,20050722,0.185,0.195,0.18,0.19,502070
ADA,20050722,0.25,0.25,0.25,0.25,3000
ADB,20050722,11.78,11.91,11.75,11.79,140467
ADG,20050722,3.55,3.55,3.55,3.55,2995
ADI,20050722,0.255,0.26,0.255,0.26,156054
ADN,20050722,0.255,0.26,0.255,0.26,65000
ADT,20050722,0.965,0.99,0.965,0.98,47526
ADU,20050722,0.39,0.39,0.37,0.37,22516
ADX,20050722,0.15,0.15,0.15,0.15,115000
ADY,20050722,0.1,0.105,0.1,0.105,2863871
ADZ,20050722,2.01,2.05,2,2.05,283100
AEC,20050722,2.4,2.4,2.38,2.38,9250
AED,20050722,0.7,0.71,0.695,0.7,176300
AEN,20050722,1.06,1.06,0.98,0.98,22500
AEO,20050722,1.79,1.875,1.78,1.84,411490
AET,20050722,0.335,0.335,0.33,0.33,40000
AEU,20050722,1.405,1.41,1.4,1.4,67465
AEX,20050722,0.035,0.035,0.033,0.034,3113034
AFI,20050722,3.88,3.9,3.86,3.89,242710
AFL,20050722,0.7,0.7,0.66,0.68,14667
AFT,20050722,0.011,0.012,0.011,0.012,1065566
AGC,20050722,1.3,1.35,1.28,1.29,1175456
AGG,20050722,9.2,9.2,9.2,9.2,2000
AGI,20050722,0.585,0.595,0.585,0.595,17596
AGL,20050722,14.44,14.5,14.38,14.45,1431210
AGM,20050722,0.13,0.13,0.125,0.125,197058
AGO,20050722,0.275,0.295,0.27,0.27,103000
AGS,20050722,0.075,0.079,0.075,0.075,872000
AGX,20050722,0.32,0.32,0.315,0.315,32082
AGY,20050722,0.042,0.042,0.042,0.042,5000
AHD,20050722,4.96,5.15,4.9,5.07,55499
AHG,20050722,0.057,0.057,0.056,0.056,100000
AHS,20050722,1.25,1.275,1.25,1.26,231394
AHU,20050722,6,6,6,6,35
AIA,20050722,2.13,2.13,2.1,2.13,150132
AII,20050722,0.33,0.33,0.33,0.33,7000
AIM,20050722,0.059,0.059,0.055,0.055,2550880
AIX,20050722,2.4,2.46,2.4,2.46,825116
AIZ,20050722,1.13,1.13,1.13,1.13,22882
AJL,20050722,1.295,1.3,1.285,1.285,25694
AKD,20050722,0.014,0.014,0.014,0.014,150000
ALB,20050722,0.54,0.54,0.54,0.54,26500
ALD,20050722,0.22,0.22,0.215,0.22,38360
ALK,20050722,0.16,0.16,0.155,0.155,268558
ALL,20050722,11.75,12.26,11.75,12.25,1630432
ALN,20050722,9.62,9.7,9.6,9.65,923448
ALR,20050722,1.22,1.22,1.21,1.21,1512
ALS,20050722,7.76,7.97,7.76,7.85,203183
ALU,20050722,0.24,0.24,0.22,0.22,355000
ALW,20050722,0.66,0.675,0.66,0.67,1376212
ALZ,20050722,1.44,1.475,1.44,1.475,1799850
AMB,20050722,0.565,0.565,0.565,0.565,35
AMC,20050722,6.93,7,6.91,7,4268269
AMH,20050722,0.505,0.51,0.5,0.51,140615
AML,20050722,0.45,0.47,0.45,0.465,70000
AMM,20050722,0.185,0.185,0.18,0.185,90527
AMO,20050722,0.79,0.79,0.79,0.79,10000
AMP,20050722,6.7,6.83,6.7,6.8,8694716
AMU,20050722,0.815,0.82,0.81,0.815,327498
ANC,20050722,8.28,8.28,8.28,8.28,500
AND,20050722,0.175,0.175,0.17,0.175,727774
ANE,20050722,3.47,3.49,3.45,3.48,64645
ANG,20050722,0.315,0.32,0.315,0.32,25000
ANM,20050722,0.009,0.009,0.009,0.009,1091523
ANN,20050722,10.2,10.38,10.13,10.25,457306
ANO,20050722,0.165,0.19,0.165,0.19,821653
ANP,20050722,0.046,0.046,0.046,0.046,22000
ANX,20050722,0.4,0.4,0.4,0.4,74402
ANZ,20050722,21.15,21.33,21.14,21.3,5086233
AOE,20050722,0.435,0.45,0.43,0.45,528714
AOP,20050722,0.85,0.85,0.85,0.85,5000
APA,20050722,3.85,3.87,3.81,3.87,165945
APD,20050722,1.38,1.4,1.38,1.4,10000
APG,20050722,0.04,0.042,0.038,0.041,1038665
API,20050722,3.24,3.27,3.24,3.25,470970
APN,20050722,5.2,5.32,5.2,5.3,1156542
APR,20050722,2.04,2.04,2.04,2.04,7200
APV,20050722,0.22,0.22,0.22,0.22,30000
APZ,20050722,0.2,0.205,0.2,0.205,2133500
AQA,20050722,4.15,4.15,4,4,37406
AQD,20050722,0.08,0.08,0.075,0.075,195815
AQP,20050722,7.05,7.11,7.03,7.1,28678
ARA,20050722,0.33,0.33,0.33,0.33,70000
ARE,20050722,0.22,0.22,0.22,0.22,5000
ARG,20050722,5.8,5.84,5.75,5.75,75723
ARM,20050722,0.255,0.255,0.255,0.255,36800
ARO,20050722,0.048,0.05,0.048,0.05,168750
ARP,20050722,3.39,3.41,3.38,3.4,113386
ARQ,20050722,1.9,1.925,1.89,1.905,418498
ARU,20050722,0.23,0.235,0.23,0.235,62500
ARW,20050722,1.24,1.25,1.24,1.25,28952
ARZ,20050722,0.255,0.255,0.255,0.255,500
ASB,20050722,1.7,1.745,1.7,1.73,389289
ASC,20050722,0.04,0.042,0.04,0.04,28000
ASL,20050722,0.71,0.715,0.7,0.7,131700
ASP,20050722,0.079,0.079,0.079,0.079,25000
ASQ,20050722,0.5,0.5,0.5,0.5,20000
ASV,20050722,0.089,0.09,0.089,0.089,255850
ASX,20050722,24.56,25.49,24.56,25.24,403752
ASZ,20050722,0.46,0.46,0.46,0.46,2000
ATG,20050722,0.775,0.775,0.775,0.775,21500
ATN,20050722,0.091,0.091,0.09,0.09,251100
ATP,20050722,0.205,0.205,0.2,0.2,38415
ATR,20050722,2.7,2.7,2.66,2.66,1350
ATX,20050722,0.045,0.048,0.044,0.048,315000
ATZ,20050722,0.13,0.13,0.13,0.13,31250
AUI,20050722,5.7,5.7,5.7,5.7,598
AUN,20050722,1.1,1.1,1.09,1.09,188457
AUO,20050722,1.375,1.4,1.35,1.35,24850
AUS,20050722,0.84,0.845,0.84,0.845,6900
AUT,20050722,0.32,0.325,0.31,0.32,363262
AUW,20050722,1.145,1.15,1.135,1.15,280283
AUX,20050722,0.057,0.057,0.057,0.057,200000
AUZ,20050722,0.018,0.018,0.016,0.016,3440570
AVA,20050722,0.041,0.041,0.041,0.041,1800000
AVE,20050722,1.315,1.315,1.315,1.315,40990
AVJ,20050722,1.3,1.31,1.3,1.3,63975
AVM,20050722,0.4,0.41,0.4,0.41,62000
AVO,20050722,0.38,0.395,0.37,0.395,388000
AVR,20050722,0.93,0.93,0.93,0.93,5000
AVS,20050722,0.15,0.15,0.14,0.14,109910
AVU,20050722,0.4,0.4,0.4,0.4,114983
AVV,20050722,1.26,1.275,1.25,1.25,40653
AVX,20050722,0.155,0.16,0.155,0.16,6892
AWB,20050722,4.85,4.91,4.83,4.91,654520
AWC,20050722,5.78,5.85,5.77,5.84,2928122
AWE,20050722,1.95,1.95,1.92,1.925,1312307
AWP,20050722,2.45,2.5,2.45,2.45,65225
AXA,20050722,4.47,4.49,4.45,4.47,2101642
AXD,20050722,0.115,0.115,0.11,0.11,100000
AXM,20050722,0.13,0.13,0.12,0.12,99500
AXO,20050722,0.6,0.6,0.6,0.6,13000
AZA,20050722,0.745,0.75,0.74,0.74,171691
AZC,20050722,0.175,0.2,0.175,0.2,599082
AZR,20050722,0.205,0.21,0.2,0.21,6108373
AZZ,20050722,0.435,0.45,0.435,0.45,207050
BAR,20050722,0.165,0.165,0.15,0.155,310000
BAS,20050722,0.145,0.15,0.145,0.15,111000
BAX,20050722,5.15,5.2,5.15,5.2,84000
BBB,20050722,0.355,0.365,0.35,0.365,400576
BBG,20050722,14.24,14.4,14.09,14.25,428867
BBI,20050722,1.695,1.705,1.68,1.69,2067865
BBL,20050722,0.135,0.135,0.135,0.135,10000
BCA,20050722,2.96,2.99,2.93,2.98,574263
BCD,20050722,0.36,0.36,0.355,0.355,93440
BCL,20050722,0.22,0.23,0.215,0.22,314500
BDG,20050722,1.165,1.18,1.15,1.165,394271
BDI,20050722,0.25,0.26,0.25,0.25,200849
BDL,20050722,0.07,0.07,0.07,0.07,1666000
BDM,20050722,0.495,0.495,0.49,0.49,20000
BDS,20050722,2.93,2.93,2.9,2.9,24352
BEC,20050722,0.53,0.53,0.53,0.53,67000
BEI,20050722,1.6,1.62,1.6,1.62,296270
BEL,20050722,0.37,0.37,0.36,0.36,75000
BEN,20050722,9.78,9.94,9.78,9.94,219772
BGD,20050722,0.17,0.18,0.165,0.18,575800
BGF,20050722,0.24,0.245,0.235,0.24,2653539
BGN,20050722,0.07,0.08,0.07,0.08,43058
BHP,20050722,19,19.21,18.99,19.09,18638730
BIL,20050722,8.25,8.29,8.22,8.29,3886597
BIT,20050722,0.15,0.15,0.14,0.14,71000
BJT,20050722,1.395,1.395,1.35,1.35,425025
BKA,20050722,0.27,0.27,0.26,0.265,281741
BKI,20050722,1.16,1.17,1.16,1.16,198462
BKL,20050722,13.46,13.5,13.46,13.46,2040
BKM,20050722,0.01,0.01,0.01,0.01,513800
BKN,20050722,2.86,2.86,2.8,2.85,179225
BKP,20050722,0.195,0.195,0.195,0.195,60000
BKS,20050722,0.01,0.01,0.01,0.01,310000
BKW,20050722,10.34,10.38,10.3,10.3,10289
BKY,20050722,0.215,0.215,0.21,0.215,40200
BLD,20050722,6.65,6.69,6.59,6.62,2581514
BLN,20050722,0.13,0.13,0.13,0.13,66551
BLR,20050722,0.022,0.023,0.02,0.02,2256700
BLT,20050722,0.14,0.14,0.13,0.13,94771
BLZ,20050722,0.06,0.061,0.06,0.061,440000
BMO,20050722,0.23,0.235,0.225,0.235,166330
BMX,20050722,0.21,0.215,0.205,0.21,1317558
BNB,20050722,15.51,15.62,15.46,15.5,397163
BNE,20050722,0.3,0.3,0.3,0.3,658
BNO,20050722,0.125,0.125,0.125,0.125,48086
BNT,20050722,0.18,0.18,0.18,0.18,56500
BOC,20050722,0.72,0.72,0.7,0.7,28955
BOL,20050722,2.62,2.66,2.62,2.65,204087
BON,20050722,0.45,0.45,0.45,0.45,50000
BOQ,20050722,11.6,11.65,11.51,11.65,150992
BOS,20050722,0.2,0.255,0.2,0.255,218235
BOW,20050722,0.13,0.135,0.13,0.13,122000
BPC,20050722,0.91,0.92,0.91,0.92,1399085
BPO,20050722,0.031,0.031,0.031,0.031,168056
BPT,20050722,0.745,0.745,0.725,0.735,743703
BQT,20050722,0.265,0.28,0.265,0.28,1610414
BRW,20050722,0.035,0.035,0.035,0.035,301000
BRZ,20050722,1.66,1.685,1.655,1.685,37200
BSA,20050722,0.255,0.255,0.255,0.255,95000
BSG,20050722,0.65,0.66,0.645,0.655,141959
BSL,20050722,8.97,9.07,8.92,9.07,2385012
BSO,20050722,1.96,1.96,1.95,1.95,33060
BTA,20050722,0.465,0.465,0.45,0.45,125581
BTC,20050722,0.385,0.4,0.38,0.39,111000
BTV,20050722,0.038,0.041,0.037,0.039,7989421
BTX,20050722,0.39,0.39,0.38,0.385,248400
BUG,20050722,0.64,0.64,0.63,0.63,15789
BUY,20050722,0.097,0.097,0.096,0.096,319900
BWP,20050722,1.85,1.9,1.85,1.9,318709
BXP,20050722,0.26,0.27,0.25,0.26,1056464
CAA,20050722,1.895,1.9,1.875,1.9,88021
CAB,20050722,4.78,4.8,4.75,4.8,23530
CAG,20050722,0.034,0.035,0.034,0.035,66000
CAL,20050722,0.42,0.42,0.42,0.42,10000
CAS,20050722,0.19,0.22,0.19,0.22,150000
CAT,20050722,22.5,23,22.05,22.05,871
CAU,20050722,0.11,0.11,0.11,0.11,20440
CAZ,20050722,0.275,0.275,0.26,0.265,60000
CBA,20050722,38.63,38.9,38.63,38.83,2521424
CBH,20050722,0.245,0.25,0.24,0.25,1480280
CCE,20050722,0.375,0.375,0.365,0.37,165400
CCI,20050722,0.015,0.015,0.014,0.015,1982073
CCK,20050722,0.08,0.08,0.08,0.08,4900
CCL,20050722,7.77,7.81,7.71,7.78,1869682
CCO,20050722,0.003,0.004,0.003,0.004,1450000
CCP,20050722,3,3.08,3,3.08,47721
CCV,20050722,0.245,0.245,0.245,0.245,2000000
CDA,20050722,1.48,1.48,1.47,1.47,6000
CDD,20050722,2.85,2.95,2.85,2.95,81029
CDF,20050722,1.445,1.45,1.445,1.45,9062
CDO,20050722,4.8,4.93,4.8,4.91,317685
CDP,20050722,3.25,3.25,3.2,3.2,26367
CDR,20050722,2.33,2.37,2.32,2.36,380616
CDX,20050722,2.15,2.25,2.15,2.25,71411
CEG,20050722,1.17,1.17,1.17,1.17,12273
CEQ,20050722,2.18,2.18,2.18,2.18,1000
CEY,20050722,5.15,5.19,5.06,5.08,967853
CFI,20050722,0.74,0.74,0.74,0.74,81354
CFK,20050722,0.51,0.52,0.51,0.515,116316
CFR,20050722,0.015,0.016,0.015,0.016,630000
CFU,20050722,0.675,0.68,0.67,0.67,130273
CGF,20050722,3.26,3.36,3.26,3.34,7136560
CGM,20050722,0.1,0.105,0.095,0.105,239546
CHB,20050722,38,38,38,38,131
CHD,20050722,0.98,0.98,0.98,0.98,84000
CHF,20050722,0.43,0.43,0.415,0.415,98053
CHL,20050722,0.16,0.165,0.16,0.165,25000
CHQ,20050722,0.83,0.85,0.83,0.85,205001
CHT,20050722,0.012,0.012,0.012,0.012,900327
CHX,20050722,1.38,1.385,1.38,1.38,118361
CHY,20050722,2.2,2.2,2.13,2.13,11616
CIG,20050722,0.042,0.043,0.04,0.04,4758992
CII,20050722,0.14,0.14,0.125,0.125,56000
CIN,20050722,15.3,15.3,15.3,15.3,6417
CIR,20050722,1.38,1.38,1.33,1.33,33675
CIX,20050722,0.44,0.45,0.44,0.445,144231
CIY,20050722,4.05,4.08,4.02,4.05,57882
CKR,20050722,0.36,0.36,0.36,0.36,2000
CKS,20050722,0.42,0.425,0.42,0.425,45247
CLB,20050722,0.03,0.03,0.028,0.028,650000
CLF,20050722,0.2,0.2,0.195,0.195,110000
CLH,20050722,1.615,1.62,1.605,1.62,71641
CLO,20050722,0.47,0.48,0.47,0.475,60000
CLT,20050722,1.39,1.45,1.39,1.44,62778
CLV,20050722,0.18,0.18,0.18,0.18,244223
CMI,20050722,1.58,1.58,1.55,1.56,52964
CMK,20050722,0.55,0.55,0.55,0.55,8445
CML,20050722,9.6,9.6,9.49,9.6,5124849
CMO,20050722,0.012,0.012,0.012,0.012,10000
CMP,20050722,0.22,0.22,0.19,0.195,634993
CMQ,20050722,1.1,1.1,1.02,1.03,1831799
CMR,20050722,1.07,1.1,1.06,1.1,113000
CMV,20050722,0.57,0.59,0.57,0.59,62422
CMW,20050722,0.31,0.31,0.3,0.3,135483
CMX,20050722,0.115,0.115,0.11,0.11,90000
CND,20050722,2.35,2.37,2.34,2.35,37823
CNP,20050722,5.39,5.44,5.37,5.39,4648140
COA,20050722,4.9,4.97,4.87,4.9,999995
COE,20050722,0.28,0.285,0.275,0.275,1240510
COF,20050722,2.72,2.74,2.65,2.74,119068
COH,20050722,39.3,39.45,39.05,39.1,399682
COI,20050722,0.14,0.14,0.14,0.14,97500
COO,20050722,0.008,0.008,0.008,0.008,352800
COS,20050722,0.345,0.345,0.31,0.34,100621
COU,20050722,1.47,1.47,1.45,1.46,62150
CPA,20050722,1.275,1.275,1.26,1.27,8414612
CPB,20050722,9.2,9.25,9.2,9.22,4100
CPC,20050722,0.22,0.23,0.22,0.225,428427
CPI,20050722,0.55,0.55,0.545,0.545,55400
CPN,20050722,0.065,0.065,0.065,0.065,150000
CPS,20050722,0.25,0.25,0.25,0.25,20400
CPU,20050722,5.95,6.07,5.93,6.07,3888520
CQT,20050722,0.155,0.16,0.155,0.155,201391
CRE,20050722,0.13,0.135,0.13,0.135,61500
CRG,20050722,8.35,8.35,8.27,8.29,133270
CRK,20050722,0.4,0.4,0.4,0.4,10000
CRL,20050722,0.07,0.07,0.07,0.07,39000
CRS,20050722,0.38,0.385,0.37,0.37,1313281
CRT,20050722,0.585,0.64,0.585,0.64,514102
CRU,20050722,0.78,0.795,0.78,0.78,53704
CSE,20050722,0.22,0.22,0.22,0.22,200000
CSL,20050722,35.58,35.6,35.25,35.6,501920
CSM,20050722,4.07,4.16,4.05,4.07,669744
CSR,20050722,2.58,2.6,2.56,2.6,4192522
CST,20050722,2.9,2.97,2.9,2.97,41536
CTE,20050722,0.225,0.225,0.225,0.225,6000
CTF,20050722,0.15,0.15,0.14,0.14,16600
CTL,20050722,0.85,0.855,0.84,0.84,14350
CTN,20050722,1,1.01,1,1,64140
CTO,20050722,0.13,0.13,0.13,0.13,20000
CTX,20050722,17,17.05,16.87,16.97,939507
CUE,20050722,0.32,0.345,0.315,0.34,6182915
CUL,20050722,0.027,0.027,0.026,0.026,250000
CUO,20050722,0.017,0.017,0.016,0.017,2359000
CUS,20050722,0.11,0.115,0.105,0.11,804972
CUY,20050722,0.67,0.67,0.65,0.66,56960
CVC,20050722,1.45,1.45,1.44,1.44,6000
CVI,20050722,0.046,0.046,0.046,0.046,58696
CVN,20050722,0.024,0.024,0.023,0.023,771276
CWP,20050722,2.45,2.45,2.45,2.45,4000
CWT,20050722,0.92,0.925,0.92,0.925,67245
CXL,20050722,0.555,0.555,0.555,0.555,407
CXN,20050722,0.195,0.2,0.19,0.2,209500
CXP,20050722,5.65,5.97,5.65,5.97,184035
CXS,20050722,0.6,0.6,0.555,0.585,26602
CYA,20050722,1.01,1.01,1,1.005,486990
CYG,20050722,5.59,5.62,5.59,5.6,15637
CYN,20050722,0.37,0.37,0.37,0.37,20000
CYT,20050722,0.52,0.52,0.52,0.52,3220
DBS,20050722,0.405,0.41,0.405,0.41,38650
DDT,20050722,0.23,0.24,0.23,0.23,235000
DEG,20050722,0.23,0.235,0.23,0.235,281000
DES,20050722,0.11,0.115,0.11,0.115,200067
DEX,20050722,1,1,1,1,93750
DFT,20050722,0.014,0.014,0.014,0.014,350000
DGR,20050722,0.093,0.1,0.093,0.1,9270
DIO,20050722,0.061,0.061,0.061,0.061,170000
DJS,20050722,2.11,2.14,2.11,2.14,2717481
DJW,20050722,3.97,3.98,3.95,3.98,89106
DKN,20050722,0.69,0.7,0.69,0.69,64600
DKS,20050722,10.8,11,10.8,11,2365
DLS,20050722,0.069,0.069,0.067,0.069,736111
DMP,20050722,2.8,2.85,2.78,2.84,301056
DMX,20050722,0.016,0.019,0.016,0.016,50428
DMY,20050722,0.155,0.155,0.155,0.155,8071
DNL,20050722,0.215,0.22,0.21,0.22,152753
DOM,20050722,0.36,0.36,0.35,0.36,133100
DOW,20050722,5.32,5.45,5.32,5.44,1331755
DRA,20050722,0.2,0.2,0.19,0.195,428944
DRK,20050722,0.15,0.15,0.15,0.15,100000
DRN,20050722,0.069,0.069,0.068,0.068,80200
DRT,20050722,1.37,1.375,1.365,1.37,5795329
DRX,20050722,0.15,0.15,0.15,0.15,113483
DTL,20050722,3.03,3.09,3.03,3.09,4863
DUE,20050722,2.46,2.47,2.44,2.45,1137756
DUI,20050722,2.53,2.53,2.53,2.53,43245
DVC,20050722,3.99,4,3.93,3.98,902791
DVM,20050722,0.025,0.025,0.024,0.024,200000
DVN,20050722,0.64,0.64,0.63,0.64,54666
DYL,20050722,0.12,0.13,0.115,0.125,11530795
EBB,20050722,4.54,4.55,4.5,4.55,118050
EBG,20050722,0.18,0.185,0.175,0.185,118143
EBT,20050722,0.21,0.21,0.205,0.21,65556
ECH,20050722,0.295,0.295,0.295,0.295,2077
EDN,20050722,0.36,0.36,0.36,0.36,6761
EGL,20050722,0.095,0.096,0.095,0.096,230027
EGO,20050722,0.008,0.008,0.007,0.007,18368490
ELK,20050722,0.5,0.5,0.49,0.49,127400
ELX,20050722,0.27,0.28,0.27,0.27,53780
EMI,20050722,0.275,0.275,0.27,0.27,99638
EMP,20050722,0.305,0.305,0.3,0.3,20000
ENE,20050722,4.03,4.1,4.02,4.1,221545
ENG,20050722,0.076,0.076,0.076,0.076,5000
ENV,20050722,1.16,1.185,1.16,1.185,536981
EON,20050722,0.68,0.68,0.67,0.67,37600
EOS,20050722,4.27,4.27,4.22,4.27,4780
EPE,20050722,0.069,0.069,0.067,0.067,207500
EPR,20050722,0.08,0.08,0.08,0.08,40000
EPT,20050722,0.52,0.54,0.505,0.53,347046
EQI,20050722,1.1,1.105,1.075,1.075,56500
EQM,20050722,6.86,6.86,6.85,6.86,12712
EQN,20050722,0.5,0.5,0.48,0.485,266000
EQX,20050722,0.22,0.22,0.22,0.22,23197
ERA,20050722,14.59,14.7,14.53,14.54,28059
ERG,20050722,0.27,0.275,0.265,0.27,1511783
ESG,20050722,0.2,0.205,0.195,0.2,161873
ESS,20050722,0.38,0.39,0.38,0.39,87860
ESV,20050722,0.85,0.85,0.85,0.85,12800
ETC,20050722,0.028,0.028,0.028,0.028,100000
ETE,20050722,0.105,0.105,0.1,0.1,75081
ETR,20050722,1.69,1.7,1.685,1.7,160176
ETW,20050722,0.45,0.455,0.435,0.455,262057
EUG,20050722,0.14,0.14,0.14,0.14,14800
EVM,20050722,0.305,0.31,0.305,0.31,50000
EVZ,20050722,0.055,0.055,0.055,0.055,2500
EWC,20050722,0.037,0.037,0.033,0.035,1594041
EXL,20050722,8.22,8.48,7.3,7.47,3727926
EXR,20050722,0.38,0.41,0.38,0.4,120800
EXS,20050722,0.15,0.15,0.145,0.15,179997
EXT,20050722,0.022,0.023,0.021,0.021,14923099
EZL,20050722,1.66,1.66,1.66,1.66,17531
FAN,20050722,3.74,3.75,3.7,3.75,44625
FAR,20050722,0.08,0.083,0.08,0.08,2524656
FBU,20050722,6.1,6.2,6.1,6.2,8938
FCL,20050722,2.02,2.1,2.01,2.07,3205160
FCN,20050722,0.465,0.49,0.465,0.465,2199557
FCO,20050722,0.28,0.28,0.28,0.28,10213
FEA,20050722,0.57,0.58,0.55,0.58,146441
FGL,20050722,5.52,5.64,5.51,5.62,8399687
FKP,20050722,3.05,3.1,3.05,3.1,490694
FLT,20050722,15.2,15.9,15.2,15.87,184472
FLX,20050722,2.63,2.63,2.5,2.56,307482
FMG,20050722,2.65,2.71,2.63,2.68,99836
FOA,20050722,26.69,27.3,26.69,27.25,756441
FPA,20050722,3.25,3.25,3.25,3.25,107660
FPF,20050722,0.045,0.045,0.044,0.044,172500
FPH,20050722,3.02,3.02,3.01,3.01,601500
FRI,20050722,0.42,0.43,0.42,0.42,116300
FRL,20050722,0.19,0.19,0.19,0.19,52000
FRM,20050722,0.65,0.68,0.65,0.68,5300
FRR,20050722,0.97,0.975,0.96,0.96,82300
FSA,20050722,0.036,0.036,0.036,0.036,10000
FSL,20050722,0.012,0.013,0.012,0.013,122800
FUN,20050722,2.03,2.04,1.96,1.99,516363
FUS,20050722,0.012,0.012,0.011,0.011,2239755
FWD,20050722,6.67,6.75,6.65,6.73,190879
FXJ,20050722,4.35,4.39,4.32,4.39,1231898
FXR,20050722,0.365,0.385,0.335,0.38,1969063
GAA,20050722,1,1,0.97,0.97,27000
GAN,20050722,1.66,1.67,1.66,1.665,2537026
GAP,20050722,1.52,1.52,1.5,1.5,46600
GAS,20050722,2.71,2.73,2.69,2.71,92720
GBG,20050722,0.08,0.081,0.08,0.08,368662
GBL,20050722,0.041,0.041,0.039,0.039,238268
GBP,20050722,0.495,0.495,0.49,0.49,35000
GBT,20050722,1.05,1.09,1.05,1.09,41000
GCL,20050722,3.26,3.28,3.25,3.27,1684879
GCN,20050722,0.08,0.08,0.08,0.08,100000
GCR,20050722,0.037,0.039,0.037,0.039,221063
GDA,20050722,0.003,0.003,0.003,0.003,1500000
GDM,20050722,0.325,0.35,0.325,0.35,205808
GDN,20050722,0.071,0.071,0.07,0.07,200500
GDR,20050722,0.17,0.17,0.16,0.16,71000
GDY,20050722,1.63,1.64,1.61,1.625,54861
GEN,20050722,0.27,0.27,0.27,0.27,96504
GEP,20050722,0.185,0.185,0.185,0.185,28500
GFD,20050722,0.56,0.56,0.55,0.55,67714
GGN,20050722,0.33,0.335,0.33,0.33,480500
GGP,20050722,0.185,0.185,0.185,0.185,43853
GGX,20050722,0.23,0.23,0.22,0.22,130000
GGY,20050722,0.037,0.037,0.036,0.036,221000
GHG,20050722,0.83,0.83,0.82,0.82,58251
GIP,20050722,0.14,0.14,0.125,0.125,30000
GIR,20050722,0.25,0.265,0.245,0.265,3003710
GLB,20050722,0.325,0.325,0.32,0.32,148725
GLI,20050722,1.29,1.295,1.28,1.285,67256
GLN,20050722,0.12,0.12,0.115,0.115,293228
GLO,20050722,0.083,0.083,0.083,0.083,6000
GMI,20050722,0.99,1,0.99,1,259000
GML,20050722,0.082,0.082,0.082,0.082,20000
GNC,20050722,11.26,11.3,11.25,11.3,9017
GNL,20050722,0.075,0.075,0.075,0.075,20000
GNS,20050722,4.04,4.05,3.94,3.94,929445
GOG,20050722,0.175,0.175,0.17,0.175,138028
GOP,20050722,0.125,0.125,0.125,0.125,396000
GOW,20050722,2.58,2.58,2.58,2.58,2000
GPB,20050722,1.12,1.12,1.105,1.105,31200
GPE,20050722,0.075,0.075,0.075,0.075,100000
GPG,20050722,1.83,1.83,1.825,1.825,9148
GPN,20050722,0.018,0.018,0.018,0.018,733619
GPO,20050722,0.021,0.021,0.021,0.021,223000
GPT,20050722,3.74,3.76,3.71,3.72,6788715
GRD,20050722,2.13,2.27,2.13,2.24,842717
GRN,20050722,0.54,0.54,0.5,0.5,42920
GRO,20050722,1.45,1.475,1.45,1.47,131457
GRR,20050722,0.805,0.805,0.795,0.795,74620
GRY,20050722,0.23,0.23,0.22,0.23,182000
GSA,20050722,1.16,1.17,1.14,1.17,2937190
GSE,20050722,0.032,0.032,0.03,0.03,600000
GTG,20050722,0.375,0.38,0.375,0.38,33076
GTP,20050722,3.31,3.33,3.29,3.3,1896168
GTX,20050722,0.385,0.4,0.385,0.4,95841
GUD,20050722,7.41,7.46,7.4,7.45,213767
GUN,20050722,0.25,0.255,0.245,0.255,228000
GVM,20050722,0.027,0.027,0.026,0.026,1000000
GWR,20050722,0.23,0.23,0.23,0.23,12500
GWT,20050722,2.93,3,2.93,3,123019
GYN,20050722,0.16,0.16,0.16,0.16,10168
GZL,20050722,2.94,3,2.94,3,7240
HAN,20050722,12.25,12.35,12.25,12.35,2747
HAV,20050722,1.05,1.05,1.035,1.035,78600
HCC,20050722,1.19,1.2,1.15,1.15,9350
HCY,20050722,0.015,0.016,0.015,0.015,301200
HDF,20050722,2.69,2.7,2.67,2.68,259860
HDR,20050722,2.29,2.29,2.26,2.27,1158661
HER,20050722,0.61,0.61,0.6,0.6,30000
HGI,20050722,1.485,1.49,1.48,1.49,1157541
HGO,20050722,0.15,0.155,0.15,0.15,472630
HGR,20050722,0.13,0.13,0.13,0.13,800
HHL,20050722,6.07,6.08,6.05,6.08,12299
HHV,20050722,0.95,0.95,0.94,0.945,282284
HIC,20050722,0.74,0.74,0.74,0.74,34658
HIG,20050722,0.47,0.485,0.47,0.485,294472
HIL,20050722,4.46,4.65,4.46,4.65,204913
HJB,20050722,0.345,0.345,0.345,0.345,30000
HLD,20050722,0.24,0.24,0.235,0.235,100000
HLE,20050722,0.045,0.045,0.045,0.045,250000
HLT,20050722,0.4,0.4,0.39,0.39,41500
HLX,20050722,0.2,0.2,0.195,0.195,416329
HMC,20050722,0.06,0.06,0.059,0.059,80000
HME,20050722,7.81,7.9,7.81,7.85,6468
HMR,20050722,0.54,0.55,0.54,0.54,87342
HNG,20050722,1.76,1.76,1.755,1.755,16200
HNR,20050722,0.09,0.09,0.09,0.09,56000
HPX,20050722,1.79,1.795,1.76,1.76,38443
HRD,20050722,0.225,0.225,0.22,0.22,50000
HRR,20050722,0.69,0.69,0.675,0.68,97879
HSK,20050722,0.365,0.365,0.36,0.36,50000
HSN,20050722,0.28,0.28,0.28,0.28,6000
HSP,20050722,5.05,5.1,4.95,5.07,459140
HST,20050722,1.84,1.84,1.83,1.84,578423
HTA,20050722,0.27,0.275,0.265,0.27,219237
HTE,20050722,0.028,0.035,0.028,0.034,1450881
HTW,20050722,0.43,0.43,0.43,0.43,20000
HUG,20050722,0.061,0.061,0.056,0.056,137189
HVN,20050722,2.74,2.74,2.67,2.69,959610
HWI,20050722,1.53,1.56,1.53,1.55,172083
HZN,20050722,0.105,0.11,0.105,0.11,725000
IAG,20050722,6.11,6.24,6.08,6.24,6411698
IAS,20050722,0.25,0.295,0.25,0.28,178146
IAT,20050722,0.075,0.075,0.075,0.075,45714
IBA,20050722,0.435,0.44,0.425,0.44,168655
IBC,20050722,0.565,0.565,0.565,0.565,61269
IBR,20050722,0.29,0.32,0.29,0.32,55000
IBT,20050722,1.7,1.74,1.7,1.74,32000
ICC,20050722,0.007,0.007,0.006,0.006,575000
ICN,20050722,0.03,0.032,0.03,0.032,570333
ICS,20050722,0.375,0.375,0.375,0.375,1000
IDT,20050722,1.79,1.79,1.77,1.77,5975
IEF,20050722,1.1,1.1,1.1,1.1,15000
IFL,20050722,6.76,6.9,6.76,6.85,37607
IFM,20050722,0.61,0.61,0.58,0.59,560098
IGL,20050722,0.14,0.17,0.14,0.17,261720
IGO,20050722,1.4,1.405,1.4,1.405,188257
IGP,20050722,4.44,4.46,4.43,4.43,31324
IGR,20050722,0.091,0.096,0.091,0.096,779760
IHG,20050722,0.024,0.024,0.024,0.024,19000
IIF,20050722,2.1,2.14,2.1,2.14,2394286
IIN,20050722,2.92,2.95,2.89,2.93,223300
ILF,20050722,1.11,1.12,1.1,1.11,469250
ILU,20050722,7.66,7.92,7.66,7.85,1772748
IMA,20050722,0.37,0.37,0.35,0.37,31500
IMD,20050722,0.22,0.225,0.22,0.225,46000
IMF,20050722,0.74,0.74,0.7,0.7,382000
IMH,20050722,0.12,0.12,0.12,0.12,105000
IML,20050722,0.09,0.09,0.09,0.09,61422
IMP,20050722,0.004,0.004,0.004,0.004,800000
IMU,20050722,0.13,0.145,0.13,0.145,515600
INL,20050722,0.064,0.064,0.062,0.064,155000
INO,20050722,0.22,0.22,0.22,0.22,4500
INP,20050722,0.625,0.64,0.615,0.63,143317
INT,20050722,0.038,0.038,0.037,0.037,110000
IOF,20050722,1.295,1.305,1.285,1.295,1300326
IOH,20050722,0.36,0.36,0.355,0.355,32316
IPG,20050722,1.94,1.95,1.94,1.95,4142498
IPL,20050722,15.82,16,15.6,15.6,6443
IPN,20050722,0.07,0.07,0.07,0.07,140000
IRE,20050722,4.24,4.37,4.24,4.37,155110
IRI,20050722,0.47,0.48,0.46,0.47,216120
IRN,20050722,0.325,0.33,0.32,0.32,184550
ITD,20050722,0.21,0.225,0.205,0.22,97835
ITE,20050722,0.15,0.155,0.145,0.155,84480
ITF,20050722,1.09,1.09,1.09,1.09,44120
IVC,20050722,4.3,4.38,4.3,4.36,188800
IVK,20050722,0.016,0.016,0.015,0.015,166450
IWF,20050722,1.46,1.49,1.45,1.48,165456
IWI,20050722,2.45,2.45,2.45,2.45,10000
IWL,20050722,2.73,2.75,2.71,2.74,95560
JAK,20050722,0.13,0.13,0.13,0.13,90500
JBH,20050722,3.35,3.38,3.33,3.38,366869
JBM,20050722,7.8,7.96,7.8,7.88,533449
JET,20050722,0.72,0.72,0.72,0.72,19100
JFM,20050722,1.27,1.27,1.26,1.27,258496
JGL,20050722,0.13,0.13,0.1,0.1,808118
JHX,20050722,8.74,8.85,8.55,8.81,2149801
JMB,20050722,0.84,0.84,0.82,0.82,5700
JML,20050722,0.205,0.205,0.2,0.205,255844
JMS,20050722,0.12,0.12,0.105,0.12,320300
JPR,20050722,0.074,0.074,0.074,0.074,55220
JRL,20050722,0.32,0.32,0.315,0.315,64064
JRV,20050722,0.018,0.018,0.018,0.018,1230000
JST,20050722,2.07,2.09,2.03,2.06,919785
JUM,20050722,0.066,0.066,0.065,0.065,767629
JVG,20050722,0.16,0.16,0.16,0.16,20000
JYC,20050722,0.74,0.75,0.74,0.75,16500
KAL,20050722,0.19,0.19,0.19,0.19,37500
KAR,20050722,1.66,1.66,1.61,1.63,32325
KBO,20050722,0.075,0.075,0.075,0.075,80000
KCN,20050722,3.1,3.23,3.1,3.17,453724
KDS,20050722,0.7,0.7,0.69,0.69,10000
KHF,20050722,4.1,4.1,4.07,4.07,250
KIA,20050722,0.032,0.032,0.028,0.028,663086
KIM,20050722,1.1,1.1,1.09,1.1,366253
KME,20050722,1.43,1.43,1.425,1.425,6200
KMN,20050722,0.225,0.235,0.225,0.235,134000
KOV,20050722,3.95,3.95,3.91,3.91,1132
KRS,20050722,0.25,0.255,0.25,0.25,236000
KSC,20050722,3.15,3.15,3.15,3.15,1600
KYC,20050722,1.88,1.88,1.84,1.84,71140
KZL,20050722,1.23,1.235,1.215,1.215,244275
LAF,20050722,0.185,0.185,0.175,0.18,636577
LAS,20050722,0.05,0.055,0.05,0.055,27592
LAU,20050722,0.185,0.19,0.185,0.19,57000
LBY,20050722,0.19,0.21,0.19,0.21,230617
LCL,20050722,0.65,0.66,0.65,0.66,30000
LCP,20050722,0.6,0.6,0.59,0.59,25000
LCT,20050722,0.22,0.22,0.21,0.21,65000
LDN,20050722,40,40,40,40,99
LDW,20050722,5.05,5.05,5.05,5.05,2130
LEF,20050722,0.14,0.14,0.14,0.14,40000
LEG,20050722,0.11,0.11,0.105,0.11,990690
LEI,20050722,12.42,12.8,12.42,12.75,761641
LEP,20050722,2.17,2.17,2.17,2.17,16905
LFE,20050722,0.88,0.97,0.88,0.96,508348
LGD,20050722,0.58,0.58,0.57,0.58,12886
LGO,20050722,0.014,0.014,0.014,0.014,5300
LHG,20050722,1.26,1.27,1.24,1.255,7996949
LIM,20050722,7.1,7.15,7,7.15,21500
LIO,20050722,0.005,0.005,0.004,0.004,2450000
LIP,20050722,1.55,1.57,1.53,1.53,90548
LKO,20050722,0.025,0.025,0.024,0.024,1732524
LLC,20050722,13.1,13.35,13.1,13.32,1054143
LMG,20050722,0.007,0.007,0.007,0.007,500000
LNG,20050722,0.44,0.44,0.42,0.42,341329
LNN,20050722,7.25,7.42,7.25,7.36,1186015
LOK,20050722,0.85,0.87,0.85,0.87,3850
LOU,20050722,0.38,0.38,0.37,0.37,128313
LRF,20050722,0.82,0.82,0.82,0.82,14288
LRL,20050722,0.27,0.27,0.27,0.27,27000
LRX,20050722,0.175,0.18,0.175,0.18,16000
LSG,20050722,1.83,1.855,1.83,1.85,88350
LSL,20050722,0.003,0.003,0.003,0.003,1000000
LUM,20050722,0.063,0.064,0.063,0.064,60000
LVL,20050722,0.062,0.082,0.062,0.076,2392720
LVR,20050722,0.78,0.78,0.715,0.715,205294
LYC,20050722,0.14,0.14,0.14,0.14,34000
LYL,20050722,1.95,1.95,1.95,1.95,10000
MAA,20050722,0.47,0.52,0.47,0.52,96000
MAG,20050722,1.4,1.4,1.4,1.4,2000
MAH,20050722,0.435,0.44,0.42,0.425,1388567
MAL,20050722,0.59,0.62,0.59,0.6,211819
MAP,20050722,3.38,3.41,3.35,3.36,6479985
MAR,20050722,0.105,0.105,0.105,0.105,85000
MAY,20050722,4.81,4.86,4.78,4.86,1104241
MBL,20050722,63.2,64.15,63.2,63.8,928315
MBN,20050722,0.58,0.6,0.58,0.6,79200
MBP,20050722,0.615,0.62,0.6,0.62,419097
MCC,20050722,7.52,7.54,7.37,7.42,297250
MCG,20050722,6.59,6.7,6.52,6.68,1672660
MCK,20050722,0.9,0.9,0.9,0.9,49945
MCP,20050722,3.01,3.04,3.01,3.02,510523
MCR,20050722,0.675,0.69,0.675,0.685,527660
MCW,20050722,1.87,1.87,1.865,1.87,2247540
MDE,20050722,0.96,0.96,0.96,0.96,78000
MDL,20050722,0.58,0.59,0.58,0.59,37304
MDM,20050722,0.035,0.035,0.035,0.035,140000
MDT,20050722,1.18,1.195,1.175,1.19,5788655
MEE,20050722,0.037,0.037,0.037,0.037,16857
MEI,20050722,0.19,0.19,0.19,0.19,1150
MEL,20050722,0.21,0.21,0.21,0.21,500
MEO,20050722,0.09,0.09,0.09,0.09,100000
MEP,20050722,0.39,0.39,0.385,0.385,84190
MFS,20050722,1.64,1.65,1.635,1.65,80761
MFT,20050722,0.935,0.935,0.935,0.935,1400
MGK,20050722,1.4,1.4,1.36,1.36,34486
MGO,20050722,0.175,0.19,0.175,0.19,317527
MGQ,20050722,3.95,4.01,3.93,3.99,3786035
MGR,20050722,3.67,3.75,3.67,3.71,3237056
MGU,20050722,0.11,0.12,0.11,0.12,19200
MGW,20050722,4.04,4.12,4.02,4.05,267468
MGX,20050722,0.615,0.62,0.61,0.615,882135
MIC,20050722,0.062,0.063,0.061,0.063,1192400
MIG,20050722,4.12,4.15,4.11,4.13,7746270
MIK,20050722,0.08,0.094,0.08,0.087,1286501
MIR,20050722,1.57,1.6,1.57,1.58,19835
MIS,20050722,0.425,0.46,0.425,0.46,1525265
MLB,20050722,1.19,1.2,1.19,1.19,79585
MLE,20050722,1.925,1.925,1.92,1.92,46227
MLT,20050722,16.7,16.7,16.5,16.5,3684
MMA,20050722,0.945,0.945,0.935,0.94,324376
MMN,20050722,0.11,0.11,0.11,0.11,553375
MMX,20050722,0.285,0.32,0.285,0.31,1993591
MND,20050722,3.34,3.37,3.34,3.35,38672
MOC,20050722,1.26,1.26,1.26,1.26,7500
MOD,20050722,0.022,0.022,0.022,0.022,278003
MOE,20050722,0.53,0.53,0.525,0.53,161785
MOF,20050722,1.28,1.285,1.275,1.28,5642256
MOG,20050722,0.15,0.16,0.15,0.16,135000
MOL,20050722,1.32,1.32,1.2,1.2,34120
MOO,20050722,0.04,0.04,0.04,0.04,468652
MOS,20050722,0.19,0.19,0.185,0.185,1039081
MPA,20050722,0.1,0.1,0.1,0.1,50000
MPD,20050722,0.096,0.1,0.095,0.1,157000
MPF,20050722,1.055,1.06,1.055,1.06,64700
MPG,20050722,0.945,0.945,0.94,0.94,239153
MPH,20050722,0.43,0.44,0.425,0.43,525699
MPI,20050722,0.043,0.043,0.043,0.043,82864
MPO,20050722,0.038,0.038,0.036,0.037,307840
MPR,20050722,1.15,1.15,1.14,1.145,6832013
MPS,20050722,1.1,1.1,1.1,1.1,13637
MRC,20050722,0.13,0.13,0.125,0.125,10000
MRE,20050722,1.85,1.86,1.84,1.85,1206584
MRL,20050722,0.77,0.77,0.755,0.755,318558
MRM,20050722,0.385,0.39,0.38,0.39,56000
MRX,20050722,0.057,0.058,0.057,0.057,1735478
MRY,20050722,0.007,0.007,0.007,0.007,1170000
MSB,20050722,0.48,0.48,0.48,0.48,3000
MSC,20050722,0.063,0.063,0.059,0.059,1917658
MSO,20050722,0.06,0.06,0.06,0.06,17000
MST,20050722,0.19,0.195,0.17,0.175,6297128
MTB,20050722,0.115,0.13,0.115,0.125,431882
MTH,20050722,0.3,0.3,0.3,0.3,4000
MTI,20050722,0.39,0.39,0.38,0.38,15000
MTN,20050722,0.375,0.39,0.365,0.39,642776
MTR,20050722,0.097,0.1,0.097,0.1,15500
MTS,20050722,4,4.19,4,4.16,6538971
MTX,20050722,0.9,0.915,0.9,0.915,28500
MUL,20050722,0.023,0.027,0.022,0.025,198165844
MUR,20050722,0.075,0.08,0.074,0.079,2406000
MVP,20050722,0.66,0.66,0.63,0.63,16367
MVU,20050722,1.35,1.35,1.3,1.3,31500
MWE,20050722,0.11,0.11,0.11,0.11,90148
MXG,20050722,2.9,2.92,2.86,2.88,4655805
MXI,20050722,0.75,0.765,0.75,0.76,256421
MXL,20050722,0.16,0.16,0.16,0.16,345750
MYO,20050722,1.08,1.09,1.07,1.09,234803
NAB,20050722,31.58,31.9,31.55,31.9,6450741
NAL,20050722,0.35,0.36,0.345,0.355,65000
NAM,20050722,0.735,0.74,0.73,0.735,1065709
NAV,20050722,0.091,0.093,0.091,0.093,41000
NBL,20050722,3.13,3.13,3.12,3.12,5764
NCK,20050722,1.37,1.38,1.37,1.38,8000
NCM,20050722,16.01,16.05,15.87,16,6066446
NDC,20050722,0.155,0.16,0.15,0.155,290000
NDO,20050722,0.11,0.115,0.105,0.11,4509938
NEC,20050722,0.345,0.37,0.345,0.37,435710
NEM,20050722,5.02,5.1,5.02,5.02,85847
NEO,20050722,0.046,0.047,0.046,0.047,1928411
NHC,20050722,1.295,1.295,1.29,1.295,130410
NHH,20050722,0.82,0.82,0.82,0.82,201200
NHM,20050722,0.003,0.003,0.003,0.003,28000
NHR,20050722,0.31,0.31,0.305,0.31,285209
NIA,20050722,0.185,0.19,0.18,0.185,651523
NKL,20050722,0.1,0.1,0.095,0.096,225000
NKP,20050722,0.72,0.74,0.72,0.74,22000
NLB,20050722,0.44,0.45,0.42,0.45,68571
NLS,20050722,0.12,0.12,0.115,0.115,50000
NLX,20050722,0.26,0.26,0.25,0.26,2914118
NMB,20050722,0.022,0.023,0.022,0.023,564200
NMC,20050722,0.055,0.055,0.054,0.054,309500
NMS,20050722,0.855,0.855,0.84,0.84,37500
NPX,20050722,4.15,4.15,4.15,4.15,50000
NRT,20050722,4.8,4.87,4.79,4.8,137568
NSX,20050722,0.52,0.53,0.52,0.53,48590
NTG,20050722,0.335,0.335,0.335,0.335,3000
NUF,20050722,10.25,10.45,10.25,10.45,326568
NVC,20050722,0.36,0.36,0.36,0.36,1000
NVE,20050722,1.39,1.39,1.37,1.37,44409
NWA,20050722,0.035,0.035,0.035,0.035,200000
NWE,20050722,0.155,0.16,0.155,0.155,751769
NWR,20050722,0.205,0.205,0.2,0.2,12000
NWS,20050722,23.06,23.19,23.03,23.08,2160905
NXS,20050722,0.38,0.38,0.37,0.37,96000
NZO,20050722,0.93,0.95,0.93,0.95,10000
OBJ,20050722,0.029,0.03,0.028,0.03,3161111
OCL,20050722,1.115,1.16,1.115,1.16,17100
OCO,20050722,0.011,0.011,0.011,0.011,400000
OEC,20050722,0.1,0.1,0.1,0.1,91000
OEL,20050722,0.21,0.24,0.21,0.225,144311
OEX,20050722,0.195,0.2,0.185,0.2,1021799
OFM,20050722,2.15,2.15,2.15,2.15,11762
OGD,20050722,0.575,0.58,0.555,0.56,365360
OIL,20050722,0.335,0.335,0.32,0.335,22800
OKN,20050722,1.825,1.825,1.77,1.81,132067
OLE,20050722,0.028,0.029,0.028,0.029,220000
OMC,20050722,0.95,0.98,0.95,0.98,27000
OMH,20050722,1.065,1.08,1.065,1.07,48340
OMI,20050722,0.55,0.55,0.5,0.54,17893
OMP,20050722,2.61,2.64,2.6,2.61,708046
ONT,20050722,1.1,1.1,1.1,1.1,23500
OPL,20050722,0.52,0.53,0.52,0.52,424631
OPM,20050722,0.003,0.003,0.002,0.002,1900000
ORC,20050722,0.11,0.11,0.1,0.1,75000
ORG,20050722,7.5,7.54,7.43,7.45,5260612
ORH,20050722,0.255,0.255,0.25,0.25,50000
ORI,20050722,18.44,18.65,18.31,18.51,2389995
ORL,20050722,2.11,2.11,2.1,2.1,4000
ORO,20050722,0.025,0.025,0.025,0.025,400000
ORP,20050722,0.016,0.016,0.016,0.016,25000
ORT,20050722,0.055,0.055,0.055,0.055,145000
OSH,20050722,3.33,3.35,3.31,3.32,6353404
OST,20050722,2.69,2.74,2.68,2.74,3438342
OTL,20050722,0.305,0.305,0.3,0.3,275000
OTT,20050722,0.39,0.39,0.39,0.39,5000
OXR,20050722,0.935,0.97,0.935,0.96,15572709
PAA,20050722,0.22,0.22,0.21,0.21,134916
PBA,20050722,0.6,0.6,0.58,0.58,40800
PBB,20050722,1.86,1.9,1.86,1.9,170377
PBD,20050722,1.415,1.415,1.395,1.395,82294
PBG,20050722,2.33,2.39,2.31,2.34,2172820
PBI,20050722,0.21,0.21,0.21,0.21,25000
PBL,20050722,15.49,15.66,15.43,15.6,1857096
PCC,20050722,0.084,0.084,0.084,0.084,7167
PCG,20050722,0.58,0.585,0.575,0.58,60690
PCL,20050722,0.085,0.085,0.083,0.083,807809
PCP,20050722,0.14,0.15,0.135,0.15,342500
PDG,20050722,19.5,19.8,19.5,19.8,225
PDN,20050722,1.48,1.6,1.465,1.59,3325092
PEL,20050722,0.063,0.063,0.063,0.063,53033
PEM,20050722,0.67,0.68,0.67,0.675,196257
PEN,20050722,0.011,0.012,0.011,0.012,3757600
PEO,20050722,0.135,0.135,0.135,0.135,35000
PEP,20050722,0.39,0.39,0.37,0.385,55838
PET,20050722,0.96,0.96,0.945,0.945,119233
PGA,20050722,3.05,3.05,3.05,3.05,8850
PGL,20050722,2.78,2.78,2.73,2.75,21500
PGN,20050722,0.72,0.72,0.72,0.72,2500
PGS,20050722,0.17,0.17,0.17,0.17,34000
PHI,20050722,0.38,0.38,0.38,0.38,1348
PHL,20050722,0.033,0.033,0.03,0.032,810000
PIE,20050722,0.018,0.019,0.018,0.018,810000
PIO,20050722,0.155,0.17,0.155,0.17,140000
PLA,20050722,0.125,0.135,0.125,0.135,930497
PLF,20050722,1.01,1.07,1,1.07,975131
PLT,20050722,0.225,0.23,0.225,0.23,33700
PMA,20050722,0.54,0.55,0.54,0.55,126400
PMC,20050722,2.07,2.07,2,2.01,114818
PME,20050722,1.11,1.11,1.11,1.11,21700
PMH,20050722,0.009,0.009,0.009,0.009,47000
PMM,20050722,3.83,3.86,3.83,3.86,1005014
PMN,20050722,4.89,4.94,4.89,4.92,8209783
PMP,20050722,1.3,1.33,1.3,1.325,928747
PNA,20050722,0.23,0.235,0.22,0.235,1702990
PNN,20050722,0.34,0.365,0.34,0.34,312560
PNO,20050722,0.034,0.034,0.033,0.033,215000
POH,20050722,0.245,0.245,0.235,0.24,78153
POL,20050722,0.155,0.155,0.15,0.15,44000
PPC,20050722,1.66,1.66,1.66,1.66,7197
PPD,20050722,0.165,0.165,0.165,0.165,2000
PPG,20050722,0.48,0.48,0.475,0.475,84592
PPK,20050722,0.905,0.905,0.9,0.9,2150
PPP,20050722,0.145,0.145,0.14,0.14,55172
PPR,20050722,1.775,1.775,1.72,1.72,50660
PPT,20050722,61.3,63,61.3,63,172405
PPX,20050722,3.33,3.33,3.22,3.24,4991941
PQB,20050722,0.37,0.37,0.37,0.37,2360
PRE,20050722,0.063,0.064,0.061,0.063,3456358
PRG,20050722,3.11,3.14,3.1,3.11,65270
PRK,20050722,5.6,5.66,5.6,5.62,2929973
PRR,20050722,0.11,0.13,0.11,0.125,1973658
PRT,20050722,3.05,3.05,3,3.05,8900
PRU,20050722,0.165,0.165,0.165,0.165,6000
PRV,20050722,0.955,0.965,0.955,0.965,359248
PRY,20050722,8.8,8.85,8.8,8.85,30943
PSA,20050722,1.14,1.195,1.135,1.18,503590
PSD,20050722,0.825,0.83,0.82,0.82,335262
PSG,20050722,0.061,0.061,0.061,0.061,40000
PSH,20050722,2.13,2.14,2.11,2.11,156654
PSV,20050722,0.31,0.315,0.305,0.315,1370867
PSX,20050722,0.21,0.215,0.205,0.205,224523
PTD,20050722,1.53,1.535,1.52,1.53,731478
PTR,20050722,0.27,0.27,0.27,0.27,54850
PVE,20050722,0.83,0.83,0.83,0.83,6000
PWK,20050722,0.92,0.92,0.88,0.89,66900
PWR,20050722,0.26,0.27,0.24,0.26,157115
PWT,20050722,0.97,0.97,0.965,0.965,2828
PXL,20050722,0.33,0.33,0.33,0.33,10500
PXS,20050722,1.69,1.7,1.68,1.7,126616
PYC,20050722,0.185,0.19,0.185,0.19,300000
QAD,20050722,0.042,0.042,0.04,0.04,1140
QAN,20050722,3.28,3.34,3.27,3.32,12626516
QBE,20050722,16.84,16.87,16.67,16.78,4174176
QCH,20050722,3.95,3.95,3.92,3.92,12200
QED,20050722,0.044,0.048,0.043,0.045,426007
QGC,20050722,0.485,0.49,0.47,0.48,891823
QML,20050722,0.08,0.08,0.07,0.07,160000
QOL,20050722,0.2,0.2,0.2,0.2,95000
QPX,20050722,0.069,0.069,0.069,0.069,50000
QRS,20050722,0.092,0.098,0.092,0.098,272340
QTM,20050722,0.1,0.1,0.096,0.096,5800
QUR,20050722,0.016,0.016,0.016,0.016,353332
RAB,20050722,1.25,1.25,1.25,1.25,4000
RAT,20050722,1.13,1.13,1.13,1.13,23800
RAU,20050722,0.12,0.125,0.12,0.125,55000
RBH,20050722,0.1,0.1,0.08,0.08,12500
RBS,20050722,9.85,9.85,9.85,9.85,650
RBY,20050722,0.01,0.01,0.01,0.01,70000
RCD,20050722,5.81,5.88,5.81,5.85,441749
RCL,20050722,2.82,2.9,2.81,2.89,425015
RCR,20050722,0.78,0.785,0.78,0.785,3255
RCT,20050722,3.08,3.08,3.08,3.08,255
RDF,20050722,2.8,2.96,2.79,2.95,136819
RDM,20050722,0.255,0.26,0.25,0.25,215000
RDR,20050722,0.23,0.23,0.23,0.23,1000
REA,20050722,1.6,1.6,1.6,1.6,1000
REB,20050722,2.19,2.19,2.17,2.17,5267
RED,20050722,0.105,0.11,0.105,0.11,180000
REH,20050722,12.6,12.6,12.55,12.55,1000
REL,20050722,0.15,0.155,0.15,0.155,141891
RER,20050722,0.185,0.195,0.185,0.195,150125
RHC,20050722,8.45,8.5,8.36,8.5,927007
RHD,20050722,0.61,0.61,0.605,0.605,20160
RHT,20050722,0.135,0.14,0.135,0.14,84333
RIC,20050722,1.47,1.475,1.45,1.465,1030910
RIM,20050722,0.018,0.02,0.018,0.02,240000
RIN,20050722,15,15.13,14.88,15.13,4782210
RIO,20050722,47.19,47.49,47.02,47.32,3185433
RIV,20050722,0.77,0.77,0.755,0.77,99981
RKN,20050722,0.855,0.865,0.855,0.86,96950
RMD,20050722,8.61,8.72,8.6,8.7,895859
RMI,20050722,0.13,0.135,0.13,0.13,270000
RML,20050722,0.195,0.2,0.19,0.19,587493
RMS,20050722,0.165,0.165,0.15,0.155,90127
RNG,20050722,0.092,0.092,0.09,0.09,110738
ROC,20050722,2.17,2.2,2.15,2.19,401632
ROK,20050722,4.26,4.28,4.26,4.28,4137
RPC,20050722,0.645,0.65,0.63,0.63,125420
RPM,20050722,0.065,0.065,0.062,0.062,70000
RPT,20050722,0.061,0.064,0.057,0.064,14175341
RRL,20050722,0.1,0.105,0.1,0.105,225416
RRS,20050722,0.028,0.028,0.027,0.027,5647906
RRT,20050722,0.865,0.87,0.86,0.86,127000
RSG,20050722,1.03,1.115,1.03,1.105,1016783
RSN,20050722,0.16,0.16,0.15,0.15,651569
RSP,20050722,1.13,1.13,1.11,1.12,1104369
RTL,20050722,0.285,0.29,0.285,0.285,130000
RTM,20050722,0.055,0.057,0.052,0.052,23362608
RUP,20050722,10.5,10.63,10.5,10.51,12987
RUR,20050722,0.25,0.25,0.225,0.235,1736766
RVR,20050722,0.2,0.2,0.2,0.2,50000
RXL,20050722,0.14,0.145,0.14,0.145,50000
SAH,20050722,0.08,0.08,0.07,0.07,62868
SAI,20050722,2.52,2.52,2.45,2.45,312315
SAR,20050722,0.08,0.08,0.08,0.08,200000
SAX,20050722,0.071,0.071,0.071,0.071,2000
SBC,20050722,12.8,13.04,12.68,12.9,211791
SBM,20050722,0.115,0.115,0.11,0.11,620407
SBS,20050722,0.04,0.04,0.04,0.04,650245
SCE,20050722,0.023,0.023,0.023,0.023,100000
SCF,20050722,111.1,111.1,111,111.1,9387
SCV,20050722,0.72,0.72,0.72,0.72,156000
SDG,20050722,1.6,1.615,1.59,1.615,157037
SDI,20050722,0.695,0.7,0.695,0.7,58100
SDL,20050722,0.017,0.017,0.016,0.016,4312500
SDS,20050722,0.795,0.795,0.725,0.735,73125
SEA,20050722,0.43,0.46,0.43,0.46,251242
SED,20050722,0.21,0.215,0.205,0.205,76500
SEE,20050722,0.055,0.055,0.05,0.05,100000
SEK,20050722,2.43,2.45,2.42,2.45,36960
SEL,20050722,2.04,2.08,2.04,2.08,24445
SEM,20050722,4.37,4.41,4.37,4.38,14000
SEN,20050722,0.31,0.315,0.3,0.31,1038718
SEV,20050722,7.06,7.15,7.01,7.12,592516
SFC,20050722,5.85,5.85,5.85,5.85,5630
SFE,20050722,11.09,11.25,11,11.25,497805
SFY,20050722,42.65,42.65,42.65,42.65,400
SGB,20050722,26.3,26.55,26.28,26.55,1230157
SGL,20050722,0.465,0.475,0.465,0.465,169342
SGN,20050722,2.9,2.95,2.9,2.95,170878
SGP,20050722,5.64,5.68,5.62,5.63,3944426
SGS,20050722,1.06,1.08,1.06,1.08,28400
SGT,20050722,2.18,2.19,2.16,2.16,4998044
SGX,20050722,1.68,1.75,1.68,1.72,216278
SHG,20050722,0.51,0.51,0.51,0.51,4000
SHL,20050722,12.4,12.75,12.4,12.75,496361
SHN,20050722,0.049,0.05,0.049,0.049,195000
SHV,20050722,9.98,10.15,9.98,10.12,19656
SIB,20050722,0.056,0.056,0.053,0.053,31000
SIE,20050722,0.04,0.04,0.04,0.04,325500
SIG,20050722,9.21,9.25,9.2,9.24,188117
SIM,20050722,0.27,0.295,0.265,0.285,196179
SIU,20050722,0.05,0.05,0.05,0.05,281616
SKC,20050722,4.37,4.37,4.37,4.37,409050
SKE,20050722,2.92,2.99,2.92,2.99,98034
SKG,20050722,0.64,0.64,0.64,0.64,5000
SKR,20050722,0.033,0.033,0.032,0.032,693253
SKT,20050722,5.5,5.5,5.5,5.5,124627
SLA,20050722,0.135,0.14,0.13,0.14,203800
SLF,20050722,16.98,17.3,16.98,17.05,11249
SLM,20050722,4.77,4.86,4.77,4.83,65437
SLT,20050722,0.26,0.26,0.24,0.245,154000
SLX,20050722,1.2,1.2,1.19,1.2,81927
SMA,20050722,0.016,0.016,0.016,0.016,125000
SMC,20050722,0.17,0.17,0.165,0.165,38192
SML,20050722,0.088,0.088,0.085,0.085,317350
SMM,20050722,0.54,0.63,0.54,0.62,5521378
SMN,20050722,0.135,0.135,0.13,0.13,322835
SMO,20050722,0.066,0.067,0.065,0.067,485440
SMS,20050722,15.35,15.67,15.35,15.45,560877
SMX,20050722,1.83,1.835,1.83,1.83,80173
SMY,20050722,0.85,0.85,0.84,0.84,47000
SNL,20050722,0.5,0.5,0.5,0.5,4000
SNN,20050722,0.245,0.245,0.245,0.245,100
SOE,20050722,0.21,0.215,0.21,0.215,376716
SOL,20050722,9.4,9.45,9.2,9.21,16309
SOM,20050722,0.29,0.29,0.26,0.26,20000
SOO,20050722,0.275,0.28,0.27,0.28,84200
SOT,20050722,1.455,1.51,1.44,1.47,424699
SPL,20050722,0.525,0.525,0.525,0.525,22150
SPT,20050722,5.38,5.77,5.31,5.54,234261
SRA,20050722,0.056,0.056,0.055,0.055,296815
SRI,20050722,0.071,0.071,0.071,0.071,25000
SRL,20050722,1.93,2.06,1.93,2.02,154101
SRV,20050722,2.9,2.99,2.8,2.99,46000
SRX,20050722,1.68,1.785,1.68,1.71,151757
SRZ,20050722,0.225,0.23,0.21,0.21,269844
SSI,20050722,3.09,3.15,3.09,3.15,12000
SSN,20050722,0.295,0.295,0.29,0.29,55100
SST,20050722,4.44,4.5,4.44,4.5,2000
SSX,20050722,1.24,1.27,1.24,1.27,1986559
STB,20050722,0.14,0.14,0.14,0.14,50000
STE,20050722,0.087,0.087,0.087,0.087,50000
STI,20050722,0.31,0.34,0.31,0.34,237000
STO,20050722,11.15,11.3,11.1,11.3,1595374
STP,20050722,0.046,0.046,0.046,0.046,100000
STR,20050722,0.215,0.215,0.215,0.215,20000
STU,20050722,0.995,1.015,0.99,1.01,134370
STW,20050722,42.8,43.36,42.8,43.23,14245
STX,20050722,0.16,0.16,0.155,0.155,518306
SUL,20050722,2.96,3.05,2.96,3.02,287676
SUN,20050722,20.03,20.17,20.02,20.17,2448574
SUR,20050722,0.21,0.21,0.21,0.21,30000
SYG,20050722,0.007,0.007,0.007,0.007,499000
SYM,20050722,1.47,1.48,1.47,1.47,29000
SYN,20050722,2.5,2.62,2.4,2.4,52000
TAA,20050722,0.018,0.018,0.017,0.017,56211
TAH,20050722,15.84,15.95,15.74,15.91,2768761
TAM,20050722,0.079,0.079,0.079,0.079,756500
TAP,20050722,2.68,2.73,2.68,2.71,629232
TAS,20050722,0.135,0.135,0.13,0.13,250000
TAW,20050722,0.89,0.9,0.89,0.9,21800
TBC,20050722,0.265,0.275,0.265,0.265,912331
TBR,20050722,0.55,0.55,0.55,0.55,7000
TCI,20050722,1.29,1.29,1.27,1.28,52500
TCL,20050722,7.25,7.3,7.19,7.25,4108245
TCQ,20050722,1.005,1.005,1,1,58440
TEA,20050722,0.07,0.07,0.07,0.07,140000
TEE,20050722,0.021,0.022,0.021,0.022,1892273
TEL,20050722,5.52,5.6,5.51,5.6,3195473
TEN,20050722,3.58,3.6,3.57,3.59,1320777
TFE,20050722,0.33,0.335,0.33,0.335,376500
TGD,20050722,0.09,0.09,0.09,0.09,4000
TGF,20050722,0.145,0.15,0.145,0.15,902728
TGG,20050722,1.285,1.31,1.285,1.31,166212
TGR,20050722,0.85,0.85,0.85,0.85,19000
TGS,20050722,0.18,0.185,0.18,0.185,200000
THG,20050722,0.75,0.75,0.74,0.745,343184
THK,20050722,0.92,0.95,0.92,0.93,75500
THX,20050722,0.26,0.26,0.24,0.25,48000
TIF,20050722,0.51,0.52,0.51,0.52,262550
TIM,20050722,2.2,2.22,2.16,2.2,2116842
TIR,20050722,0.053,0.054,0.053,0.053,209761
TIS,20050722,0.75,0.75,0.75,0.75,5400
TKG,20050722,0.004,0.004,0.004,0.004,254000
TKR,20050722,1,1,1,1,58641
TLS,20050722,5.06,5.12,5.06,5.09,17909438
TMO,20050722,0.495,0.495,0.475,0.475,238868
TMS,20050722,0.038,0.039,0.038,0.039,445417
TNE,20050722,0.575,0.59,0.57,0.585,1419502
TNG,20050722,0.275,0.275,0.255,0.26,378245
TNS,20050722,3.5,3.5,3.5,3.5,25250
TOL,20050722,13,13.28,13,13.28,1081832
TOR,20050722,1.72,1.72,1.72,1.72,1010
TOX,20050722,0.042,0.042,0.04,0.04,6817213
TPI,20050722,3.99,4.08,3.99,4.04,156803
TRG,20050722,12.97,13,12.97,13,7365
TRS,20050722,2.91,2.91,2.87,2.87,8700
TRY,20050722,2.34,2.36,2.34,2.35,5688
TSE,20050722,7.35,7.4,7.33,7.37,330633
TSO,20050722,2.11,2.11,2.09,2.1,2895636
TSR,20050722,0.13,0.13,0.13,0.13,15500
TSV,20050722,0.088,0.088,0.081,0.081,170422
TTI,20050722,0.285,0.29,0.28,0.285,158999
TTR,20050722,0.195,0.195,0.19,0.19,230000
TTS,20050722,3.22,3.26,3.19,3.23,4658281
TTT,20050722,0.665,0.69,0.665,0.685,134734
TTV,20050722,0.93,0.93,0.93,0.93,3750
TVL,20050722,0.17,0.17,0.17,0.17,10680
TWD,20050722,1.425,1.425,1.42,1.42,10000
TWO,20050722,1.32,1.33,1.32,1.33,52220
TWR,20050722,1.94,1.96,1.93,1.955,1206575
TYC,20050722,0.74,0.745,0.74,0.74,227986
TZL,20050722,0.52,0.535,0.52,0.53,600528
TZN,20050722,0.32,0.325,0.32,0.325,46452
UCL,20050722,0.029,0.029,0.029,0.029,100000
UCM,20050722,1,1,1,1,500
UGL,20050722,9.66,9.67,9.54,9.64,332403
UKD,20050722,0.13,0.13,0.13,0.13,50000
UNI,20050722,0.605,0.625,0.585,0.585,147700
UNW,20050722,0.475,0.48,0.435,0.47,2153293
UOS,20050722,1.24,1.3,1.24,1.3,20004
URL,20050722,0.145,0.145,0.14,0.145,51573
UTB,20050722,13.5,13.8,13.47,13.8,869012
UXC,20050722,0.83,0.83,0.795,0.81,85319
VBA,20050722,1.655,1.68,1.655,1.655,165793
VCM,20050722,1.8,1.8,1.8,1.8,1423
VCN,20050722,0.285,0.3,0.285,0.3,117999
VCR,20050722,1.44,1.445,1.425,1.43,329937
VGH,20050722,3.73,3.74,3.7,3.73,47993
VGL,20050722,1.35,1.36,1.35,1.355,330288
VGP,20050722,1.12,1.13,1.12,1.13,842
VHL,20050722,0.3,0.3,0.3,0.3,18873
VIA,20050722,0.059,0.07,0.059,0.07,2172000
VLL,20050722,0.455,0.46,0.44,0.44,671050
VOF,20050722,0.99,0.99,0.99,0.99,22200
VOY,20050722,0.31,0.31,0.305,0.305,603022
VPE,20050722,0.026,0.027,0.025,0.026,3308597
VPG,20050722,1.335,1.35,1.335,1.35,311488
VPH,20050722,0.11,0.11,0.11,0.11,2500
VRE,20050722,0.15,0.15,0.15,0.15,15000
VRL,20050722,2.55,2.6,2.54,2.6,352703
VSL,20050722,1.17,1.195,1.17,1.19,463085
VTI,20050722,0.775,0.78,0.77,0.78,125754
VTP,20050722,0.95,0.95,0.95,0.95,25000
VWD,20050722,1.31,1.33,1.31,1.32,125696
WAB,20050722,1.01,1.02,1.01,1.02,20000
WAG,20050722,0.105,0.105,0.105,0.105,9600
WAM,20050722,1.36,1.37,1.36,1.37,36308
WAN,20050722,8.44,8.54,8.44,8.5,309183
WAS,20050722,0.033,0.033,0.032,0.032,397295
WAT,20050722,3.75,3.8,3.75,3.8,4827
WBA,20050722,0.65,0.65,0.65,0.65,8285
WBB,20050722,7.7,7.7,7.5,7.5,1450
WBC,20050722,19.57,19.8,19.5,19.8,7022977
WCB,20050722,3.8,3.82,3.8,3.82,2300
WCG,20050722,1.4,1.4,1.4,1.4,2800
WCP,20050722,0.02,0.02,0.02,0.02,1200000
WDC,20050722,17.3,17.67,17.28,17.57,3846784
WEB,20050722,0.225,0.255,0.22,0.25,5062626
WES,20050722,39.2,39.8,39.08,39.61,1293963
WFL,20050722,2.38,2.38,2.3,2.3,9839
WGR,20050722,0.125,0.125,0.125,0.125,6000
WHF,20050722,3.45,3.45,3.45,3.45,4150
WIL,20050722,0.91,0.91,0.905,0.905,151922
WIT,20050722,1.23,1.23,1.2,1.2,18500
WLL,20050722,1.24,1.29,1.2,1.25,649000
WLS,20050722,0.905,0.91,0.905,0.905,181950
WME,20050722,0.064,0.068,0.06,0.06,385000
WMG,20050722,0.073,0.073,0.07,0.07,314256
WNZ,20050722,5.99,5.99,5.99,5.99,5000
WOR,20050722,7.47,7.61,7.43,7.6,224655
WOW,20050722,16.08,16.42,16.02,16.42,2827422
WPL,20050722,30.1,30.1,29.8,29.9,1391340
WSA,20050722,1.68,1.76,1.68,1.75,562724
WST,20050722,0.61,0.61,0.61,0.61,11907
WTE,20050722,0.044,0.044,0.041,0.042,1518466
WTP,20050722,1.17,1.17,1.17,1.17,5000
WWA,20050722,0.87,0.87,0.865,0.87,59000
WWM,20050722,0.028,0.028,0.028,0.028,34644
WYL,20050722,2.33,2.49,2.33,2.44,546297
XAN,20050722,0.008,0.008,0.008,0.008,300000
XAO,20050722,4302.7,4325.1,4294.7,4324.2,0
XBL,20050722,0.185,0.185,0.18,0.18,12172
XBW,20050722,33743.4,33790.2,33743.4,33790.2,0
XDJ,20050722,2283,2296.9,2271.7,2296.9,0
XEJ,20050722,9725.1,9751.5,9688.8,9715.6,0
XFJ,20050722,5116.5,5153.5,5110.4,5153.5,0
XFL,20050722,4289.1,4315.8,4282,4314.8,0
XHJ,20050722,5393.8,5415.5,5372.5,5415.3,0
XIJ,20050722,387.8,394.8,387,394.8,0
XJO,20050722,4343.2,4371.2,4336.7,4371.1,0
XKO,20050722,4334.7,4362.5,4328.5,4362.4,0
XMD,20050722,4179.1,4207,4168.6,4207,0
XMJ,20050722,7629.2,7676.8,7625.7,7664.2,0
XNJ,20050722,5160.9,5194.7,5145.7,5188.8,0
XPJ,20050722,1788.1,1804.3,1783.7,1797.3,0
XSJ,20050722,5658.1,5734.7,5644.2,5734.2,0
XSO,20050722,2405.5,2428.7,2404.8,2428.7,0
XTJ,20050722,1793.5,1815.4,1793.5,1806.4,0
XTL,20050722,2334.5,2350.5,2330.6,2349,0
XTO,20050722,3529.8,3551.5,3523.6,3551.3,0
XUJ,20050722,4988.4,5018.5,4981.6,5006.3,0
XXJ,20050722,5242.8,5283.8,5237.7,5283.8,0
YAM,20050722,0.008,0.008,0.007,0.007,1750000
YML,20050722,0.185,0.2,0.185,0.185,460593
ZBB,20050722,0.245,0.245,0.24,0.24,100000
ZFX,20050722,3.04,3.08,3.04,3.07,3504054
ZIM,20050722,2.98,2.98,2.88,2.9,2202
ZYL,20050722,0.003,0.004,0.003,0.004,56368020
