AAA,19970905,1.63,1.64,1.61,1.64,1023513
AAD,19970905,0.722,0.73,0.72,0.72,598081
AAV,19970905,0.145,0.16,0.145,0.16,531400
ABC,19970905,1.95,1.95,1.94,1.95,256604
ABD,19970905,0.064,0.064,0.063,0.063,89250
ABF,19970905,3.534,3.58,3.5,3.52,164668
ABG,19970905,3.78,3.78,3.75,3.75,58780
ABK,19970905,0.27,0.27,0.27,0.27,6000
ABR,19970905,0.105,0.105,0.105,0.105,30000
ABT,19970905,0.045,0.05,0.045,0.05,210000
ACY,19970905,0.97,0.97,0.96,0.97,94000
ADB,19970905,4.93,5.23,4.93,5.16,473929
ADF,19970905,0.19,0.19,0.18,0.18,45094
ADH,19970905,0.54,0.54,0.54,0.54,1000
ADM,19970905,0.21,0.21,0.2,0.2,110180
ADN,19970905,0.155,0.212,0.155,0.212,134565
ADT,19970905,1.61,1.61,1.6,1.6,1514
ADX,19970905,0.225,0.225,0.225,0.225,93938
ADZ,19970905,3.05,3.08,3.05,3.07,38435
AEC,19970905,1.59,1.59,1.55,1.55,5480
AEV,19970905,0.04,0.04,0.04,0.04,200000
AEX,19970905,0.032,0.032,0.03,0.03,307714
AFF,19970905,0.4,0.44,0.4,0.44,3756
AFI,19970905,2.613,2.65,2.6,2.62,192578
AFK,19970905,0.58,0.6,0.58,0.6,57350
AFN,19970905,0.9,0.9,0.87,0.89,56150
AGA,19970905,0.3,0.3,0.27,0.27,161500
AGE,19970905,14.5,14.6,14.5,14.6,2000
AGH,19970905,0.98,1,0.98,1,121400
AGL,19970905,8.568,8.77,8.54,8.7,5004307
AGM,19970905,0.145,0.145,0.145,0.145,20650
AGR,19970905,0.7,0.74,0.7,0.73,154000
AHC,19970905,0.46,0.46,0.46,0.46,7000
AHD,19970905,6.78,6.78,6.78,6.78,2200
AHF,19970905,0.79,0.79,0.79,0.79,1000
AHX,19970905,2.25,2.25,2.25,2.25,21020
AIE,19970905,0.12,0.12,0.12,0.12,6000
AIF,19970905,0.6,0.6,0.6,0.6,5000
AIX,19970905,2.5,2.5,2.49,2.49,27600
AJO,19970905,2.15,2.17,2.14,2.15,60529
AJR,19970905,0.84,0.84,0.84,0.84,85074
AKC,19970905,4.65,4.65,4.65,4.65,91
AKD,19970905,0.075,0.087,0.075,0.087,138066
AKL,19970905,0.32,0.325,0.31,0.32,554900
ALA,19970905,0.85,0.85,0.85,0.85,12500
ALK,19970905,0.445,0.45,0.42,0.45,109291
ALL,19970905,2.57,2.57,2.53,2.53,34920
ALM,19970905,0.235,0.24,0.235,0.235,224302
ALO,19970905,0.62,0.62,0.62,0.62,100000
ALZ,19970905,1.63,1.63,1.62,1.63,191490
AMC,19970905,8.583,8.7,8.553,8.7,859589
AML,19970905,2.59,2.61,2.58,2.6,112050
AMU,19970905,0.22,0.22,0.22,0.22,32103
ANE,19970905,3.5,3.5,3.5,3.5,6000
ANI,19970905,1.6,1.63,1.6,1.61,3034809
ANL,19970905,3.605,3.605,3.55,3.55,91000
ANZ,19970905,9.768,9.92,9.76,9.92,2171693
AOF,19970905,1.17,1.18,1.17,1.18,435425
AOV,19970905,0.096,0.096,0.095,0.095,50337
APF,19970905,1.53,1.55,1.52,1.53,73975
APG,19970905,0.047,0.047,0.047,0.047,50000
API,19970905,2.6,2.6,2.6,2.6,50750
APN,19970905,2.24,2.25,2.23,2.25,189194
APU,19970905,0.85,0.85,0.85,0.85,4000
APY,19970905,1.64,1.64,1.63,1.63,41400
AQS,19970905,0.62,0.62,0.62,0.62,4000
ARA,19970905,0.7,0.71,0.67,0.67,74969
ARC,19970905,0.35,0.38,0.35,0.38,1932926
ARG,19970905,3.57,3.6,3.56,3.6,71815
ARI,19970905,0.098,0.1,0.098,0.1,175000
ARL,19970905,3.802,3.85,3.8,3.83,357213
ARN,19970905,8.4,8.55,8.4,8.55,22400
ARP,19970905,3.05,3.05,3.05,3.05,6000
ARQ,19970905,0.1,0.1,0.098,0.1,521000
ARS,19970905,0.49,0.49,0.48,0.49,343624
ARY,19970905,0.215,0.25,0.215,0.25,29236
ASE,19970905,0.25,0.25,0.24,0.24,115000
ASH,19970905,1.65,1.65,1.64,1.65,66324
ASL,19970905,1.495,1.5,1.47,1.49,74298
ATD,19970905,0.039,0.041,0.039,0.041,40114
ATE,19970905,0.28,0.28,0.26,0.26,34850
ATG,19970905,0.75,0.76,0.75,0.76,131900
ATP,19970905,0.245,0.245,0.245,0.245,68000
ATU,19970905,0.79,0.79,0.79,0.79,36900
AUC,19970905,0.72,0.73,0.72,0.73,25000
AUD,19970905,2.55,2.59,2.53,2.57,161723
AUG,19970905,1.65,1.65,1.65,1.65,1779
AUL,19970905,0.035,0.035,0.034,0.034,120000
AUO,19970905,0.43,0.44,0.43,0.44,65000
AVJ,19970905,0.66,0.66,0.66,0.66,11000
AVL,19970905,0.155,0.165,0.155,0.165,593373
AVR,19970905,1.39,1.4,1.37,1.37,35110
AWA,19970905,0.79,0.8,0.77,0.8,1807750
AWE,19970905,0.57,0.57,0.57,0.57,515000
AWI,19970905,0.42,0.46,0.41,0.46,38100
AXR,19970905,0.365,0.38,0.365,0.38,64400
AYO,19970905,1,1,0.98,1,88099
AZL,19970905,0.06,0.061,0.06,0.061,270000
BAT,19970905,26.32,26.32,26.32,26.32,200
BCD,19970905,1.07,1.07,1.07,1.07,4000
BCH,19970905,0.15,0.15,0.15,0.15,8000
BDG,19970905,0.18,0.18,0.18,0.18,6000
BEM,19970905,0.52,0.52,0.51,0.51,11000
BEN,19970905,4.402,4.45,4.4,4.45,14525
BER,19970905,0.66,0.66,0.6,0.6,23667
BFA,19970905,1.2,1.2,1.2,1.2,3095
BGF,19970905,0.04,0.04,0.037,0.037,268000
BHP,19970905,16.816,16.96,16.7,16.77,2777019
BHT,19970905,1.12,1.13,1.12,1.13,11595
BIC,19970905,0.215,0.22,0.21,0.22,42000
BII,19970905,0.255,0.34,0.255,0.325,1427625
BIL,19970905,27.05,27.3,27.04,27.15,316405
BKA,19970905,0.28,0.3,0.25,0.3,963200
BKL,19970905,3.8,3.8,3.79,3.79,8694
BKR,19970905,1.25,1.25,1.24,1.24,20000
BKS,19970905,0.07,0.07,0.068,0.068,101028
BLO,19970905,0.72,0.72,0.68,0.69,424219
BML,19970905,9.78,9.85,9.77,9.84,721834
BMX,19970905,0.195,0.195,0.195,0.195,20000
BNA,19970905,0.044,0.044,0.044,0.044,80000
BOA,19970905,0.76,0.79,0.75,0.79,100500
BOC,19970905,0.495,0.495,0.49,0.49,22758
BOG,19970905,0.14,0.14,0.13,0.14,128042
BOR,19970905,4.006,4.07,4.004,4.05,1759356
BPC,19970905,2.41,2.5,2.41,2.5,622543
BPT,19970905,0.15,0.15,0.14,0.15,529600
BQD,19970905,5.12,5.21,5.11,5.2,27000
BRL,19970905,3.85,3.95,3.85,3.86,130391
BRN,19970905,0.23,0.23,0.23,0.23,300
BRY,19970905,1.11,1.11,1.09,1.09,446654
BSD,19970905,1.55,1.56,1.55,1.55,363599
BSG,19970905,0.087,0.088,0.087,0.088,90000
BSO,19970905,4.86,4.88,4.86,4.88,8000
BTA,19970905,4.32,4.35,4.3,4.32,39631
BTE,19970905,0.71,0.71,0.7,0.7,425636
BTG,19970905,0.55,0.57,0.55,0.57,66916
BTL,19970905,4.75,4.75,4.75,4.75,387
BTM,19970905,0.455,0.455,0.455,0.455,26000
BTO,19970905,1.57,1.57,1.56,1.57,160154
BTP,19970905,1.85,1.86,1.84,1.86,77649
BUG,19970905,0.96,1.01,0.96,0.99,9000
BWA,19970905,2.8,2.84,2.8,2.8,250068
BWY,19970905,0.23,0.23,0.23,0.23,50000
BYI,19970905,2.1,2.1,2.1,2.1,1420
CAA,19970905,4.2,4.23,4.2,4.2,412977
CAD,19970905,2.1,2.1,2.1,2.1,2500
CAE,19970905,0.043,0.043,0.042,0.042,1938500
CAI,19970905,0.269,0.27,0.269,0.27,35500
CAO,19970905,0.15,0.15,0.15,0.15,10000
CAR,19970905,0.24,0.24,0.24,0.24,83000
CAT,19970905,0.69,0.7,0.69,0.7,86500
CBA,19970905,15.332,15.47,15.332,15.38,1106934
CBI,19970905,1.14,1.14,1.14,1.14,18700
CBL,19970905,0.03,0.03,0.03,0.03,80000
CBS,19970905,12.4,12.5,12.4,12.4,3814
CCC,19970905,3.15,3.15,3.15,3.15,3400
CCL,19970905,13.9,14.22,13.9,14.22,635834
CCN,19970905,0.63,0.64,0.61,0.63,329473
CCR,19970905,0.37,0.375,0.36,0.36,309000
CCV,19970905,0.475,0.475,0.47,0.47,327500
CCW,19970905,0.34,0.34,0.335,0.335,18000
CDL,19970905,0.33,0.33,0.33,0.33,26936
CEP,19970905,2.29,2.32,2.29,2.32,14583
CEQ,19970905,1.86,1.87,1.85,1.87,58900
CEY,19970905,0.77,0.77,0.75,0.75,101300
CFR,19970905,0.039,0.039,0.038,0.039,530000
CGD,19970905,0.68,0.68,0.66,0.68,244285
CGH,19970905,3.947,3.97,3.922,3.94,1824189
CGL,19970905,0.205,0.205,0.19,0.19,78432
CGN,19970905,0.12,0.12,0.12,0.12,18422
CHF,19970905,0.63,0.63,0.63,0.63,2000
CHO,19970905,10.4,10.4,10.4,10.4,8000
CHY,19970905,2.85,2.85,2.85,2.85,2000
CIA,19970905,1.12,1.12,1.12,1.12,7000
CID,19970905,0.44,0.44,0.44,0.44,7200
CIE,19970905,0.66,0.66,0.66,0.66,952
CIH,19970905,0.87,0.87,0.85,0.86,153500
CIM,19970905,0.57,0.57,0.55,0.56,227600
CIN,19970905,13,13.15,13,13.15,21702
CIO,19970905,1.28,1.3,1.28,1.3,87000
CIP,19970905,1.97,2,1.96,1.96,201400
CIR,19970905,0.851,0.851,0.83,0.83,33882
CIS,19970905,0.255,0.255,0.25,0.25,14300
CKC,19970905,1.5,1.51,1.5,1.51,42357
CKG,19970905,0.04,0.04,0.04,0.04,19792
CKS,19970905,0.96,0.96,0.95,0.95,25000
CLM,19970905,0.225,0.23,0.22,0.22,61300
CLR,19970905,3.37,3.38,3.33,3.33,102948
CLS,19970905,1.75,1.75,1.75,1.75,2185
CMC,19970905,7.1,7.13,7.08,7.1,320355
CMF,19970905,1.32,1.35,1.32,1.33,180055
CMG,19970905,10.835,11.05,10.835,10.99,496263
CML,19970905,6.605,6.62,6.56,6.57,712160
CMU,19970905,1.32,1.32,1.32,1.32,4000
CMZ,19970905,0.36,0.36,0.36,0.36,1930
CND,19970905,2.45,2.45,2.39,2.4,49050
CNF,19970905,0.22,0.22,0.215,0.215,199763
CNM,19970905,0.099,0.099,0.099,0.099,44000
CNN,19970905,0.85,0.85,0.84,0.85,72000
CNT,19970905,0.057,0.059,0.057,0.059,200000
COA,19970905,3.55,3.55,3.55,3.55,6900
COC,19970905,2.26,2.26,2.25,2.25,483692
COF,19970905,3.65,3.65,3.6,3.65,16600
COG,19970905,0.074,0.074,0.073,0.073,149429
COH,19970905,4.5,4.5,4.5,4.5,2466
COT,19970905,1.3,1.32,1.3,1.3,148344
COV,19970905,0.143,0.165,0.13,0.13,5355800
CPB,19970905,5.25,5.3,5.25,5.3,2500
CPC,19970905,0.2,0.2,0.19,0.2,514332
CPD,19970905,3.5,3.5,3.5,3.5,7000
CPI,19970905,2.95,2.95,2.95,2.95,6000
CPL,19970905,2.27,2.3,2.26,2.3,200112
CPM,19970905,8.35,8.35,8,8,15682
CPU,19970905,14,14.5,14,14.5,8050
CPW,19970905,3.9,3.9,3.9,3.9,8440
CRG,19970905,14.29,14.4,14.29,14.4,19168
CRI,19970905,4.78,4.79,4.75,4.75,15985
CRO,19970905,1.64,1.65,1.6,1.605,1941278
CRS,19970905,0.37,0.37,0.37,0.37,195000
CRT,19970905,0.75,0.75,0.72,0.72,8947
CRV,19970905,0.8,0.8,0.78,0.8,48001
CSA,19970905,0.1,0.125,0.1,0.12,353000
CSL,19970905,8.53,8.59,8.5,8.59,31612
CSR,19970905,5.08,5.18,5.08,5.14,1515825
CTL,19970905,2.25,2.25,2.25,2.25,10923
CTR,19970905,1.37,1.4,1.35,1.36,576120
CTX,19970905,3.99,4.08,3.99,4.07,18136
CTY,19970905,1.55,1.57,1.55,1.57,201048
CUC,19970905,0.84,0.91,0.83,0.91,35800
CUE,19970905,0.235,0.24,0.235,0.235,295000
CVN,19970905,0.034,0.034,0.033,0.034,1314700
CWG,19970905,0.25,0.25,0.25,0.25,10000
CWI,19970905,1.32,1.32,1.32,1.32,103150
CWP,19970905,1.21,1.25,1.21,1.25,33000
CXP,19970905,1,1,0.98,0.98,60800
CXR,19970905,0.385,0.39,0.385,0.39,476000
CYH,19970905,0.08,0.09,0.079,0.087,441468
DAH,19970905,0.5,0.5,0.5,0.5,60000
DAR,19970905,1.7,1.7,1.68,1.68,22500
DAT,19970905,2.956,2.99,2.956,2.99,281703
DCI,19970905,0.3,0.3,0.3,0.3,64300
DEF,19970905,0.186,0.195,0.175,0.175,1103000
DEV,19970905,0.35,0.35,0.34,0.34,18182
DFI,19970905,1.26,1.26,1.26,1.26,1000
DGD,19970905,1.67,1.67,1.62,1.62,36255
DGN,19970905,0.1,0.1,0.09,0.09,227977
DHU,19970905,0.065,0.065,0.065,0.065,3001
DJS,19970905,1.97,1.99,1.97,1.97,268464
DJW,19970905,3.58,3.6,3.58,3.6,27124
DLS,19970905,0.086,0.086,0.083,0.083,50000
DMR,19970905,0.099,0.1,0.099,0.1,1180000
DNR,19970905,0.3,0.3,0.3,0.3,792
DNS,19970905,0.14,0.15,0.14,0.15,451000
DOM,19970905,0.49,0.5,0.49,0.5,303000
DOR,19970905,0.14,0.16,0.14,0.16,5928047
DRA,19970905,0.12,0.12,0.12,0.12,430000
DRE,19970905,0.46,0.49,0.46,0.47,201214
DRN,19970905,0.97,0.97,0.97,0.97,15000
DST,19970905,0.24,0.245,0.23,0.23,232500
DUI,19970905,1.27,1.27,1.26,1.26,15406
DVC,19970905,0.84,0.84,0.84,0.84,7000
DVD,19970905,0.69,0.69,0.66,0.67,284380
DVL,19970905,0.82,0.82,0.82,0.82,12027
DVN,19970905,0.853,0.86,0.84,0.84,54900
EAC,19970905,3,3,3,3,1000
EAM,19970905,1.48,1.49,1.47,1.48,53950
EBR,19970905,0.18,0.18,0.18,0.18,9465
ECU,19970905,0.35,0.35,0.35,0.35,10000
EDI,19970905,4.15,4.2,4.15,4.15,40772
EEC,19970905,1.38,1.4,1.38,1.4,264674
EGD,19970905,0.135,0.135,0.135,0.135,50000
ELA,19970905,0.033,0.033,0.033,0.033,60000
ELT,19970905,1.89,1.9,1.85,1.9,57950
EMD,19970905,0.013,0.013,0.013,0.013,200000
EML,19970905,4.4,4.43,4.34,4.34,235973
EMM,19970905,0.2,0.21,0.2,0.21,97580
EMN,19970905,3.155,3.19,3.155,3.17,416550
ENE,19970905,2.75,2.82,2.75,2.81,28640
ENV,19970905,1.023,1.03,1.01,1.02,1015650
EQI,19970905,0.37,0.37,0.37,0.37,10349
EQK,19970905,0.61,0.63,0.61,0.63,31000
EQM,19970905,0.235,0.235,0.235,0.235,30000
EQR,19970905,0.285,0.42,0.28,0.4,277704
EQT,19970905,5.75,5.75,5.75,5.75,5200
ERA,19970905,5.45,5.45,5.2,5.2,2012
ERG,19970905,1.3,1.3,1.25,1.27,178112
ERS,19970905,1.09,1.09,1.08,1.08,9865
ESA,19970905,0.37,0.37,0.36,0.36,51200
ESI,19970905,0.235,0.24,0.235,0.24,25000
EWL,19970905,0.4,0.4,0.4,0.4,115500
FAF,19970905,1.18,1.18,1.18,1.18,31700
FAI,19970905,0.63,0.64,0.61,0.61,174980
FAR,19970905,0.41,0.42,0.41,0.42,178000
FBG,19970905,2.64,2.67,2.63,2.67,2076933
FBO,19970905,3.25,3.28,3.25,3.28,9400
FCL,19970905,2.043,2.05,2.01,2.02,325565
FDR,19970905,0.114,0.13,0.114,0.125,1399600
FFL,19970905,2.06,2.07,2.06,2.07,21150
FGR,19970905,0.019,0.02,0.019,0.019,1346412
FHF,19970905,7.71,7.75,7.6,7.6,64774
FHL,19970905,6.25,6.25,6.2,6.2,960
FIF,19970905,4.12,4.2,4.12,4.15,60097
FIG,19970905,0.061,0.063,0.061,0.062,184000
FIM,19970905,0.105,0.11,0.1,0.11,756219
FLL,19970905,0.82,0.82,0.81,0.82,97000
FLT,19970905,3.7,3.8,3.7,3.8,3000
FMH,19970905,3.08,3.08,3.08,3.08,1800
FNC,19970905,0.21,0.21,0.2,0.2,335500
FOA,19970905,9.54,9.58,9.49,9.49,71856
FPF,19970905,1.86,1.86,1.84,1.84,2762
FPG,19970905,1.225,1.23,1.2,1.2,34200
FRD,19970905,0.465,0.465,0.46,0.46,46490
FRO,19970905,0.118,0.12,0.11,0.11,301300
FRP,19970905,1.39,1.39,1.39,1.39,9900
FTR,19970905,0.29,0.3,0.29,0.3,34500
FTU,19970905,0.026,0.026,0.026,0.026,8000
FWD,19970905,2.27,2.27,2.27,2.27,6779
FXJ,19970905,3.125,3.2,3.12,3.2,2001784
GAN,19970905,0.95,0.95,0.94,0.94,4114658
GAW,19970905,0.075,0.091,0.074,0.091,418000
GBG,19970905,0.21,0.21,0.21,0.21,23500
GCC,19970905,0.175,0.175,0.17,0.175,375000
GCI,19970905,8.4,8.44,8.4,8.4,8940
GCM,19970905,2.28,2.33,2.26,2.28,317093
GCR,19970905,0.2,0.2,0.2,0.2,2500
GDA,19970905,0.07,0.072,0.07,0.072,250000
GDC,19970905,0.23,0.25,0.225,0.25,22276
GDH,19970905,0.54,0.54,0.52,0.52,100339
GDM,19970905,0.25,0.27,0.25,0.27,69260
GDN,19970905,0.09,0.09,0.09,0.09,20000
GED,19970905,0.022,0.024,0.02,0.02,1144100
GEL,19970905,0.405,0.42,0.385,0.415,82825
GFD,19970905,0.47,0.47,0.47,0.47,9800
GGR,19970905,0.18,0.19,0.18,0.19,312500
GGS,19970905,0.215,0.215,0.215,0.215,100000
GGY,19970905,0.054,0.055,0.054,0.055,240704
GHG,19970905,2,2,2,2,29850
GHP,19970905,1.2,1.2,1.2,1.2,22500
GIO,19970905,4.08,4.1,4.07,4.09,886017
GIP,19970905,0.15,0.15,0.15,0.15,300333
GIR,19970905,0.25,0.275,0.215,0.238,7858860
GLD,19970905,1.5,1.52,1.5,1.52,121923
GLP,19970905,0.071,0.075,0.06,0.075,375000
GLT,19970905,0.155,0.155,0.15,0.15,114000
GMA,19970905,0.073,0.073,0.07,0.07,225947
GME,19970905,0.16,0.16,0.14,0.145,156000
GMF,19970905,1.98,2.04,1.98,2.01,3467295
GNR,19970905,0.13,0.13,0.125,0.13,556000
GOW,19970905,2.76,2.77,2.76,2.77,6000
GPN,19970905,0.045,0.045,0.045,0.045,55000
GPT,19970905,2.48,2.55,2.48,2.5,1036133
GPY,19970905,0.24,0.24,0.23,0.235,72471
GRA,19970905,0.095,0.095,0.095,0.095,46900
GRI,19970905,0.32,0.32,0.32,0.32,12000
GRN,19970905,0.165,0.215,0.165,0.215,933240
GRT,19970905,0.62,0.62,0.62,0.62,1600
GSE,19970905,0.145,0.15,0.145,0.15,28000
GSP,19970905,0.79,0.8,0.78,0.8,21325
GSR,19970905,0.06,0.06,0.06,0.06,10200
GTM,19970905,0.061,0.068,0.06,0.06,2576042
GUD,19970905,4.55,4.55,4.55,4.55,8749
GUL,19970905,0.03,0.031,0.03,0.03,954974
GVM,19970905,0.665,0.665,0.55,0.59,820875
GWC,19970905,1.22,1.25,1.22,1.25,9500
GWF,19970905,0.8,0.8,0.8,0.8,15000
GWT,19970905,2.95,2.95,2.94,2.95,22750
GZL,19970905,1.47,1.47,1.47,1.47,2000
HAH,19970905,4.82,5.05,4.82,4.95,4310860
HAM,19970905,0.33,0.33,0.33,0.33,100000
HAO,19970905,0.225,0.225,0.22,0.22,13000
HAR,19970905,0.7,0.7,0.69,0.7,20000
HBL,19970905,0.24,0.25,0.24,0.25,137638
HCD,19970905,0.85,0.85,0.85,0.85,6000
HCO,19970905,10.45,10.5,10.45,10.5,2200
HDR,19970905,0.077,0.082,0.077,0.082,1106700
HEI,19970905,0.8,0.8,0.8,0.8,18550
HER,19970905,0.55,0.58,0.54,0.58,45175
HEX,19970905,0.12,0.12,0.12,0.12,115300
HGV,19970905,1.08,1.08,1.08,1.08,13500
HHM,19970905,0.12,0.12,0.115,0.115,20000
HIC,19970905,0.47,0.47,0.47,0.47,5150
HIG,19970905,0.84,0.85,0.84,0.85,116659
HIH,19970905,3.38,3.45,3.38,3.45,163634
HIL,19970905,2.32,2.32,2.32,2.32,1000
HLL,19970905,0.1,0.11,0.1,0.11,231458
HLN,19970905,1.87,1.9,1.75,1.76,847945
HLR,19970905,0.13,0.13,0.13,0.13,5000
HLX,19970905,0.63,0.99,0.63,0.941,841751
HLY,19970905,1.91,1.91,1.89,1.9,240451
HOY,19970905,2.94,2.94,2.9,2.9,94537
HPA,19970905,0.27,0.27,0.27,0.27,6000
HPL,19970905,1.5,1.5,1.5,1.5,15000
HRR,19970905,0.2,0.2,0.19,0.19,70000
HRS,19970905,0.26,0.26,0.255,0.255,250000
HRT,19970905,0.48,0.48,0.48,0.48,50000
HRW,19970905,2.68,2.7,2.68,2.68,47300
HSL,19970905,1.76,1.79,1.76,1.78,15530
HSP,19970905,0.66,0.67,0.66,0.67,16000
HVN,19970905,8.4,8.45,8.4,8.44,19183
HZM,19970905,0.07,0.07,0.07,0.07,9000
IAM,19970905,2.65,2.7,2.65,2.65,22620
ICI,19970905,12.443,12.56,12.25,12.4,418941
ICT,19970905,6,6.03,5.99,5.99,96775
IFT,19970905,1.33,1.36,1.33,1.36,193248
IGM,19970905,0.016,0.016,0.015,0.015,550000
IHG,19970905,1.02,1.03,0.99,0.99,55950
IHN,19970905,0.9,0.9,0.9,0.9,10000
IIV,19970905,0.3,0.3,0.3,0.3,2710
IMM,19970905,0.175,0.18,0.17,0.18,98074
INX,19970905,0.99,1,0.99,1,254000
ION,19970905,0.7,0.7,0.7,0.7,3474
IPH,19970905,2.4,2.4,2.36,2.36,22500
IPI,19970905,0.52,0.52,0.52,0.52,121000
IPY,19970905,1,1.01,1,1.01,39861
IRC,19970905,0.16,0.16,0.16,0.16,62334
IRO,19970905,0.162,0.18,0.16,0.16,1327000
ITN,19970905,0.18,0.18,0.18,0.18,5100
JBG,19970905,1.309,1.52,1.302,1.443,14328652
JFC,19970905,0.83,0.83,0.79,0.82,148332
JLA,19970905,0.12,0.12,0.11,0.11,149666
JNA,19970905,1.44,1.45,1.44,1.45,8500
JOD,19970905,0.007,0.007,0.007,0.007,908
JRV,19970905,0.12,0.12,0.12,0.12,20000
JUP,19970905,3.05,3.2,3.05,3.19,76069
JWM,19970905,3.5,3.6,3.5,3.6,3550
JYC,19970905,1.6,1.6,1.6,1.6,16943
KBG,19970905,0.19,0.19,0.19,0.19,10000
KCG,19970905,0.6,0.6,0.6,0.6,2000
KCN,19970905,0.77,0.77,0.72,0.72,31656
KGH,19970905,0.58,0.58,0.57,0.58,38286
KGM,19970905,0.75,0.75,0.75,0.75,6400
KGR,19970905,0.078,0.08,0.078,0.08,591150
KHL,19970905,0.545,0.55,0.54,0.55,46000
KIM,19970905,0.85,0.85,0.85,0.85,4000
KIW,19970905,0.105,0.11,0.105,0.11,738000
KLS,19970905,0.598,0.619,0.52,0.55,913178
KLZ,19970905,2.88,2.9,2.86,2.86,26041
KMN,19970905,0.07,0.07,0.07,0.07,50000
KMT,19970905,0.135,0.135,0.135,0.135,4069
KPL,19970905,1.24,1.24,1.24,1.24,21000
KRS,19970905,0.096,0.098,0.096,0.098,97700
KUG,19970905,0.095,0.1,0.095,0.1,40070
KYC,19970905,4.2,4.25,4.2,4.2,29352
LAC,19970905,1.6,1.6,1.6,1.6,5100
LAF,19970905,0.16,0.16,0.16,0.16,5000
LEG,19970905,0.17,0.17,0.17,0.17,60000
LEI,19970905,6.42,6.5,6.4,6.48,301240
LEO,19970905,0.19,0.19,0.18,0.18,558900
LEV,19970905,6.5,6.5,6.5,6.5,35
LHG,19970905,2.1,2.1,2.09,2.1,355049
LKO,19970905,0.035,0.036,0.034,0.036,610000
LLC,19970905,29.1,30.3,29.1,30.25,314572
LLR,19970905,0.17,0.17,0.17,0.17,18000
LMC,19970905,5.5,5.5,5.5,5.5,4478
LNN,19970905,3.4,3.41,3.4,3.4,26506
LSE,19970905,0.3,0.31,0.3,0.31,165000
LSG,19970905,0.91,0.91,0.9,0.9,280000
LVG,19970905,0.23,0.235,0.23,0.23,370250
LYG,19970905,0.115,0.115,0.115,0.115,60000
MAG,19970905,3.155,3.155,3.15,3.15,5600
MAH,19970905,0.87,0.87,0.85,0.86,247400
MAX,19970905,0.84,0.84,0.84,0.84,5800
MAY,19970905,7.79,7.85,7.79,7.81,558904
MBC,19970905,3,3,3,3,14500
MBG,19970905,0.072,0.072,0.072,0.072,51000
MBK,19970905,10.3,10.3,10.3,10.3,250
MBL,19970905,13.045,13.24,13,13.2,431907
MCP,19970905,2.55,2.65,2.55,2.65,15227
MDI,19970905,0.16,0.16,0.15,0.15,80050
MDN,19970905,0.18,0.18,0.18,0.18,2000
MED,19970905,0.36,0.37,0.36,0.37,13900
MEE,19970905,0.155,0.17,0.155,0.17,77127
MEN,19970905,0.15,0.15,0.15,0.15,60000
MGD,19970905,0.06,0.064,0.06,0.064,50000
MGL,19970905,0.16,0.18,0.16,0.18,128900
MGS,19970905,0.879,0.93,0.879,0.93,355500
MGU,19970905,0.06,0.06,0.06,0.06,75500
MGW,19970905,1.55,1.6,1.55,1.6,73395
MIC,19970905,0.057,0.057,0.057,0.057,60000
MIK,19970905,0.23,0.23,0.23,0.23,27000
MIM,19970905,1.6,1.67,1.6,1.66,3742065
MIV,19970905,0.42,0.42,0.42,0.42,4000
MJN,19970905,0.255,0.26,0.25,0.26,369784
MKA,19970905,0.265,0.27,0.265,0.27,34100
MLG,19970905,1.6,1.6,1.5,1.5,28025
MLT,19970905,8.1,8.18,8.1,8.18,4500
MMC,19970905,1.17,1.2,1.17,1.2,30775
MMD,19970905,0.3,0.31,0.3,0.31,31000
MMF,19970905,2.66,2.75,2.66,2.74,111779
MMU,19970905,3.9,3.9,3.87,3.9,79706
MND,19970905,2.95,2.95,2.95,2.95,10000
MNG,19970905,0.165,0.22,0.165,0.22,290821
MNT,19970905,0.58,0.58,0.58,0.58,9763
MOD,19970905,0.22,0.22,0.22,0.22,50000
MOH,19970905,0.1,0.105,0.1,0.105,187248
MOM,19970905,0.14,0.14,0.14,0.14,17000
MOO,19970905,0.15,0.15,0.15,0.15,87965
MOS,19970905,0.375,0.38,0.37,0.37,462563
MPH,19970905,0.47,0.47,0.47,0.47,3000
MPI,19970905,0.125,0.125,0.12,0.12,14000
MPL,19970905,0.125,0.125,0.12,0.12,94196
MPO,19970905,0.06,0.06,0.056,0.056,25999
MPT,19970905,1.33,1.35,1.33,1.33,76013
MQL,19970905,0.3,0.35,0.3,0.35,333227
MRC,19970905,0.41,0.42,0.41,0.42,50000
MRD,19970905,1.778,1.78,1.75,1.76,261586
MRH,19970905,0.75,0.75,0.75,0.75,27000
MRV,19970905,3,3,2.99,2.99,25032388
MSC,19970905,0.23,0.23,0.22,0.22,39600
MSF,19970905,12,12,12,12,1000
MSI,19970905,0.2,0.2,0.2,0.2,20000
MTB,19970905,0.1,0.1,0.1,0.1,34000
MTE,19970905,0.55,0.58,0.55,0.58,14700
MTK,19970905,2.8,2.8,2.8,2.8,1000
MTL,19970905,2.5,2.5,2.45,2.45,13950
MTM,19970905,0.09,0.11,0.09,0.11,154566
MUR,19970905,0.63,0.63,0.63,0.63,750
MXC,19970905,0.245,0.245,0.24,0.24,37000
MZG,19970905,0.21,0.21,0.21,0.21,1250
NAB,19970905,19.03,19.25,19.002,19.18,2940342
NAU,19970905,1.26,1.3,1.25,1.27,30131
NBH,19970905,4.64,4.75,4.6,4.71,2206675
NBS,19970905,2.6,2.6,2.6,2.6,11000
NCL,19970905,0.69,0.73,0.66,0.66,144175
NCM,19970905,2.66,2.66,2.54,2.54,330464
NCP,19970905,6.294,6.35,6.29,6.319,1633267
NCR,19970905,2.63,2.63,2.58,2.58,31176
NDY,19970905,1.68,1.71,1.68,1.69,1551082
NET,19970905,0.7,0.72,0.7,0.7,165647
NEX,19970905,0.077,0.09,0.076,0.09,373000
NFD,19970905,2.02,2.08,2.02,2.05,441159
NFG,19970905,0.7,0.7,0.68,0.7,71500
NFM,19970905,6.65,6.65,6.65,6.65,8200
NGH,19970905,0.07,0.072,0.07,0.072,41333
NHG,19970905,0.198,0.205,0.185,0.185,1121200
NHR,19970905,0.69,0.69,0.69,0.69,10000
NIM,19970905,0.38,0.38,0.35,0.35,110000
NIV,19970905,0.15,0.15,0.15,0.15,10418
NIX,19970905,1.44,1.44,1.42,1.44,38500
NMF,19970905,0.98,0.98,0.96,0.96,8000
NMH,19970905,2.09,2.09,2.05,2.07,1034766
NML,19970905,2.52,2.58,2.45,2.58,15060
NMP,19970905,1.09,1.09,1.08,1.09,239999
NNG,19970905,0.09,0.09,0.09,0.09,8000
NPC,19970905,0.52,0.55,0.52,0.53,149500
NPT,19970905,1.094,1.1,1.09,1.1,62600
NRT,19970905,1.7,1.7,1.65,1.66,74709
NTL,19970905,0.8,0.8,0.8,0.8,3500
NTS,19970905,0.07,0.075,0.07,0.075,183771
NVS,19970905,4.4,4.41,4.38,4.39,170526
NZO,19970905,0.385,0.4,0.385,0.4,11000
OCR,19970905,0.13,0.13,0.13,0.13,130000
OEC,19970905,0.84,0.84,0.81,0.83,174621
OFT,19970905,0.725,1.05,0.725,1,1001007
OHL,19970905,0.5,0.51,0.5,0.51,12502
OIL,19970905,0.19,0.19,0.19,0.19,31400
OKF,19970905,1,1,1,1,4900
OLS,19970905,0.96,0.96,0.95,0.95,38000
OML,19970905,3.92,3.96,3.92,3.93,130800
OMO,19970905,0.21,0.21,0.205,0.205,322000
OMP,19970905,0.75,0.75,0.75,0.75,4000
OPS,19970905,3.65,3.75,3.62,3.71,69889
OSH,19970905,3.51,3.7,3.51,3.69,1359085
OXR,19970905,0.19,0.19,0.185,0.19,157670
PAL,19970905,0.13,0.15,0.13,0.15,139000
PAS,19970905,2.42,2.43,2.39,2.39,4312125
PAT,19970905,2,2,2,2,5000
PBB,19970905,5.8,5.85,5.8,5.8,987595
PBL,19970905,8.306,8.4,8.306,8.38,635947
PBY,19970905,0.63,0.64,0.63,0.64,261200
PCE,19970905,0.84,0.85,0.82,0.82,20854
PDC,19970905,1.18,1.2,1.18,1.18,207570
PDN,19970905,0.09,0.09,0.09,0.09,30000
PDP,19970905,3.6,3.67,3.6,3.65,995882
PGL,19970905,11,13.5,11,12,38332
PGP,19970905,0.09,0.09,0.087,0.087,102800
PGT,19970905,0.105,0.105,0.105,0.105,15880
PHC,19970905,0.033,0.036,0.033,0.036,92629
PHD,19970905,0.165,0.165,0.165,0.165,33333
PHY,19970905,1.26,1.26,1.24,1.24,22000
PID,19970905,0.96,0.96,0.96,0.96,118576
PII,19970905,1.16,1.17,1.15,1.15,1139910
PIP,19970905,0.72,0.73,0.71,0.72,204257
PLM,19970905,10,10,10,10,1900
PLT,19970905,5.281,5.32,5.2,5.2,33767
PLU,19970905,4.14,4.25,4.05,4.05,246028
PLW,19970905,1.7,1.72,1.7,1.72,22700
PMA,19970905,0.344,0.38,0.34,0.35,1109651
PMC,19970905,0.95,0.95,0.94,0.94,28000
PMM,19970905,3.14,3.14,3.1,3.14,42700
PMP,19970905,3.24,3.25,3.24,3.24,491084
PMT,19970905,5.48,5.48,5.4,5.4,3300
PNA,19970905,0.2,0.205,0.2,0.205,27801
PNI,19970905,4.48,4.53,4.46,4.511,4125457
PPK,19970905,0.51,0.51,0.51,0.51,70000
PPP,19970905,0.23,0.23,0.225,0.225,71000
PPR,19970905,1.196,1.2,1.196,1.2,15000
PPT,19970905,8.83,9,8.75,9,7900
PRA,19970905,0.19,0.19,0.19,0.19,15000
PRE,19970905,0.135,0.14,0.135,0.14,349500
PRH,19970905,3.38,3.4,3.38,3.4,9157
PRL,19970905,0.84,0.84,0.84,0.84,93650
PRM,19970905,0.155,0.155,0.135,0.14,2290557
PRP,19970905,1.11,1.11,1.1,1.1,224243
PRT,19970905,3.15,3.15,3.15,3.15,2500
PRX,19970905,1.025,1.03,1.02,1.03,404210
PSA,19970905,6.85,7.1,6.85,6.99,183300
PSE,19970905,0.13,0.13,0.125,0.125,50000
PSG,19970905,0.36,0.36,0.36,0.36,60000
PSR,19970905,2.8,2.8,2.71,2.71,36000
PTD,19970905,0.39,0.4,0.38,0.4,70500
PTZ,19970905,1.129,1.13,1.11,1.11,78000
PYT,19970905,0.295,0.31,0.295,0.31,15000
QAN,19970905,2.989,2.99,2.96,2.97,1903923
QBE,19970905,7.523,7.75,7.523,7.72,565724
QCH,19970905,6,6,5.92,6,19664
QMC,19970905,1.15,1.15,1.14,1.14,19770
QNI,19970905,2.002,2.02,1.94,2,2588158
QOP,19970905,0.16,0.16,0.16,0.16,25000
QRL,19970905,1.47,1.52,1.45,1.5,960008
QTI,19970905,0.155,0.155,0.155,0.155,1930
QTK,19970905,0.09,0.09,0.09,0.09,150000
QUF,19970905,3.516,3.53,3.514,3.52,116451
QUR,19970905,0.59,0.6,0.58,0.6,89000
RAC,19970905,3.68,3.7,3.68,3.7,1251232
RAG,19970905,0.007,0.009,0.007,0.009,21226
RAI,19970905,0.32,0.32,0.32,0.32,6000
RBK,19970905,0.231,0.24,0.225,0.23,2465786
RBS,19970905,1.75,1.75,1.75,1.75,2000
REB,19970905,2.25,2.25,2.22,2.22,20442
REE,19970905,0.15,0.15,0.13,0.15,623000
REN,19970905,0.7,0.7,0.69,0.69,71020
RFR,19970905,0.12,0.12,0.12,0.12,50000
RGC,19970905,3.6,3.6,3.6,3.6,4000
RGR,19970905,0.088,0.088,0.08,0.083,837500
RGS,19970905,3.8,3.8,3.8,3.8,4000
RHO,19970905,0.12,0.15,0.12,0.15,60499
RIC,19970905,1.56,1.56,1.54,1.54,148784
RIO,19970905,19.95,20,19.85,19.85,890359
RMW,19970905,3.05,3.05,3.05,3.05,513
ROK,19970905,2.29,2.3,2.29,2.3,15100
RPM,19970905,0.08,0.08,0.078,0.078,66000
RRS,19970905,0.085,0.15,0.08,0.15,9711010
RSG,19970905,1.85,1.85,1.8,1.83,1015156
RSM,19970905,0.74,0.74,0.72,0.74,55288
RTH,19970905,6.94,6.94,6.94,6.94,2296
RUP,19970905,4.3,4.3,4.3,4.3,3000
RUS,19970905,0.23,0.23,0.23,0.23,5000
SAA,19970905,0.2,0.2,0.2,0.2,1691
SAQ,19970905,4.25,4.25,4.25,4.25,1200
SAS,19970905,0.24,0.24,0.22,0.22,148685
SBC,19970905,6,6.05,6,6.05,5580
SBM,19970905,0.255,0.295,0.225,0.285,30668231
SBR,19970905,0.021,0.023,0.021,0.023,3148071
SCE,19970905,0.58,0.58,0.58,0.58,4000
SCH,19970905,2.27,2.28,2.25,2.28,1766356
SCM,19970905,2.75,2.75,2.75,2.75,323750
SCN,19970905,0.07,0.08,0.07,0.071,255000
SCP,19970905,2.13,2.14,2.12,2.12,89028
SCS,19970905,0.22,0.23,0.21,0.23,47500
SDI,19970905,0.52,0.52,0.47,0.47,4000
SDN,19970905,0.17,0.18,0.17,0.18,356075
SDT,19970905,0.315,0.33,0.315,0.315,154000
SED,19970905,0.16,0.16,0.16,0.16,25000
SEQ,19970905,0.83,0.88,0.83,0.88,20360
SET,19970905,4.4,4.4,4.4,4.4,800
SEV,19970905,5.35,5.45,5.35,5.44,365984
SFC,19970905,2.75,2.75,2.75,2.75,1475
SFM,19970905,0.13,0.13,0.125,0.125,206000
SGA,19970905,0.25,0.25,0.25,0.25,60000
SGB,19970905,8.057,8.07,8.04,8.06,329554
SGI,19970905,1.54,1.55,1.52,1.54,117398
SGN,19970905,4.05,4.05,4.05,4.05,1200
SGP,19970905,3.43,3.44,3.4,3.4,456859
SGR,19970905,0.125,0.13,0.125,0.125,1581500
SGW,19970905,4.78,4.9,4.78,4.86,18446
SHL,19970905,1.74,1.74,1.74,1.74,3500
SHV,19970905,1.07,1.07,1.07,1.07,6256
SID,19970905,7.6,7.6,7.59,7.6,115854
SKE,19970905,2.125,2.128,1.95,1.95,258070
SKN,19970905,0.73,0.73,0.73,0.73,6835
SKR,19970905,0.155,0.155,0.15,0.15,45000
SKS,19970905,0.5,0.5,0.5,0.5,7000
SMC,19970905,0.043,0.043,0.043,0.043,50000
SME,19970905,6.8,6.88,6.8,6.85,100209
SMI,19970905,12.5,12.8,12.5,12.78,294239
SMS,19970905,10.005,10.4,10.005,10.3,55250
SMU,19970905,0.17,0.17,0.17,0.17,2346
SNM,19970905,0.4,0.43,0.4,0.43,34000
SNX,19970905,0.32,0.32,0.32,0.32,42600
SOA,19970905,0.27,0.27,0.26,0.26,20000
SOG,19970905,0.74,0.74,0.73,0.73,124588
SOH,19970905,0.88,0.88,0.87,0.87,42000
SOL,19970905,42.5,42.5,42.5,42.5,150
SOV,19970905,0.07,0.07,0.07,0.07,66500
SOX,19970905,0.7,0.7,0.7,0.7,8000
SPC,19970905,0.6,0.6,0.55,0.55,12944
SPD,19970905,0.47,0.5,0.47,0.5,42606
SPP,19970905,3.2,3.2,3.1,3.12,129020
SPS,19970905,1.48,1.5,1.48,1.5,225836
SPT,19970905,3.1,3.1,3.09,3.1,10766
SQG,19970905,0.023,0.023,0.022,0.023,649648
SRI,19970905,0.115,0.125,0.115,0.125,628708
SRO,19970905,0.07,0.07,0.065,0.07,343000
SRP,19970905,4.837,4.84,4.79,4.83,1213325
SSE,19970905,0.84,0.85,0.84,0.84,46800
SSI,19970905,2.65,2.65,2.65,2.65,8600
SSN,19970905,0.028,0.028,0.028,0.028,71735
SSR,19970905,1.7,1.7,1.67,1.67,8580
SST,19970905,4.05,4.05,4.05,4.05,2000
STM,19970905,0.056,0.056,0.056,0.056,2500
STO,19970905,6.441,6.5,6.32,6.4,1167143
STS,19970905,3.18,3.18,3.15,3.15,13550
STU,19970905,0.11,0.12,0.11,0.12,553000
STV,19970905,9.5,9.5,9.5,9.5,500
SUB,19970905,0.025,0.025,0.025,0.025,30000
SUR,19970905,0.225,0.23,0.225,0.225,298500
SVR,19970905,1.061,1.07,1.04,1.04,1544899
SWD,19970905,1.35,1.37,1.35,1.36,36800
SWS,19970905,3.39,3.4,3.39,3.4,55356
SYD,19970905,1.791,1.792,1.74,1.75,1886687
TAH,19970905,6.75,6.84,6.75,6.84,400622
TAI,19970905,0.093,0.097,0.092,0.095,664300
TAM,19970905,0.18,0.18,0.18,0.18,64000
TAN,19970905,0.95,0.95,0.95,0.95,3000
TAP,19970905,1.59,1.59,1.57,1.59,49300
TCA,19970905,7.1,7.1,7.1,7.1,1000
TCE,19970905,1.08,1.09,1.08,1.09,77050
TCL,19970905,1032,1050,1032,1050,1607
TCT,19970905,6.7,6.85,6.7,6.85,14454
TEH,19970905,1.45,1.45,1.4,1.4,10500
TGL,19970905,0.085,0.085,0.085,0.085,38000
TGO,19970905,0.275,0.275,0.275,0.275,10000
THG,19970905,0.76,0.77,0.76,0.77,31000
TIC,19970905,0.045,0.045,0.045,0.045,8490
TIG,19970905,0.445,0.445,0.445,0.445,4000
TIM,19970905,2.85,2.95,2.85,2.95,18237
TIR,19970905,0.209,0.22,0.205,0.205,312513
TKG,19970905,0.027,0.03,0.027,0.03,730000
TKR,19970905,0.36,0.36,0.36,0.36,2350
TLA,19970905,1.25,1.25,1.24,1.25,16400
TLN,19970905,0.155,0.18,0.145,0.15,680568
TMC,19970905,0.71,0.71,0.71,0.71,8000
TMG,19970905,0.38,0.38,0.38,0.38,11500
TMS,19970905,1.41,1.41,1.4,1.41,10101
TNY,19970905,0.62,0.65,0.62,0.65,25353
TOL,19970905,2.36,2.38,2.35,2.38,12200
TOR,19970905,0.8,0.8,0.8,0.8,18260
TPT,19970905,0.385,0.395,0.38,0.395,470685
TRC,19970905,0.15,0.15,0.15,0.15,50000
TRE,19970905,0.135,0.135,0.135,0.135,450000
TRI,19970905,0.135,0.145,0.13,0.145,4101764
TRU,19970905,10.02,10.02,10.02,10.02,10
TRY,19970905,0.91,0.91,0.91,0.91,9300
TSS,19970905,0.29,0.29,0.29,0.29,77000
TTH,19970905,0.26,0.26,0.26,0.26,80071
TTR,19970905,0.138,0.155,0.135,0.15,5421553
TXR,19970905,0.045,0.045,0.045,0.045,100000
TYA,19970905,2.35,2.4,2.35,2.4,33747
UAL,19970905,0.16,0.165,0.16,0.165,261953
UCR,19970905,3.22,3.22,3.18,3.19,69188
UGM,19970905,0.53,0.54,0.53,0.54,47100
UMG,19970905,0.09,0.1,0.09,0.1,14500
UOS,19970905,1,1,0.96,0.96,13067
VHL,19970905,0.31,0.33,0.31,0.33,140792
VLT,19970905,0.038,0.038,0.038,0.038,117000
VOS,19970905,0.4,0.4,0.39,0.4,31561
VPE,19970905,0.173,0.175,0.17,0.17,936036
VRL,19970905,3.999,4.35,3.999,4.3,252858
VSS,19970905,7.75,8,7.75,7.9,37245
VWD,19970905,1.3,1.3,1.28,1.3,33710
WAK,19970905,1.63,1.63,1.63,1.63,100
WAN,19970905,6.18,6.25,6.15,6.24,100577
WBA,19970905,0.82,0.82,0.82,0.82,4401
WBB,19970905,3.07,3.07,3.07,3.07,10000
WBC,19970905,7.832,7.94,7.83,7.94,4211829
WDM,19970905,0.62,0.62,0.62,0.62,17000
WDP,19970905,1.1,1.1,1.1,1.1,22500
WER,19970905,1.1,1.1,1.1,1.1,5000
WES,19970905,13.08,13.22,13,13,92264
WFA,19970905,1.17,1.18,1.17,1.18,101381
WFT,19970905,2.59,2.61,2.58,2.6,1421986
WGG,19970905,0.38,0.39,0.38,0.39,84500
WGR,19970905,0.45,0.45,0.45,0.45,10000
WHW,19970905,1.8,1.8,1.8,1.8,5000
WJM,19970905,5.35,5.35,5.35,5.35,3568
WKC,19970905,1.2,1.2,1.19,1.19,93640
WLK,19970905,0.12,0.12,0.115,0.12,116410
WMC,19970905,6.988,6.988,6.83,6.87,4696886
WMI,19970905,0.077,0.077,0.077,0.077,3333
WMT,19970905,1.172,1.18,1.15,1.18,665258
WNA,19970905,0.68,0.69,0.68,0.68,1755100
WNR,19970905,0.065,0.065,0.065,0.065,1000
WON,19970905,0.37,0.37,0.37,0.37,45000
WOW,19970905,4.172,4.176,4.14,4.15,3204177
WPL,19970905,11.547,11.8,11.53,11.68,2066150
WPT,19970905,1.73,1.76,1.73,1.76,1087620
WRF,19970905,0.37,0.37,0.36,0.36,43000
WSF,19970905,25.005,25.005,25.005,25.005,500
WSG,19970905,0.066,0.066,0.065,0.065,105700
WSI,19970905,0.26,0.26,0.26,0.26,150000
WSL,19970905,4.05,4.08,4.05,4.08,39158
WSM,19970905,0.22,0.22,0.22,0.22,40000
WTP,19970905,0.495,0.495,0.49,0.495,67000
WWH,19970905,2.65,2.65,2.65,2.65,29442
WYL,19970905,6.75,6.75,6.75,6.75,2915
YAM,19970905,0.21,0.21,0.2,0.21,102500
YDR,19970905,0.13,0.13,0.13,0.13,75459
YNX,19970905,0.145,0.15,0.145,0.15,138000
YTS,19970905,0.98,0.98,0.97,0.97,32343
ZEL,19970905,0.85,0.87,0.83,0.83,35806
ZPR,19970905,0.053,0.053,0.053,0.053,18250
ZYL,19970905,0.42,0.42,0.42,0.42,31133
