AAA,19970801,1.454,1.49,1.45,1.49,234425
AAD,19970801,0.78,0.8,0.78,0.78,2791057
ABC,19970801,1.93,1.94,1.9,1.9,77257
ABD,19970801,0.069,0.069,0.068,0.069,40000
ABF,19970801,3.6,3.6,3.57,3.6,166650
ABG,19970801,3.9,3.95,3.86,3.86,11420
ACH,19970801,3.31,3.31,3.25,3.3,27700
ADB,19970801,4.763,4.77,4.72,4.77,119886
ADF,19970801,0.25,0.25,0.22,0.22,94053
ADH,19970801,0.48,0.48,0.45,0.45,70000
ADM,19970801,0.22,0.22,0.215,0.22,46055
ADN,19970801,0.18,0.18,0.18,0.18,20000
ADT,19970801,1.56,1.56,1.55,1.55,8680
ADV,19970801,0.21,0.21,0.21,0.21,9439
ADX,19970801,0.25,0.25,0.25,0.25,10000
ADZ,19970801,2.97,3.02,2.97,3.02,281100
AEC,19970801,1.41,1.43,1.41,1.43,4500
AET,19970801,1.74,1.75,1.74,1.75,3250
AEV,19970801,0.04,0.04,0.04,0.04,100000
AEX,19970801,0.039,0.039,0.039,0.039,24200
AFI,19970801,2.736,2.8,2.73,2.8,196733
AFN,19970801,0.92,0.92,0.91,0.92,24500
AFU,19970801,0.36,0.36,0.36,0.36,12777
AGH,19970801,1,1,1,1,10000
AGL,19970801,8.403,8.403,8.3,8.35,183976
AGM,19970801,0.165,0.175,0.165,0.175,21129
AGN,19970801,0.15,0.15,0.145,0.15,33000
AGR,19970801,0.93,0.95,0.92,0.92,173530
AGS,19970801,0.14,0.14,0.14,0.14,77667
AHA,19970801,14.7,14.9,14.7,14.7,511
AHD,19970801,6.903,6.95,6.9,6.9,115053
AHX,19970801,2.2,2.2,2.18,2.18,17530
AIE,19970801,0.14,0.14,0.14,0.14,18000
AIF,19970801,0.68,0.68,0.68,0.68,18672
AIX,19970801,2.37,2.38,2.36,2.37,198990
AJO,19970801,2.21,2.22,2.21,2.21,24950
AJR,19970801,0.84,0.86,0.84,0.84,44404
AKC,19970801,4.8,4.9,4.8,4.83,89888
AKD,19970801,0.072,0.072,0.066,0.066,52000
AKL,19970801,0.37,0.37,0.365,0.37,90600
ALA,19970801,0.83,0.83,0.83,0.83,2400
ALK,19970801,0.38,0.395,0.38,0.38,111014
ALL,19970801,2.692,2.76,2.692,2.75,468646
ALM,19970801,0.2,0.205,0.19,0.2,2970506
ALO,19970801,0.76,0.77,0.76,0.77,29000
ALZ,19970801,1.6,1.62,1.6,1.62,88000
AMC,19970801,8.647,8.65,8.53,8.59,2677387
AML,19970801,2.51,2.65,2.5,2.5,52416
AMU,19970801,0.19,0.19,0.185,0.19,169972
ANE,19970801,3.85,3.89,3.85,3.89,8990
ANF,19970801,1.03,1.03,1.03,1.03,4700
ANI,19970801,1.57,1.59,1.57,1.58,479869
ANL,19970801,3.68,3.68,3.62,3.64,112862
ANZ,19970801,10.664,10.75,10.65,10.7,1718411
AOF,19970801,1.21,1.22,1.21,1.22,144350
AOG,19970801,2,2.1,2,2.1,6740
AOV,19970801,0.15,0.16,0.15,0.16,538250
APF,19970801,1.58,1.58,1.56,1.56,76648
API,19970801,2.48,2.5,2.47,2.48,143600
APN,19970801,2.28,2.35,2.28,2.3,35864
APU,19970801,0.85,0.85,0.81,0.81,147000
APY,19970801,1.62,1.62,1.62,1.62,5500
AQS,19970801,0.81,0.81,0.8,0.81,30510
ARA,19970801,0.66,0.66,0.66,0.66,21874
ARC,19970801,0.405,0.405,0.405,0.405,20900
ARF,19970801,1.2,1.2,1.2,1.2,2000
ARG,19970801,3.42,3.5,3.42,3.45,129748
ARL,19970801,4.786,4.8,4.76,4.78,299027
ARN,19970801,8.6,8.65,8.6,8.65,27980
ARO,19970801,2.12,2.16,2.1,2.1,17399
ARS,19970801,0.41,0.43,0.41,0.42,386109
ASE,19970801,0.28,0.29,0.28,0.29,216000
ASH,19970801,1.97,1.98,1.87,1.95,120603
ASL,19970801,1.49,1.49,1.48,1.49,87802
ASN,19970801,0.062,0.062,0.062,0.062,250000
ASR,19970801,0.33,0.33,0.33,0.33,15000
ATD,19970801,0.05,0.05,0.05,0.05,12141
ATE,19970801,0.315,0.32,0.315,0.32,130800
ATG,19970801,0.6,0.6,0.6,0.6,33500
ATO,19970801,0.13,0.13,0.125,0.13,1897350
ATP,19970801,0.285,0.285,0.285,0.285,70000
ATU,19970801,0.79,0.79,0.79,0.79,88730
AUC,19970801,0.68,0.68,0.68,0.68,1500
AUD,19970801,2.284,2.29,2.27,2.28,386631
AUG,19970801,1.74,1.74,1.7,1.74,18020
AUI,19970801,2.8,2.8,2.75,2.75,10428
AVG,19970801,3.3,3.4,3.3,3.4,26300
AVJ,19970801,0.71,0.72,0.71,0.72,11000
AVL,19970801,0.15,0.15,0.145,0.145,205000
AVR,19970801,1.22,1.26,1.22,1.26,108900
AWA,19970801,0.77,0.78,0.76,0.78,301080
AWE,19970801,0.61,0.61,0.6,0.6,393000
AWH,19970801,1.45,1.51,1.45,1.51,40661
AWI,19970801,0.55,0.65,0.55,0.6,110220
AXI,19970801,0.45,0.45,0.45,0.45,20000
AXR,19970801,0.385,0.41,0.385,0.41,376310
AYO,19970801,1,1.05,0.99,1.05,311700
AZL,19970801,0.079,0.08,0.071,0.075,5384984
BAE,19970801,0.28,0.28,0.28,0.28,16000
BAH,19970801,0.29,0.29,0.28,0.28,33334
BCD,19970801,1.04,1.05,1.04,1.05,39000
BDG,19970801,0.191,0.191,0.165,0.165,38000
BDL,19970801,0.6,0.61,0.6,0.61,9000
BEM,19970801,0.46,0.5,0.46,0.5,17600
BEN,19970801,4.54,4.55,4.52,4.53,47022
BGD,19970801,0.215,0.22,0.215,0.215,113500
BGF,19970801,0.046,0.046,0.045,0.045,67101
BHP,19970801,18.204,18.212,17.9,18.01,2880047
BHT,19970801,1.14,1.15,1.13,1.15,53050
BID,19970801,1.05,1.05,1.05,1.05,5000
BII,19970801,0.205,0.21,0.2,0.2,165326
BIL,19970801,27.805,28,27.76,28,140028
BKL,19970801,3.85,3.85,3.82,3.85,8816
BKR,19970801,1.23,1.25,1.22,1.25,50900
BLO,19970801,0.66,0.67,0.65,0.67,489425
BML,19970801,9.835,10,9.835,10,642156
BOA,19970801,0.74,0.74,0.74,0.74,2600
BOC,19970801,0.56,0.57,0.56,0.57,84250
BOR,19970801,4.171,4.183,4.1,4.13,1291169
BPC,19970801,2.5,2.58,2.48,2.57,1620234
BPT,19970801,0.135,0.14,0.135,0.14,75465
BQD,19970801,5.417,5.46,5.38,5.42,39483
BRI,19970801,0.18,0.18,0.18,0.18,50000
BRL,19970801,3.69,3.95,3.68,3.9,138592
BRY,19970801,1.22,1.23,1.21,1.23,449985
BSD,19970801,1.72,1.72,1.7,1.7,1118687
BSG,19970801,0.085,0.085,0.085,0.085,39000
BSN,19970801,0.08,0.08,0.08,0.08,10000
BSO,19970801,4.93,4.96,4.93,4.95,24600
BTA,19970801,4.7,4.7,4.58,4.6,43850
BTE,19970801,0.79,0.8,0.78,0.79,202740
BTG,19970801,0.63,0.64,0.63,0.64,70916
BTL,19970801,4.46,4.47,4.45,4.45,1918
BTM,19970801,0.475,0.48,0.475,0.475,53093
BTO,19970801,1.63,1.63,1.63,1.63,30850
BTP,19970801,1.86,1.9,1.86,1.89,124995
BTY,19970801,3.31,3.33,3.31,3.33,4701
BUG,19970801,1.03,1.04,1.03,1.04,10742
BWA,19970801,2.85,2.93,2.84,2.92,560952
BYI,19970801,2.39,2.4,2.35,2.4,9006
CAA,19970801,4.84,4.87,4.84,4.85,477227
CAE,19970801,0.04,0.04,0.039,0.039,755000
CAG,19970801,0.137,0.14,0.13,0.14,180000
CAI,19970801,0.265,0.27,0.265,0.27,41000
CAR,19970801,0.22,0.22,0.22,0.22,50000
CAT,19970801,0.6,0.7,0.6,0.7,974850
CBA,19970801,16.622,16.7,16.57,16.65,886466
CBL,19970801,0.032,0.035,0.032,0.035,8787870
CBN,19970801,0.018,0.018,0.018,0.018,20000
CBS,19970801,12.65,12.65,12.65,12.65,1765
CCH,19970801,0.215,0.215,0.215,0.215,10500
CCL,19970801,16.293,16.3,16.1,16.25,1714383
CCN,19970801,0.646,0.66,0.64,0.64,248726
CCR,19970801,0.395,0.4,0.385,0.39,124090
CCV,19970801,0.51,0.51,0.49,0.49,197869
CDL,19970801,0.36,0.38,0.36,0.38,18200
CDX,19970801,4.5,4.5,4.5,4.5,4000
CEA,19970801,0.025,0.026,0.025,0.026,176000
CEP,19970801,2.47,2.47,2.4,2.4,188860
CEQ,19970801,1.48,1.48,1.48,1.48,29670
CEV,19970801,0.11,0.11,0.11,0.11,10500
CEY,19970801,0.781,0.8,0.78,0.8,142801
CFR,19970801,0.037,0.038,0.036,0.037,1984000
CFS,19970801,1.2,1.2,1.2,1.2,2000
CGD,19970801,0.71,0.72,0.71,0.72,94000
CGH,19970801,3.501,3.54,3.48,3.53,793261
CGL,19970801,0.205,0.205,0.195,0.195,187273
CGY,19970801,11.4,11.4,11.4,11.4,13536
CHF,19970801,0.74,0.74,0.7,0.72,94160
CHL,19970801,0.64,0.64,0.62,0.62,41000
CHO,19970801,10.1,10.1,10.1,10.1,4285
CHV,19970801,0.5,0.5,0.5,0.5,61000
CHY,19970801,3.23,3.28,3.23,3.28,13157
CIA,19970801,1.11,1.11,1.1,1.1,20000
CID,19970801,0.46,0.46,0.46,0.46,15000
CIH,19970801,1.09,1.1,1.08,1.1,428101
CIM,19970801,0.55,0.55,0.53,0.55,248570
CIN,19970801,13.5,13.8,13.5,13.8,23670
CIO,19970801,1.02,1.09,1.02,1.09,311342
CIP,19970801,2.01,2.02,2.01,2.01,21870
CIR,19970801,1.008,1.008,0.94,0.94,74000
CIS,19970801,0.29,0.29,0.29,0.29,2526
CKC,19970801,1.42,1.44,1.41,1.44,22600
CKS,19970801,0.8,0.83,0.8,0.83,12500
CLM,19970801,0.295,0.305,0.295,0.3,226419
CLR,19970801,3.94,3.97,3.9,3.97,247907
CLS,19970801,1.76,1.76,1.76,1.76,2600
CMC,19970801,7.13,7.13,7.07,7.07,449191
CMD,19970801,0.18,0.18,0.18,0.18,280000
CMF,19970801,1.38,1.38,1.37,1.37,24940
CMG,19970801,12.22,12.29,12.2,12.29,238879
CML,19970801,6.911,6.92,6.85,6.85,864539
CMR,19970801,0.65,0.65,0.65,0.65,800
CMU,19970801,1.41,1.45,1.41,1.41,15500
CMX,19970801,0.77,0.78,0.75,0.75,52500
CMZ,19970801,0.45,0.45,0.4,0.4,154227
CND,19970801,2.02,2.05,2.01,2.05,78900
CNF,19970801,0.21,0.21,0.21,0.21,85000
CNG,19970801,0.56,0.56,0.53,0.53,108310
CNM,19970801,0.115,0.115,0.11,0.11,60000
CNN,19970801,0.68,0.72,0.68,0.72,303000
CNT,19970801,0.065,0.066,0.062,0.062,717930
CNY,19970801,0.155,0.16,0.155,0.16,37644
COA,19970801,3.45,3.5,3.44,3.44,88210
COC,19970801,2.36,2.37,2.33,2.35,174117
COF,19970801,3.5,3.5,3.5,3.5,7500
COG,19970801,0.074,0.074,0.074,0.074,20000
COH,19970801,4.56,4.65,4.56,4.65,34930
COT,19970801,1.25,1.27,1.25,1.27,72800
COV,19970801,0.083,0.083,0.083,0.083,100000
CPB,19970801,5.413,5.45,5.413,5.45,1500
CPC,19970801,0.205,0.205,0.2,0.205,559000
CPI,19970801,2.803,2.83,2.8,2.8,12695
CPL,19970801,2.41,2.42,2.4,2.42,89918
CPM,19970801,9.045,9.045,8.98,9,32300
CPU,19970801,14,14.15,13.95,14.1,53354
CPW,19970801,4.05,4.09,4.05,4.09,25880
CPY,19970801,0.95,0.96,0.94,0.96,1086340
CRG,19970801,14.26,14.4,14.26,14.4,3700
CRI,19970801,3.84,3.84,3.8,3.8,16490
CRO,19970801,2.17,2.18,2.15,2.17,882232
CRS,19970801,0.41,0.41,0.395,0.395,139019
CRT,19970801,0.82,0.82,0.82,0.82,20696
CRV,19970801,0.82,0.82,0.82,0.82,7467
CSA,19970801,0.065,0.065,0.065,0.065,15000
CSL,19970801,7.9,8.1,7.9,8.1,33296
CSR,19970801,5.19,5.23,5.16,5.16,1078178
CTL,19970801,2.4,2.44,2.4,2.42,180133
CTM,19970801,2.3,2.3,2.3,2.3,30697
CTO,19970801,0.325,0.325,0.32,0.32,141000
CTR,19970801,1.648,1.69,1.64,1.66,1546993
CTX,19970801,4.61,4.81,4.6,4.8,251500
CTY,19970801,1.55,1.57,1.55,1.57,10566
CUC,19970801,0.93,0.93,0.9,0.91,16000
CUE,19970801,0.26,0.26,0.255,0.26,2071363
CVC,19970801,0.225,0.225,0.225,0.225,2000
CVI,19970801,5.25,5.25,5.25,5.25,1000
CVN,19970801,0.036,0.042,0.036,0.041,12872600
CWI,19970801,1.3,1.31,1.3,1.31,67140
CWP,19970801,1.14,1.14,1.13,1.13,5000
CXP,19970801,1.23,1.23,1.22,1.22,19070
CXR,19970801,0.48,0.49,0.47,0.48,2882776
CYG,19970801,5.62,5.62,5.6,5.6,1000
CYH,19970801,0.08,0.08,0.08,0.08,200000
DAH,19970801,0.35,0.35,0.35,0.35,2000
DAR,19970801,1.56,1.59,1.56,1.59,9850
DAT,19970801,2.35,2.4,2.35,2.35,40580
DCI,19970801,0.33,0.33,0.33,0.33,46300
DEF,19970801,0.18,0.18,0.175,0.175,147731
DEV,19970801,0.355,0.355,0.35,0.35,98727
DGD,19970801,1.76,1.77,1.75,1.77,89260
DGM,19970801,0.018,0.018,0.018,0.018,100000
DHU,19970801,0.07,0.07,0.07,0.07,230035
DIO,19970801,0.085,0.085,0.085,0.085,62100
DJS,19970801,1.92,1.92,1.9,1.9,678317
DJW,19970801,3.65,3.65,3.6,3.65,128769
DLS,19970801,0.09,0.09,0.087,0.087,602489
DMR,19970801,0.105,0.11,0.105,0.11,633500
DNR,19970801,0.32,0.32,0.32,0.32,14000
DNS,19970801,0.17,0.17,0.165,0.165,210000
DOM,19970801,0.57,0.57,0.56,0.56,18192
DOR,19970801,0.155,0.16,0.155,0.16,68280
DPG,19970801,6.1,6.1,6.1,6.1,1000
DRA,19970801,0.115,0.115,0.11,0.11,290000
DRE,19970801,0.37,0.37,0.35,0.35,37500
DRN,19970801,1.18,1.2,1.18,1.2,74000
DSH,19970801,0.435,0.45,0.435,0.45,65608
DST,19970801,0.115,0.115,0.115,0.115,23000
DUI,19970801,1.35,1.35,1.35,1.35,79649
DVD,19970801,0.864,0.89,0.82,0.89,2863804
DVL,19970801,0.8,0.81,0.8,0.81,15000
DVN,19970801,0.87,0.87,0.87,0.87,148260
EAC,19970801,3.3,3.3,3.3,3.3,1500
EAM,19970801,1.4,1.43,1.4,1.41,64890
EBR,19970801,0.2,0.2,0.2,0.2,20510
EDI,19970801,3.85,3.85,3.84,3.85,73015
EEC,19970801,1.49,1.52,1.48,1.52,187300
EGL,19970801,0.135,0.135,0.135,0.135,4000
ELT,19970801,1.93,1.98,1.93,1.95,19026
EMA,19970801,1,1.01,1,1.01,20420
EMD,19970801,0.017,0.017,0.015,0.015,278332
EML,19970801,4.65,4.69,4.61,4.68,249356
EMM,19970801,0.23,0.23,0.23,0.23,18334
EMN,19970801,2.603,2.67,2.6,2.65,552664
EMP,19970801,1.08,1.1,1.08,1.081,55590
ENE,19970801,2.65,2.7,2.6,2.69,165047
EQI,19970801,0.37,0.37,0.37,0.37,7000
EQK,19970801,0.645,0.65,0.645,0.65,147046
EQR,19970801,0.33,0.33,0.31,0.31,141700
EQT,19970801,6.4,6.4,6.4,6.4,1000
ERA,19970801,5.5,5.7,5.5,5.5,5437
ERG,19970801,1.396,1.44,1.38,1.39,1215770
ERH,19970801,0.103,0.103,0.103,0.103,10000
ESA,19970801,0.43,0.43,0.43,0.43,5000
ESE,19970801,0.335,0.335,0.335,0.335,29112
ESI,19970801,0.24,0.24,0.24,0.24,91993
EWL,19970801,0.27,0.27,0.26,0.26,10400
EWN,19970801,0.35,0.35,0.35,0.35,10000
FAF,19970801,1.23,1.23,1.22,1.22,30061
FAI,19970801,0.65,0.65,0.64,0.64,80007
FAR,19970801,0.4,0.425,0.4,0.42,254903
FBG,19970801,2.645,2.645,2.6,2.61,22851316
FBO,19970801,3.2,3.2,3.2,3.2,3000
FCL,19970801,2.1,2.11,1.96,2,845824
FDR,19970801,0.085,0.098,0.085,0.098,151500
FFL,19970801,2.3,2.35,2.3,2.35,9800
FGR,19970801,0.023,0.023,0.022,0.023,635000
FHF,19970801,8.195,8.2,8.19,8.2,61302
FHL,19970801,6,6,6,6,4000
FIF,19970801,3.86,3.93,3.86,3.92,345849
FIG,19970801,0.06,0.063,0.06,0.063,151250
FIM,19970801,0.125,0.125,0.125,0.125,140000
FLL,19970801,0.79,0.79,0.79,0.79,176050
FLT,19970801,4.3,4.35,4.3,4.35,5150
FMH,19970801,3.51,3.51,3.51,3.51,31560
FNC,19970801,0.317,0.32,0.28,0.28,452532
FOA,19970801,9.298,9.6,9.298,9.6,118874
FPB,19970801,2.8,2.8,2.74,2.76,70608
FPF,19970801,1.91,1.91,1.91,1.91,1652
FPG,19970801,1.1,1.1,1.1,1.1,19000
FRD,19970801,0.45,0.45,0.44,0.44,12500
FRO,19970801,0.075,0.078,0.073,0.078,511300
FRP,19970801,1.44,1.44,1.43,1.44,17500
FRT,19970801,0.98,0.98,0.98,0.98,5000
FTR,19970801,0.3,0.3,0.3,0.3,30000
FTU,19970801,0.029,0.029,0.028,0.028,305000
FWD,19970801,2.28,2.28,2.26,2.26,25468
FXJ,19970801,3.165,3.17,3.12,3.16,1673348
GAL,19970801,1.55,1.55,1.55,1.55,32800
GAN,19970801,1.02,1.02,1.01,1.01,1613172
GAW,19970801,0.077,0.08,0.077,0.08,374000
GCC,19970801,0.17,0.17,0.16,0.165,279000
GCI,19970801,7.53,7.55,7.53,7.55,2740
GCM,19970801,2.73,2.78,2.7,2.78,522725
GCR,19970801,0.235,0.24,0.235,0.235,315000
GDA,19970801,0.065,0.065,0.065,0.065,30000
GDC,19970801,0.295,0.295,0.295,0.295,6226
GDH,19970801,0.52,0.52,0.5,0.5,10000
GDM,19970801,0.24,0.25,0.24,0.25,69000
GEG,19970801,0.61,0.63,0.61,0.63,30326
GEL,19970801,0.46,0.47,0.455,0.47,108978
GFD,19970801,0.47,0.47,0.45,0.45,4275
GFY,19970801,0.225,0.225,0.225,0.225,94000
GGR,19970801,0.145,0.155,0.145,0.145,653000
GGS,19970801,0.21,0.21,0.21,0.21,147000
GGY,19970801,0.063,0.064,0.062,0.062,665435
GHG,19970801,2.1,2.15,2.1,2.15,10990
GHP,19970801,1.24,1.24,1.23,1.23,70280
GIO,19970801,4.118,4.13,4.06,4.06,625700
GIR,19970801,0.08,0.08,0.08,0.08,6548
GLD,19970801,1.75,1.75,1.72,1.74,74114
GLP,19970801,0.07,0.07,0.07,0.07,44000
GLT,19970801,0.16,0.16,0.155,0.155,30000
GMA,19970801,0.11,0.11,0.105,0.11,347742
GME,19970801,0.125,0.125,0.12,0.12,54501
GMF,19970801,2.058,2.11,2.05,2.1,2250720
GMN,19970801,0.19,0.19,0.19,0.19,10000
GNR,19970801,0.08,0.08,0.08,0.08,50000
GNS,19970801,2.7,2.7,2.7,2.7,2130
GPT,19970801,2.635,2.64,2.58,2.61,1585256
GPY,19970801,0.22,0.22,0.22,0.22,421635
GRA,19970801,0.1,0.105,0.1,0.105,35000
GRC,19970801,0.11,0.11,0.11,0.11,14000
GRI,19970801,0.311,0.32,0.31,0.315,82028
GRN,19970801,0.17,0.17,0.17,0.17,32000
GRT,19970801,0.64,0.64,0.63,0.63,26000
GRV,19970801,0.8,0.8,0.8,0.8,3100
GSE,19970801,0.17,0.17,0.165,0.165,103300
GSP,19970801,0.81,0.81,0.8,0.8,80719
GTL,19970801,0.2,0.2,0.2,0.2,15000
GTM,19970801,0.046,0.047,0.045,0.045,644000
GTS,19970801,0.35,0.35,0.34,0.34,21961
GUD,19970801,4.4,4.4,4.35,4.35,15740
GUL,19970801,0.037,0.037,0.037,0.037,50000
GVM,19970801,0.34,0.34,0.32,0.33,65039
GWC,19970801,1.44,1.44,1.44,1.44,19640
GWF,19970801,0.763,0.763,0.76,0.76,2077
GWT,19970801,2.959,3.02,2.959,3.02,75547
HAH,19970801,4.4,4.46,4.4,4.425,1592367
HAM,19970801,0.33,0.4,0.33,0.4,31953
HAO,19970801,0.3,0.3,0.3,0.3,33140
HAR,19970801,0.64,0.64,0.62,0.62,54000
HCO,19970801,13.5,13.6,13.5,13.6,1100
HDR,19970801,0.093,0.093,0.09,0.09,1941647
HER,19970801,0.67,0.7,0.67,0.7,20687
HEX,19970801,0.105,0.105,0.1,0.1,50000
HGO,19970801,0.128,0.13,0.128,0.13,66720
HGV,19970801,1.08,1.08,1.06,1.06,54371
HHM,19970801,0.1,0.1,0.1,0.1,60000
HIC,19970801,0.48,0.48,0.48,0.48,20000
HIG,19970801,0.89,1.02,0.89,1,398978
HIH,19970801,3.32,3.45,3.3,3.44,274977
HIL,19970801,2.46,2.46,2.46,2.46,19805
HLL,19970801,0.09,0.09,0.09,0.09,105000
HLM,19970801,0.26,0.26,0.25,0.25,92000
HLN,19970801,3.2,3.25,3.2,3.232,63685
HLR,19970801,0.16,0.16,0.16,0.16,20000
HLX,19970801,0.75,0.75,0.7,0.7,61060
HLY,19970801,2.01,2.01,1.95,1.98,301326
HMC,19970801,0.095,0.105,0.095,0.105,185000
HMH,19970801,0.125,0.125,0.12,0.12,145404
HNG,19970801,1.45,1.45,1.42,1.42,19092
HOY,19970801,2.96,2.98,2.96,2.96,1884203
HPA,19970801,0.31,0.31,0.31,0.31,50000
HPL,19970801,1.45,1.5,1.43,1.46,110936
HRS,19970801,0.26,0.28,0.26,0.28,128400
HRT,19970801,0.5,0.51,0.5,0.51,62126
HRW,19970801,2.74,2.75,2.69,2.69,40672
HSL,19970801,1.85,1.85,1.83,1.84,5880
HSP,19970801,0.57,0.57,0.56,0.56,20000
HTH,19970801,1.53,1.55,1.53,1.55,20950
HVN,19970801,8.12,8.16,8.12,8.12,89270
HWR,19970801,1.86,1.86,1.86,1.86,683140
HZA,19970801,0.8,0.8,0.75,0.75,9594
HZM,19970801,0.075,0.075,0.075,0.075,4688
IAM,19970801,2.8,2.8,2.77,2.77,21400
ICI,19970801,13.494,13.54,13.41,13.46,409523
ICT,19970801,6.74,6.77,6.72,6.77,46075
ICW,19970801,2.5,2.55,2.5,2.55,56465
IFT,19970801,1.37,1.37,1.34,1.36,2369313
IHG,19970801,1.08,1.1,1.08,1.1,87450
IHN,19970801,0.91,0.91,0.91,0.91,6000
IIV,19970801,0.31,0.31,0.31,0.31,11000
ILH,19970801,0.6,0.6,0.6,0.6,1000
IMD,19970801,0.3,0.3,0.3,0.3,80500
IMM,19970801,0.15,0.155,0.15,0.155,38500
INX,19970801,1.2,1.2,1.18,1.2,115000
ION,19970801,1,1,1,1,1000
IPH,19970801,2.52,2.52,2.52,2.52,639270
IPY,19970801,1.01,1.03,1.01,1.01,291971
IRC,19970801,0.175,0.175,0.175,0.175,22000
IRO,19970801,0.13,0.13,0.125,0.125,253600
ISR,19970801,0.279,0.28,0.279,0.28,74785
ITN,19970801,0.18,0.18,0.17,0.17,25000
JBG,19970801,0.16,0.16,0.155,0.155,49850
JFA,19970801,1.01,1.02,1.01,1.01,22825
JFC,19970801,0.83,0.85,0.83,0.84,40280
JJS,19970801,1.62,1.62,1.59,1.59,11360
JLA,19970801,0.11,0.11,0.105,0.11,122675
JNA,19970801,1.25,1.25,1.25,1.25,6000
JOD,19970801,0.011,0.011,0.011,0.011,2940
JRV,19970801,0.141,0.141,0.14,0.14,71040
JUP,19970801,3.44,3.44,3.39,3.39,94899
JWM,19970801,2.75,2.75,2.75,2.75,50
JYC,19970801,1.56,1.56,1.56,1.56,8000
KCG,19970801,0.72,0.72,0.72,0.72,39500
KCN,19970801,1.02,1.05,1.02,1.05,2000
KGH,19970801,0.55,0.55,0.53,0.53,64000
KGR,19970801,0.08,0.08,0.076,0.08,607127
KHL,19970801,0.52,0.54,0.52,0.54,46000
KIM,19970801,0.98,0.98,0.95,0.95,12600
KIR,19970801,0.78,0.78,0.78,0.78,26996
KIW,19970801,0.109,0.11,0.107,0.11,650700
KLA,19970801,0.28,0.3,0.28,0.3,29795
KLZ,19970801,3.08,3.08,3,3.08,12095
KMN,19970801,0.1,0.105,0.095,0.105,65000
KMT,19970801,0.13,0.13,0.13,0.13,31088
KRS,19970801,0.1,0.1,0.1,0.1,120000
KUP,19970801,1.46,1.46,1.44,1.44,37592
KYC,19970801,4.25,4.26,4.25,4.26,4000
LAC,19970801,1.87,1.87,1.87,1.87,9920
LAN,19970801,3.2,3.2,3.2,3.2,5500
LEG,19970801,0.145,0.15,0.145,0.15,55000
LEI,19970801,6.24,6.24,6.1,6.15,4141653
LEO,19970801,0.19,0.19,0.19,0.19,255000
LEV,19970801,6.2,6.2,6.2,6.2,459
LHG,19970801,1.9,1.98,1.9,1.98,1624213
LJF,19970801,0.027,0.027,0.027,0.027,10000
LKO,19970801,0.034,0.034,0.034,0.034,470000
LLC,19970801,30.451,30.453,29.9,30.1,345027
LLR,19970801,0.19,0.19,0.19,0.19,540
LNN,19970801,3.48,3.55,3.48,3.52,29798
LSC,19970801,0.6,0.6,0.6,0.6,2500
LSE,19970801,0.24,0.255,0.24,0.255,204467
LSG,19970801,0.99,0.99,0.99,0.99,55700
LVG,19970801,0.22,0.225,0.22,0.225,150000
MAG,19970801,3,3,3,3,2000
MAH,19970801,0.9,0.91,0.88,0.88,135181
MAS,19970801,0.08,0.08,0.075,0.075,18600
MAT,19970801,2.25,2.25,2.25,2.25,3834
MAY,19970801,7.7,7.81,7.7,7.8,391662
MBC,19970801,2.59,2.59,2.59,2.59,3630
MBG,19970801,0.075,0.075,0.075,0.075,38000
MBK,19970801,9.8,10.2,9.7,9.8,31230
MBL,19970801,13.8,13.8,13.71,13.78,90519
MCO,19970801,0.22,0.22,0.22,0.22,6998
MCP,19970801,2.95,3,2.94,3,42538
MDC,19970801,3.1,3.1,3.1,3.1,2021
MDI,19970801,0.21,0.21,0.205,0.205,77447
MED,19970801,0.445,0.5,0.445,0.5,142607
MEE,19970801,0.175,0.175,0.17,0.175,120300
MEM,19970801,1.5,1.5,1.5,1.5,257
MEN,19970801,0.2,0.2,0.2,0.2,2246
MET,19970801,37.05,37.26,35.8,35.8,985
MGD,19970801,0.05,0.058,0.05,0.058,305000
MGG,19970801,0.14,0.14,0.13,0.13,12000
MGL,19970801,0.16,0.16,0.16,0.16,20000
MGS,19970801,0.68,0.68,0.67,0.68,367465
MGW,19970801,1.55,1.55,1.55,1.55,4746
MHI,19970801,0.09,0.09,0.09,0.09,75000
MIK,19970801,0.23,0.23,0.23,0.23,15000
MIM,19970801,1.85,1.86,1.82,1.84,3613065
MIV,19970801,0.44,0.44,0.43,0.43,48500
MJN,19970801,0.285,0.29,0.27,0.285,1660000
MKA,19970801,0.33,0.33,0.3,0.3,22600
MLG,19970801,1.53,1.55,1.53,1.55,77500
MLK,19970801,1.8,1.8,1.8,1.8,2700
MMC,19970801,1.25,1.25,1.2,1.2,52690
MMD,19970801,0.35,0.35,0.34,0.34,347561
MMF,19970801,3.25,3.25,3.24,3.24,117510
MMN,19970801,0.094,0.094,0.093,0.093,45000
MMU,19970801,4.14,4.2,4.12,4.2,48095
MNG,19970801,0.23,0.23,0.23,0.23,5000
MNT,19970801,0.54,0.55,0.54,0.55,40570
MOH,19970801,0.097,0.097,0.097,0.097,35000
MOM,19970801,0.14,0.145,0.14,0.145,16859
MOS,19970801,0.446,0.45,0.41,0.42,1751498
MPI,19970801,0.13,0.13,0.13,0.13,50000
MPL,19970801,0.135,0.14,0.13,0.135,240000
MPO,19970801,0.076,0.076,0.076,0.076,16000
MPT,19970801,1.4,1.4,1.36,1.37,203402
MQL,19970801,0.225,0.225,0.19,0.19,410005
MRC,19970801,0.5,0.5,0.48,0.48,140700
MRD,19970801,1.658,1.8,1.65,1.72,511098
MRH,19970801,0.65,0.65,0.63,0.63,85000
MRV,19970801,2.98,3.03,2.98,3.03,12555
MSI,19970801,0.195,0.195,0.195,0.195,95000
MTB,19970801,0.09,0.09,0.09,0.09,20000
MTK,19970801,3.4,3.42,3.4,3.4,9590
MTL,19970801,2.45,2.45,2.39,2.39,43015
MTM,19970801,0.093,0.095,0.093,0.095,119166
MUR,19970801,0.74,0.75,0.73,0.75,94350
MWL,19970801,0.85,0.85,0.85,0.85,2500
MXC,19970801,0.27,0.27,0.26,0.26,33000
MXT,19970801,0.96,0.96,0.93,0.93,82217
MZG,19970801,0.28,0.29,0.28,0.29,100000
NAB,19970801,19.472,19.59,19.471,19.51,2270015
NAU,19970801,1.25,1.3,1.25,1.3,108700
NBH,19970801,4.895,4.93,4.88,4.92,2609428
NBS,19970801,2.934,2.94,2.9,2.91,23760
NCI,19970801,2.6,2.6,2.6,2.6,5000
NCL,19970801,0.88,0.91,0.88,0.9,237173
NCM,19970801,2.721,2.76,2.7,2.72,1595452
NCP,19970801,6.15,6.151,6.12,6.13,4373747
NCR,19970801,2.75,2.75,2.75,2.75,4500
NDY,19970801,1.535,1.58,1.531,1.57,2007645
NEP,19970801,0.155,0.155,0.155,0.155,11000
NET,19970801,0.79,0.79,0.72,0.75,109931
NEX,19970801,0.073,0.073,0.07,0.07,120320
NFD,19970801,1.98,2,1.97,2,529994
NFG,19970801,0.65,0.65,0.63,0.65,17464
NFM,19970801,6.75,6.75,6.55,6.55,6710
NFO,19970801,0.1,0.1,0.1,0.1,10000
NGH,19970801,0.08,0.08,0.08,0.08,13956
NHG,19970801,0.15,0.16,0.15,0.16,119115
NHM,19970801,0.074,0.074,0.074,0.074,462
NHR,19970801,0.69,0.69,0.68,0.68,9000
NIX,19970801,1.33,1.33,1.32,1.33,55300
NMF,19970801,0.93,0.95,0.93,0.95,37505
NMH,19970801,2.216,2.26,2.2,2.25,6506997
NML,19970801,2.35,2.38,2.35,2.37,212355
NMP,19970801,1.14,1.14,1.12,1.13,81672
NMW,19970801,0.88,0.9,0.85,0.87,83600
NNG,19970801,0.099,0.1,0.095,0.095,131695
NPC,19970801,0.51,0.51,0.51,0.51,30000
NPT,19970801,1.14,1.15,1.14,1.15,301259
NRT,19970801,1.78,1.78,1.75,1.75,5000
NTS,19970801,0.075,0.075,0.075,0.075,16000
NVS,19970801,5.006,5.01,4.98,4.98,520706
NZO,19970801,0.363,0.38,0.363,0.38,178500
OCN,19970801,0.085,0.085,0.085,0.085,100000
OEC,19970801,0.85,0.86,0.85,0.86,41570
OLS,19970801,1.29,1.29,1.24,1.24,20150
OML,19970801,3.95,3.95,3.9,3.95,120629
OMO,19970801,0.21,0.21,0.205,0.21,250500
ONI,19970801,0.99,1,0.99,1,5000
OPS,19970801,3.64,3.7,3.64,3.68,22671
ORL,19970801,0.96,0.96,0.96,0.96,3500
OSH,19970801,4.214,4.22,4.16,4.16,330975
OTR,19970801,0.92,0.92,0.91,0.91,1470
OXR,19970801,0.205,0.205,0.2,0.2,49500
PAE,19970801,0.145,0.145,0.145,0.145,5000
PAL,19970801,0.195,0.195,0.195,0.195,6300
PAS,19970801,2.574,2.6,2.52,2.53,5055860
PAT,19970801,2,2,2,2,1400
PAY,19970801,0.83,0.83,0.83,0.83,150553
PBB,19970801,5.7,5.7,5.65,5.7,104615
PBL,19970801,8.245,8.42,8.24,8.4,466701
PBY,19970801,0.692,0.692,0.68,0.69,266053
PCE,19970801,1.006,1.01,0.96,1,338650
PCM,19970801,1.01,1.01,1,1,2070
PDC,19970801,1.22,1.22,1.2,1.22,155400
PDG,19970801,22.5,22.5,22.3,22.43,3367
PDP,19970801,3.63,3.67,3.62,3.64,3214339
PDR,19970801,0.175,0.175,0.175,0.175,110000
PEM,19970801,0.5,0.52,0.5,0.52,35925
PGL,19970801,11.7,11.75,11.7,11.75,6350
PGT,19970801,0.07,0.08,0.07,0.08,42000
PHC,19970801,0.032,0.032,0.032,0.032,100000
PHD,19970801,0.18,0.185,0.18,0.185,70000
PHY,19970801,1.12,1.12,1.12,1.12,3019
PID,19970801,1.04,1.04,1.04,1.04,15750
PIG,19970801,0.235,0.235,0.235,0.235,500
PII,19970801,1.155,1.17,1.15,1.17,443188
PIP,19970801,0.694,0.72,0.69,0.72,517981
PLM,19970801,8.72,8.75,8.72,8.75,3300
PLR,19970801,0.96,0.96,0.96,0.96,2000
PLT,19970801,3.4,3.45,3.4,3.45,19000
PLU,19970801,3.97,4.01,3.97,4,636166
PLW,19970801,1.55,1.56,1.55,1.56,28000
PMA,19970801,0.255,0.27,0.255,0.27,145570
PMC,19970801,0.997,1,0.99,1,257745
PMM,19970801,2.95,3.11,2.95,3.1,424114
PMP,19970801,3.21,3.23,3.2,3.22,338344
PMT,19970801,5.75,5.75,5.75,5.75,990
PNA,19970801,0.21,0.21,0.21,0.21,30000
PNI,19970801,4.841,4.85,4.8,4.82,2099186
PNK,19970801,0.96,0.96,0.96,0.96,8500
PNL,19970801,0.15,0.15,0.15,0.15,100000
PPK,19970801,0.52,0.52,0.52,0.52,8000
PPP,19970801,0.24,0.24,0.235,0.24,370570
PPT,19970801,9.05,9.11,9.05,9.1,6550
PRA,19970801,0.185,0.185,0.18,0.18,90000
PRB,19970801,0.03,0.031,0.03,0.031,665000
PRE,19970801,0.13,0.145,0.13,0.14,370030
PRH,19970801,3.45,3.45,3.45,3.45,3000
PRL,19970801,0.85,0.86,0.85,0.86,11680
PRM,19970801,0.111,0.12,0.111,0.115,1412393
PRN,19970801,0.038,0.038,0.038,0.038,13800
PRP,19970801,1.1,1.12,1.1,1.12,485563
PRR,19970801,0.2,0.2,0.2,0.2,2246
PRT,19970801,3.15,3.15,3.1,3.1,27000
PSA,19970801,5.95,6.1,5.95,6.1,65899
PSG,19970801,0.34,0.34,0.34,0.34,7500
PSR,19970801,3.32,3.65,3.32,3.57,155250
PSV,19970801,0.5,0.5,0.5,0.5,7000
PTD,19970801,0.54,0.552,0.5,0.5,1084769
PTH,19970801,0.2,0.2,0.2,0.2,12500
PTS,19970801,0.135,0.135,0.135,0.135,10000
PTZ,19970801,1.25,1.29,1.24,1.28,5240815
QAN,19970801,3,3.02,2.92,3,7833880
QBE,19970801,7.96,8.01,7.9,7.96,992673
QCH,19970801,6.28,6.35,6.25,6.35,5483
QKI,19970801,0.27,0.27,0.27,0.27,513
QMC,19970801,1.27,1.29,1.27,1.28,37727
QOP,19970801,0.15,0.15,0.14,0.14,25000
QRL,19970801,1.654,1.68,1.64,1.65,187074
QTK,19970801,0.11,0.12,0.11,0.115,410000
QUF,19970801,3.42,3.44,3.4,3.4,31187
QUR,19970801,0.71,0.74,0.69,0.69,52760
RAC,19970801,4.15,4.15,4.11,4.11,70140
RAG,19970801,0.007,0.008,0.007,0.008,14045
RAI,19970801,0.4,0.4,0.39,0.39,26000
RBL,19970801,0.45,0.45,0.45,0.45,138000
RCR,19970801,0.38,0.38,0.35,0.35,37300
RDF,19970801,0.78,0.8,0.78,0.8,12800
REB,19970801,2.03,2.03,1.99,2.02,30353
RGC,19970801,4.344,4.35,4.16,4.16,21553
RGR,19970801,0.05,0.05,0.05,0.05,110000
RGS,19970801,3.86,3.86,3.85,3.85,4977
RHO,19970801,0.11,0.11,0.11,0.11,275000
RIC,19970801,1.76,1.78,1.74,1.75,177459
RIO,19970801,20.75,20.9,20.65,20.793,1196139
RMW,19970801,2.71,2.71,2.71,2.71,413
ROK,19970801,2.6,2.63,2.6,2.63,39770
ROR,19970801,0.8,0.85,0.8,0.85,319252
RPG,19970801,0.245,0.25,0.245,0.25,26100
RPM,19970801,0.076,0.076,0.07,0.07,59033
RRM,19970801,0.23,0.23,0.22,0.22,150000
RSG,19970801,1.87,1.89,1.83,1.89,1899319
RSM,19970801,0.638,0.65,0.63,0.65,100929
RTH,19970801,8,8,7.9,7.9,13782
RTS,19970801,0.56,0.56,0.56,0.56,6000
RUP,19970801,4.43,4.5,4.43,4.5,17720
RUS,19970801,0.19,0.19,0.19,0.19,22000
SAS,19970801,0.205,0.205,0.205,0.205,10000
SBC,19970801,5.85,5.86,5.85,5.86,6175
SBE,19970801,1.2,1.2,1.2,1.2,13000
SBM,19970801,0.365,0.365,0.36,0.36,78797
SBR,19970801,0.019,0.019,0.018,0.018,274000
SCE,19970801,0.75,0.75,0.74,0.74,71850
SCH,19970801,2.368,2.4,2.368,2.38,3493637
SCM,19970801,2.4,2.45,2.4,2.45,3330
SCN,19970801,0.12,0.12,0.105,0.105,1609000
SCP,19970801,2.15,2.15,2.13,2.14,78934
SCR,19970801,2.68,2.69,2.68,2.69,7510
SCS,19970801,0.2,0.205,0.2,0.205,98791
SCX,19970801,0.06,0.06,0.06,0.06,90000
SDN,19970801,0.14,0.15,0.14,0.15,60000
SDT,19970801,0.31,0.31,0.3,0.3,205000
SED,19970801,0.145,0.145,0.145,0.145,487
SET,19970801,5.05,5.05,5.05,5.05,3500
SEV,19970801,5.71,5.9,5.71,5.85,362436
SFC,19970801,2.75,2.75,2.75,2.75,6500
SFM,19970801,0.12,0.13,0.11,0.13,55000
SGA,19970801,0.31,0.345,0.31,0.345,16000
SGB,19970801,8.75,8.95,8.74,8.95,2960845
SGI,19970801,1.645,1.66,1.64,1.65,301064
SGN,19970801,3.925,4.03,3.925,4,16250
SGP,19970801,3.54,3.56,3.54,3.56,371064
SGR,19970801,0.1,0.105,0.096,0.105,894500
SGW,19970801,4.891,5.1,4.891,5,72486
SHL,19970801,1.84,1.84,1.82,1.83,21775
SHV,19970801,0.99,0.99,0.99,0.99,5000
SID,19970801,7.39,7.45,7.39,7.45,5020
SKE,19970801,2.555,2.56,2.53,2.53,76160
SKR,19970801,0.14,0.145,0.14,0.145,37853
SKS,19970801,0.55,0.58,0.55,0.58,7594
SMC,19970801,0.043,0.043,0.043,0.043,50000
SME,19970801,6.797,6.82,6.77,6.8,166094
SMG,19970801,0.19,0.195,0.19,0.195,127000
SMI,19970801,13.25,13.3,13.15,13.15,84850
SMS,19970801,9.936,10.25,9.935,10.25,147771
SMU,19970801,0.175,0.175,0.175,0.175,16700
SNM,19970801,0.52,0.53,0.52,0.52,199500
SNX,19970801,0.345,0.35,0.34,0.34,191105
SOA,19970801,0.31,0.32,0.31,0.32,140000
SOG,19970801,0.834,0.85,0.8,0.84,626350
SOH,19970801,0.9,0.9,0.9,0.9,276056
SOL,19970801,46.7,46.7,46.69,46.69,1870
SOV,19970801,0.09,0.09,0.09,0.09,38233
SOX,19970801,0.78,0.78,0.78,0.78,1000
SPC,19970801,0.52,0.52,0.52,0.52,100
SPD,19970801,0.58,0.58,0.58,0.58,10000
SPP,19970801,3.556,3.556,3.495,3.51,404523
SPS,19970801,1.4,1.45,1.4,1.45,60778
SPT,19970801,3.06,3.13,3.06,3.13,14306
SPX,19970801,0.17,0.17,0.16,0.16,207700
SQG,19970801,0.024,0.024,0.023,0.023,2284000
SRI,19970801,0.145,0.145,0.13,0.14,59000
SRL,19970801,2.18,2.18,2,2,7215
SRO,19970801,0.075,0.08,0.07,0.08,152000
SRP,19970801,4.868,5,4.85,4.98,1516722
SSE,19970801,0.85,0.87,0.85,0.85,134100
SSI,19970801,3.35,3.35,3.35,3.35,5000
SSL,19970801,0.51,0.51,0.51,0.51,3750
SSN,19970801,0.029,0.029,0.029,0.029,15312
SSR,19970801,1.72,1.75,1.72,1.75,241195
SST,19970801,3.7,3.7,3.7,3.7,2056
STA,19970801,0.35,0.35,0.31,0.31,20000
STO,19970801,6.421,6.65,6.415,6.61,874070
SUB,19970801,0.038,0.038,0.038,0.038,11539
SUR,19970801,0.276,0.295,0.275,0.29,1703459
SVR,19970801,1.19,1.19,1.16,1.19,525011
SWD,19970801,1.42,1.44,1.42,1.44,16561
SWS,19970801,3.57,3.63,3.57,3.63,12900
SYD,19970801,2.14,2.19,2.13,2.15,480686
TAH,19970801,6.73,6.73,6.66,6.7,575916
TAI,19970801,0.098,0.115,0.098,0.105,24047923
TAM,19970801,0.2,0.21,0.2,0.21,60000
TAP,19970801,1.597,1.68,1.597,1.65,773275
TCE,19970801,1.082,1.09,1.08,1.09,250500
TCL,19970801,1090,1090,1081,1085,382
TCT,19970801,6.25,6.28,6.25,6.28,31600
TEC,19970801,0.42,0.43,0.4,0.4,52600
TEH,19970801,1.95,1.95,1.95,1.95,17588
TGG,19970801,1.65,1.65,1.63,1.65,39380
TGL,19970801,0.099,0.099,0.095,0.095,98000
TGO,19970801,0.34,0.34,0.34,0.34,20000
THG,19970801,0.84,0.85,0.84,0.85,42550
TIG,19970801,0.52,0.52,0.52,0.52,2000
TIM,19970801,2.85,2.85,2.8,2.8,1090
TKG,19970801,0.032,0.032,0.032,0.032,529000
TKR,19970801,0.43,0.45,0.4,0.45,205147
TLA,19970801,1.29,1.3,1.29,1.29,71650
TLN,19970801,0.093,0.093,0.093,0.093,30000
TMC,19970801,0.72,0.72,0.72,0.72,2000
TMG,19970801,0.34,0.34,0.34,0.34,17500
TMS,19970801,1.3,1.32,1.3,1.3,51100
TNY,19970801,0.6,0.61,0.6,0.61,4850
TOL,19970801,2.68,2.69,2.68,2.69,5900
TOR,19970801,0.95,1,0.95,1,42000
TPT,19970801,0.39,0.39,0.39,0.39,15500
TRI,19970801,0.088,0.088,0.081,0.083,200500
TRY,19970801,0.95,0.95,0.95,0.95,50968
TSS,19970801,0.285,0.29,0.285,0.29,14370
TTR,19970801,0.073,0.073,0.07,0.07,200000
TYA,19970801,2.28,2.28,2.24,2.28,57540
UCR,19970801,2.65,2.69,2.65,2.69,18270
UGM,19970801,0.45,0.45,0.45,0.45,46570
UMG,19970801,0.105,0.11,0.105,0.11,45400
USH,19970801,0.53,0.53,0.53,0.53,3000
UTL,19970801,0.48,0.48,0.48,0.48,5500
VHL,19970801,0.4,0.4,0.38,0.38,33595
VKI,19970801,0.093,0.093,0.093,0.093,1625
VLT,19970801,0.064,0.064,0.061,0.061,165000
VOS,19970801,0.44,0.455,0.44,0.455,34012
VPE,19970801,0.26,0.267,0.245,0.25,4900117
VPM,19970801,0.33,0.33,0.33,0.33,15000
VRL,19970801,4.755,4.755,4.75,4.75,144582
VSS,19970801,7.8,7.9,7.8,7.85,29777
VWD,19970801,1.33,1.35,1.33,1.34,29417
WAK,19970801,1.67,1.67,1.67,1.67,700
WAN,19970801,6.2,6.25,6.2,6.2,505204
WBB,19970801,3.06,3.06,3.06,3.06,2000
WBC,19970801,8.685,8.77,8.6,8.62,2524681
WDM,19970801,0.6,0.65,0.55,0.65,13200
WDP,19970801,1.13,1.13,1.13,1.13,1200
WER,19970801,1.16,1.16,1.15,1.15,52000
WES,19970801,12.25,12.35,12.25,12.28,62248
WFA,19970801,1.24,1.24,1.23,1.23,195425
WFI,19970801,1.91,1.91,1.9,1.9,70098
WFT,19970801,2.802,2.807,2.79,2.8,3450411
WGC,19970801,0.07,0.07,0.051,0.051,264000
WGG,19970801,0.3,0.32,0.3,0.3,367891
WGR,19970801,0.41,0.43,0.4,0.43,60375
WHF,19970801,2.15,2.2,2.15,2.2,19105
WHK,19970801,0.085,0.085,0.08,0.08,40000
WHW,19970801,2,2.02,2,2,100000
WJM,19970801,5.35,5.35,5.35,5.35,9400
WKC,19970801,1.16,1.19,1.15,1.19,91600
WKM,19970801,0.37,0.38,0.37,0.38,118422
WLH,19970801,0.18,0.18,0.16,0.16,110000
WLK,19970801,0.105,0.105,0.105,0.105,85350
WLM,19970801,1.5,1.5,1.5,1.5,14080
WMC,19970801,7.724,7.779,7.6,7.64,4723329
WMI,19970801,0.085,0.085,0.085,0.085,52666
WMT,19970801,1.291,1.3,1.28,1.3,1390559
WNA,19970801,0.385,0.41,0.385,0.4,739760
WON,19970801,0.38,0.4,0.38,0.395,597400
WOW,19970801,4.194,4.27,4.18,4.26,594361
WPL,19970801,11.351,11.352,11.09,11.22,860360
WPT,19970801,1.8,1.82,1.8,1.8,95143
WRF,19970801,0.36,0.36,0.36,0.36,43000
WSF,19970801,26,26,25.97,25.97,25280
WSG,19970801,0.2,0.22,0.195,0.215,84265
WSL,19970801,3.99,3.99,3.98,3.99,168495
WTP,19970801,0.49,0.49,0.48,0.48,56300
WWH,19970801,2.45,2.45,2.45,2.45,2284
WYL,19970801,6.77,6.9,6.77,6.9,306211
YAM,19970801,0.3,0.32,0.3,0.31,270015
YNX,19970801,0.17,0.19,0.165,0.188,803552
YTS,19970801,0.98,0.99,0.98,0.99,75962
ZEL,19970801,0.85,0.85,0.85,0.85,11500
ZYL,19970801,0.44,0.44,0.4,0.4,29400
