AAA,19970620,1.715,1.727,1.67,1.69,663327
AAD,19970620,0.81,0.81,0.8,0.81,15460
AAR,19970620,0.059,0.06,0.058,0.06,230000
ABC,19970620,2,2.1,2,2.1,144161
ABD,19970620,0.065,0.065,0.065,0.065,264200
ABF,19970620,3.8,3.85,3.75,3.75,388646
ABG,19970620,3.7,3.7,3.7,3.7,31540
ABK,19970620,0.25,0.25,0.25,0.25,12000
ABT,19970620,0.038,0.04,0.035,0.035,176100
ACH,19970620,3.6,3.65,3.59,3.65,26034
ADB,19970620,4.768,4.8,4.67,4.68,80550
ADC,19970620,1.108,1.108,1.108,1.108,600
ADF,19970620,0.18,0.18,0.18,0.18,38304
ADG,19970620,1.45,1.45,1.45,1.45,300
ADH,19970620,0.66,0.68,0.63,0.65,75875
ADM,19970620,0.23,0.23,0.22,0.225,198415
ADN,19970620,0.26,0.265,0.255,0.255,15401
ADV,19970620,0.07,0.07,0.07,0.07,2000
ADX,19970620,0.26,0.26,0.25,0.25,102400
ADZ,19970620,2.718,2.79,2.718,2.78,515600
AEC,19970620,1.54,1.55,1.54,1.55,10000
AEG,19970620,0.2,0.2,0.19,0.195,20000
AEV,19970620,0.045,0.045,0.045,0.045,69000
AEX,19970620,0.058,0.059,0.057,0.057,192143
AFI,19970620,2.47,2.48,2.45,2.45,303133
AFN,19970620,0.94,0.95,0.94,0.95,20000
AFU,19970620,0.36,0.36,0.36,0.36,5000
AGA,19970620,0.34,0.34,0.34,0.34,5700
AGE,19970620,13.8,13.8,13.8,13.8,850
AGH,19970620,1,1,1,1,20005400
AGL,19970620,7.8,7.85,7.8,7.83,434579
AGM,19970620,0.23,0.23,0.225,0.225,275000
AGN,19970620,0.185,0.185,0.18,0.18,29000
AGR,19970620,1.15,1.2,1.15,1.15,1321701
AGS,19970620,0.21,0.22,0.19,0.21,1669903
AHA,19970620,16.1,16.1,16.1,16.1,133
AHD,19970620,6.88,6.9,6.88,6.9,133932
AHX,19970620,2.32,2.35,2.32,2.35,772234
AIE,19970620,0.14,0.14,0.14,0.14,3000
AIF,19970620,0.7,0.7,0.69,0.69,37000
AIS,19970620,0.34,0.34,0.34,0.34,1999
AIX,19970620,2.225,2.23,2.22,2.23,312530
AJO,19970620,2.24,2.24,2.2,2.2,500023
AJR,19970620,0.84,0.84,0.82,0.83,200000
AKC,19970620,4.61,4.65,4.6,4.65,11867
AKD,19970620,0.072,0.072,0.07,0.07,234000
AKL,19970620,0.36,0.36,0.35,0.355,81236
ALA,19970620,0.185,0.19,0.185,0.19,179700
ALK,19970620,0.435,0.435,0.435,0.435,50000
ALL,19970620,2.735,2.74,2.7,2.7,147064
ALM,19970620,0.135,0.135,0.125,0.125,1245650
ALO,19970620,0.71,0.71,0.71,0.71,30000
ALZ,19970620,1.52,1.53,1.52,1.53,69900
AMC,19970620,8.59,8.73,8.59,8.65,1773693
AMG,19970620,0.08,0.08,0.08,0.08,45000
AML,19970620,2.198,2.25,2.18,2.25,40970
AMU,19970620,0.2,0.21,0.2,0.21,41000
ANC,19970620,2.81,2.81,2.81,2.81,604
ANE,19970620,3.52,3.52,3.5,3.5,18000
ANF,19970620,0.91,0.92,0.91,0.92,3000
ANI,19970620,1.56,1.59,1.56,1.59,519073
ANL,19970620,3.7,3.71,3.66,3.7,246338
ANZ,19970620,9.791,9.97,9.72,9.87,2381013
AOF,19970620,1.2,1.21,1.2,1.21,47400
AOG,19970620,2.255,2.26,2.25,2.25,241380
AOV,19970620,0.15,0.15,0.15,0.15,30000
APE,19970620,3.15,3.15,3.11,3.11,5194
APF,19970620,1.57,1.58,1.56,1.56,114474
APG,19970620,0.045,0.045,0.045,0.045,83135
API,19970620,2.393,2.393,2.35,2.35,182302
APN,19970620,2.35,2.38,2.35,2.38,87000
APU,19970620,0.95,0.95,0.93,0.95,13300
APY,19970620,1.58,1.6,1.58,1.6,345950
ARA,19970620,0.59,0.6,0.58,0.58,184090
ARC,19970620,0.485,0.485,0.475,0.475,41250
ARG,19970620,3.29,3.3,3.24,3.25,78440
ARK,19970620,1.02,1.02,1.02,1.02,56200
ARL,19970620,3.1,3.11,3.05,3.05,197800
ARN,19970620,8.61,8.65,8.6,8.65,9136
ARS,19970620,0.6,0.61,0.59,0.6,625480
ASE,19970620,0.22,0.22,0.215,0.215,78000
ASH,19970620,1.93,2,1.92,1.95,390102
ASL,19970620,1.63,1.63,1.59,1.6,277529
ASN,19970620,0.071,0.071,0.071,0.071,37500
ATD,19970620,0.065,0.065,0.064,0.064,531772
ATE,19970620,0.44,0.44,0.42,0.44,95000
ATG,19970620,0.51,0.51,0.5,0.51,30000
ATO,19970620,0.068,0.069,0.068,0.069,267000
ATP,19970620,0.29,0.29,0.28,0.28,125173
ATU,19970620,0.79,0.79,0.78,0.78,15770
AUC,19970620,0.72,0.72,0.72,0.72,20400
AUD,19970620,1.98,1.99,1.97,1.98,165845
AUG,19970620,1.82,1.85,1.81,1.81,108000
AUI,19970620,2.65,2.65,2.65,2.65,1407
AUL,19970620,0.05,0.05,0.05,0.05,126000
AUO,19970620,0.54,0.54,0.54,0.54,5200
AVG,19970620,3.16,3.16,3.1,3.1,25200
AVJ,19970620,0.65,0.65,0.65,0.65,50396
AVL,19970620,0.125,0.125,0.125,0.125,20000
AVR,19970620,1.3,1.32,1.3,1.32,47886
AWA,19970620,0.74,0.75,0.74,0.74,372223
AWH,19970620,1.48,1.48,1.48,1.48,4000
AWI,19970620,0.65,0.65,0.61,0.64,125000
AXI,19970620,0.5,0.5,0.495,0.5,137500
AXR,19970620,0.44,0.45,0.44,0.45,72000
AYO,19970620,0.82,0.84,0.82,0.83,47950
AZL,19970620,0.051,0.053,0.049,0.049,4685150
BAE,19970620,0.42,0.45,0.405,0.45,433230
BAH,19970620,0.26,0.26,0.26,0.26,11000
BAT,19970620,27.52,27.52,27.52,27.52,908
BCD,19970620,1.5,1.55,1.5,1.55,2585
BCH,19970620,0.2,0.2,0.18,0.18,31000
BDG,19970620,0.259,0.27,0.255,0.27,99900
BDL,19970620,0.72,0.72,0.71,0.71,25100
BDS,19970620,3.5,3.5,3.45,3.5,186744
BEE,19970620,0.26,0.26,0.26,0.26,12000
BEM,19970620,0.4,0.4,0.4,0.4,5000
BEN,19970620,4.58,4.6,4.58,4.6,13052
BER,19970620,0.68,0.68,0.65,0.65,55000
BFA,19970620,1.3,1.3,1.3,1.3,1100
BGF,19970620,0.051,0.051,0.05,0.05,329675
BHP,19970620,19.905,20.05,19.8,19.85,6647635
BHT,19970620,1.17,1.17,1.16,1.16,174670
BIC,19970620,0.23,0.25,0.23,0.23,26513
BID,19970620,0.78,0.8,0.78,0.8,85000
BII,19970620,0.13,0.135,0.13,0.135,223667
BIL,19970620,25.942,26.45,25.942,26.341,916484
BKA,19970620,0.39,0.4,0.39,0.39,570000
BKL,19970620,3.85,3.85,3.85,3.85,15700
BKR,19970620,1.28,1.28,1.28,1.28,5000
BKS,19970620,0.115,0.115,0.11,0.11,93600
BKW,19970620,48,48,48,48,5668
BLO,19970620,0.63,0.64,0.61,0.62,196111
BML,19970620,9.397,9.4,9.37,9.38,198890
BMX,19970620,0.18,0.185,0.18,0.185,6000
BNA,19970620,0.05,0.05,0.05,0.05,13000
BNM,19970620,0.7,0.7,0.7,0.7,2000
BOA,19970620,0.68,0.7,0.68,0.7,120799
BOC,19970620,0.537,0.54,0.52,0.52,529363
BOG,19970620,0.23,0.24,0.23,0.24,35000
BOR,19970620,4.25,4.25,4.19,4.2,2012262
BPC,19970620,2.35,2.4,2.35,2.4,977413
BPT,19970620,0.135,0.14,0.135,0.14,385228
BQD,19970620,5.63,5.65,5.57,5.6,34288
BRI,19970620,0.17,0.18,0.17,0.175,68000
BRL,19970620,3.86,3.9,3.86,3.86,1144152
BRN,19970620,0.23,0.25,0.225,0.24,158456
BRY,19970620,1.26,1.28,1.26,1.28,180917
BSC,19970620,0.37,0.37,0.37,0.37,10000
BSD,19970620,1.681,1.71,1.68,1.71,735534
BSG,19970620,0.11,0.11,0.11,0.11,332720
BSN,19970620,0.06,0.06,0.06,0.06,6000
BTA,19970620,4.63,4.76,4.63,4.72,40323
BTD,19970620,0.043,0.043,0.043,0.043,103020
BTE,19970620,0.82,0.83,0.82,0.83,80177
BTG,19970620,0.56,0.56,0.56,0.56,584340
BTM,19970620,0.5,0.51,0.5,0.51,222000
BTO,19970620,1.59,1.62,1.59,1.61,1260300
BTP,19970620,1.88,1.89,1.86,1.88,302417
BTY,19970620,3.13,3.13,3.13,3.13,1524
BUG,19970620,0.99,1,0.98,0.99,26200
BWA,19970620,2.573,2.59,2.52,2.55,393437
BWT,19970620,0.06,0.06,0.06,0.06,50000
BYI,19970620,2.85,2.85,2.85,2.85,40000
CAA,19970620,4.95,4.97,4.88,4.9,572372
CAD,19970620,2,2,2,2,17000
CAE,19970620,0.035,0.035,0.034,0.035,1327704
CAG,19970620,0.155,0.155,0.15,0.15,49199
CAI,19970620,0.24,0.24,0.21,0.21,263400
CAO,19970620,0.18,0.18,0.18,0.18,46000
CAR,19970620,0.285,0.285,0.28,0.28,387000
CBA,19970620,15.29,15.4,15.22,15.38,973685
CBI,19970620,1.3,1.3,1.28,1.28,16725
CBL,19970620,0.024,0.024,0.023,0.023,1065000
CBN,19970620,0.02,0.021,0.02,0.02,385501
CBS,19970620,11.4,11.4,11.4,11.4,1022
CCH,19970620,0.21,0.21,0.21,0.21,20000
CCL,19970620,15.953,16.7,15.953,16.583,485394
CCN,19970620,0.55,0.57,0.55,0.56,265068
CCR,19970620,0.48,0.48,0.46,0.46,574000
CCW,19970620,0.36,0.36,0.355,0.355,96181
CDL,19970620,0.375,0.38,0.35,0.36,248712
CEA,19970620,0.045,0.045,0.039,0.04,1558210
CEP,19970620,2.241,2.25,2.24,2.24,46142
CEQ,19970620,1.47,1.49,1.46,1.46,40333
CEV,19970620,0.13,0.13,0.13,0.13,72852
CEY,19970620,1.02,1.02,1,1,629717
CFA,19970620,0.28,0.29,0.265,0.27,1079415
CFR,19970620,0.036,0.037,0.032,0.034,2456799
CGD,19970620,0.76,0.76,0.75,0.76,59200
CGH,19970620,3.539,3.55,3.44,3.45,943412
CGL,19970620,0.348,0.36,0.343,0.345,2017980
CGN,19970620,0.14,0.14,0.135,0.14,303200
CHF,19970620,0.85,0.85,0.8,0.8,44000
CHL,19970620,0.6,0.6,0.6,0.6,4780
CHO,19970620,9.7,9.7,9.7,9.7,900
CHV,19970620,0.55,0.56,0.54,0.56,36586
CHY,19970620,3.2,3.2,3.2,3.2,6636
CIA,19970620,0.98,0.98,0.98,0.98,35000
CID,19970620,0.5,0.5,0.5,0.5,25000
CIH,19970620,1.2,1.2,1.19,1.19,2249115
CIM,19970620,0.63,0.65,0.63,0.63,131500
CIN,19970620,26,26.4,25.96,25.96,1950
CIO,19970620,1.34,1.35,1.33,1.35,135423
CIP,19970620,2.02,2.04,2.02,2.04,3300
CIR,19970620,1.1,1.1,1.05,1.05,16500
CIS,19970620,0.299,0.3,0.299,0.3,33482
CKC,19970620,1.395,1.4,1.39,1.4,29749
CKG,19970620,0.065,0.065,0.065,0.065,68000
CLI,19970620,2.32,2.32,2.3,2.3,36098
CLM,19970620,0.19,0.19,0.19,0.19,214629
CLR,19970620,3.33,3.33,3.24,3.25,286903
CLS,19970620,1.74,1.74,1.74,1.74,6000
CMC,19970620,7.159,7.35,7.159,7.35,260380
CMF,19970620,1.33,1.34,1.33,1.34,201029
CMG,19970620,10.858,11.02,10.82,11.02,817602
CMK,19970620,1.8,1.85,1.8,1.85,8000
CML,19970620,6.67,6.74,6.6,6.73,3100729
CMR,19970620,0.67,0.85,0.67,0.85,6914
CMU,19970620,1.1,1.1,1.1,1.1,95528
CMX,19970620,0.95,1,0.95,1,16365
CMZ,19970620,0.41,0.45,0.41,0.44,316600
CNA,19970620,9.4,9.4,9.4,9.4,4887
CNC,19970620,1.9,1.9,1.9,1.9,2000
CND,19970620,1.46,1.46,1.46,1.46,15700
CNF,19970620,0.195,0.195,0.185,0.195,535000
CNG,19970620,0.62,0.63,0.62,0.62,146000
CNI,19970620,0.45,0.45,0.45,0.45,4415
CNM,19970620,0.12,0.12,0.12,0.12,130000
CNN,19970620,0.45,0.49,0.45,0.49,14800
CNT,19970620,0.086,0.086,0.085,0.085,448828
CNW,19970620,0.1,0.105,0.1,0.105,132800
CNY,19970620,0.16,0.16,0.16,0.16,57750
COA,19970620,3.5,3.5,3.5,3.5,50000
COC,19970620,2.37,2.4,2.37,2.37,254420
COF,19970620,3.35,3.35,3.35,3.35,7200
COG,19970620,0.085,0.085,0.082,0.082,151371
COH,19970620,4.18,4.2,4.18,4.2,11000
COT,19970620,1.16,1.16,1.14,1.14,63500
COV,19970620,0.099,0.1,0.099,0.1,260000
CPC,19970620,0.324,0.339,0.26,0.285,4709255
CPD,19970620,3.45,3.45,3.44,3.44,36000
CPI,19970620,2.85,2.85,2.75,2.75,5700
CPL,19970620,2.4,2.42,2.4,2.4,884098
CPM,19970620,11.017,11.5,11.011,11.5,32620
CPU,19970620,8,8,8,8,9000
CPW,19970620,3.97,3.97,3.97,3.97,7800
CPY,19970620,0.93,0.93,0.93,0.93,1100
CQT,19970620,0.23,0.23,0.23,0.23,88000
CRG,19970620,12.75,12.75,12.75,12.75,1000
CRI,19970620,4.65,4.68,4.6,4.6,9000
CRO,19970620,2.153,2.19,2.15,2.19,739180
CRS,19970620,0.5,0.51,0.5,0.5,391209
CRT,19970620,0.83,0.85,0.83,0.85,5285
CRV,19970620,0.77,0.77,0.75,0.77,147468
CSA,19970620,0.11,0.11,0.1,0.1,60000
CSL,19970620,8.27,8.3,8.2,8.25,332250
CSR,19970620,5.123,5.15,5.05,5.05,1481378
CTM,19970620,2.1,2.1,2.1,2.1,7020
CTO,19970620,0.465,0.465,0.45,0.45,35400
CTR,19970620,1.7,1.75,1.7,1.72,1352793
CTX,19970620,4.6,4.63,4.6,4.61,33165
CTY,19970620,1.65,1.66,1.65,1.65,41000
CUC,19970620,0.82,0.82,0.78,0.81,11800
CUE,19970620,0.28,0.28,0.275,0.28,531900
CUT,19970620,0.14,0.14,0.13,0.135,214000
CVC,19970620,0.235,0.235,0.235,0.235,21000
CVI,19970620,7,7,6.95,6.95,2000
CVN,19970620,0.025,0.025,0.024,0.024,2586740
CWG,19970620,0.37,0.37,0.37,0.37,50000
CWI,19970620,1.26,1.26,1.25,1.25,66250
CXA,19970620,0.27,0.29,0.27,0.29,19643
CXP,19970620,1.11,1.11,1.1,1.1,11000
CXR,19970620,0.445,0.445,0.435,0.435,601950
CYG,19970620,5.4,5.4,5.4,5.4,2200
CYH,19970620,0.105,0.13,0.105,0.125,873150
DAR,19970620,1.51,1.52,1.5,1.5,9454
DAT,19970620,2.16,2.19,2.15,2.19,56723
DCI,19970620,0.285,0.285,0.285,0.285,298875
DDV,19970620,0.18,0.2,0.18,0.2,70000
DEF,19970620,0.2,0.205,0.2,0.2,359400
DEV,19970620,0.37,0.375,0.365,0.37,121584
DFI,19970620,1.11,1.11,1.1,1.1,22034
DGD,19970620,2.3,2.35,2.3,2.35,202464
DGM,19970620,0.015,0.017,0.015,0.016,6193012
DGN,19970620,0.15,0.155,0.145,0.145,181250
DHU,19970620,0.08,0.081,0.075,0.075,277067
DIO,19970620,0.105,0.105,0.1,0.1,65000
DJS,19970620,1.82,1.84,1.82,1.84,556625
DJW,19970620,3.24,3.25,3.24,3.25,64350
DLS,19970620,0.08,0.08,0.08,0.08,28653
DMR,19970620,0.13,0.135,0.13,0.135,1330000
DNR,19970620,0.34,0.34,0.34,0.34,2166
DNS,19970620,0.2,0.2,0.2,0.2,71250
DOM,19970620,0.74,0.74,0.73,0.74,163814
DOR,19970620,0.18,0.195,0.18,0.19,410500
DRA,19970620,0.145,0.15,0.145,0.145,853000
DRE,19970620,0.36,0.36,0.35,0.35,130000
DRN,19970620,1,1,0.98,1,46530
DST,19970620,0.15,0.155,0.145,0.145,108000
DUI,19970620,1.25,1.25,1.25,1.25,2036
DVD,19970620,1.209,1.21,1.15,1.17,2059853
DVL,19970620,0.75,0.75,0.75,0.75,8490
DVN,19970620,0.85,0.86,0.84,0.84,125180
EAM,19970620,1.27,1.32,1.27,1.32,80000
EBG,19970620,0.042,0.042,0.042,0.042,6000
EBR,19970620,0.38,0.38,0.38,0.38,8000
ECM,19970620,0.275,0.275,0.27,0.27,20857
ECT,19970620,1.5,1.5,1.4,1.4,15450
ECU,19970620,0.82,0.82,0.82,0.82,3000
EDI,19970620,3.938,3.98,3.92,3.98,28186
EEC,19970620,1.482,1.49,1.45,1.45,8544299
EGD,19970620,0.155,0.155,0.155,0.155,132000
EGL,19970620,0.1,0.1,0.1,0.1,19859
ELA,19970620,0.052,0.052,0.052,0.052,17000
ELT,19970620,2.447,2.45,2.41,2.45,27300
EMA,19970620,0.98,0.99,0.98,0.99,30527
EMD,19970620,0.021,0.021,0.021,0.021,335666
EML,19970620,4.3,4.55,4.299,4.5,503471
EMM,19970620,0.27,0.27,0.26,0.27,82820
EMN,19970620,2.56,2.56,2.45,2.56,44100
EMP,19970620,1.84,1.84,1.84,1.84,540
ENE,19970620,2.7,2.8,2.7,2.8,11358
EQI,19970620,0.37,0.37,0.36,0.37,126000
EQK,19970620,0.64,0.64,0.62,0.64,29700
EQR,19970620,0.52,0.52,0.51,0.51,128627
ERA,19970620,5.89,5.9,5.89,5.9,18887
ERG,19970620,1.48,1.54,1.48,1.53,142274
ERH,19970620,0.1,0.1,0.1,0.1,18000
ERS,19970620,0.88,0.89,0.88,0.89,9000
ESA,19970620,0.535,0.62,0.535,0.6,88800
ESE,19970620,0.445,0.465,0.445,0.465,6000
ESI,19970620,0.225,0.24,0.225,0.24,250250
EWL,19970620,0.17,0.17,0.17,0.17,50000
EWN,19970620,0.315,0.315,0.315,0.315,7400
FAF,19970620,1.2,1.2,1.17,1.17,33745
FAI,19970620,0.66,0.67,0.66,0.66,100251
FAR,19970620,0.43,0.43,0.41,0.41,113999
FBG,19970620,2.499,2.51,2.48,2.51,2876397
FBO,19970620,3.4,3.48,3.4,3.48,6755
FCL,19970620,2.15,2.2,2.14,2.2,467426
FDR,19970620,0.105,0.11,0.1,0.1,204993
FFL,19970620,1.85,1.95,1.85,1.95,13112
FGR,19970620,0.025,0.025,0.024,0.025,3195000
FHF,19970620,7.45,7.55,7.45,7.49,245424
FHL,19970620,4.9,5.2,4.9,5.2,1900
FIF,19970620,3.7,3.7,3.64,3.65,184613
FIG,19970620,0.06,0.06,0.058,0.06,278000
FIM,19970620,0.16,0.16,0.155,0.16,485000
FLL,19970620,0.85,0.87,0.84,0.84,66400
FLT,19970620,3.6,3.65,3.6,3.65,5300
FMH,19970620,3.25,3.25,3.25,3.25,4600
FNC,19970620,0.32,0.32,0.275,0.3,492525
FOA,19970620,8.78,8.85,8.75,8.8,56575
FOR,19970620,0.045,0.045,0.045,0.045,100300
FPB,19970620,2.36,2.37,2.36,2.36,12507
FPF,19970620,1.68,1.7,1.68,1.7,50620
FPG,19970620,1.1,1.1,1.08,1.08,60793
FRD,19970620,0.62,0.62,0.62,0.62,30000
FRO,19970620,0.039,0.043,0.035,0.04,1394300
FRP,19970620,1.32,1.35,1.32,1.35,22824
FRT,19970620,1.01,1.01,1,1,27000
FTR,19970620,0.29,0.29,0.29,0.29,100000
FTU,19970620,0.042,0.043,0.042,0.043,536200
FWD,19970620,2.28,2.28,2.28,2.28,10000
FXJ,19970620,3.22,3.25,3.21,3.25,236403
GAL,19970620,1.6,1.6,1.6,1.6,5900
GAN,19970620,1.01,1.01,0.99,1.01,442289
GAW,19970620,0.102,0.105,0.1,0.1,222500
GBG,19970620,0.27,0.27,0.27,0.27,16000
GCC,19970620,0.14,0.145,0.14,0.14,269000
GCI,19970620,7.53,7.55,7.53,7.53,5800
GCM,19970620,2.5,2.5,2.45,2.49,701416
GCR,19970620,0.288,0.288,0.288,0.288,10000
GDA,19970620,0.105,0.11,0.105,0.11,137300
GDC,19970620,0.36,0.38,0.36,0.38,13172
GDH,19970620,0.56,0.59,0.56,0.59,26000
GDM,19970620,0.485,0.5,0.48,0.485,51000
GDN,19970620,0.13,0.14,0.13,0.14,141166
GED,19970620,0.029,0.029,0.028,0.028,475000
GEG,19970620,0.69,0.7,0.68,0.68,9000
GEL,19970620,0.36,0.37,0.35,0.35,81000
GEP,19970620,0.026,0.026,0.026,0.026,3500
GFD,19970620,0.46,0.47,0.46,0.47,124000
GFY,19970620,0.175,0.18,0.175,0.18,167269
GGN,19970620,0.25,0.25,0.25,0.25,5258
GGR,19970620,0.17,0.175,0.155,0.155,491512
GGS,19970620,0.255,0.255,0.25,0.25,186200
GGY,19970620,0.078,0.078,0.075,0.075,525067
GHG,19970620,1.98,1.98,1.98,1.98,250000
GHL,19970620,0.13,0.13,0.12,0.12,75000
GHM,19970620,0.17,0.17,0.15,0.15,50000
GHP,19970620,1.2,1.2,1.19,1.2,40000
GHR,19970620,0.35,0.35,0.35,0.35,5000
GII,19970620,0.1,0.1,0.09,0.09,9632
GIO,19970620,3.892,4.03,3.88,4.03,2590320
GIP,19970620,0.2,0.2,0.2,0.2,31666
GIR,19970620,0.12,0.12,0.12,0.12,50001
GLD,19970620,2.05,2.05,1.9,1.9,807
GLP,19970620,0.072,0.072,0.07,0.07,344000
GLT,19970620,0.17,0.185,0.17,0.18,70000
GMA,19970620,0.14,0.14,0.135,0.14,676366
GME,19970620,0.155,0.16,0.155,0.16,569000
GMF,19970620,1.843,1.86,1.83,1.84,3686708
GML,19970620,0.22,0.22,0.22,0.22,77000
GMN,19970620,0.23,0.23,0.22,0.22,75000
GMS,19970620,0.68,0.685,0.66,0.685,72767
GNR,19970620,0.1,0.1,0.1,0.1,120000
GNS,19970620,2.64,2.64,2.64,2.64,6000
GPA,19970620,0.36,0.4,0.27,0.4,872
GPN,19970620,0.06,0.06,0.06,0.06,6000
GPT,19970620,2.608,2.61,2.59,2.6,2468254
GPY,19970620,0.215,0.22,0.21,0.22,206071
GRA,19970620,0.115,0.12,0.115,0.12,387000
GRC,19970620,0.17,0.17,0.17,0.17,14014
GRI,19970620,0.405,0.44,0.405,0.42,160701
GRN,19970620,0.26,0.27,0.25,0.26,392899
GRT,19970620,0.54,0.54,0.54,0.54,19900
GRV,19970620,1.12,1.12,1.12,1.12,3000
GSE,19970620,0.21,0.23,0.205,0.23,589309
GSP,19970620,0.8,0.82,0.8,0.81,80911
GSR,19970620,0.049,0.049,0.049,0.049,30000
GTL,19970620,0.255,0.26,0.255,0.255,53600
GTM,19970620,0.07,0.07,0.068,0.068,176750
GTS,19970620,0.49,0.49,0.49,0.49,59
GUD,19970620,4.25,4.26,4.25,4.26,34352
GUL,19970620,0.038,0.04,0.038,0.04,741666
GVM,19970620,0.38,0.39,0.38,0.38,104320
GWC,19970620,2.2,2.2,2.11,2.11,27037
GWT,19970620,2.65,2.71,2.65,2.71,241547
HAH,19970620,4.1,4.15,4.1,4.15,634843
HAM,19970620,0.32,0.35,0.3,0.3,159166
HAO,19970620,0.37,0.37,0.36,0.36,10000
HAR,19970620,0.79,0.85,0.76,0.85,128944
HBL,19970620,0.25,0.25,0.24,0.24,80000
HCD,19970620,0.94,0.94,0.94,0.94,2127
HCO,19970620,13.55,13.55,13.5,13.5,15700
HDR,19970620,0.067,0.07,0.065,0.065,645500
HEI,19970620,0.41,0.41,0.38,0.38,14200
HER,19970620,0.84,0.84,0.82,0.82,6000
HEX,19970620,0.13,0.135,0.13,0.135,235000
HGO,19970620,0.19,0.19,0.16,0.16,2650
HGV,19970620,1,1.01,1,1.01,66659
HIC,19970620,0.465,0.465,0.46,0.46,23000
HIG,19970620,0.906,0.94,0.906,0.94,945468
HIH,19970620,3.11,3.11,3.09,3.1,98040
HIL,19970620,2.15,2.16,2.15,2.15,3595
HLL,19970620,0.175,0.175,0.17,0.17,80377
HLM,19970620,0.265,0.265,0.26,0.26,20000
HLN,19970620,3.287,3.3,3.28,3.3,84975
HLR,19970620,0.19,0.19,0.19,0.19,37000
HLX,19970620,1.37,1.4,1.36,1.36,58813
HLY,19970620,2.3,2.32,2.3,2.31,164070
HMC,19970620,0.11,0.115,0.11,0.11,53545
HNG,19970620,1.42,1.43,1.42,1.43,4058
HOY,19970620,2.9,2.9,2.9,2.9,2130800
HPA,19970620,0.28,0.3,0.28,0.3,18210
HPL,19970620,1.42,1.42,1.4,1.4,56755
HRR,19970620,0.17,0.175,0.17,0.175,75000
HRT,19970620,0.55,0.56,0.55,0.56,82075
HRW,19970620,2.49,2.54,2.49,2.54,134136
HSH,19970620,2.25,2.25,2.25,2.25,17192
HSL,19970620,1.65,1.65,1.65,1.65,38194
HSP,19970620,0.57,0.6,0.57,0.58,48700
HTM,19970620,0.07,0.07,0.07,0.07,4000
HVN,19970620,7.5,7.56,7.5,7.56,281387
HWR,19970620,1.35,1.35,1.35,1.35,72000
HZA,19970620,0.85,0.85,0.85,0.85,2682
HZM,19970620,0.115,0.115,0.105,0.11,138500
IAM,19970620,2.77,2.77,2.75,2.77,10900
ICI,19970620,12.45,12.5,12.25,12.4,502999
ICT,19970620,6.32,6.36,6.32,6.32,36290
ICW,19970620,2.52,2.52,2.52,2.52,1600
IDT,19970620,0.49,0.5,0.49,0.5,14000
IFT,19970620,1.37,1.41,1.37,1.4,770148
IGM,19970620,0.024,0.024,0.023,0.023,460500
IHG,19970620,1.02,1.04,1.02,1.03,24100
IHN,19970620,0.94,0.94,0.93,0.94,80000
IMD,19970620,0.285,0.29,0.285,0.285,118000
IMP,19970620,0.155,0.16,0.155,0.16,203755
INS,19970620,0.35,0.35,0.35,0.35,132
INX,19970620,0.9,0.9,0.9,0.9,5000
ION,19970620,0.88,0.9,0.88,0.9,8400
IPH,19970620,2.18,2.18,2.18,2.18,94400
IPI,19970620,0.47,0.47,0.47,0.47,15000
IPY,19970620,0.95,0.95,0.94,0.94,50680
IRC,19970620,0.265,0.265,0.24,0.245,164820
IRO,19970620,0.27,0.275,0.26,0.26,506050
ISR,19970620,0.29,0.3,0.285,0.29,88750
ITN,19970620,0.19,0.19,0.17,0.18,145000
JBG,19970620,0.17,0.17,0.165,0.165,561000
JFA,19970620,0.99,1,0.99,1,38827
JFC,19970620,0.75,0.75,0.74,0.74,14042
JJS,19970620,1.63,1.63,1.63,1.63,13490
JLA,19970620,0.15,0.15,0.145,0.145,30000
JNA,19970620,1.18,1.2,1.18,1.2,72330
JOD,19970620,0.013,0.013,0.013,0.013,25684
JRV,19970620,0.16,0.16,0.16,0.16,42000
JUP,19970620,3.1,3.14,3.1,3.11,648699
JYC,19970620,1.52,1.52,1.52,1.52,5686
KBG,19970620,0.165,0.17,0.165,0.165,25333
KCG,19970620,1,1,0.95,0.95,57000
KCN,19970620,2,2.1,1.99,2,100885
KDC,19970620,0.16,0.17,0.16,0.17,110300
KGH,19970620,0.47,0.495,0.47,0.495,647900
KGM,19970620,1.05,1.1,1.05,1.1,24400
KGR,19970620,0.061,0.068,0.06,0.061,1485500
KIR,19970620,0.955,0.97,0.93,0.93,300044
KIW,19970620,0.125,0.13,0.125,0.13,821000
KLS,19970620,0.43,0.43,0.37,0.38,98600
KLZ,19970620,3,3,2.95,2.95,88200
KMN,19970620,0.15,0.15,0.145,0.145,22250
KMT,19970620,0.225,0.23,0.225,0.23,186053
KRS,19970620,0.075,0.075,0.075,0.075,60000
KUG,19970620,0.135,0.135,0.135,0.135,50000
KUP,19970620,1.43,1.45,1.43,1.45,6900
KYC,19970620,4.84,4.9,4.84,4.9,14874
LAC,19970620,1.95,1.98,1.95,1.98,6187
LAN,19970620,3,3,2.95,2.95,5000
LDW,19970620,2.73,2.73,2.73,2.73,1000
LEG,19970620,0.155,0.155,0.155,0.155,200000
LEI,19970620,6.35,6.5,6.35,6.5,173521
LEO,19970620,0.445,0.445,0.4,0.44,279750
LEV,19970620,6,6.05,6,6.05,855
LGO,19970620,0.16,0.16,0.16,0.16,500
LHG,19970620,2.25,2.26,2.23,2.24,400715
LJF,19970620,0.018,0.018,0.018,0.018,8200
LKO,19970620,0.037,0.038,0.037,0.037,952500
LLC,19970620,27.391,28,27.391,27.8,904208
LLR,19970620,0.215,0.215,0.205,0.205,75000
LNN,19970620,3.42,3.43,3.42,3.43,5500
LSE,19970620,0.21,0.21,0.21,0.21,172000
LVG,19970620,0.215,0.23,0.215,0.22,234500
LVN,19970620,0.25,0.25,0.25,0.25,40000
LYG,19970620,0.16,0.16,0.15,0.15,35000
MAC,19970620,0.3,0.3,0.3,0.3,12000
MAG,19970620,2.6,2.6,2.6,2.6,8000
MAH,19970620,0.95,0.97,0.95,0.96,526726
MAT,19970620,2.15,2.15,2.15,2.15,1027756
MAY,19970620,7.58,7.63,7.57,7.6,786917
MBC,19970620,2.65,2.65,2.65,2.65,14134
MBG,19970620,0.09,0.093,0.09,0.093,108000
MBK,19970620,8.3,8.3,8.2,8.3,7600
MBL,19970620,11.3,11.4,11.25,11.25,302947
MCI,19970620,0.155,0.155,0.155,0.155,10000
MCP,19970620,2.62,2.65,2.62,2.65,5744
MCT,19970620,0.07,0.08,0.07,0.08,435670
MDI,19970620,0.225,0.23,0.225,0.23,80085
MDR,19970620,0.4,0.4,0.4,0.4,10000
MED,19970620,0.245,0.25,0.24,0.25,664000
MEE,19970620,0.255,0.3,0.255,0.29,663268
MEM,19970620,1.2,1.25,1.2,1.25,6056
MEN,19970620,0.25,0.25,0.23,0.23,56000
MET,19970620,32,32.8,32,32.8,1820
MEX,19970620,1.4,1.4,1.4,1.4,934
MGD,19970620,0.06,0.062,0.06,0.06,698000
MGG,19970620,0.16,0.16,0.16,0.16,20000
MGL,19970620,0.265,0.265,0.265,0.265,9000
MGS,19970620,0.465,0.49,0.465,0.485,331500
MGU,19970620,0.07,0.07,0.07,0.07,2000
MGW,19970620,1.46,1.5,1.46,1.5,60893
MIC,19970620,0.08,0.087,0.08,0.087,36400
MIM,19970620,2.04,2.08,2.03,2.06,5872439
MIV,19970620,0.52,0.55,0.52,0.53,78254
MJN,19970620,0.225,0.23,0.225,0.225,60000
MKA,19970620,0.37,0.37,0.36,0.36,43200
MLG,19970620,1.8,1.81,1.8,1.81,5000
MLN,19970620,0.205,0.205,0.2,0.2,100400
MLT,19970620,7.4,7.4,7.4,7.4,1320
MMC,19970620,1.9,1.9,1.9,1.9,154388
MMD,19970620,0.31,0.315,0.31,0.315,103600
MMF,19970620,3.05,3.2,3.05,3.2,157536
MMN,19970620,0.105,0.12,0.105,0.12,2206728
MMU,19970620,4,4.05,4,4.03,2273610
MNG,19970620,0.32,0.34,0.32,0.34,9000
MNT,19970620,0.53,0.53,0.53,0.53,75000
MOD,19970620,0.23,0.23,0.23,0.23,53000
MOH,19970620,0.07,0.07,0.07,0.07,134270
MOM,19970620,0.19,0.205,0.19,0.205,520068
MOO,19970620,0.14,0.14,0.135,0.135,25000
MOS,19970620,0.28,0.29,0.28,0.28,860093
MOT,19970620,0.88,0.88,0.88,0.88,2500
MPI,19970620,0.11,0.11,0.1,0.1,20000
MPL,19970620,0.095,0.1,0.095,0.1,141000
MPO,19970620,0.075,0.086,0.075,0.086,130400
MPT,19970620,1.4,1.41,1.38,1.38,159432
MQL,19970620,0.342,0.345,0.335,0.34,291776
MRC,19970620,0.55,0.55,0.54,0.54,105850
MRD,19970620,1.41,1.42,1.41,1.41,41318
MRH,19970620,0.69,0.69,0.69,0.69,90000
MRV,19970620,2.76,2.77,2.76,2.77,28031
MSC,19970620,0.25,0.25,0.23,0.25,208500
MSG,19970620,0.26,0.26,0.26,0.26,100000
MSI,19970620,0.185,0.185,0.185,0.185,30440
MTB,19970620,0.135,0.135,0.13,0.135,330000
MTE,19970620,0.51,0.52,0.5,0.5,41500
MTK,19970620,3.6,3.6,3.56,3.56,11500
MTL,19970620,1.95,2.06,1.95,2.06,415543
MTM,19970620,0.14,0.14,0.13,0.13,120000
MUR,19970620,0.715,0.78,0.71,0.78,1060875
MWL,19970620,0.835,0.835,0.835,0.835,46900
MXC,19970620,0.26,0.26,0.26,0.26,35307
MZG,19970620,0.389,0.4,0.389,0.4,261250
NAB,19970620,18.896,19,18.85,18.95,2394885
NAU,19970620,1.12,1.12,1.1,1.1,35199
NBH,19970620,5.153,5.16,5.01,5.01,2579232
NBS,19970620,2.79,2.79,2.75,2.77,13750
NCL,19970620,1.08,1.11,1.07,1.08,387974
NCM,19970620,3.398,3.4,3.37,3.39,2098203
NCP,19970620,6.269,6.32,6.26,6.28,4932287
NCR,19970620,2.8,2.8,2.75,2.8,24000
NDY,19970620,1.614,1.628,1.57,1.58,2997248
NEP,19970620,0.175,0.175,0.175,0.175,17525
NET,19970620,0.5,0.5,0.49,0.49,24000
NEX,19970620,0.12,0.12,0.12,0.12,207803
NFD,19970620,1.9,1.93,1.85,1.93,140626
NFG,19970620,0.55,0.56,0.54,0.56,117425
NFM,19970620,6.95,6.95,6.85,6.95,4886
NGH,19970620,0.115,0.12,0.11,0.12,160000
NHG,19970620,0.255,0.26,0.25,0.26,556000
NHR,19970620,0.71,0.71,0.71,0.71,43200
NIM,19970620,0.5,0.5,0.48,0.48,13000
NIX,19970620,1.38,1.42,1.38,1.4,769600
NMF,19970620,0.9,0.91,0.9,0.9,13910
NMH,19970620,2.008,2.08,2,2.07,3763349
NML,19970620,2.88,2.9,2.88,2.9,79591
NMP,19970620,1.13,1.14,1.13,1.13,32752
NMW,19970620,0.85,0.86,0.85,0.85,40500
NNG,19970620,0.15,0.15,0.15,0.15,5500
NPC,19970620,0.42,0.43,0.42,0.43,36184
NPT,19970620,1.11,1.12,1.1,1.12,534700
NRT,19970620,1.85,1.95,1.8,1.8,170287
NTL,19970620,1.02,1.02,1.02,1.02,3900
NTS,19970620,0.105,0.105,0.105,0.105,19047
NTW,19970620,0.13,0.14,0.13,0.135,44000
NVS,19970620,4.39,4.4,4.38,4.4,188803
OCN,19970620,0.14,0.145,0.135,0.135,127255
OCR,19970620,0.155,0.16,0.155,0.16,15500
OEC,19970620,0.83,0.86,0.83,0.84,832318
OGL,19970620,0.19,0.19,0.18,0.18,21378
OHL,19970620,0.6,0.6,0.6,0.6,3051
OLS,19970620,1.31,1.35,1.3,1.35,333548
OML,19970620,3.78,3.8,3.7,3.75,454346
OMO,19970620,0.17,0.175,0.17,0.175,466700
ONI,19970620,1,1,1,1,40000
OPS,19970620,3.52,3.52,3.45,3.5,129881
ORL,19970620,0.97,0.99,0.94,0.95,415000
OSH,19970620,3.38,3.4,3.32,3.36,220944
OTR,19970620,1.25,1.25,1.2,1.2,25140
OXR,19970620,0.265,0.27,0.265,0.27,82001
PAE,19970620,0.135,0.14,0.135,0.14,37377
PAL,19970620,0.27,0.27,0.26,0.26,35000
PAS,19970620,2.692,2.7,2.67,2.69,575332
PAY,19970620,0.77,0.77,0.77,0.77,12000
PBB,19970620,5.19,5.19,5.14,5.15,155650
PBL,19970620,7.26,7.36,7.25,7.34,211668
PBY,19970620,0.81,0.82,0.8,0.82,125061
PCE,19970620,0.56,0.8,0.56,0.7,626332
PDC,19970620,1.22,1.23,1.21,1.22,259491
PDG,19970620,22.9,23,22.9,23,2694
PDN,19970620,0.115,0.115,0.115,0.115,37000
PDP,19970620,3.625,3.73,3.625,3.72,3708573
PDR,19970620,0.175,0.175,0.17,0.17,66097
PEM,19970620,0.72,0.72,0.72,0.72,5000
PFP,19970620,2.45,2.45,2.45,2.45,600
PGL,19970620,12.5,12.7,12.5,12.7,3037
PGP,19970620,0.08,0.09,0.08,0.09,310000
PGT,19970620,0.105,0.105,0.105,0.105,14000
PHC,19970620,0.052,0.054,0.05,0.05,260000
PHD,19970620,0.17,0.17,0.17,0.17,27866
PHT,19970620,1.1,1.1,1.1,1.1,5000
PHY,19970620,1.15,1.19,1.15,1.19,5000
PID,19970620,0.96,0.97,0.96,0.96,49774
PIG,19970620,0.24,0.25,0.24,0.25,271550
PII,19970620,1.16,1.16,1.14,1.15,321954
PIP,19970620,0.73,0.73,0.72,0.73,457612
PLM,19970620,8.68,8.68,8.68,8.68,6396
PLR,19970620,0.99,0.99,0.99,0.99,132400
PLT,19970620,3.16,3.16,2.99,3,218782
PLU,19970620,4.35,4.37,4.32,4.328,313732
PLW,19970620,1.6,1.6,1.6,1.6,16000
PMA,19970620,0.165,0.165,0.15,0.15,428000
PMC,19970620,0.97,0.97,0.96,0.97,368484
PMM,19970620,3.285,3.31,3.285,3.3,57200
PMP,19970620,3.45,3.5,3.43,3.5,74829
PMT,19970620,4.65,4.65,4.6,4.65,10950
PMV,19970620,1.7,1.8,1.7,1.8,74500
PNA,19970620,0.32,0.33,0.32,0.33,46600
PNI,19970620,4.807,4.97,4.8,4.95,1215637
PNL,19970620,0.14,0.14,0.14,0.14,260429
PPK,19970620,0.48,0.51,0.48,0.51,20000
PPP,19970620,0.16,0.17,0.16,0.17,110000
PPT,19970620,9,9,8.85,9,13274
PRA,19970620,0.225,0.225,0.21,0.21,2604000
PRB,19970620,0.025,0.025,0.021,0.021,690000
PRH,19970620,3.15,3.15,3.11,3.11,1666
PRL,19970620,0.73,0.73,0.73,0.73,42100
PRM,19970620,0.067,0.067,0.063,0.064,376000
PRP,19970620,1.06,1.07,1.05,1.07,431448
PRT,19970620,2.78,2.78,2.78,2.78,3000
PSA,19970620,5.85,5.92,5.85,5.9,112000
PSE,19970620,0.12,0.13,0.12,0.12,26400
PSR,19970620,1.48,1.5,1.48,1.5,16700
PSV,19970620,0.71,0.71,0.7,0.7,18544
PTD,19970620,0.445,0.465,0.435,0.465,251000
PTS,19970620,0.13,0.13,0.13,0.13,40000
PTZ,19970620,1.193,1.21,1.18,1.21,484390
QAN,19970620,2.966,2.97,2.85,2.94,3279789
QBE,19970620,8.204,8.25,8.09,8.1,639402
QCH,19970620,5.74,5.74,5.74,5.74,2100
QKI,19970620,0.27,0.27,0.27,0.27,10000
QMC,19970620,1.38,1.38,1.37,1.38,8167
QNI,19970620,2.57,2.6,2.45,2.56,15092318
QOP,19970620,0.185,0.185,0.185,0.185,2000
QRL,19970620,1.641,1.66,1.63,1.64,2235613
QTI,19970620,0.145,0.145,0.14,0.14,11025
QTK,19970620,0.125,0.125,0.125,0.125,50000
QUF,19970620,3.27,3.27,3.22,3.25,1102575
QUR,19970620,1.15,1.21,1.15,1.21,79563
RAC,19970620,4.179,4.179,4.1,4.1,907762
RAG,19970620,0.012,0.012,0.012,0.012,175363
RAI,19970620,0.45,0.45,0.44,0.45,124213
RBK,19970620,0.115,0.115,0.11,0.115,142700
RCR,19970620,0.365,0.38,0.365,0.38,11420
RDF,19970620,0.82,0.84,0.8,0.84,8014
REB,19970620,1.98,1.98,1.94,1.94,44345
REN,19970620,0.64,0.64,0.64,0.64,4000
RFM,19970620,0.15,0.15,0.14,0.15,262704
RGC,19970620,5.25,5.3,5.17,5.195,759453
RGR,19970620,0.088,0.088,0.075,0.08,4500820
RGS,19970620,4.2,4.2,4.2,4.2,1000
RHO,19970620,0.16,0.18,0.15,0.17,220000
RIC,19970620,1.708,1.71,1.68,1.68,170850
RIM,19970620,0.13,0.13,0.13,0.13,23000
RIO,19970620,22.922,23.046,22.62,22.62,2151783
RMW,19970620,3,3,2.88,2.88,1038
ROK,19970620,2.5,2.55,2.5,2.53,73241
ROR,19970620,0.79,0.8,0.79,0.8,11431
RPM,19970620,0.068,0.068,0.068,0.068,5000
RPS,19970620,0.42,0.42,0.41,0.41,42262
RRS,19970620,0.1,0.1,0.09,0.09,20000
RSG,19970620,2.445,2.46,2.37,2.38,776121
RSM,19970620,0.87,0.88,0.86,0.87,140875
RTH,19970620,8.17,8.35,8.17,8.35,51363
RTM,19970620,0.07,0.07,0.07,0.07,12100
RTS,19970620,0.63,0.64,0.63,0.64,19000
RUP,19970620,4.01,4.01,4,4,2200
RUS,19970620,0.16,0.16,0.16,0.16,49000
SAQ,19970620,3.85,3.85,3.85,3.85,73500
SAS,19970620,0.22,0.22,0.22,0.22,38540
SBC,19970620,5.4,5.4,5.4,5.4,2900
SBM,19970620,0.596,0.6,0.58,0.58,67000
SBR,19970620,0.021,0.021,0.02,0.021,960789
SCE,19970620,0.69,0.69,0.69,0.69,105000
SCH,19970620,2.27,2.28,2.26,2.26,137552
SCP,19970620,2.11,2.15,2.1,2.15,1113269
SCR,19970620,2.65,2.65,2.65,2.65,10177
SCS,19970620,0.185,0.185,0.18,0.185,260300
SCX,19970620,0.075,0.075,0.075,0.075,13500
SDN,19970620,0.17,0.18,0.17,0.18,223000
SDT,19970620,0.33,0.335,0.33,0.335,371500
SED,19970620,0.18,0.18,0.18,0.18,78142
SET,19970620,4.42,4.51,4.42,4.5,14600
SEV,19970620,5.55,5.58,5.55,5.56,218269
SFM,19970620,0.17,0.17,0.165,0.17,83000
SGB,19970620,8.465,8.52,8.43,8.5,1259967
SGI,19970620,1.64,1.65,1.63,1.65,235333
SGN,19970620,4.505,4.65,4.5,4.6,68500
SGP,19970620,3.43,3.45,3.42,3.43,1266551
SGR,19970620,0.071,0.071,0.07,0.07,197080
SGW,19970620,5.4,5.45,5.38,5.43,186265
SHL,19970620,1.92,2,1.9,2,161800
SHV,19970620,0.95,0.95,0.95,0.95,6569
SID,19970620,7.2,7.2,7.16,7.2,6550
SKE,19970620,2.43,2.45,2.4,2.42,100520
SKR,19970620,0.115,0.12,0.11,0.115,666375
SKS,19970620,0.57,0.57,0.57,0.57,5000
SMC,19970620,0.072,0.072,0.072,0.072,5000
SME,19970620,6.75,6.85,6.75,6.85,48355
SMG,19970620,0.17,0.175,0.17,0.175,17000
SMI,19970620,12.218,12.48,12.218,12.39,597382
SMS,19970620,9.53,9.55,9.5,9.5,32248
SMU,19970620,0.255,0.265,0.255,0.255,161382
SNM,19970620,0.315,0.315,0.3,0.315,53332
SNX,19970620,0.35,0.355,0.33,0.345,220600
SNY,19970620,0.93,0.93,0.93,0.93,14332
SOA,19970620,0.285,0.29,0.285,0.285,11229
SOG,19970620,0.68,0.69,0.66,0.68,149066
SOH,19970620,0.71,0.72,0.7,0.72,30900
SOL,19970620,48.6,48.6,48.6,48.6,856
SOV,19970620,0.066,0.075,0.066,0.075,206500
SOX,19970620,0.81,0.81,0.8,0.8,27000
SPD,19970620,0.47,0.471,0.47,0.471,163000
SPE,19970620,0.032,0.032,0.032,0.032,250
SPP,19970620,4.508,4.7,4.5,4.65,239264
SPS,19970620,1.324,1.45,1.32,1.45,12533
SPT,19970620,2.8,2.8,2.8,2.8,562104
SQG,19970620,0.026,0.027,0.026,0.027,794500
SRI,19970620,0.56,0.56,0.55,0.56,169900
SRO,19970620,0.09,0.09,0.085,0.09,270000
SRP,19970620,4.993,5.17,4.92,5.15,534028
SSE,19970620,0.85,0.88,0.85,0.87,93910
SSI,19970620,3.4,3.45,3.4,3.45,11120
SSL,19970620,0.6,0.6,0.6,0.6,1250
SSR,19970620,1.81,1.81,1.8,1.8,254000
SST,19970620,3.45,3.45,3.45,3.45,1000
STO,19970620,5.491,5.52,5.48,5.5,2209190
STS,19970620,2.37,2.37,2.37,2.37,5500
STU,19970620,0.155,0.155,0.13,0.14,92000
SUB,19970620,0.041,0.041,0.041,0.041,40000
SUR,19970620,0.22,0.225,0.215,0.225,37361
SVR,19970620,1.25,1.26,1.23,1.24,2251384
SWD,19970620,1.8,1.8,1.8,1.8,1290263
SWS,19970620,3.359,3.4,3.35,3.35,4286
SYD,19970620,2.1,2.12,2.09,2.09,979726
TAH,19970620,6.859,7.07,6.859,7,490900
TAI,19970620,0.072,0.072,0.07,0.07,283000
TAM,19970620,0.265,0.265,0.26,0.26,71780
TAN,19970620,0.97,0.97,0.97,0.97,22999
TAP,19970620,1.57,1.6,1.57,1.6,307900
TBR,19970620,0.105,0.105,0.105,0.105,1000
TCA,19970620,6.5,6.5,6.5,6.5,1308
TCE,19970620,1.14,1.14,1.14,1.14,31313
TCL,19970620,1040,1040,1040,1040,83
TCT,19970620,5.89,5.95,5.89,5.92,20508
TEC,19970620,0.416,0.416,0.4,0.4,46000
TEH,19970620,1.56,1.62,1.55,1.6,210950
TEM,19970620,0.95,0.96,0.95,0.96,47963
TGG,19970620,1.6,1.6,1.58,1.6,42878
TGL,19970620,0.155,0.155,0.15,0.15,88900
TGO,19970620,0.44,0.44,0.42,0.42,95500
TGS,19970620,0.178,0.18,0.178,0.18,55000
THG,19970620,0.85,0.85,0.85,0.85,13519
TIM,19970620,2.25,2.26,2.25,2.26,3800
TIR,19970620,0.28,0.29,0.27,0.29,247500
TKG,19970620,0.048,0.048,0.044,0.045,3299540
TKR,19970620,0.315,0.315,0.315,0.315,4000
TLA,19970620,1.26,1.26,1.26,1.26,8000
TLN,19970620,0.12,0.13,0.12,0.13,243363
TMG,19970620,0.65,0.65,0.6,0.6,109646
TMS,19970620,1.33,1.38,1.33,1.38,104997
TNY,19970620,0.64,0.67,0.63,0.63,46000
TOL,19970620,2.45,2.5,2.44,2.5,18834
TOR,19970620,1.02,1.04,1.02,1.04,30690
TPT,19970620,0.38,0.38,0.38,0.38,458642
TRE,19970620,0.15,0.15,0.145,0.15,112425
TRI,19970620,0.078,0.079,0.076,0.076,511853
TSS,19970620,0.24,0.25,0.24,0.25,244204
TTH,19970620,0.4,0.4,0.4,0.4,13820
TTR,19970620,0.11,0.11,0.105,0.105,9000
TXR,19970620,0.04,0.04,0.035,0.035,296000
TYA,19970620,2.135,2.15,2.1,2.1,59148
UAL,19970620,0.16,0.165,0.16,0.165,433533
UCR,19970620,2.5,2.53,2.5,2.53,34827
UGM,19970620,0.77,0.77,0.74,0.75,50096
UMG,19970620,0.11,0.11,0.11,0.11,170400
USH,19970620,0.45,0.45,0.45,0.45,10000
UTL,19970620,0.46,0.46,0.46,0.46,361631
VHL,19970620,0.32,0.36,0.32,0.36,59000
VKI,19970620,0.09,0.09,0.09,0.09,65000
VLT,19970620,0.051,0.07,0.051,0.07,698894
VOS,19970620,0.375,0.375,0.36,0.36,15000
VPE,19970620,0.175,0.185,0.175,0.18,5682133
VRL,19970620,4.87,4.91,4.87,4.872,300310
VSS,19970620,6.87,6.87,6.85,6.85,3397
VWD,19970620,1.28,1.29,1.28,1.29,26814
WAK,19970620,1.65,1.65,1.65,1.65,2328
WAN,19970620,5.78,5.8,5.71,5.764,152916
WBA,19970620,0.84,0.84,0.84,0.84,291
WBB,19970620,2.82,2.88,2.82,2.88,86201
WBC,19970620,7.892,8.1,7.891,8.05,3578491
WDM,19970620,1.3,1.3,1.3,1.3,720
WDP,19970620,1.06,1.08,1.04,1.08,19380
WES,19970620,12.059,12.2,12.059,12.08,105317
WFA,19970620,1.14,1.15,1.14,1.15,206350
WFT,19970620,2.7,2.73,2.69,2.69,952666
WGC,19970620,0.115,0.115,0.11,0.11,68650
WGR,19970620,0.6,0.7,0.6,0.7,125000
WHK,19970620,0.085,0.085,0.085,0.085,32345
WHW,19970620,1.94,1.99,1.94,1.99,8140
WJM,19970620,5.1,5.1,5.1,5.1,2500
WKC,19970620,0.98,0.98,0.95,0.97,699963
WKM,19970620,0.37,0.37,0.37,0.37,27000
WLH,19970620,0.25,0.26,0.25,0.25,50600
WLK,19970620,0.105,0.11,0.1,0.11,492000
WLM,19970620,0.77,0.77,0.77,0.77,280
WMC,19970620,8.608,8.8,8.55,8.685,3562281
WME,19970620,0.089,0.089,0.089,0.089,200
WMI,19970620,0.13,0.13,0.125,0.125,1312399
WMT,19970620,1.22,1.22,1.2,1.21,749297
WNA,19970620,0.47,0.47,0.46,0.46,381720
WOW,19970620,4.313,4.35,4.27,4.3,1196007
WPL,19970620,11.24,11.3,11.16,11.16,808788
WPT,19970620,1.76,1.77,1.75,1.76,150689
WRF,19970620,0.45,0.47,0.45,0.47,12345
WSF,19970620,25.1,25.15,25,25,247673
WSG,19970620,0.18,0.18,0.18,0.18,80000
WSI,19970620,0.24,0.24,0.205,0.205,20000
WSL,19970620,4.05,4.12,4.05,4.1,14493
WSM,19970620,0.215,0.215,0.215,0.215,20000
WTP,19970620,0.49,0.52,0.49,0.52,666140
WYL,19970620,6.35,6.36,6.25,6.35,35625
XEN,19970620,0.07,0.07,0.07,0.07,20000
YAM,19970620,0.25,0.34,0.24,0.3,202650
YNX,19970620,0.145,0.16,0.145,0.155,798092
YSL,19970620,0.66,0.66,0.66,0.66,16000
YTS,19970620,0.96,0.99,0.95,0.96,316956
ZEL,19970620,0.73,0.73,0.71,0.71,9600
ZPR,19970620,0.068,0.068,0.066,0.066,104554
ZYL,19970620,0.42,0.42,0.4,0.4,31617
