AAA,19971022,1.73,1.73,1.64,1.67,2413563
AAD,19971022,0.577,0.58,0.57,0.57,144090
AAR,19971022,0.06,0.06,0.06,0.06,100000
AAV,19971022,0.267,0.28,0.25,0.28,2246150
ABC,19971022,1.83,1.85,1.81,1.81,346332
ABD,19971022,0.05,0.06,0.05,0.06,183050
ABF,19971022,3.54,3.54,3.45,3.45,16600
ABG,19971022,3.25,3.4,3.25,3.4,33067
ABK,19971022,0.215,0.215,0.215,0.215,11300
ABT,19971022,0.046,0.046,0.045,0.045,54000
ACH,19971022,2.45,2.45,2.4,2.42,38800
ACY,19971022,0.98,0.99,0.98,0.98,20000
ADB,19971022,4.806,4.92,4.8,4.9,70066
ADF,19971022,0.163,0.163,0.16,0.16,55100
ADG,19971022,1.83,1.85,1.83,1.85,5550
ADH,19971022,0.52,0.55,0.52,0.55,95335
ADM,19971022,0.155,0.155,0.15,0.15,87661
ADN,19971022,0.155,0.155,0.155,0.155,5000
ADX,19971022,0.24,0.25,0.24,0.25,44237
ADZ,19971022,3,3.05,3,3.05,28910
AEC,19971022,1.4,1.42,1.4,1.42,23119
AEG,19971022,0.16,0.16,0.16,0.16,192000
AEX,19971022,0.038,0.038,0.038,0.038,85000
AFF,19971022,0.37,0.385,0.37,0.385,72799
AFI,19971022,2.698,2.74,2.68,2.71,180080
AFK,19971022,0.51,0.51,0.46,0.5,78863
AFN,19971022,0.87,0.87,0.86,0.87,45700
AFW,19971022,0.1,0.1,0.1,0.1,100000
AGH,19971022,1,1,1,1,125000
AGL,19971022,9.7,9.9,9.7,9.77,996976
AGM,19971022,0.125,0.125,0.12,0.12,181722
AGN,19971022,0.16,0.165,0.16,0.165,156000
AGR,19971022,0.54,0.54,0.53,0.53,4600
AGS,19971022,0.088,0.088,0.08,0.08,156500
AHA,19971022,15.2,15.2,15.2,15.2,1210
AHC,19971022,0.5,0.5,0.5,0.5,4000
AHD,19971022,6.5,6.52,6.5,6.52,23127
AHX,19971022,2.3,2.3,2.3,2.3,115742
AIE,19971022,0.09,0.09,0.09,0.09,2000
AIF,19971022,0.4,0.4,0.4,0.4,36000
AIX,19971022,2.31,2.35,2.31,2.35,12000
AJO,19971022,2.21,2.22,2.21,2.22,46551
AJR,19971022,0.91,0.92,0.9,0.92,544364
AKC,19971022,4.6,4.65,4.6,4.65,10200
AKL,19971022,0.29,0.295,0.29,0.29,159300
ALA,19971022,0.86,0.87,0.86,0.87,28165
ALI,19971022,0.54,0.54,0.54,0.54,1144
ALK,19971022,0.4,0.42,0.4,0.42,63066
ALL,19971022,2.88,2.91,2.88,2.9,54200
ALM,19971022,0.123,0.125,0.12,0.12,628000
ALO,19971022,0.69,0.69,0.69,0.69,1000
ALZ,19971022,1.56,1.58,1.56,1.58,11000
AMC,19971022,8.005,8.04,7.91,7.93,830198
AML,19971022,2.349,2.41,2.349,2.41,29186
AMU,19971022,0.21,0.24,0.21,0.24,273000
AMV,19971022,0.13,0.13,0.13,0.13,50000
ANE,19971022,3.45,3.45,3.45,3.45,700
ANF,19971022,1.12,1.12,1.12,1.12,1000
ANI,19971022,1.65,1.67,1.65,1.67,540577
ANL,19971022,2.904,2.91,2.8,2.86,285700
ANS,19971022,0.8,0.8,0.8,0.8,1500
ANZ,19971022,11.117,11.117,10.56,10.855,7978676
AOF,19971022,1.22,1.24,1.22,1.24,741650
AOG,19971022,2.22,2.22,2.22,2.22,4000
AOV,19971022,0.09,0.09,0.09,0.09,31415
APF,19971022,1.55,1.58,1.54,1.58,163937
APG,19971022,0.044,0.044,0.044,0.044,30000
API,19971022,2.5,2.5,2.48,2.5,60500
APN,19971022,2.4,2.45,2.4,2.45,31794
APU,19971022,0.58,0.6,0.58,0.6,12000
APY,19971022,1.67,1.69,1.65,1.65,36850
AQS,19971022,0.55,0.55,0.5,0.5,16440
ARA,19971022,0.59,0.59,0.52,0.52,33989
ARC,19971022,0.29,0.29,0.275,0.275,5000
ARF,19971022,1.2,1.2,1.2,1.2,750
ARG,19971022,3.274,3.3,3.2,3.28,161003
ARL,19971022,4.003,4.01,3.92,3.93,512395
ARN,19971022,9.93,9.93,9.93,9.93,14220
ARP,19971022,3.4,3.45,3.4,3.45,4961
ARQ,19971022,0.08,0.08,0.079,0.08,112700
ARS,19971022,0.48,0.48,0.47,0.47,357869
ARY,19971022,0.2,0.2,0.2,0.2,11000
ASE,19971022,0.24,0.24,0.235,0.24,40000
ASH,19971022,1.67,1.67,1.63,1.67,65367
ASL,19971022,1.54,1.55,1.51,1.54,50850
ATD,19971022,0.035,0.035,0.035,0.035,10000
ATG,19971022,0.86,0.86,0.85,0.85,50000
ATP,19971022,0.24,0.24,0.24,0.24,10000
ATU,19971022,0.7,0.7,0.69,0.69,17200
AUD,19971022,2.34,2.35,2.34,2.34,69526
AUG,19971022,2.208,2.25,2.2,2.21,49100
AUO,19971022,0.39,0.4,0.39,0.4,3167132
AVJ,19971022,0.68,0.68,0.66,0.66,140500
AVL,19971022,0.25,0.25,0.245,0.245,1098500
AVR,19971022,1.54,1.55,1.54,1.54,202418
AWA,19971022,0.74,0.75,0.72,0.75,446280
AWE,19971022,0.59,0.63,0.58,0.63,84900
AWH,19971022,1.5,1.52,1.5,1.52,950
AWI,19971022,0.45,0.45,0.44,0.44,81000
AXR,19971022,0.41,0.43,0.41,0.43,202359
AYO,19971022,0.96,0.96,0.94,0.95,40446
AZL,19971022,0.042,0.043,0.041,0.041,776000
BAE,19971022,0.21,0.21,0.21,0.21,304
BAH,19971022,0.22,0.22,0.22,0.22,66000
BAT,19971022,26.55,26.64,26.55,26.64,500
BCD,19971022,1.25,1.25,1.2,1.2,7850
BDG,19971022,0.1,0.1,0.096,0.096,28087
BDL,19971022,0.66,0.68,0.66,0.67,26139
BEE,19971022,0.275,0.275,0.275,0.275,2000
BEM,19971022,0.48,0.48,0.48,0.48,25000
BEN,19971022,4.05,4.05,3.85,4,19438
BFA,19971022,1.1,1.1,1.1,1.1,11192
BGD,19971022,0.165,0.17,0.165,0.165,110000
BGF,19971022,0.035,0.035,0.032,0.035,218000
BHP,19971022,15.329,15.329,14.77,14.88,5667075
BHT,19971022,1.03,1.03,1.02,1.03,268450
BIC,19971022,0.23,0.24,0.225,0.24,202207
BID,19971022,0.75,0.75,0.75,0.75,6000
BII,19971022,0.377,0.385,0.37,0.375,893961
BIL,19971022,27.09,28.25,26.9,27.8,504650
BIR,19971022,1.39,1.42,1.39,1.4,3041717
BKA,19971022,0.2,0.2,0.2,0.2,10000
BKL,19971022,4.12,4.12,4.1,4.1,10967
BKR,19971022,1.24,1.24,1.24,1.24,2000
BKS,19971022,0.07,0.07,0.07,0.07,100000
BLO,19971022,0.61,0.64,0.61,0.64,143003
BLV,19971022,2,2,2,2,1500
BNM,19971022,0.68,0.68,0.68,0.68,3000
BOA,19971022,0.74,0.75,0.74,0.74,38000
BOC,19971022,0.48,0.55,0.48,0.55,16526
BOG,19971022,0.1,0.1,0.1,0.1,50000
BOR,19971022,4.117,4.16,4.07,4.15,1510731
BPC,19971022,0.963,0.963,0.93,0.95,9695531
BPT,19971022,0.135,0.14,0.135,0.135,257240
BQD,19971022,5.2,5.23,5.2,5.23,53645
BRI,19971022,0.15,0.15,0.15,0.15,44000
BRL,19971022,4.201,4.201,4.15,4.2,43850
BRN,19971022,0.38,0.38,0.38,0.38,23950
BRS,19971022,1.7,1.71,1.69,1.7,598227
BRY,19971022,1.2,1.21,1.2,1.2,353007
BSG,19971022,0.075,0.075,0.075,0.075,1250
BSN,19971022,0.085,0.085,0.085,0.085,6000
BSO,19971022,4.95,4.95,4.9,4.9,13700
BTA,19971022,3.525,3.55,3.5,3.5,123004
BTD,19971022,0.09,0.09,0.08,0.09,515000
BTE,19971022,0.72,0.72,0.71,0.71,305612
BTG,19971022,0.609,0.63,0.609,0.63,348922
BTL,19971022,5.3,5.3,5.3,5.3,875
BTM,19971022,0.41,0.41,0.41,0.41,67674
BTO,19971022,1.58,1.59,1.57,1.59,1080199
BTP,19971022,1.88,1.91,1.87,1.88,409982
BTY,19971022,3.15,3.15,3.12,3.12,12095
BUG,19971022,1.02,1.02,1.01,1.01,17000
BWA,19971022,2.857,2.89,2.85,2.87,297451
BWY,19971022,0.18,0.18,0.18,0.18,5000
BYI,19971022,1.97,1.97,1.97,1.97,3800
CAA,19971022,3.991,3.991,3.91,3.91,298588
CAE,19971022,0.036,0.036,0.035,0.035,2130000
CAG,19971022,0.11,0.115,0.11,0.115,462000
CAI,19971022,0.235,0.235,0.235,0.235,95900
CAR,19971022,0.17,0.18,0.17,0.18,46500
CAT,19971022,0.69,0.69,0.67,0.68,59000
CBA,19971022,16.672,16.9,16.55,16.83,2031312
CBI,19971022,1.15,1.15,1.15,1.15,17200
CBS,19971022,13.75,14,13.75,14,23096
CCH,19971022,0.255,0.255,0.255,0.255,10000
CCL,19971022,12.21,12.4,12.07,12.3,582554
CCN,19971022,0.566,0.58,0.55,0.57,321194
CCR,19971022,0.29,0.29,0.29,0.29,38100
CCV,19971022,0.46,0.47,0.46,0.47,19000
CCW,19971022,0.25,0.25,0.25,0.25,14000
CDL,19971022,0.245,0.245,0.24,0.24,35000
CDN,19971022,0.273,0.273,0.27,0.27,15000
CDX,19971022,4,4,4,4,2000
CEA,19971022,0.027,0.03,0.027,0.03,539000
CEQ,19971022,1.66,1.66,1.65,1.66,38100
CEY,19971022,0.63,0.63,0.63,0.63,7000
CFR,19971022,0.033,0.033,0.033,0.033,22000
CGD,19971022,0.73,0.73,0.72,0.72,90700
CGH,19971022,4.003,4.08,3.96,4.07,1674960
CGL,19971022,0.145,0.145,0.145,0.145,6000
CGN,19971022,0.155,0.155,0.155,0.155,160000
CGY,19971022,10.3,10.4,10.3,10.4,1106
CHF,19971022,0.46,0.5,0.46,0.48,39500
CHL,19971022,0.55,0.55,0.54,0.54,70000
CHO,19971022,10,10,10,10,500
CHV,19971022,0.43,0.44,0.43,0.44,32310
CHY,19971022,3.11,3.11,3.11,3.11,2000
CIA,19971022,1.3,1.3,1.3,1.3,36000
CID,19971022,0.4,0.4,0.4,0.4,18000
CIE,19971022,0.53,0.53,0.53,0.53,1142
CIH,19971022,0.87,0.87,0.83,0.84,156523
CIM,19971022,0.49,0.49,0.47,0.47,106000
CIO,19971022,1.44,1.5,1.43,1.49,71630
CIP,19971022,2,2,1.99,2,10900
CIR,19971022,0.88,0.88,0.88,0.88,34982
CKC,19971022,1.97,1.97,1.97,1.97,2000
CKG,19971022,0.034,0.034,0.034,0.034,26000
CKS,19971022,1.15,1.2,1.15,1.2,4067
CLI,19971022,2.25,2.25,2.2,2.25,20475
CLL,19971022,2.26,2.26,2.26,2.26,1000
CLR,19971022,2.77,2.78,2.75,2.78,415076
CLS,19971022,1.85,1.85,1.85,1.85,2000
CMC,19971022,6.39,6.48,6.37,6.4,2404484
CMF,19971022,1.36,1.36,1.32,1.32,512557
CMG,19971022,12.1,12.42,12.1,12.4,730345
CML,19971022,7,7.2,6.999,7.14,2989094
CMR,19971022,0.63,0.63,0.6,0.6,20800
CMU,19971022,1.45,1.45,1.45,1.45,42500
CMX,19971022,0.63,0.64,0.6,0.64,191500
CMZ,19971022,0.41,0.425,0.405,0.41,119150
CNC,19971022,2.36,2.36,2.35,2.35,86550
CND,19971022,2.251,2.26,2.2,2.2,32146
CNF,19971022,0.2,0.2,0.2,0.2,100000
CNG,19971022,0.47,0.48,0.46,0.46,72900
CNN,19971022,0.71,0.71,0.7,0.7,25000
CNT,19971022,0.082,0.084,0.082,0.082,580000
CNW,19971022,0.057,0.057,0.057,0.057,25000
COA,19971022,3.56,3.56,3.55,3.56,174507
COC,19971022,2.31,2.34,2.31,2.32,304962
COF,19971022,3.78,3.78,3.78,3.78,3300
COG,19971022,0.068,0.07,0.068,0.07,200000
COH,19971022,4.62,4.65,4.62,4.65,15000
COT,19971022,1.26,1.26,1.25,1.26,70553
COV,19971022,0.11,0.11,0.1,0.1,112125
CPC,19971022,0.17,0.18,0.17,0.18,375000
CPL,19971022,2.31,2.34,2.3,2.3,54632
CPM,19971022,7.9,7.9,7.9,7.9,1000
CPU,19971022,3.758,3.77,3.5,3.7,52054
CPW,19971022,3.9,3.92,3.9,3.92,34500
CPY,19971022,0.94,0.95,0.94,0.94,246252
CQT,19971022,0.16,0.16,0.155,0.16,135000
CRG,19971022,15.75,16,15.75,16,122402
CRI,19971022,3.8,3.85,3.8,3.81,71554
CRO,19971022,1.382,1.391,1.35,1.35,1276535
CRS,19971022,0.33,0.33,0.315,0.315,69996
CRT,19971022,0.63,0.63,0.63,0.63,24812
CRV,19971022,0.89,0.89,0.88,0.88,48799
CSL,19971022,8.986,9.3,8.972,9.26,72382
CSR,19971022,5.015,5.24,4.99,5.22,1222443
CTL,19971022,2.37,2.37,2.35,2.35,14600
CTM,19971022,2.4,2.4,2.4,2.4,75
CTO,19971022,0.28,0.28,0.28,0.28,7000
CTR,19971022,1.11,1.12,1.09,1.11,919591
CTX,19971022,4.25,4.33,4.25,4.3,93762
CTY,19971022,2.06,2.08,2.06,2.07,558915
CUC,19971022,1.09,1.15,1.09,1.09,102000
CUE,19971022,0.23,0.235,0.23,0.23,164600
CUT,19971022,0.08,0.08,0.08,0.08,100000
CVC,19971022,0.225,0.225,0.225,0.225,138944
CVN,19971022,0.033,0.034,0.032,0.032,1816000
CWG,19971022,0.24,0.24,0.24,0.24,20000
CWI,19971022,1.274,1.28,1.27,1.27,101441
CWP,19971022,1.25,1.25,1.25,1.25,100750
CXP,19971022,0.77,0.77,0.71,0.75,156606
CXR,19971022,0.32,0.33,0.32,0.33,114500
CYG,19971022,5.8,5.8,5.8,5.8,782
CYH,19971022,0.072,0.073,0.072,0.073,90000
DAH,19971022,0.45,0.45,0.45,0.45,4000
DAR,19971022,1.55,1.55,1.5,1.5,18000
DAT,19971022,2.99,2.99,2.99,2.99,1820
DCI,19971022,0.285,0.29,0.285,0.285,71021
DDV,19971022,0.2,0.2,0.19,0.19,101000
DEF,19971022,0.14,0.14,0.13,0.13,149786
DEV,19971022,0.395,0.4,0.395,0.395,15875
DFI,19971022,1.18,1.18,1.18,1.18,1000
DGD,19971022,1.485,1.49,1.45,1.45,206481
DGM,19971022,0.008,0.008,0.008,0.008,446810
DHB,19971022,0.69,0.7,0.69,0.7,18500
DHU,19971022,0.045,0.045,0.045,0.045,14668
DIO,19971022,0.09,0.09,0.09,0.09,1000
DJS,19971022,2.005,2.05,2,2.03,1393016
DJW,19971022,3.62,3.64,3.62,3.63,60190
DKS,19971022,7.6,7.6,7.6,7.6,3240
DLS,19971022,0.075,0.075,0.075,0.075,29000
DMR,19971022,0.097,0.097,0.092,0.092,314000
DNR,19971022,0.23,0.25,0.23,0.25,8800
DOM,19971022,0.56,0.56,0.54,0.54,112104
DOR,19971022,0.125,0.125,0.11,0.11,1075046
DPG,19971022,6.4,6.4,6.39,6.4,32540
DRA,19971022,0.1,0.105,0.1,0.105,209463
DRN,19971022,0.91,0.91,0.9,0.9,72700
DST,19971022,0.375,0.38,0.35,0.35,214984
DUI,19971022,1.2,1.2,1.2,1.2,9069
DVC,19971022,0.85,0.85,0.85,0.85,10000
DVD,19971022,0.709,0.72,0.69,0.69,858613
DVL,19971022,0.82,0.82,0.82,0.82,10000
DVN,19971022,0.75,0.75,0.73,0.73,38100
EAM,19971022,1.4,1.4,1.35,1.4,34700
EBR,19971022,0.17,0.17,0.17,0.17,14400
ECT,19971022,1.2,1.2,1.2,1.2,5000
ECU,19971022,0.4,0.45,0.4,0.45,26000
EDI,19971022,4.2,4.25,4.2,4.2,52129
EEC,19971022,1.331,1.35,1.32,1.32,203889
EGD,19971022,0.055,0.055,0.055,0.055,8000
EGL,19971022,0.085,0.085,0.085,0.085,110000
ELA,19971022,0.025,0.025,0.025,0.025,55000
ELE,19971022,0.1,0.1,0.1,0.1,40000
ELT,19971022,1.82,1.82,1.76,1.76,12950
EMD,19971022,0.011,0.011,0.011,0.011,30000
EML,19971022,4.32,4.34,4.25,4.28,1004812
EMM,19971022,0.21,0.21,0.21,0.21,20500
EMN,19971022,3,3,3,3,14700
ENE,19971022,2.86,2.9,2.85,2.88,51866
ENV,19971022,1.01,1.02,1,1.02,1195960
EQI,19971022,0.31,0.31,0.31,0.31,35000
EQK,19971022,0.6,0.6,0.57,0.57,11000
EQM,19971022,0.22,0.22,0.22,0.22,139000
EQR,19971022,0.3,0.3,0.29,0.29,20005
EQT,19971022,5.7,5.7,5.7,5.7,500
ERA,19971022,4.99,5,4.99,5,4325
ERG,19971022,1.34,1.36,1.32,1.32,225315
ESE,19971022,0.4,0.4,0.4,0.4,200
ESI,19971022,0.205,0.205,0.205,0.205,10000
EWL,19971022,0.38,0.38,0.38,0.38,10000
EXO,19971022,0.305,0.305,0.3,0.3,59000
FAF,19971022,1.11,1.11,1.11,1.11,5354
FAI,19971022,0.61,0.61,0.6,0.61,175380
FAR,19971022,0.39,0.4,0.39,0.39,94745
FBG,19971022,2.759,2.79,2.756,2.79,3725024
FBO,19971022,3.08,3.08,3.08,3.08,23404
FCL,19971022,1.83,1.85,1.8,1.85,771058
FDR,19971022,0.075,0.075,0.075,0.075,92950
FFL,19971022,2.35,2.39,2.35,2.39,43417
FGR,19971022,0.017,0.017,0.017,0.017,2030000
FHF,19971022,7.82,8,7.82,8,138545
FHL,19971022,6.8,6.8,6.64,6.64,11000
FIF,19971022,4.45,4.52,4.45,4.5,516803
FIG,19971022,0.056,0.056,0.056,0.056,30000
FIM,19971022,0.1,0.1,0.1,0.1,728000
FLL,19971022,0.79,0.79,0.78,0.79,72197
FLT,19971022,3.6,3.6,3.59,3.59,3000
FNC,19971022,0.235,0.235,0.22,0.225,297500
FOA,19971022,11.4,11.42,11.2,11.38,160008
FOR,19971022,0.045,0.045,0.045,0.045,73000
FPB,19971022,2.45,2.45,2.44,2.44,6864
FPF,19971022,1.76,1.76,1.75,1.75,26035
FPG,19971022,1.11,1.11,1.1,1.1,83067
FRO,19971022,0.086,0.087,0.085,0.087,1043418
FRP,19971022,1.47,1.47,1.46,1.46,4000
FTR,19971022,0.23,0.23,0.23,0.23,10000
FTU,19971022,0.022,0.023,0.022,0.023,35000
FWD,19971022,2.57,2.57,2.57,2.57,1000
FXJ,19971022,3.415,3.44,3.4,3.42,1204362
GAL,19971022,1.7,1.75,1.7,1.7,28000
GAN,19971022,1,1.02,1,1.01,3035801
GAW,19971022,0.068,0.068,0.065,0.066,170000
GCC,19971022,0.195,0.2,0.195,0.2,127000
GCI,19971022,9,9,9,9,153750
GCM,19971022,2.06,2.06,2.02,2.04,243500
GCR,19971022,0.2,0.2,0.2,0.2,2100
GDA,19971022,0.062,0.062,0.062,0.062,30000
GDC,19971022,0.26,0.26,0.26,0.26,5000
GDH,19971022,0.54,0.54,0.53,0.54,83800
GDL,19971022,0.75,0.75,0.73,0.73,15000
GDN,19971022,0.12,0.12,0.115,0.115,24233
GEG,19971022,0.55,0.55,0.55,0.55,53186
GEL,19971022,0.479,0.48,0.475,0.48,99800
GFD,19971022,0.58,0.58,0.58,0.58,45000
GGR,19971022,0.14,0.14,0.14,0.14,25000
GGS,19971022,0.18,0.18,0.18,0.18,2700
GGY,19971022,0.046,0.046,0.045,0.045,320000
GHG,19971022,2.01,2.02,2.01,2.01,269353
GHM,19971022,0.09,0.09,0.09,0.09,20000
GHP,19971022,1.2,1.21,1.2,1.2,118327
GIO,19971022,3.861,3.88,3.76,3.85,1073767
GIR,19971022,0.17,0.17,0.16,0.16,250200
GLD,19971022,1.45,1.45,1.45,1.45,86016
GMA,19971022,0.438,0.44,0.435,0.44,41358
GME,19971022,0.12,0.14,0.12,0.14,80729
GMF,19971022,2.254,2.32,2.254,2.32,5092583
GNR,19971022,0.12,0.13,0.12,0.13,241585
GNS,19971022,2.16,2.2,2.16,2.2,4500
GOW,19971022,2.75,2.75,2.7,2.7,8300
GPA,19971022,0.32,0.32,0.25,0.25,10351
GPT,19971022,2.63,2.69,2.62,2.671,2318374
GPY,19971022,0.225,0.23,0.225,0.23,148279
GRA,19971022,0.11,0.11,0.11,0.11,266601
GRI,19971022,0.28,0.28,0.28,0.28,10418
GRN,19971022,0.165,0.165,0.165,0.165,191000
GRV,19971022,0.9,0.9,0.9,0.9,36000
GSE,19971022,0.115,0.12,0.115,0.12,70000
GSP,19971022,0.88,0.88,0.86,0.86,141653
GTL,19971022,0.39,0.39,0.38,0.385,424188
GTM,19971022,0.059,0.059,0.057,0.059,638000
GTS,19971022,0.285,0.3,0.285,0.3,65217
GUD,19971022,4.55,4.55,4.55,4.55,17542
GUL,19971022,0.029,0.029,0.029,0.029,165600
GVM,19971022,0.44,0.44,0.42,0.42,75407
GWC,19971022,1.01,1.02,1,1.02,596916
GWT,19971022,3.02,3.07,3.02,3.07,79279
HAH,19971022,4.94,5,4.9,5,136485
HAM,19971022,0.35,0.35,0.34,0.34,65845
HAR,19971022,0.619,0.63,0.61,0.62,882252
HBL,19971022,0.25,0.255,0.25,0.255,40098
HCD,19971022,0.86,0.86,0.86,0.86,2000
HCO,19971022,7.98,8.11,7.98,8.1,5583
HDR,19971022,0.069,0.069,0.067,0.067,440000
HER,19971022,0.46,0.46,0.46,0.46,2000
HFY,19971022,0.43,0.43,0.42,0.43,61000
HGO,19971022,0.09,0.09,0.081,0.081,10000
HGV,19971022,0.89,0.9,0.89,0.89,44500
HIC,19971022,0.485,0.485,0.485,0.485,3000
HIG,19971022,0.94,0.96,0.94,0.95,143215
HIH,19971022,3.05,3.13,3.05,3.09,344817
HIL,19971022,2.38,2.38,2.35,2.35,387385
HLL,19971022,0.081,0.081,0.081,0.081,10000
HLN,19971022,1.35,1.35,1.3,1.31,161200
HLR,19971022,0.14,0.14,0.14,0.14,5000
HLX,19971022,0.65,0.65,0.6,0.6,41920
HLY,19971022,1.46,1.48,1.46,1.46,106000
HMH,19971022,0.135,0.135,0.13,0.135,66000
HNG,19971022,1.48,1.48,1.48,1.48,2400
HOY,19971022,2.56,2.62,2.55,2.62,142381
HPA,19971022,0.28,0.28,0.28,0.28,39110
HPL,19971022,1.42,1.42,1.41,1.41,31523
HRR,19971022,0.18,0.19,0.18,0.19,35000
HRT,19971022,0.35,0.35,0.35,0.35,17000
HRW,19971022,2.385,2.41,2.3,2.36,258666
HSH,19971022,2.8,2.8,2.8,2.8,344
HSL,19971022,2.45,2.48,2.45,2.48,43426
HSP,19971022,0.68,0.69,0.68,0.69,33000
HVN,19971022,9.8,9.85,9.8,9.8,277453
HZA,19971022,0.85,0.85,0.85,0.85,5000
HZM,19971022,0.061,0.061,0.061,0.061,48000
IAM,19971022,2.8,2.8,2.8,2.8,80996
ICI,19971022,12.531,12.54,12.25,12.31,488653
ICN,19971022,0.2,0.205,0.2,0.2,257000
ICT,19971022,6.04,6.04,6.04,6.04,24201
IFA,19971022,1.2,1.2,1.19,1.19,129200
IFT,19971022,1.242,1.25,1.21,1.22,92828
IHG,19971022,1.22,1.22,1.18,1.2,138962
IHN,19971022,0.83,0.83,0.8,0.8,136500
IIT,19971022,1.63,1.64,1.63,1.64,241100
ILH,19971022,0.57,0.57,0.54,0.54,10000
IMD,19971022,0.3,0.31,0.3,0.31,34400
INX,19971022,0.92,0.92,0.9,0.9,5904
IPH,19971022,2.38,2.4,2.36,2.4,54151
IPI,19971022,0.44,0.44,0.44,0.44,11000
IPY,19971022,1,1,0.99,1,949450
IRC,19971022,0.145,0.145,0.145,0.145,33933
IRO,19971022,0.298,0.3,0.29,0.295,3172500
ISR,19971022,0.205,0.205,0.2,0.205,16350
ITN,19971022,0.16,0.16,0.16,0.16,54000
JBG,19971022,1.13,1.13,1.04,1.08,304421
JFA,19971022,0.87,0.87,0.87,0.87,36804
JJS,19971022,1.6,1.6,1.6,1.6,10800
JLA,19971022,0.118,0.12,0.118,0.12,55000
JNA,19971022,1.23,1.23,1.16,1.16,12500
JOD,19971022,0.008,0.008,0.008,0.008,6800
JRV,19971022,0.11,0.11,0.105,0.105,66749
JUP,19971022,3.02,3.05,3.02,3.05,277718
JWM,19971022,3.65,3.65,3.65,3.65,7600
JYC,19971022,1.68,1.68,1.65,1.65,4813
KBG,19971022,0.2,0.2,0.2,0.2,73289
KCG,19971022,0.4,0.4,0.4,0.4,22700
KCN,19971022,0.92,0.95,0.92,0.95,30000
KGH,19971022,0.55,0.55,0.54,0.54,17500
KGM,19971022,0.77,0.8,0.75,0.75,115501
KGR,19971022,0.068,0.068,0.065,0.065,118000
KHL,19971022,0.51,0.51,0.51,0.51,1000
KIM,19971022,0.45,0.45,0.45,0.45,4000
KIW,19971022,0.095,0.097,0.092,0.092,60964
KLZ,19971022,2.77,2.84,2.75,2.84,32480
KPL,19971022,1.29,1.3,1.29,1.3,47600
KRS,19971022,0.085,0.092,0.085,0.092,30403
KUP,19971022,1.4,1.41,1.38,1.38,19373
KYC,19971022,3.51,3.51,3.5,3.5,84000
KYD,19971022,0.39,0.39,0.38,0.38,44516
LAC,19971022,1.54,1.54,1.54,1.54,300
LEG,19971022,0.12,0.12,0.115,0.12,71000
LEI,19971022,7.11,7.11,6.85,6.97,337724
LEO,19971022,0.16,0.16,0.16,0.16,168500
LEV,19971022,6.25,6.25,6.25,6.25,700
LHG,19971022,2.277,2.3,2.26,2.3,1260996
LJF,19971022,0.038,0.038,0.038,0.038,2000
LKO,19971022,0.041,0.041,0.041,0.041,8500
LLC,19971022,30.791,33.323,30.791,33.323,474931
LMC,19971022,5.3,5.4,5.3,5.4,23000
LNN,19971022,3.52,3.55,3.52,3.55,85599
LSG,19971022,0.91,0.91,0.9,0.9,75000
LVG,19971022,0.18,0.185,0.175,0.18,245750
LYG,19971022,0.105,0.105,0.105,0.105,10000
MAG,19971022,2.86,2.86,2.86,2.86,215
MAH,19971022,0.73,0.73,0.72,0.72,85015
MAY,19971022,7.85,7.85,7.73,7.78,930027
MBC,19971022,3.6,3.7,3.6,3.6,2627
MBK,19971022,9.85,9.85,9.75,9.8,36980
MBL,19971022,12.31,12.57,12.25,12.57,255779
MCP,19971022,2.2,2.2,2.1,2.18,37567
MDC,19971022,3.1,3.1,3.1,3.1,105000
MDI,19971022,0.125,0.125,0.12,0.12,165667
MED,19971022,0.29,0.3,0.28,0.28,118000
MEE,19971022,0.15,0.15,0.15,0.15,40000
MEM,19971022,1.31,1.31,1.31,1.31,726
MET,19971022,46.5,47.2,46.5,47.11,20081
MGD,19971022,0.06,0.06,0.054,0.054,20000
MGL,19971022,0.15,0.165,0.145,0.165,112000
MGS,19971022,1.407,1.43,1.38,1.38,134100
MIM,19971022,1.616,1.62,1.55,1.56,18978870
MIV,19971022,0.39,0.39,0.39,0.39,26999
MJN,19971022,0.22,0.22,0.22,0.22,100000
MLG,19971022,1.75,1.75,1.71,1.71,22000
MLK,19971022,1.7,1.7,1.7,1.7,2199
MLT,19971022,8.1,8.1,8.1,8.1,2000
MMC,19971022,1.1,1.1,1.1,1.1,1000
MMD,19971022,0.26,0.26,0.26,0.26,45000
MMF,19971022,2.33,2.33,2.26,2.32,32025
MMN,19971022,0.084,0.084,0.077,0.077,100000
MMU,19971022,3.62,3.8,3.62,3.695,1429832
MND,19971022,3.15,3.15,3.15,3.15,113000
MNE,19971022,0.33,0.33,0.33,0.33,30000
MNG,19971022,0.18,0.18,0.175,0.175,9000
MNT,19971022,0.59,0.6,0.58,0.6,585400
MOM,19971022,0.13,0.13,0.13,0.13,15000
MOS,19971022,0.4,0.41,0.4,0.4,236000
MPH,19971022,0.57,0.58,0.56,0.58,111000
MPL,19971022,0.095,0.095,0.091,0.091,135000
MPO,19971022,0.06,0.06,0.06,0.06,76014
MPT,19971022,1.32,1.33,1.32,1.33,552069
MQL,19971022,0.27,0.27,0.27,0.27,4000
MRC,19971022,0.43,0.43,0.43,0.43,45000
MRD,19971022,1.65,1.65,1.65,1.65,35402
MRH,19971022,0.76,0.79,0.75,0.75,326000
MRV,19971022,2.75,2.84,2.75,2.8,31901
MSI,19971022,0.155,0.155,0.15,0.15,212000
MTB,19971022,0.082,0.082,0.082,0.082,17000
MTE,19971022,0.83,0.83,0.83,0.83,3000
MTL,19971022,2.62,2.65,2.62,2.63,14000
MTM,19971022,0.09,0.09,0.09,0.09,136500
MUR,19971022,0.5,0.5,0.47,0.47,120500
MXC,19971022,0.235,0.24,0.235,0.24,12000
MXT,19971022,0.72,0.72,0.7,0.7,7556
MZG,19971022,0.205,0.205,0.19,0.19,72000
NAB,19971022,20.939,21.5,20.89,21.37,2897707
NAU,19971022,1.17,1.17,1.17,1.17,35700
NBH,19971022,4.468,4.57,4.468,4.57,1240842
NBS,19971022,2.44,2.44,2.44,2.44,1394
NCL,19971022,0.545,0.56,0.54,0.56,154308
NCM,19971022,2.57,2.62,2.55,2.605,360242
NCP,19971022,6.85,7,6.846,6.958,4351799
NCR,19971022,2.3,2.32,2.3,2.3,40000
NDY,19971022,1.781,1.82,1.78,1.78,3471091
NEP,19971022,0.1,0.1,0.1,0.1,20000
NET,19971022,0.5,0.51,0.48,0.5,8564
NEX,19971022,0.085,0.086,0.085,0.086,95841
NFD,19971022,2.1,2.12,2.1,2.12,528584
NFG,19971022,0.61,0.63,0.6,0.63,22542
NFM,19971022,6.65,6.65,6.62,6.65,2700
NGH,19971022,0.077,0.077,0.077,0.077,10100
NHG,19971022,0.162,0.165,0.16,0.16,289200
NHR,19971022,0.68,0.68,0.68,0.68,17000
NIM,19971022,0.4,0.4,0.4,0.4,43770
NIX,19971022,1.38,1.38,1.35,1.35,113200
NMF,19971022,0.8,0.83,0.77,0.83,40310
NMH,19971022,2.386,2.46,2.35,2.43,4856557
NML,19971022,2.7,2.71,2.7,2.7,52825
NMP,19971022,1.15,1.16,1.13,1.15,423770
NMW,19971022,1.15,1.15,1.15,1.15,8000
NNG,19971022,0.08,0.08,0.078,0.078,110000
NPC,19971022,0.45,0.48,0.45,0.48,27000
NPS,19971022,0.62,0.62,0.62,0.62,5000
NPT,19971022,1.12,1.12,1.1,1.11,834976
NRT,19971022,1.6,1.6,1.58,1.6,15880
NTL,19971022,1.05,1.06,1.05,1.06,4905
NTS,19971022,0.06,0.066,0.06,0.066,70000
NVS,19971022,5.1,5.1,5,5.029,168926
NWE,19971022,0.125,0.125,0.125,0.125,17000
NZO,19971022,0.4,0.4,0.4,0.4,56000
OCA,19971022,3,3,3,3,3000
OCN,19971022,0.09,0.09,0.09,0.09,20000
OEC,19971022,0.79,0.79,0.78,0.78,68082
OFT,19971022,0.95,1,0.95,0.95,34000
OHL,19971022,0.49,0.49,0.49,0.49,5000
OIL,19971022,0.155,0.155,0.155,0.155,12400
OLS,19971022,0.89,0.9,0.88,0.88,33000
OML,19971022,3.78,3.78,3.75,3.76,437763
OMO,19971022,0.18,0.18,0.18,0.18,23000
OMP,19971022,0.77,0.77,0.77,0.77,12000
OPS,19971022,3.69,3.75,3.69,3.75,39703
ORL,19971022,0.95,0.95,0.95,0.95,2000
OSH,19971022,3.3,3.3,3.06,3.17,1301716
OTR,19971022,0.95,0.95,0.95,0.95,10425
OXR,19971022,0.18,0.18,0.18,0.18,90000
PAL,19971022,0.11,0.11,0.11,0.11,20000
PAS,19971022,1.933,2.01,1.932,2,6093016
PBB,19971022,5.35,5.7,5.35,5.7,61892
PBL,19971022,8.219,8.65,8.219,8.643,200965
PBY,19971022,0.58,0.58,0.58,0.58,47693
PCE,19971022,0.82,0.85,0.8,0.8,151174
PDC,19971022,1.22,1.24,1.22,1.24,1435438
PDG,19971022,24.017,24.65,24.016,24.65,3930
PDN,19971022,0.09,0.095,0.09,0.095,35265
PDP,19971022,3.63,3.78,3.61,3.74,896455
PEM,19971022,0.54,0.54,0.52,0.52,6500
PFP,19971022,1.95,1.95,1.95,1.95,10000
PGL,19971022,9.8,9.8,9.55,9.55,1500
PGP,19971022,0.085,0.085,0.081,0.081,57000
PHD,19971022,0.15,0.16,0.15,0.16,41000
PHO,19971022,0.2,0.205,0.2,0.205,170000
PHY,19971022,1.12,1.14,1.1,1.14,12909
PID,19971022,0.984,1,0.984,1,534116
PIG,19971022,0.16,0.16,0.16,0.16,20000
PII,19971022,1.19,1.2,1.19,1.2,174928
PIP,19971022,0.72,0.73,0.72,0.73,1086344
PLM,19971022,10.6,10.6,10.6,10.6,100
PLR,19971022,1.05,1.05,1.05,1.05,12000
PLT,19971022,4.05,4.05,4,4,19670
PLU,19971022,3.22,3.25,3.18,3.2,117739
PLW,19971022,1.95,1.95,1.95,1.95,12925
PMA,19971022,0.365,0.37,0.36,0.36,99727
PMC,19971022,0.937,0.95,0.93,0.95,204603
PMM,19971022,2.9,2.92,2.9,2.9,320962
PMP,19971022,3.38,3.42,3.37,3.4,434056
PMV,19971022,1.8,1.8,1.8,1.8,45000
PNA,19971022,0.22,0.23,0.22,0.23,25500
PNI,19971022,4.207,4.21,4.13,4.14,1480257
PNL,19971022,0.12,0.12,0.12,0.12,177698
PPK,19971022,0.54,0.55,0.54,0.55,11000
PPP,19971022,0.18,0.18,0.175,0.175,19580
PPT,19971022,9.5,9.5,9.5,9.5,4195
PRA,19971022,0.155,0.155,0.155,0.155,400000
PRB,19971022,0.022,0.022,0.022,0.022,110000
PRE,19971022,0.125,0.125,0.12,0.12,56204
PRH,19971022,3.308,3.31,3.3,3.3,45846
PRL,19971022,0.85,0.85,0.84,0.85,21600
PRM,19971022,0.14,0.14,0.13,0.135,656980
PRP,19971022,1.137,1.15,1.13,1.15,390621
PRT,19971022,2.95,3,2.95,3,175530
PRX,19971022,1.03,1.03,1.01,1.03,269750
PSA,19971022,6.569,6.7,6.569,6.666,176819
PSG,19971022,0.32,0.32,0.3,0.3,32550
PSR,19971022,3.455,3.55,3.455,3.5,101648
PSV,19971022,0.5,0.5,0.45,0.45,19978
PTD,19971022,0.26,0.26,0.24,0.24,445000
PTZ,19971022,1.01,1.05,1.01,1.05,1022300
PYT,19971022,0.3,0.3,0.3,0.3,408655
QAN,19971022,3.151,3.17,3.1,3.17,3552854
QBE,19971022,8.297,8.51,8.27,8.4,1094752
QCH,19971022,6.2,6.55,6.2,6.5,278676
QKI,19971022,0.21,0.21,0.2,0.21,106000
QMC,19971022,1.02,1.04,1,1.01,36500
QNI,19971022,1.47,1.54,1.46,1.54,2110707
QOP,19971022,0.16,0.16,0.16,0.16,33000
QRL,19971022,1.51,1.51,1.48,1.49,697274
QST,19971022,0.25,0.25,0.25,0.25,100000
QUF,19971022,3.33,3.35,3.33,3.35,30064
QUR,19971022,0.43,0.45,0.43,0.45,59300
RAC,19971022,3.74,3.8,3.72,3.8,502899
RAG,19971022,0.007,0.007,0.007,0.007,10450
RAI,19971022,0.407,0.41,0.39,0.41,1600733
RBK,19971022,0.14,0.14,0.14,0.14,10000
RBL,19971022,0.45,0.45,0.45,0.45,8791
RCR,19971022,0.37,0.37,0.37,0.37,4807
RDF,19971022,0.78,0.78,0.75,0.75,1500
REB,19971022,2.15,2.16,2.15,2.16,41000
RFM,19971022,0.135,0.135,0.135,0.135,14422
RGC,19971022,3.82,3.83,3.82,3.82,575842
RGR,19971022,0.072,0.073,0.072,0.072,107486
RGS,19971022,4.08,4.1,4.06,4.06,45535
RHC,19971022,2.17,2.19,2.17,2.18,74800
RHO,19971022,0.097,0.097,0.096,0.096,45334
RIC,19971022,1.48,1.49,1.47,1.49,233156
RIO,19971022,19.993,20.3,19.993,20.216,1031749
ROK,19971022,2.25,2.35,2.25,2.3,17000
ROR,19971022,0.61,0.61,0.6,0.6,36046
RPM,19971022,0.08,0.08,0.078,0.08,248000
RRS,19971022,0.18,0.19,0.18,0.19,168000
RSG,19971022,1.6,1.62,1.59,1.62,182179
RSM,19971022,0.95,0.96,0.94,0.94,574984
RTH,19971022,7.42,7.45,7.4,7.4,60500
RTS,19971022,0.62,0.62,0.62,0.62,29500
RUP,19971022,4.35,4.35,4.3,4.3,11098
SAR,19971022,0.45,0.45,0.45,0.45,6846
SAS,19971022,0.215,0.215,0.21,0.21,56303
SBC,19971022,6.4,6.45,6.4,6.45,10050
SBM,19971022,0.325,0.345,0.32,0.34,353580
SBR,19971022,0.018,0.02,0.018,0.02,294000
SCE,19971022,0.486,0.5,0.48,0.48,26500
SCH,19971022,2.4,2.41,2.37,2.4,164067
SCM,19971022,2.9,2.9,2.9,2.9,1000
SCN,19971022,0.04,0.042,0.039,0.039,780000
SCP,19971022,2.077,2.08,2.04,2.08,62031
SCS,19971022,0.2,0.215,0.2,0.215,36287
SDI,19971022,0.47,0.47,0.47,0.47,20000
SDN,19971022,0.16,0.16,0.155,0.16,182826
SDT,19971022,0.25,0.26,0.25,0.25,342000
SED,19971022,0.16,0.16,0.16,0.16,18500
SET,19971022,4.2,4.2,4.2,4.2,2715
SEV,19971022,5.9,6.03,5.9,6.03,551374
SFM,19971022,0.111,0.111,0.111,0.111,15000
SGB,19971022,8.384,8.6,8.369,8.59,464566
SGI,19971022,1.442,1.45,1.41,1.45,326041
SGN,19971022,4,4,4,4,5000
SGP,19971022,3.5,3.55,3.46,3.55,134483
SGR,19971022,0.105,0.11,0.105,0.11,300418
SGW,19971022,4.45,4.5,4.4,4.47,197311
SHL,19971022,1.7,1.7,1.61,1.65,287437
SID,19971022,7.9,7.9,7.9,7.9,16800
SKE,19971022,1.755,1.76,1.69,1.7,224374
SKR,19971022,0.13,0.13,0.13,0.13,26850
SKY,19971022,0.15,0.15,0.15,0.15,40000
SMC,19971022,0.043,0.043,0.042,0.042,70000
SME,19971022,7.2,7.36,7.2,7.36,178840
SMI,19971022,12.13,12.13,11.9,12.1,79983
SMS,19971022,9.505,9.55,9.47,9.49,136006
SMU,19971022,0.15,0.15,0.15,0.15,22304
SNM,19971022,0.523,0.524,0.49,0.49,436950
SNX,19971022,0.31,0.31,0.29,0.29,32500
SOA,19971022,0.26,0.26,0.25,0.25,134205
SOG,19971022,0.67,0.71,0.67,0.71,204584
SOL,19971022,36.5,37,36.5,37,5700
SOV,19971022,0.067,0.067,0.067,0.067,55333
SOX,19971022,0.58,0.58,0.58,0.58,10000
SPD,19971022,0.395,0.395,0.385,0.385,20868
SPP,19971022,3.2,3.2,3.1,3.2,56620
SPS,19971022,1.32,1.34,1.31,1.33,23384
SPT,19971022,3.08,3.08,3.07,3.07,20904
SPX,19971022,0.23,0.24,0.23,0.235,211900
SQG,19971022,0.025,0.025,0.024,0.024,785000
SRI,19971022,0.086,0.086,0.086,0.086,164500
SRL,19971022,1.4,1.45,1.4,1.45,12000
SRP,19971022,5.022,5.17,5.02,5.16,2732964
SSE,19971022,0.86,0.87,0.85,0.87,49792
SSL,19971022,0.59,0.59,0.59,0.59,7000
SSR,19971022,1.44,1.46,1.43,1.46,300612
STA,19971022,0.26,0.26,0.26,0.26,4148
STO,19971022,7.032,7.18,7.027,7.14,915690
STS,19971022,2.85,2.85,2.85,2.85,5000
STU,19971022,0.17,0.17,0.17,0.17,100000
SUR,19971022,0.218,0.22,0.205,0.205,87262
SVR,19971022,0.99,0.99,0.96,0.98,4373899
SWD,19971022,1.22,1.22,1.2,1.21,13201
SWS,19971022,3.33,3.35,3.33,3.34,337289
SYD,19971022,1.93,1.93,1.9,1.92,966544
TAH,19971022,6.815,6.85,6.66,6.734,423250
TAI,19971022,0.09,0.09,0.09,0.09,675000
TAM,19971022,0.17,0.17,0.17,0.17,50700
TAN,19971022,0.902,0.905,0.902,0.905,25000
TAP,19971022,1.76,1.8,1.76,1.8,161300
TAT,19971022,1,1,0.95,0.98,27000
TCE,19971022,1.07,1.07,1.07,1.07,79750
TCL,19971022,950,965,950,965,266
TCT,19971022,7.45,7.45,7.3,7.3,3300
TEH,19971022,1.18,1.18,1.18,1.18,4900
TEM,19971022,0.97,0.97,0.97,0.97,5000
TGG,19971022,1.7,1.7,1.68,1.68,7262
TGO,19971022,0.27,0.27,0.27,0.27,5000
TGS,19971022,0.165,0.165,0.165,0.165,50000
THG,19971022,0.696,0.7,0.67,0.7,943968
TIG,19971022,0.415,0.415,0.41,0.41,20000
TIM,19971022,2.95,2.95,2.95,2.95,1700
TKR,19971022,0.36,0.36,0.36,0.36,1800
TLA,19971022,1.2,1.21,1.2,1.2,147336
TMC,19971022,1,1,1,1,20000
TMG,19971022,0.3,0.3,0.29,0.29,46500
TMS,19971022,1.35,1.39,1.35,1.39,28485
TOL,19971022,2.04,2.04,2.01,2.02,101415
TOR,19971022,0.69,0.7,0.65,0.65,43100
TPT,19971022,0.39,0.395,0.39,0.39,124253
TRE,19971022,0.125,0.125,0.125,0.125,65000
TRI,19971022,0.125,0.125,0.12,0.12,1155500
TRY,19971022,0.75,0.75,0.75,0.75,40780
TSS,19971022,0.275,0.275,0.275,0.275,800
TTH,19971022,0.27,0.27,0.27,0.27,4189
TTR,19971022,0.308,0.312,0.28,0.29,1792840
TXR,19971022,0.03,0.03,0.03,0.03,5500
TYA,19971022,2.48,2.52,2.45,2.45,73454
UAL,19971022,0.115,0.115,0.11,0.11,115000
UCR,19971022,3.18,3.18,3.15,3.18,37626
UMG,19971022,0.09,0.09,0.09,0.09,667
VKI,19971022,0.052,0.052,0.052,0.052,18000
VOS,19971022,0.49,0.49,0.49,0.49,34748
VPE,19971022,0.158,0.16,0.15,0.15,751649
VRL,19971022,4.7,4.8,4.7,4.76,393672
VWD,19971022,1.34,1.35,1.34,1.34,17948
WAN,19971022,6.4,6.7,6.4,6.7,317504
WBA,19971022,0.8,0.8,0.8,0.8,20000
WBB,19971022,3.01,3.01,3,3,12942
WBC,19971022,8.71,8.98,8.68,8.816,6293846
WDM,19971022,0.55,0.55,0.5,0.5,5000
WDP,19971022,0.97,1,0.97,1,10000
WER,19971022,1.38,1.38,1.35,1.35,10000
WES,19971022,12.75,12.75,12.45,12.65,184898
WFA,19971022,1.2,1.21,1.2,1.2,573297
WFT,19971022,2.73,2.82,2.73,2.8,4694156
WGC,19971022,0.049,0.049,0.049,0.049,10000
WGR,19971022,0.35,0.35,0.32,0.32,4000
WHK,19971022,0.071,0.071,0.071,0.071,22500
WHW,19971022,1.76,1.76,1.76,1.76,100
WJM,19971022,5.08,5.08,5.06,5.06,4700
WKC,19971022,1.06,1.07,1.05,1.07,132228
WKM,19971022,0.4,0.4,0.4,0.4,10000
WLH,19971022,0.14,0.14,0.14,0.14,2920
WLK,19971022,0.091,0.091,0.091,0.091,50000
WLM,19971022,1.03,1.03,1.03,1.03,400
WMC,19971022,5.902,5.908,5.82,5.86,3446009
WME,19971022,0.08,0.08,0.08,0.08,50000
WMT,19971022,1.114,1.12,1.09,1.1,406192
WNA,19971022,0.76,0.76,0.76,0.76,1985349
WON,19971022,0.46,0.46,0.44,0.46,55000
WOW,19971022,4.688,4.82,4.66,4.8,2745216
WPL,19971022,12.522,12.82,12.5,12.75,1539211
WPT,19971022,1.78,1.79,1.78,1.78,291945
WRF,19971022,0.38,0.38,0.38,0.38,2800
WSF,19971022,28.51,28.75,28.51,28.75,25728
WSG,19971022,0.09,0.09,0.09,0.09,120000
WSI,19971022,0.27,0.27,0.27,0.27,502530
WSL,19971022,3.8,3.8,3.75,3.75,76176
WSM,19971022,0.22,0.22,0.22,0.22,9100
WTP,19971022,0.43,0.44,0.43,0.43,71000
WWH,19971022,3,3,3,3,10000
WYL,19971022,6.8,6.8,6.7,6.74,35470
YAM,19971022,0.2,0.22,0.2,0.22,55000
YDR,19971022,0.14,0.14,0.14,0.14,30000
YNX,19971022,0.11,0.11,0.11,0.11,50000
YTS,19971022,1.02,1.02,1.01,1.02,69756
ZEL,19971022,0.73,0.73,0.73,0.73,26000
ZYL,19971022,0.44,0.45,0.44,0.44,31484
