AAA,19970401,2.007,2.02,1.98,2,384834
AAD,19970401,0.74,0.77,0.74,0.77,128338
AAR,19970401,0.09,0.09,0.086,0.086,190000
ABC,19970401,1.75,1.79,1.72,1.72,49782
ABD,19970401,0.082,0.082,0.082,0.082,5000
ABF,19970401,3.59,3.61,3.59,3.6,38690
ABG,19970401,3.55,3.55,3.5,3.55,13880
ABR,19970401,0.125,0.14,0.125,0.125,56000
ABT,19970401,0.043,0.043,0.043,0.043,4000
ACH,19970401,3.66,3.66,3.6,3.6,6306
ADB,19970401,4,4.05,3.7,4.05,46671
ADG,19970401,1.39,1.39,1.39,1.39,4000
ADH,19970401,0.85,0.85,0.8,0.8,116274
ADM,19970401,0.28,0.28,0.245,0.245,105065
ADN,19970401,0.32,0.32,0.3,0.3,59985
ADX,19970401,0.29,0.29,0.26,0.27,120000
AEC,19970401,1.27,1.3,1.25,1.3,37300
AEG,19970401,0.15,0.15,0.13,0.13,9000
AEV,19970401,0.045,0.045,0.045,0.045,97850
AEX,19970401,0.058,0.058,0.056,0.058,400000
AFI,19970401,2.07,2.1,2.02,2.08,214198
AFN,19970401,1,1.02,0.95,0.97,204500
AGA,19970401,0.25,0.25,0.24,0.24,50000
AGL,19970401,7.152,7.154,7.02,7.09,1255823
AGM,19970401,0.59,0.59,0.45,0.53,749928
AGN,19970401,0.19,0.2,0.19,0.19,212500
AGR,19970401,1.28,1.28,1.21,1.24,11552
AGS,19970401,0.33,0.33,0.32,0.33,84000
AHC,19970401,0.38,0.38,0.36,0.36,6000
AHD,19970401,6.096,6.1,6,6,36674
AHX,19970401,2.2,2.22,2.2,2.22,98936
AIE,19970401,0.09,0.09,0.09,0.09,54000
AIF,19970401,0.65,0.65,0.61,0.61,36300
AIX,19970401,2.1,2.11,2.08,2.1,92795
AJO,19970401,2.17,2.17,2.15,2.17,36911
AJR,19970401,0.79,0.8,0.79,0.79,391567
AKC,19970401,4.05,4.05,3.95,4,47492
AKD,19970401,0.105,0.105,0.105,0.105,70000
AKL,19970401,0.38,0.38,0.355,0.355,66400
ALA,19970401,0.155,0.165,0.155,0.165,156000
ALI,19970401,0.6,0.6,0.6,0.6,10000
ALK,19970401,0.46,0.46,0.45,0.45,54388
ALL,19970401,2.66,2.7,2.65,2.7,18842
ALM,19970401,0.17,0.175,0.16,0.175,949012
ALO,19970401,0.71,0.71,0.7,0.7,35307
AMC,19970401,8.045,8.12,8,8.11,753820
AML,19970401,1.95,1.95,1.92,1.95,51779
AMU,19970401,0.2,0.2,0.2,0.2,70000
ANE,19970401,3.1,3.1,3.07,3.1,12048
ANI,19970401,1.35,1.42,1.35,1.42,1030293
ANL,19970401,3.2,3.22,3.15,3.2,276169
ANZ,19970401,7.976,7.976,7.8,7.86,2843405
AOF,19970401,1.14,1.14,1.14,1.14,570400
AOG,19970401,2.12,2.12,2.12,2.12,1581
AOV,19970401,0.175,0.175,0.16,0.16,72700
APF,19970401,1.43,1.43,1.39,1.4,334683
APG,19970401,0.065,0.065,0.064,0.065,102982
APN,19970401,2.09,2.09,2.05,2.08,18268
APU,19970401,0.9,0.9,0.9,0.9,10000
APY,19970401,1.48,1.48,1.47,1.47,1500
AQS,19970401,0.14,0.14,0.14,0.14,258000
ARA,19970401,0.33,0.33,0.33,0.33,1091
ARB,19970401,0.26,0.26,0.255,0.255,30000
ARC,19970401,0.48,0.48,0.48,0.48,10000
ARF,19970401,1.05,1.05,1.05,1.05,54000
ARG,19970401,2.76,2.85,2.75,2.8,53086
ARK,19970401,0.85,0.85,0.85,0.85,3275
ARL,19970401,2.2,2.27,2.15,2.25,160080
ARN,19970401,8.4,8.41,8.4,8.41,1818
ARO,19970401,4.5,4.5,4.4,4.4,1320
ARS,19970401,0.655,0.66,0.64,0.66,384751
ASE,19970401,0.2,0.2,0.2,0.2,10000
ASH,19970401,2.05,2.05,1.96,2,793759
ASL,19970401,1.6,1.6,1.52,1.55,18522
ASN,19970401,0.08,0.1,0.08,0.1,30000
AST,19970401,0.036,0.036,0.03,0.03,51268
ATD,19970401,0.12,0.12,0.12,0.12,14900
ATE,19970401,0.385,0.385,0.375,0.375,13000
ATG,19970401,0.47,0.47,0.47,0.47,6500
ATO,19970401,0.04,0.04,0.04,0.04,100000
ATP,19970401,0.31,0.31,0.3,0.3,34000
ATU,19970401,0.78,0.78,0.78,0.78,161660
AUC,19970401,0.52,0.52,0.52,0.52,1319
AUD,19970401,1.83,1.89,1.83,1.89,1800
AUE,19970401,2.45,2.45,2.44,2.45,272900
AUG,19970401,2.06,2.07,2.06,2.07,10720
AUI,19970401,2.32,2.32,2.24,2.24,86616
AVG,19970401,2.602,2.602,2.5,2.56,141127
AVJ,19970401,0.55,0.55,0.55,0.55,18000
AVL,19970401,0.115,0.115,0.11,0.11,47668
AVR,19970401,1.19,1.19,1.18,1.18,40000
AWA,19970401,0.85,0.86,0.84,0.84,134365
AWH,19970401,1.3,1.31,1.3,1.3,17442
AWI,19970401,0.823,0.823,0.74,0.8,17000
AXR,19970401,0.418,0.418,0.385,0.395,115000
AYO,19970401,0.75,0.75,0.75,0.75,42990
AZL,19970401,0.083,0.085,0.081,0.082,386728
BAE,19970401,0.547,0.55,0.52,0.52,50000
BAH,19970401,0.37,0.37,0.37,0.37,1200
BCD,19970401,1.53,1.53,1.45,1.48,41100
BDG,19970401,0.18,0.18,0.17,0.17,128000
BDL,19970401,0.666,0.68,0.666,0.68,124969
BEE,19970401,0.33,0.33,0.33,0.33,18000
BEM,19970401,0.49,0.49,0.49,0.49,2000
BEN,19970401,4.551,4.58,4.48,4.58,22583
BER,19970401,0.75,0.75,0.71,0.71,14000
BFA,19970401,1.36,1.36,1.36,1.36,5000
BGD,19970401,0.22,0.23,0.215,0.23,43000
BGF,19970401,0.066,0.066,0.06,0.06,335631
BHP,19970401,16.56,16.64,16.45,16.52,3118079
BHT,19970401,1.25,1.26,1.24,1.24,91410
BIC,19970401,0.13,0.13,0.13,0.13,5700
BID,19970401,0.85,0.86,0.85,0.86,3375
BIL,19970401,20.65,20.65,20.25,20.28,909810
BKA,19970401,0.45,0.45,0.45,0.45,32333
BKL,19970401,3.55,3.55,3.49,3.49,6658
BKR,19970401,1.27,1.27,1.27,1.27,2000
BKS,19970401,0.145,0.145,0.145,0.145,16000
BKW,19970401,48,48,46.1,46.1,300
BLO,19970401,0.495,0.5,0.46,0.48,172200
BML,19970401,8.126,8.35,8.08,8.15,235287
BMX,19970401,0.26,0.26,0.26,0.26,10000
BNM,19970401,0.5,0.52,0.5,0.52,25000
BOA,19970401,0.77,0.77,0.75,0.75,89500
BOC,19970401,0.6,0.6,0.59,0.59,514129
BOG,19970401,0.265,0.265,0.21,0.24,347220
BOR,19970401,3.55,3.63,3.55,3.6,6963629
BPC,19970401,2.02,2.09,2,2.089,268622
BPT,19970401,0.13,0.13,0.125,0.125,482155
BQD,19970401,6.105,6.105,6.04,6.08,65326
BRI,19970401,0.185,0.185,0.185,0.185,142000
BRL,19970401,3.16,3.16,3.1,3.15,18703
BRY,19970401,1.16,1.16,1.14,1.14,216580
BSD,19970401,1.35,1.35,1.34,1.35,284768
BSG,19970401,0.15,0.15,0.135,0.135,463480
BTA,19970401,4.201,4.214,4.19,4.2,51919
BTD,19970401,0.08,0.08,0.08,0.08,18000
BTE,19970401,0.71,0.73,0.71,0.72,64498
BTG,19970401,0.497,0.5,0.495,0.5,111413
BTL,19970401,5.15,5.2,5.15,5.2,1593
BTM,19970401,0.475,0.485,0.475,0.475,54500
BTO,19970401,1.44,1.5,1.44,1.46,151532
BTP,19970401,1.746,1.75,1.73,1.75,63260
BTY,19970401,2.95,2.95,2.9,2.9,5500
BUG,19970401,0.82,0.82,0.81,0.82,99150
BWA,19970401,2.438,2.438,2.38,2.41,493655
BYI,19970401,2.66,2.66,2.6,2.6,9450
CAA,19970401,4.65,4.68,4.57,4.6,588670
CAD,19970401,1.92,1.92,1.92,1.92,25000
CAE,19970401,0.038,0.038,0.034,0.034,449000
CAG,19970401,0.131,0.132,0.12,0.125,345000
CAI,19970401,0.255,0.26,0.255,0.26,32000
CAR,19970401,0.26,0.26,0.25,0.25,126666
CBA,19970401,12.451,12.5,12.3,12.49,1309845
CBI,19970401,1.13,1.13,1.13,1.13,10500
CBL,19970401,0.03,0.03,0.025,0.025,3170000
CBN,19970401,0.023,0.023,0.022,0.022,126883
CBS,19970401,10.75,10.75,10.75,10.75,1
CCH,19970401,0.2,0.2,0.2,0.2,23000
CCL,19970401,11.817,11.95,11.65,11.918,572018
CCN,19970401,0.43,0.43,0.42,0.42,109030
CCR,19970401,0.346,0.349,0.33,0.33,706451
CCV,19970401,0.49,0.495,0.47,0.49,80333
CCW,19970401,0.43,0.43,0.43,0.43,1000
CDG,19970401,1.53,1.6,1.53,1.57,207650
CDL,19970401,0.33,0.33,0.31,0.32,76400
CDN,19970401,0.34,0.34,0.31,0.32,85000
CDX,19970401,4.5,4.5,4.5,4.5,100
CEP,19970401,2.13,2.16,2.13,2.16,20800
CEQ,19970401,1.262,1.27,1.25,1.26,67676
CEV,19970401,0.091,0.091,0.085,0.085,108822
CEY,19970401,1.1,1.1,1.05,1.1,21550
CFA,19970401,0.355,0.355,0.35,0.35,162877
CFR,19970401,0.019,0.019,0.019,0.019,430000
CGD,19970401,0.704,0.704,0.63,0.65,338011
CGL,19970401,0.32,0.32,0.305,0.305,244075
CGN,19970401,0.41,0.41,0.37,0.375,43982
CGY,19970401,12,13,12,13,306
CHE,19970401,0.51,0.51,0.5,0.5,28000
CHF,19970401,0.75,0.75,0.75,0.75,20000
CHL,19970401,0.58,0.58,0.58,0.58,500
CHV,19970401,0.53,0.53,0.53,0.53,3500
CHY,19970401,2.66,2.66,2.64,2.64,25667
CIA,19970401,0.76,0.76,0.76,0.76,225887
CIH,19970401,0.917,1,0.917,0.94,263920
CIM,19970401,0.665,0.69,0.66,0.69,77348
CIN,19970401,21.1,21.1,21.1,21.1,2100
CIP,19970401,1.93,1.93,1.91,1.91,6290
CIR,19970401,1.12,1.12,1.12,1.12,1300
CKC,19970401,1.39,1.4,1.39,1.4,12450
CKG,19970401,0.082,0.082,0.081,0.081,45251
CLL,19970401,2.3,2.3,2.25,2.25,8000
CLR,19970401,2.5,2.54,2.42,2.5,401412
CLS,19970401,1.63,1.64,1.63,1.64,7800
CMC,19970401,6.4,6.4,6.2,6.2,678126
CMF,19970401,1.27,1.27,1.25,1.26,46100
CMG,19970401,7.922,8.2,7.921,8.2,750911
CML,19970401,5.867,5.95,5.78,5.95,908906
CMX,19970401,0.95,0.95,0.93,0.93,27790
CMZ,19970401,0.485,0.485,0.48,0.485,86000
CND,19970401,1.314,1.33,1.3,1.32,84501
CNF,19970401,0.199,0.2,0.199,0.2,126500
CNG,19970401,0.69,0.69,0.66,0.69,35098
CNM,19970401,0.205,0.21,0.185,0.185,79500
CNN,19970401,0.54,0.54,0.49,0.49,113000
CNT,19970401,0.053,0.053,0.05,0.052,620000
CNW,19970401,0.125,0.125,0.125,0.125,66000
CNY,19970401,0.2,0.2,0.19,0.19,32000
COA,19970401,2.85,2.85,2.8,2.8,30862
COC,19970401,2.22,2.22,2.22,2.22,52050
COF,19970401,3.03,3.2,3.03,3.2,9600
COG,19970401,0.1,0.1,0.1,0.1,64383
COH,19970401,3.65,3.68,3.59,3.68,46784
COT,19970401,1,1.005,0.98,1,109726
COV,19970401,0.113,0.115,0.1,0.105,348500
CPB,19970401,4.02,4.07,4.02,4.07,4
CPC,19970401,0.151,0.16,0.15,0.16,218669
CPI,19970401,2.92,2.92,2.92,2.92,12468
CPL,19970401,2.28,2.3,2.25,2.25,31357
CPM,19970401,7.8,7.8,7.8,7.8,5500
CPU,19970401,5.87,5.9,5.8,5.9,23308
CPW,19970401,3.99,4.1,3.99,4.1,5140
CPY,19970401,0.86,0.86,0.86,0.86,16846
CQT,19970401,0.28,0.28,0.28,0.28,20000
CRA,19970401,18.392,18.47,18.2,18.22,1194634
CRF,19970401,0.27,0.27,0.27,0.27,10000
CRG,19970401,12.2,12.2,12.2,12.2,1000
CRI,19970401,5.247,5.25,5.19,5.2,83323
CRO,19970401,2.007,2.08,1.98,2.07,1413015
CRS,19970401,0.613,0.613,0.55,0.57,157150
CRT,19970401,1,1,0.98,0.98,20386
CRV,19970401,0.764,0.77,0.76,0.76,22000
CSA,19970401,0.14,0.14,0.135,0.135,255000
CSL,19970401,6.05,6.12,6.05,6.05,95178
CSR,19970401,4.676,4.73,4.674,4.7,1754408
CTO,19970401,0.42,0.42,0.35,0.38,176500
CTR,19970401,1.688,1.688,1.65,1.66,371626
CTX,19970401,4.209,4.209,4.17,4.2,35493
CTY,19970401,1.651,1.654,1.6,1.6,34164
CUC,19970401,1.13,1.13,1.12,1.12,10000
CUE,19970401,0.238,0.24,0.225,0.23,306000
CUT,19970401,0.105,0.105,0.105,0.105,100000
CVC,19970401,0.22,0.22,0.22,0.22,5000
CVI,19970401,1.465,1.465,1.33,1.4,160300
CVN,19970401,0.02,0.021,0.02,0.02,789000
CWI,19970401,1.193,1.2,1.193,1.2,52268
CWP,19970401,1.1,1.1,1.1,1.1,34700
CXA,19970401,0.26,0.26,0.26,0.26,16000
CXP,19970401,0.95,0.96,0.95,0.96,10492
CXR,19970401,0.321,0.324,0.28,0.285,879465
CYG,19970401,5.15,5.15,5.15,5.15,234
CYH,19970401,0.08,0.08,0.08,0.08,35406
DAR,19970401,1.25,1.25,1.25,1.25,11981
DAT,19970401,1.31,1.33,1.31,1.33,3500
DCI,19970401,0.24,0.28,0.24,0.26,1688000
DDV,19970401,0.16,0.16,0.16,0.16,6000
DEF,19970401,0.17,0.17,0.155,0.16,369093
DEM,19970401,0.24,0.24,0.24,0.24,20000
DEV,19970401,0.345,0.345,0.34,0.34,41892
DFM,19970401,1.85,1.9,1.85,1.9,13195
DGD,19970401,1.861,1.88,1.84,1.88,848018
DGM,19970401,0.02,0.021,0.02,0.02,777425
DGN,19970401,0.15,0.15,0.15,0.15,210000
DIO,19970401,0.12,0.12,0.1,0.1,324856
DJS,19970401,1.66,1.66,1.64,1.65,724643
DJW,19970401,2.9,2.91,2.9,2.9,39913
DLS,19970401,0.071,0.071,0.07,0.07,114000
DMR,19970401,0.12,0.12,0.11,0.12,1180169
DNR,19970401,0.44,0.44,0.44,0.44,8400
DOM,19970401,0.722,0.73,0.68,0.71,64103
DOR,19970401,0.225,0.225,0.21,0.21,30000
DRA,19970401,0.13,0.13,0.12,0.12,382900
DRE,19970401,0.42,0.43,0.41,0.41,295200
DST,19970401,0.195,0.21,0.18,0.18,86500
DUI,19970401,1.12,1.12,1.09,1.09,22104
DVC,19970401,0.793,0.793,0.79,0.79,10000
DVD,19970401,1.404,1.44,1.391,1.42,166575
DVN,19970401,0.64,0.64,0.62,0.63,98300
EAC,19970401,2.4,2.4,2.4,2.4,1333
EAM,19970401,1.2,1.2,1.15,1.15,16228
EBG,19970401,0.04,0.04,0.04,0.04,10000
EBR,19970401,0.212,0.22,0.2,0.2,308113
ECT,19970401,1.57,1.57,1.57,1.57,3760
ECU,19970401,1,1,0.95,0.95,73300
EDI,19970401,3.21,3.21,3.19,3.2,18780
EEC,19970401,1.202,1.22,1.18,1.21,353740
EGD,19970401,0.18,0.18,0.17,0.17,36000
EGL,19970401,0.15,0.15,0.14,0.14,205000
ELA,19970401,0.06,0.06,0.06,0.06,2000
ELT,19970401,2.8,2.8,2.7,2.72,23600
EMA,19970401,0.95,0.95,0.94,0.95,25680
EMD,19970401,0.027,0.027,0.027,0.027,500000
EML,19970401,4.265,4.34,4.11,4.3,212857
EMM,19970401,0.28,0.28,0.27,0.27,88000
EMN,19970401,2.52,2.53,2.52,2.52,42375
EMP,19970401,1.9,1.9,1.85,1.86,3000
ENE,19970401,2.4,2.4,2.35,2.35,5625
EQI,19970401,0.348,0.35,0.33,0.35,204985
EQK,19970401,0.58,0.58,0.56,0.56,61670
EQM,19970401,0.26,0.26,0.24,0.24,106090
EQR,19970401,0.56,0.56,0.53,0.54,56165
EQT,19970401,5.35,5.35,5.35,5.35,500
ERA,19970401,5.9,6.05,5.9,6.05,1225
ERG,19970401,1.641,1.68,1.639,1.67,259591
ERS,19970401,0.85,0.85,0.84,0.84,2000
ESA,19970401,0.97,0.97,0.93,0.93,4400
ESE,19970401,0.48,0.48,0.42,0.42,90750
ESI,19970401,0.23,0.23,0.23,0.23,35575
EWL,19970401,0.125,0.125,0.125,0.125,300000
EWN,19970401,0.305,0.31,0.305,0.31,45000
FAF,19970401,1.03,1.04,1.03,1.03,77058
FAI,19970401,0.66,0.68,0.66,0.67,50596
FAR,19970401,0.383,0.383,0.35,0.37,129150
FBG,19970401,2.559,2.6,2.55,2.59,1314803
FBO,19970401,3.45,3.45,3.43,3.45,10969
FCL,19970401,1.74,1.8,1.72,1.8,7202093
FDR,19970401,0.099,0.12,0.098,0.12,918850
FFI,19970401,0.87,0.87,0.87,0.87,3000
FFL,19970401,1.44,1.44,1.4,1.43,39258
FGR,19970401,0.015,0.015,0.015,0.015,1590000
FHF,19970401,7.4,7.4,7.25,7.4,340281
FHL,19970401,6.9,6.9,6.5,6.5,3100
FIF,19970401,3,3.02,3,3.02,158000
FIG,19970401,0.09,0.091,0.08,0.085,380000
FIM,19970401,0.08,0.08,0.075,0.075,242000
FLL,19970401,0.75,0.75,0.74,0.74,32537
FLT,19970401,3,3,3,3,4000
FMH,19970401,3.14,3.14,3.14,3.14,239
FNC,19970401,0.41,0.41,0.37,0.375,369000
FOA,19970401,6.7,6.7,6.5,6.65,36892
FPB,19970401,2.46,2.46,2.4,2.4,4495
FPF,19970401,1.26,1.26,1.25,1.25,43181
FPG,19970401,0.88,0.88,0.85,0.88,16962
FRD,19970401,0.68,0.68,0.68,0.68,7000
FRG,19970401,3.19,3.2,3.19,3.2,2930
FRO,19970401,0.058,0.058,0.055,0.055,315000
FRP,19970401,1.256,1.256,1.24,1.25,14500
FTU,19970401,0.047,0.047,0.045,0.045,404000
FWD,19970401,2.15,2.15,2.12,2.12,36600
FXJ,19970401,2.97,3.02,2.97,3,1386221
FZC,19970401,4.1,4.34,4.1,4.34,1974
GAL,19970401,0.85,0.85,0.85,0.85,1287300
GAN,19970401,0.92,0.94,0.91,0.92,908494
GAW,19970401,0.143,0.143,0.12,0.12,221000
GBG,19970401,0.28,0.28,0.28,0.28,10000
GCC,19970401,0.33,0.33,0.32,0.32,27000
GCI,19970401,6.6,6.6,6.5,6.51,2861
GCM,19970401,2.758,2.88,2.7,2.72,945883
GCR,19970401,0.352,0.352,0.33,0.33,109000
GDA,19970401,0.13,0.13,0.11,0.11,1380000
GDC,19970401,0.64,0.64,0.64,0.64,10000
GDH,19970401,0.52,0.52,0.51,0.51,118000
GDM,19970401,0.514,0.519,0.45,0.45,422120
GDN,19970401,0.155,0.155,0.155,0.155,15000
GDP,19970401,0.86,0.86,0.8,0.8,6000
GED,19970401,0.04,0.04,0.038,0.038,570000
GEG,19970401,1.203,1.203,1.18,1.2,70791
GEL,19970401,0.434,0.434,0.42,0.42,70500
GFD,19970401,0.52,0.52,0.52,0.52,30000
GFY,19970401,0.2,0.2,0.18,0.2,90000
GGR,19970401,0.265,0.265,0.26,0.26,53198
GGS,19970401,0.305,0.305,0.3,0.3,21000
GGY,19970401,0.102,0.105,0.1,0.1,394000
GHG,19970401,1.979,1.98,1.95,1.97,81454
GHL,19970401,0.145,0.145,0.145,0.145,110000
GHM,19970401,0.205,0.22,0.205,0.22,208300
GHP,19970401,1.15,1.16,1.15,1.16,14604
GHR,19970401,0.38,0.38,0.38,0.38,10000
GIO,19970401,3.621,3.643,3.53,3.55,4251397
GIR,19970401,0.15,0.15,0.15,0.15,43000
GLD,19970401,1.8,1.9,1.8,1.9,23351
GLT,19970401,0.225,0.225,0.225,0.225,122000
GMA,19970401,0.18,0.19,0.175,0.185,736491
GME,19970401,0.15,0.15,0.145,0.15,125000
GMF,19970401,1.6,1.63,1.56,1.61,4386282
GML,19970401,0.29,0.29,0.29,0.29,30000
GMN,19970401,0.268,0.268,0.24,0.24,225000
GNR,19970401,0.151,0.155,0.151,0.155,60667
GNS,19970401,2.69,2.69,2.69,2.69,10000
GPN,19970401,0.08,0.083,0.08,0.083,492000
GPT,19970401,2.372,2.375,2.34,2.36,1575788
GPY,19970401,0.178,0.18,0.175,0.18,85183
GRA,19970401,0.125,0.125,0.125,0.125,455000
GRC,19970401,0.19,0.2,0.19,0.2,6250
GRI,19970401,0.6,0.6,0.6,0.6,2000
GRN,19970401,0.464,0.48,0.415,0.425,160064
GSE,19970401,0.2,0.2,0.2,0.2,29000
GSP,19970401,0.76,0.76,0.75,0.75,516853
GSR,19970401,0.06,0.06,0.06,0.06,69000
GTM,19970401,0.135,0.135,0.13,0.13,246000
GTS,19970401,0.61,0.61,0.6,0.6,20100
GUD,19970401,3.997,4,3.92,3.95,18860
GUL,19970401,0.056,0.056,0.05,0.051,270000
GWC,19970401,2.5,2.7,2.5,2.7,3184
GWT,19970401,2.37,2.37,2.31,2.31,133753
HAH,19970401,3.8,3.8,3.69,3.7,317631
HAM,19970401,0.39,0.395,0.385,0.385,5166
HAO,19970401,0.435,0.45,0.435,0.45,78122
HAR,19970401,0.984,0.984,0.96,0.96,100316
HBL,19970401,0.29,0.29,0.29,0.29,83147
HCD,19970401,0.65,0.65,0.65,0.65,4000
HCO,19970401,13.1,13.1,13.05,13.05,4160
HDR,19970401,0.072,0.072,0.07,0.07,1512300
HEI,19970401,0.45,0.45,0.45,0.45,60000
HER,19970401,0.96,0.96,0.96,0.96,6630
HEX,19970401,0.175,0.175,0.17,0.17,90000
HGO,19970401,0.195,0.2,0.195,0.2,39979
HGV,19970401,1.03,1.03,1.03,1.03,9500
HHM,19970401,0.16,0.16,0.16,0.16,30000
HIC,19970401,0.41,0.41,0.41,0.41,20000
HIH,19970401,2.78,2.78,2.73,2.73,98738
HIL,19970401,2.15,2.15,2.14,2.14,21221
HLL,19970401,0.22,0.22,0.2,0.2,135000
HLN,19970401,4.38,4.38,4.37,4.37,900
HLR,19970401,0.215,0.215,0.215,0.215,15000
HLX,19970401,2.483,2.483,2.15,2.15,119000
HLY,19970401,2.05,2.06,2,2.05,337644
HMC,19970401,0.115,0.115,0.115,0.115,669000
HMH,19970401,0.17,0.17,0.17,0.17,51830
HNG,19970401,1.27,1.27,1.27,1.27,3145
HOY,19970401,2.75,2.81,2.75,2.8,15366
HPL,19970401,1.22,1.22,1.22,1.22,14660
HRR,19970401,0.2,0.2,0.2,0.2,45000
HRT,19970401,0.58,0.58,0.58,0.58,15
HRW,19970401,2.445,2.45,2.4,2.4,9462
HSL,19970401,1.39,1.41,1.39,1.39,25824
HSM,19970401,15,15,15,15,222
HSP,19970401,0.6,0.6,0.55,0.55,72506
HWR,19970401,1.4,1.45,1.38,1.4,22686
HZA,19970401,0.8,0.8,0.8,0.8,40620
IAM,19970401,2.96,2.96,2.95,2.95,1500
ICI,19970401,11.394,11.394,11.19,11.2,86456
ICT,19970401,6.038,6.06,5.95,6,50220
IFT,19970401,1.273,1.275,1.25,1.26,1161790
IGM,19970401,0.029,0.029,0.029,0.029,10000
IHG,19970401,1.019,1.05,1.013,1.05,38100
IHN,19970401,0.99,0.99,0.99,0.99,5000
IIV,19970401,0.295,0.295,0.295,0.295,17921
IMP,19970401,0.16,0.16,0.15,0.155,280000
IMR,19970401,0.059,0.059,0.059,0.059,50000
INX,19970401,1,1,0.94,0.94,66000
ION,19970401,0.9,0.9,0.9,0.9,3067
IPH,19970401,2.05,2.06,2.05,2.06,19462
IPY,19970401,0.98,1,0.97,1,1013865
IRC,19970401,0.289,0.295,0.289,0.29,154480
IRO,19970401,0.127,0.127,0.12,0.12,226529
ISR,19970401,0.38,0.38,0.32,0.33,52065
ITN,19970401,0.35,0.35,0.35,0.35,21000
JBG,19970401,0.155,0.155,0.155,0.155,64000
JFA,19970401,0.88,0.88,0.88,0.88,91282
JFC,19970401,0.63,0.65,0.62,0.65,79019
JJS,19970401,1.75,1.75,1.7,1.73,11500
JLA,19970401,0.17,0.17,0.13,0.13,381727
JNA,19970401,1,1,0.95,0.98,52000
JOD,19970401,0.016,0.016,0.016,0.016,9280
JRV,19970401,0.175,0.175,0.17,0.17,30750
JUP,19970401,2.593,2.598,2.48,2.55,74729
JYC,19970401,1.41,1.42,1.41,1.42,7975
KBG,19970401,0.15,0.155,0.15,0.155,52000
KCG,19970401,1.382,1.382,1.2,1.3,25000
KCN,19970401,2.672,2.672,2.32,2.45,147005
KDC,19970401,0.255,0.255,0.22,0.225,95000
KGM,19970401,1.28,1.29,1.28,1.29,3722
KGR,19970401,0.069,0.071,0.065,0.071,2134000
KIR,19970401,0.816,0.816,0.77,0.79,104848
KIW,19970401,0.1,0.1,0.094,0.097,1045000
KLS,19970401,0.47,0.47,0.43,0.45,210000
KLZ,19970401,3.37,3.37,3.37,3.37,1400
KMN,19970401,0.135,0.135,0.13,0.13,65500
KMT,19970401,0.24,0.24,0.235,0.235,4135
KRS,19970401,0.095,0.095,0.09,0.09,4449342
KUG,19970401,0.21,0.21,0.195,0.195,50000
KUP,19970401,1.29,1.29,1.26,1.26,65621
KYC,19970401,3.29,3.35,3.26,3.35,31355
KYD,19970401,0.068,0.07,0.067,0.067,273820
LAN,19970401,2.72,2.72,2.72,2.72,576
LEG,19970401,0.11,0.11,0.11,0.11,79000
LEI,19970401,5.26,5.264,5.15,5.18,368078
LEO,19970401,0.69,0.69,0.65,0.65,62000
LHG,19970401,2.12,2.14,2.08,2.12,1017909
LJF,19970401,0.026,0.026,0.026,0.026,2000
LKO,19970401,0.037,0.037,0.034,0.034,1073981
LLC,19970401,21.57,21.57,21.15,21.192,291228
LLR,19970401,0.26,0.26,0.255,0.255,52000
LMC,19970401,4.45,4.45,4.45,4.45,1456
LNN,19970401,2.98,3.04,2.98,3.04,109146
LSE,19970401,0.477,0.489,0.45,0.45,385582
LUT,19970401,0.295,0.295,0.295,0.295,13000
LVG,19970401,0.287,0.287,0.27,0.28,87000
LVN,19970401,0.25,0.25,0.25,0.25,20000
LYG,19970401,0.2,0.21,0.2,0.21,69026
MAG,19970401,2.93,2.93,2.93,2.93,2047
MAH,19970401,0.98,0.98,0.94,0.94,40630
MAT,19970401,1.9,1.9,1.9,1.9,1500
MAY,19970401,7.902,7.95,7.84,7.85,1269291
MBC,19970401,2.33,2.33,2.33,2.33,700
MBF,19970401,0.16,0.16,0.16,0.16,10000
MBG,19970401,0.06,0.06,0.06,0.06,1000
MBK,19970401,7.2,7.2,7.1,7.2,110300
MBL,19970401,8.5,8.5,8.35,8.4,297996
MCH,19970401,0.88,0.88,0.88,0.88,5500
MCO,19970401,0.42,0.47,0.42,0.47,3016
MCP,19970401,3.3,3.3,3.25,3.3,102854
MDC,19970401,2.2,2.2,2.2,2.2,6076
MDI,19970401,0.245,0.245,0.245,0.245,270000
MDN,19970401,0.25,0.28,0.25,0.28,61466
MEE,19970401,0.222,0.222,0.205,0.205,160000
MEG,19970401,2.15,2.15,2.15,2.15,2200
MET,19970401,33,33,31,32,430
MGC,19970401,1.413,1.413,1.3,1.3,15100
MGD,19970401,0.063,0.066,0.063,0.066,514379
MGG,19970401,0.25,0.25,0.22,0.22,10122
MGL,19970401,0.37,0.37,0.355,0.37,168973
MGS,19970401,0.42,0.42,0.38,0.38,68535
MGU,19970401,0.095,0.095,0.095,0.095,27000
MGW,19970401,1.25,1.25,1.25,1.25,5000
MIC,19970401,0.105,0.105,0.105,0.105,30000
MIK,19970401,0.3,0.3,0.27,0.27,22331
MIM,19970401,1.662,1.67,1.63,1.64,4097896
MIV,19970401,0.49,0.49,0.43,0.45,61501
MJN,19970401,0.225,0.225,0.21,0.215,430100
MKA,19970401,0.499,0.5,0.47,0.47,12547
MLG,19970401,2.12,2.12,2.1,2.1,15000
MMC,19970401,2.3,2.3,2.27,2.3,95950
MMD,19970401,0.28,0.28,0.28,0.28,14000
MMF,19970401,3.01,3.02,3.01,3.01,9608
MMN,19970401,0.103,0.103,0.103,0.103,38000
MMU,19970401,3.453,3.48,3.43,3.48,45900
MND,19970401,2.5,2.5,2.46,2.46,5000
MNG,19970401,0.4,0.4,0.4,0.4,12000
MNT,19970401,0.68,0.69,0.63,0.63,151433
MOD,19970401,0.25,0.25,0.25,0.25,77000
MOM,19970401,0.279,0.28,0.27,0.27,723388
MOS,19970401,0.15,0.15,0.145,0.145,145500
MPH,19970401,0.3,0.3,0.29,0.29,40000
MPL,19970401,0.15,0.15,0.14,0.14,18000
MPO,19970401,0.095,0.095,0.095,0.095,85000
MPT,19970401,1.32,1.34,1.32,1.34,21931
MRC,19970401,0.48,0.481,0.43,0.46,330400
MRD,19970401,1.21,1.21,1.21,1.21,25706
MRH,19970401,0.521,0.521,0.52,0.52,20425
MRV,19970401,2.45,2.46,2.45,2.46,38825
MSC,19970401,0.45,0.45,0.45,0.45,50000
MTB,19970401,0.17,0.18,0.17,0.18,191409
MTE,19970401,0.48,0.48,0.48,0.48,6900
MTK,19970401,4.5,4.8,4.5,4.8,8506
MTM,19970401,0.18,0.2,0.17,0.17,160158
MUR,19970401,0.564,0.567,0.54,0.55,143209
MWB,19970401,5.456,5.47,5.42,5.43,217395
MWL,19970401,0.76,0.76,0.73,0.73,8136
MZG,19970401,0.506,0.55,0.506,0.55,20000
NAB,19970401,15.841,15.891,15.641,15.71,1635011
NBH,19970401,4.031,4.1,4.015,4.07,1644447
NBS,19970401,2.649,2.666,2.61,2.61,25944
NCL,19970401,0.95,0.95,0.95,0.95,11223
NCM,19970401,4.046,4.046,3.86,3.955,1439267
NCP,19970401,5.783,5.787,5.65,5.725,5848173
NDY,19970401,1.673,1.68,1.639,1.67,3795477
NEP,19970401,0.2,0.2,0.195,0.195,22000
NET,19970401,0.6,0.6,0.6,0.6,3200
NEX,19970401,0.145,0.145,0.135,0.135,67000
NFD,19970401,1.45,1.46,1.45,1.45,258974
NFG,19970401,0.44,0.44,0.42,0.42,49000
NFM,19970401,6.7,6.7,6.7,6.7,2200
NFO,19970401,0.15,0.16,0.15,0.16,20000
NGH,19970401,0.145,0.145,0.11,0.125,478500
NHG,19970401,0.336,0.34,0.32,0.32,135000
NHM,19970401,0.077,0.077,0.076,0.077,266000
NIX,19970401,0.91,0.91,0.9,0.9,7500
NMF,19970401,0.86,0.86,0.86,0.86,13000
NMH,19970401,1.894,1.894,1.84,1.86,3174737
NML,19970401,2.94,3.05,2.94,3,3618
NMP,19970401,0.97,1,0.97,1,39307
NMW,19970401,0.77,0.77,0.75,0.75,101700
NNG,19970401,0.2,0.2,0.2,0.2,50000
NPC,19970401,0.292,0.3,0.28,0.28,138400
NPT,19970401,1.04,1.05,1.03,1.03,331362
NRT,19970401,1.37,1.37,1.37,1.37,7000
NTS,19970401,0.117,0.12,0.117,0.12,100000
NVS,19970401,3.13,3.13,3.06,3.09,78002
NZO,19970401,0.36,0.36,0.36,0.36,50000
OCN,19970401,0.243,0.243,0.205,0.205,161784
OCR,19970401,0.15,0.17,0.15,0.17,97030
OEC,19970401,0.95,0.95,0.93,0.94,109876
OHL,19970401,0.41,0.41,0.4,0.41,20000
OLH,19970401,1.75,1.75,1.75,1.75,600
OLS,19970401,0.95,0.95,0.94,0.94,3652
OML,19970401,3.042,3.042,2.97,2.98,182363
OMO,19970401,0.153,0.154,0.14,0.15,944556
OMP,19970401,0.75,0.75,0.75,0.75,2700
OPS,19970401,2.95,2.95,2.87,2.87,8790
ORL,19970401,0.96,0.97,0.96,0.97,8000
OSH,19970401,2.65,2.75,2.61,2.672,586779
OXR,19970401,0.24,0.24,0.23,0.23,239733
PAL,19970401,0.31,0.31,0.3,0.3,30900
PAS,19970401,2.393,2.393,2.34,2.35,3712032
PBB,19970401,4.766,4.89,4.65,4.89,49755
PBL,19970401,6.737,6.737,6.6,6.6,342340
PBY,19970401,0.79,0.79,0.77,0.77,45752
PDC,19970401,1.12,1.12,1.11,1.12,91134
PDN,19970401,0.148,0.148,0.135,0.135,351000
PDP,19970401,3.273,3.36,3.251,3.36,3012193
PEM,19970401,0.82,0.82,0.8,0.8,416600
PFP,19970401,2.12,2.12,2.1,2.1,10600
PGL,19970401,12.5,12.85,12.25,12.6,22254
PGP,19970401,0.085,0.085,0.08,0.08,96100
PGT,19970401,0.2,0.2,0.18,0.2,15000
PHC,19970401,0.043,0.043,0.039,0.04,831000
PHD,19970401,0.19,0.19,0.18,0.18,100683
PHY,19970401,1.01,1.02,1,1.02,50600
PID,19970401,0.305,0.305,0.3,0.3,16321
PIG,19970401,0.255,0.255,0.22,0.22,77500
PII,19970401,1.05,1.05,1.03,1.04,200607
PIP,19970401,0.68,0.7,0.68,0.69,295296
PLC,19970401,0.4,0.4,0.36,0.36,18000
PLM,19970401,8,8,7.9,7.9,10200
PLP,19970401,1.5,1.5,1.5,1.5,25334
PLR,19970401,0.92,0.92,0.92,0.92,2000
PLT,19970401,2.202,2.203,2.15,2.2,33065
PLU,19970401,4.93,4.93,4.78,4.8,141489
PLW,19970401,1.31,1.32,1.31,1.32,7500
PMA,19970401,0.31,0.31,0.3,0.3,10000
PMC,19970401,0.86,0.87,0.86,0.87,91256
PMM,19970401,2.572,2.572,2.49,2.5,43500
PMP,19970401,3.12,3.12,3.09,3.09,80742
PMT,19970401,4.5,4.5,4.5,4.5,1500
PMV,19970401,1.45,1.45,1.45,1.45,8000
PNA,19970401,0.4,0.4,0.37,0.38,143500
PNI,19970401,4.22,4.27,4.19,4.19,528653
PNL,19970401,0.11,0.11,0.105,0.11,200000
POW,19970401,0.045,0.045,0.045,0.045,10000
PPP,19970401,0.13,0.13,0.125,0.125,466600
PPR,19970401,1.1,1.12,1.1,1.12,18600
PPT,19970401,7.2,7.2,7.2,7.2,8378
PRA,19970401,0.35,0.35,0.32,0.32,98000
PRB,19970401,0.037,0.037,0.036,0.036,1800000
PRE,19970401,0.11,0.11,0.11,0.11,147000
PRH,19970401,2.95,3,2.95,3,1819
PRL,19970401,0.64,0.65,0.64,0.65,6186
PRM,19970401,0.028,0.031,0.028,0.031,193000
PRN,19970401,0.052,0.057,0.052,0.057,283175
PRP,19970401,0.97,0.99,0.96,0.99,181588
PRT,19970401,2.38,2.38,2.38,2.38,537
PSA,19970401,5.09,5.15,5,5.15,87876
PSE,19970401,0.18,0.18,0.18,0.18,130000
PSG,19970401,0.28,0.28,0.28,0.28,25000
PSR,19970401,1,1,0.9,0.9,211800
PTD,19970401,0.53,0.53,0.48,0.52,142650
PTS,19970401,0.15,0.15,0.15,0.15,30000
PTZ,19970401,1.064,1.09,1.06,1.07,676285
QAN,19970401,2.252,2.3,2.25,2.28,595380
QBE,19970401,6.5,6.5,6.37,6.4,457350
QMC,19970401,1.041,1.042,1.02,1.03,301136
QNI,19970401,2.386,2.4,2.36,2.39,1916638
QRL,19970401,1.628,1.628,1.59,1.6,3285094
QTK,19970401,0.15,0.15,0.145,0.145,27000
QUF,19970401,2.864,2.88,2.864,2.87,26217
QUR,19970401,6.05,6.5,6,6.2,63486
RAC,19970401,4.15,4.15,4.1,4.11,58774
RAI,19970401,0.35,0.35,0.31,0.31,65500
RBL,19970401,0.4,0.42,0.4,0.42,13000
RCR,19970401,0.385,0.385,0.38,0.38,20000
RCT,19970401,0.141,0.145,0.14,0.14,95863
REB,19970401,1.58,1.58,1.55,1.55,13587
REH,19970401,8.12,8.12,8.1,8.1,8000
REN,19970401,0.58,0.58,0.58,0.58,8000
RFM,19970401,0.195,0.195,0.195,0.195,31000
RFR,19970401,0.22,0.22,0.22,0.22,25000
RGC,19970401,4.79,4.79,4.7,4.7,320049
RGR,19970401,0.057,0.057,0.056,0.056,170000
RHO,19970401,0.155,0.155,0.15,0.15,121400
RIC,19970401,1.5,1.52,1.5,1.52,61340
RIM,19970401,0.19,0.19,0.19,0.19,20000
ROK,19970401,2.37,2.37,2.32,2.32,6400
ROR,19970401,0.48,0.482,0.48,0.482,19554
RPG,19970401,0.285,0.285,0.265,0.265,6000
RPM,19970401,0.075,0.075,0.071,0.071,10000
RPS,19970401,0.39,0.39,0.38,0.38,24544
RSG,19970401,2.66,2.7,2.63,2.66,286076
RSM,19970401,1.12,1.12,1.08,1.1,17908
RTH,19970401,8.02,8.05,8.02,8.05,117769
RTS,19970401,0.69,0.69,0.69,0.69,20000
RUP,19970401,3.75,3.76,3.75,3.76,4094
RUS,19970401,0.145,0.145,0.145,0.145,3500
SAQ,19970401,3.9,3.9,3.9,3.9,5250
SAS,19970401,0.23,0.24,0.21,0.21,239113
SBE,19970401,0.96,0.96,0.93,0.93,22062
SBM,19970401,0.72,0.75,0.72,0.72,251661
SBR,19970401,0.022,0.023,0.022,0.023,1620000
SCD,19970401,1.1,1.1,1.1,1.1,2000
SCH,19970401,2.26,2.26,2.22,2.24,410211
SCM,19970401,2.36,2.36,2.36,2.36,4682
SCN,19970401,0.234,0.235,0.2,0.205,1606432
SCP,19970401,2.12,2.13,2.12,2.13,2300
SCR,19970401,2.5,2.5,2.5,2.5,21352
SCS,19970401,0.235,0.235,0.235,0.235,16000
SCX,19970401,0.06,0.06,0.06,0.06,69000
SDI,19970401,0.49,0.49,0.48,0.48,27000
SDT,19970401,0.35,0.35,0.33,0.34,110000
SED,19970401,0.2,0.205,0.2,0.205,77433
SET,19970401,3.4,3.4,3.4,3.4,1200
SEV,19970401,4.459,4.46,4.39,4.45,204423
SFM,19970401,0.18,0.19,0.18,0.19,20500
SGA,19970401,0.4,0.4,0.4,0.4,500
SGB,19970401,7.312,7.432,7.3,7.33,669583
SGI,19970401,1.417,1.42,1.39,1.42,240551
SGN,19970401,5.69,5.69,5.68,5.68,1593
SGP,19970401,3.18,3.18,3.12,3.14,492682
SGR,19970401,0.085,0.085,0.082,0.082,113712
SGW,19970401,6.42,6.42,6.35,6.41,50221
SHL,19970401,1.5,1.55,1.5,1.54,29554
SHV,19970401,0.93,0.93,0.93,0.93,10000
SID,19970401,6.85,6.86,6.85,6.86,759
SKE,19970401,3.34,3.39,3.25,3.39,14442
SKR,19970401,0.136,0.136,0.12,0.13,90500
SLS,19970401,0.6,0.6,0.6,0.6,500
SMC,19970401,0.08,0.08,0.075,0.075,166250
SMG,19970401,0.195,0.195,0.195,0.195,50000
SMI,19970401,10.25,10.25,10.1,10.17,32368
SMM,19970401,0.37,0.37,0.37,0.37,9000
SMS,19970401,7.901,7.901,7.8,7.9,192571
SNM,19970401,0.39,0.39,0.37,0.38,74500
SNY,19970401,0.67,0.68,0.67,0.67,462196
SOA,19970401,0.32,0.32,0.3,0.3,30000
SOG,19970401,0.4,0.4,0.4,0.4,37435
SOH,19970401,0.723,0.723,0.7,0.7,22850
SOV,19970401,0.07,0.07,0.07,0.07,212000
SPD,19970401,0.54,0.55,0.54,0.55,100000
SPE,19970401,0.05,0.05,0.05,0.05,10000
SPP,19970401,3.05,3.05,2.99,3,89488
SPS,19970401,1.25,1.26,1.25,1.25,276000
SPT,19970401,2.55,2.6,2.52,2.55,119172
SPX,19970401,0.284,0.285,0.28,0.28,232295
SQG,19970401,0.023,0.023,0.021,0.022,2275000
SRI,19970401,0.549,0.549,0.51,0.52,2795182
SRL,19970401,2.21,2.21,2.21,2.21,2000
SRO,19970401,0.093,0.093,0.092,0.093,480440
SRP,19970401,4.196,4.2,4.13,4.15,2707013
SSE,19970401,0.75,0.75,0.72,0.74,103104
SSI,19970401,2.6,2.6,2.6,2.6,2500
SSR,19970401,1.66,1.66,1.59,1.66,12818
SST,19970401,3.5,3.5,3.45,3.45,528
STA,19970401,0.4,0.4,0.4,0.4,23845
STH,19970401,0.1,0.1,0.1,0.1,4000
STO,19970401,4.963,4.99,4.89,4.96,2154436
STU,19970401,0.19,0.19,0.19,0.19,44000
STV,19970401,8.1,8.1,8.1,8.1,23662
SUB,19970401,0.056,0.056,0.055,0.055,199945
SUR,19970401,0.16,0.16,0.16,0.16,128540
SVR,19970401,1.303,1.303,1.25,1.283,234201
SWD,19970401,1.67,1.67,1.66,1.66,3652
SWS,19970401,2.697,2.7,2.69,2.7,9544
SYD,19970401,2.12,2.19,2.12,2.19,982143
TAH,19970401,5.7,5.7,5.55,5.65,367755
TAI,19970401,0.079,0.079,0.079,0.079,40000
TAM,19970401,0.28,0.28,0.27,0.27,111700
TAN,19970401,0.9,0.9,0.88,0.88,5000
TAP,19970401,1.272,1.29,1.23,1.25,780154
TBR,19970401,0.1,0.1,0.1,0.1,317200
TCE,19970401,1.05,1.05,1.05,1.05,5000
TCL,19970401,818,825,815,819,3996
TCO,19970401,1.05,1.05,1.05,1.05,1000
TCT,19970401,5.05,5.15,5.05,5.15,10704
TCY,19970401,0.45,0.45,0.45,0.45,231000
TEC,19970401,0.5,0.5,0.49,0.49,52000
TEH,19970401,2.25,2.25,2.25,2.25,12736
TEM,19970401,0.691,0.691,0.67,0.67,72300
TEQ,19970401,0.06,0.06,0.06,0.06,11000
TGG,19970401,1.45,1.45,1.45,1.45,59156
TGL,19970401,0.175,0.19,0.155,0.17,154420
TGO,19970401,0.446,0.49,0.44,0.46,8555618
THG,19970401,0.82,0.83,0.82,0.83,13645
TIC,19970401,0.071,0.071,0.071,0.071,4307
TIG,19970401,0.415,0.415,0.415,0.415,78000
TIM,19970401,1.6,1.6,1.6,1.6,3000
TIR,19970401,0.318,0.32,0.295,0.3,211000
TKG,19970401,0.065,0.065,0.055,0.055,101280
TKR,19970401,0.35,0.35,0.35,0.35,23833
TLA,19970401,1.25,1.25,1.22,1.24,34258
TMS,19970401,1.15,1.15,1.14,1.14,29648
TOL,19970401,2.283,2.3,2.28,2.29,15593
TOR,19970401,1.11,1.11,1.11,1.11,2600
TPT,19970401,0.34,0.35,0.34,0.35,19423
TRA,19970401,0.173,0.175,0.16,0.165,1813112
TRE,19970401,0.151,0.152,0.15,0.15,80000
TRI,19970401,0.061,0.061,0.059,0.06,375905
TRL,19970401,0.38,0.38,0.38,0.38,10000
TRY,19970401,1.128,1.128,0.97,1,120000
TSS,19970401,0.28,0.28,0.275,0.275,20000
TYA,19970401,1.95,1.95,1.9,1.9,51800
UAL,19970401,0.261,0.265,0.255,0.265,337000
UCR,19970401,2.27,2.27,2.15,2.2,69205
UGM,19970401,0.95,0.95,0.95,0.95,2524
UMG,19970401,0.136,0.138,0.105,0.105,1135000
VHL,19970401,0.5,0.5,0.5,0.5,2000
VKI,19970401,0.075,0.075,0.075,0.075,65000
VLT,19970401,0.105,0.105,0.086,0.098,414553
VOS,19970401,0.245,0.25,0.245,0.25,34500
VPE,19970401,0.082,0.083,0.075,0.08,987000
VPM,19970401,0.42,0.42,0.4,0.4,30200
VRL,19970401,4.18,4.2,4.1,4.15,114734
VSS,19970401,8.39,8.39,8.39,8.39,1068
VWD,19970401,1.074,1.1,1.07,1.08,44354
WAK,19970401,1.42,1.42,1.4,1.4,20727
WAN,19970401,5.319,5.34,5.21,5.3,138716
WBB,19970401,2.7,2.7,2.7,2.7,2000
WBC,19970401,7.18,7.18,7.06,7.11,2777238
WDM,19970401,1.3,1.35,1.25,1.32,56500
WEG,19970401,7.75,7.8,7.75,7.8,11400
WER,19970401,1.38,1.38,1.33,1.35,18000
WES,19970401,9.4,9.4,9.2,9.39,141286
WFA,19970401,1.1,1.1,1.08,1.09,193068
WFI,19970401,2.05,2.05,2.05,2.05,1428
WFT,19970401,2.347,2.37,2.34,2.35,1064926
WGC,19970401,0.135,0.135,0.135,0.135,29000
WGG,19970401,0.34,0.34,0.34,0.34,3571
WGR,19970401,0.64,0.64,0.55,0.55,64898
WHK,19970401,0.12,0.12,0.12,0.12,90000
WHW,19970401,2.01,2.05,1.98,2.05,170663
WJM,19970401,4.903,4.903,4.8,4.9,45000
WKC,19970401,0.88,0.88,0.85,0.87,50700
WKM,19970401,0.34,0.35,0.34,0.35,105000
WLH,19970401,0.36,0.36,0.35,0.36,110600
WLK,19970401,0.11,0.11,0.105,0.11,290000
WMC,19970401,7.927,7.992,7.85,7.86,12019790
WMI,19970401,0.1,0.1,0.1,0.1,40133
WMT,19970401,1.101,1.101,1.03,1.06,407580
WNA,19970401,0.76,0.76,0.75,0.76,65500
WOW,19970401,3.32,3.35,3.3,3.32,9205305
WPL,19970401,9.271,9.283,9.05,9.12,1201021
WPT,19970401,1.69,1.73,1.68,1.72,70616
WRF,19970401,0.45,0.45,0.42,0.42,40000
WSF,19970401,20.1,20.1,19.76,20,114010
WSI,19970401,0.115,0.115,0.115,0.115,300000
WSL,19970401,3.95,3.95,3.8,3.86,56323
WSM,19970401,0.2,0.2,0.195,0.195,70000
WTP,19970401,0.34,0.34,0.33,0.33,101400
WVI,19970401,0.23,0.23,0.22,0.22,56395
WYL,19970401,5.7,5.7,5.7,5.7,12026
XEN,19970401,0.075,0.075,0.07,0.07,33800
YDR,19970401,0.22,0.22,0.19,0.19,45785
YNX,19970401,0.09,0.09,0.09,0.09,5000
YTS,19970401,1.05,1.05,1.03,1.03,38090
ZEL,19970401,0.45,0.45,0.44,0.44,4200
ZEX,19970401,0.021,0.021,0.019,0.019,1457760
ZPR,19970401,0.13,0.13,0.12,0.12,387250
ZYL,19970401,0.6,0.6,0.6,0.6,1666
