AAA,19970728,1.45,1.45,1.43,1.44,1803201
AAD,19970728,0.82,0.82,0.8,0.81,61800
ABC,19970728,1.95,1.98,1.95,1.96,54242
ABD,19970728,0.071,0.072,0.071,0.072,89000
ABF,19970728,3.7,3.72,3.65,3.68,115950
ABG,19970728,3.9,3.9,3.79,3.79,22233
ABT,19970728,0.039,0.039,0.039,0.039,8000
ACH,19970728,3.4,3.4,3.4,3.4,26636
ADB,19970728,4.704,4.73,4.7,4.7,243225
ADF,19970728,0.2,0.22,0.2,0.215,328400
ADG,19970728,1.55,1.55,1.55,1.55,5600
ADH,19970728,0.46,0.46,0.46,0.46,5750
ADM,19970728,0.235,0.235,0.235,0.235,60000
ADN,19970728,0.17,0.17,0.17,0.17,5200
ADT,19970728,1.56,1.59,1.56,1.59,8635
ADV,19970728,0.14,0.18,0.14,0.18,3079
ADX,19970728,0.23,0.25,0.23,0.245,214038
ADZ,19970728,2.9,2.95,2.9,2.95,29000
AEC,19970728,1.4,1.42,1.4,1.42,47733
AEG,19970728,0.185,0.185,0.18,0.18,28000
AET,19970728,1.6,1.6,1.6,1.6,10000
AEX,19970728,0.036,0.036,0.036,0.036,155000
AFI,19970728,2.633,2.75,2.633,2.7,216647
AFN,19970728,0.93,0.95,0.93,0.95,16000
AFU,19970728,0.36,0.36,0.36,0.36,1500
AGE,19970728,14.55,14.55,14.55,14.55,500
AGH,19970728,1,1,0.99,0.99,154000
AGL,19970728,8.412,8.65,8.4,8.56,187669
AGM,19970728,0.17,0.175,0.16,0.16,72900
AGN,19970728,0.157,0.16,0.15,0.155,241177
AGR,19970728,0.9,0.96,0.9,0.92,959330
AGS,19970728,0.145,0.145,0.14,0.145,82000
AHA,19970728,15,15.106,15,15.106,739
AHD,19970728,7.1,7.1,7.1,7.1,34460
AHX,19970728,2.2,2.2,2.17,2.17,46176
AIE,19970728,0.145,0.145,0.145,0.145,14000
AIF,19970728,0.63,0.69,0.63,0.68,52328
AIX,19970728,2.34,2.34,2.34,2.34,1099100
AJO,19970728,2.2,2.2,2.19,2.2,256252
AJR,19970728,0.85,0.86,0.85,0.86,823140
AKC,19970728,4.7,4.75,4.65,4.75,9700
AKL,19970728,0.374,0.38,0.37,0.37,599106
ALA,19970728,0.82,0.82,0.81,0.81,9000
ALK,19970728,0.42,0.42,0.41,0.41,5000
ALO,19970728,0.74,0.75,0.74,0.74,82813
ALX,19970728,1.75,1.75,1.75,1.75,375
ALZ,19970728,1.69,1.69,1.65,1.66,98385
AMC,19970728,8.65,8.76,8.636,8.72,1169526
AML,19970728,2.36,2.36,2.34,2.34,41300
AMU,19970728,0.185,0.185,0.185,0.185,16000
ANE,19970728,3.85,3.89,3.85,3.89,5100
ANF,19970728,1.06,1.06,1.06,1.06,3800
ANI,19970728,1.57,1.58,1.57,1.57,1933399
ANL,19970728,3.74,3.76,3.72,3.72,84301
ANZ,19970728,10.45,10.57,10.45,10.5,1918068
AOF,19970728,1.22,1.22,1.21,1.22,1280100
AOG,19970728,2.1,2.1,2.1,2.1,408
AOV,19970728,0.14,0.14,0.14,0.14,12
APE,19970728,3.45,3.5,3.45,3.5,3297
APF,19970728,1.53,1.55,1.53,1.53,1736919
APG,19970728,0.048,0.048,0.047,0.047,220000
API,19970728,2.49,2.5,2.47,2.5,61811
APN,19970728,2.3,2.33,2.3,2.3,59046
APY,19970728,1.65,1.65,1.65,1.65,2000
AQS,19970728,0.8,0.8,0.8,0.8,22600
ARA,19970728,0.648,0.65,0.64,0.64,92014
ARC,19970728,0.41,0.415,0.41,0.415,74000
ARG,19970728,3.23,3.27,3.23,3.26,54635
ARL,19970728,3.85,4.25,3.85,4.15,168420
ARN,19970728,8.7,8.7,8.6,8.6,4340
ARO,19970728,2,2,2,2,7700
ARS,19970728,0.42,0.44,0.42,0.43,394600
ASE,19970728,0.25,0.25,0.25,0.25,407500
ASH,19970728,1.85,1.86,1.85,1.85,63939
ASL,19970728,1.55,1.55,1.53,1.55,23581
ATD,19970728,0.052,0.052,0.04,0.04,47000
ATE,19970728,0.3,0.3,0.3,0.3,31
ATG,19970728,0.56,0.56,0.56,0.56,1500
ATO,19970728,0.125,0.13,0.125,0.125,644251
ATU,19970728,0.8,0.8,0.78,0.78,617500
AUC,19970728,0.65,0.66,0.65,0.66,36701
AUD,19970728,2.12,2.15,2.1,2.15,79269
AUG,19970728,1.55,1.6,1.55,1.6,402000
AUI,19970728,2.75,2.75,2.75,2.75,42500
AUM,19970728,0.05,0.05,0.05,0.05,3000
AUO,19970728,0.47,0.47,0.47,0.47,90000
AVG,19970728,3.22,3.29,3.22,3.29,80502
AVJ,19970728,0.68,0.7,0.68,0.7,5000
AVL,19970728,0.14,0.14,0.14,0.14,334650
AVR,19970728,1.19,1.2,1.18,1.2,48525
AWA,19970728,0.73,0.75,0.73,0.75,1935466
AWE,19970728,0.58,0.58,0.58,0.58,112500
AWH,19970728,1.43,1.45,1.43,1.45,9000
AWI,19970728,0.5,0.55,0.5,0.55,32000
AXR,19970728,0.36,0.36,0.35,0.35,503000
AYO,19970728,0.85,0.86,0.85,0.86,34215
AZL,19970728,0.056,0.063,0.056,0.062,4847000
BAT,19970728,27.16,27.16,27.16,27.16,5265
BCD,19970728,1.18,1.18,1.15,1.18,12455
BCH,19970728,0.2,0.2,0.2,0.2,8000
BDG,19970728,0.23,0.23,0.23,0.23,43850
BDL,19970728,0.59,0.6,0.59,0.6,54107
BDS,19970728,3.43,3.43,3.43,3.43,316
BEE,19970728,0.29,0.3,0.29,0.3,27000
BEM,19970728,0.39,0.4,0.39,0.4,10075
BEN,19970728,4.46,4.46,4.4,4.45,65676
BER,19970728,0.69,0.69,0.69,0.69,2000
BFA,19970728,1.35,1.35,1.3,1.3,17425
BGD,19970728,0.19,0.19,0.19,0.19,1000
BGF,19970728,0.046,0.048,0.046,0.046,66367
BHP,19970728,18.096,18.35,18.096,18.33,2414799
BHT,19970728,1.18,1.19,1.18,1.19,96300
BIC,19970728,0.205,0.205,0.2,0.2,35000
BID,19970728,1.05,1.05,1,1,24470
BII,19970728,0.207,0.22,0.198,0.21,1040800
BIL,19970728,27.818,28.5,27.81,28.29,166285
BKL,19970728,3.85,3.85,3.85,3.85,2600
BKR,19970728,1.2,1.2,1.19,1.2,34000
BKS,19970728,0.078,0.078,0.076,0.076,20000
BKW,19970728,47,47,47,47,5000
BLO,19970728,0.63,0.64,0.62,0.62,228717
BML,19970728,9.79,9.82,9.76,9.8,1579634
BMX,19970728,0.17,0.18,0.17,0.18,49000
BNA,19970728,0.045,0.045,0.045,0.045,14000
BOA,19970728,0.72,0.72,0.72,0.72,86000
BOC,19970728,0.6,0.61,0.59,0.6,105300
BOG,19970728,0.12,0.13,0.12,0.13,56500
BOR,19970728,4.081,4.18,4.08,4.16,1002995
BPC,19970728,2.5,2.5,2.49,2.5,236257
BPT,19970728,0.135,0.14,0.135,0.14,164332
BQD,19970728,5.182,5.25,5.15,5.15,96533
BRI,19970728,0.18,0.18,0.175,0.18,74160
BRL,19970728,3.7,3.7,3.69,3.7,113600
BRN,19970728,0.24,0.25,0.24,0.25,21000
BRY,19970728,1.2,1.21,1.2,1.2,475529
BSD,19970728,1.7,1.73,1.7,1.72,296648
BSO,19970728,4.86,4.86,4.85,4.85,62000
BTA,19970728,4.574,4.6,4.57,4.57,59800
BTE,19970728,0.733,0.75,0.73,0.73,259362
BTG,19970728,0.62,0.62,0.62,0.62,23918
BTL,19970728,4.5,4.5,4.5,4.5,2194
BTM,19970728,0.465,0.48,0.465,0.48,73000
BTO,19970728,1.59,1.62,1.59,1.6,755511
BTP,19970728,1.89,1.91,1.89,1.91,109575
BUG,19970728,1.02,1.02,1.02,1.02,16200
BWA,19970728,2.766,2.84,2.766,2.81,771696
BYI,19970728,2.4,2.4,2.4,2.4,9500
CAA,19970728,4.79,4.8,4.65,4.7,868391
CAE,19970728,0.038,0.041,0.038,0.041,654500
CAG,19970728,0.15,0.15,0.135,0.135,91000
CAI,19970728,0.245,0.26,0.245,0.26,173788
CAR,19970728,0.23,0.23,0.22,0.22,169000
CAT,19970728,0.59,0.6,0.58,0.58,64050
CBA,19970728,16.55,16.58,16.42,16.484,1795310
CBI,19970728,1.33,1.33,1.33,1.33,11000
CBL,19970728,0.031,0.032,0.029,0.032,3518000
CCC,19970728,2.2,2.2,2.2,2.2,3000
CCH,19970728,0.21,0.21,0.21,0.21,3000
CCL,19970728,16.45,16.5,16.38,16.5,198099
CCN,19970728,0.663,0.67,0.65,0.66,412918
CCR,19970728,0.373,0.4,0.373,0.395,464055
CCV,19970728,0.53,0.53,0.52,0.53,96870
CCW,19970728,0.35,0.35,0.35,0.35,8000
CDL,19970728,0.35,0.36,0.35,0.36,113166
CDN,19970728,0.2,0.2,0.2,0.2,2000
CEA,19970728,0.03,0.032,0.03,0.03,600000
CEP,19970728,2.43,2.43,2.42,2.42,32100
CEQ,19970728,1.44,1.46,1.43,1.46,29091
CEV,19970728,0.14,0.14,0.14,0.14,130000
CEY,19970728,0.75,0.78,0.75,0.78,144332
CFA,19970728,0.3,0.3,0.3,0.3,23000
CFR,19970728,0.034,0.034,0.032,0.034,395000
CGD,19970728,0.71,0.73,0.71,0.71,67000
CGH,19970728,3.447,3.51,3.44,3.47,666779
CGL,19970728,0.19,0.195,0.19,0.195,27401
CGN,19970728,0.17,0.175,0.155,0.155,237000
CHF,19970728,0.76,0.76,0.72,0.72,101077
CHL,19970728,0.6,0.61,0.6,0.61,1550
CHO,19970728,10.1,10.1,10.05,10.05,2000
CHV,19970728,0.48,0.5,0.48,0.5,335000
CHY,19970728,3.3,3.35,3.3,3.35,19394
CIA,19970728,1.16,1.16,1.15,1.15,17160
CIH,19970728,1.08,1.1,1.07,1.07,128400
CIM,19970728,0.6,0.6,0.58,0.6,103000
CIO,19970728,1,1.05,1,1.05,142397
CIP,19970728,2.08,2.08,2.05,2.05,108933
CIR,19970728,0.97,0.97,0.97,0.97,10000
CIS,19970728,0.28,0.28,0.28,0.28,20000
CKC,19970728,1.34,1.46,1.34,1.45,199368
CKG,19970728,0.045,0.045,0.045,0.045,80000
CLI,19970728,2.45,2.45,2.45,2.45,4000
CLM,19970728,0.32,0.32,0.305,0.31,220600
CLR,19970728,3.78,4,3.78,4,687763
CMC,19970728,6.95,7.15,6.95,7.1,184866
CMF,19970728,1.34,1.35,1.34,1.34,188294
CMG,19970728,12.18,12.19,12.07,12.11,529753
CML,19970728,6.609,6.77,6.609,6.76,1430781
CMR,19970728,0.74,0.74,0.72,0.72,7160
CMT,19970728,0.65,0.65,0.65,0.65,3311
CMU,19970728,1.35,1.38,1.35,1.38,5700
CMX,19970728,0.8,0.8,0.8,0.8,20000
CMZ,19970728,0.48,0.48,0.47,0.47,81489
CNA,19970728,9,9,9,9,200
CND,19970728,1.892,1.892,1.87,1.88,53010
CNF,19970728,0.19,0.19,0.18,0.18,69750
CNG,19970728,0.52,0.52,0.51,0.51,86000
CNL,19970728,3.8,3.8,3.8,3.8,500
CNN,19970728,0.64,0.64,0.6,0.6,104150
CNT,19970728,0.067,0.067,0.066,0.066,171000
CNW,19970728,0.075,0.08,0.075,0.075,87843
CNY,19970728,0.145,0.145,0.14,0.14,63000
COA,19970728,3.35,3.36,3.32,3.35,72061
COC,19970728,2.4,2.4,2.38,2.38,10714485
COF,19970728,3.5,3.5,3.5,3.5,10000
COG,19970728,0.073,0.073,0.072,0.072,30000
COH,19970728,4.6,4.7,4.6,4.7,6420
COT,19970728,1.28,1.28,1.25,1.25,94450
CPB,19970728,5.35,5.35,5.34,5.35,5000
CPC,19970728,0.185,0.205,0.185,0.195,887315
CPD,19970728,3.55,3.55,3.55,3.55,4200
CPL,19970728,2.45,2.45,2.43,2.44,73729
CPM,19970728,9.406,9.42,9.35,9.4,583845
CPU,19970728,11.7,12,11.7,12,7125
CPW,19970728,3.87,3.9,3.87,3.9,4324
CPY,19970728,0.93,0.95,0.93,0.93,867000
CRG,19970728,13.374,13.6,13.374,13.55,138353
CRI,19970728,4.1,4.15,4.1,4.15,7000
CRO,19970728,2.1,2.15,2.1,2.14,516704
CRS,19970728,0.425,0.425,0.41,0.41,137500
CRT,19970728,0.81,0.84,0.8,0.8,31100
CSA,19970728,0.076,0.076,0.075,0.075,56000
CSL,19970728,7.95,8,7.94,7.98,47403
CSR,19970728,5.259,5.34,5.256,5.3,1769788
CTL,19970728,2.13,2.15,2.13,2.15,295519
CTM,19970728,2.21,2.21,2.21,2.21,19538
CTO,19970728,0.335,0.335,0.33,0.33,20000
CTR,19970728,1.6,1.65,1.6,1.64,411073
CTX,19970728,4.45,4.47,4.45,4.47,30500
CTY,19970728,1.429,1.45,1.429,1.45,27489
CUC,19970728,0.83,0.9,0.83,0.83,16100
CUE,19970728,0.26,0.26,0.25,0.25,373499
CUT,19970728,0.085,0.085,0.085,0.085,10000
CVC,19970728,0.23,0.23,0.23,0.23,9600
CVI,19970728,5.9,5.9,5.9,5.9,8500
CVN,19970728,0.034,0.035,0.034,0.035,2403786
CWG,19970728,0.3,0.3,0.28,0.28,14000
CWI,19970728,1.28,1.28,1.28,1.28,43000
CWP,19970728,1.13,1.13,1.13,1.13,30000
CXA,19970728,0.28,0.28,0.28,0.28,10000
CXP,19970728,1.2,1.22,1.2,1.22,36245
CXR,19970728,0.425,0.44,0.42,0.435,448000
CYG,19970728,5.55,5.55,5.55,5.55,2000
CYH,19970728,0.09,0.09,0.088,0.088,75000
DAH,19970728,0.35,0.35,0.35,0.35,1000
DAR,19970728,1.52,1.6,1.52,1.59,79900
DAT,19970728,2.33,2.44,2.31,2.36,368749
DCI,19970728,0.31,0.32,0.31,0.32,140000
DDV,19970728,0.225,0.225,0.225,0.225,2400
DEF,19970728,0.17,0.17,0.16,0.165,1098600
DEV,19970728,0.36,0.36,0.35,0.36,92700
DFI,19970728,1.11,1.11,1.1,1.1,6000
DGD,19970728,1.77,1.8,1.77,1.8,300232
DGM,19970728,0.016,0.019,0.016,0.019,4695175
DHU,19970728,0.066,0.066,0.066,0.066,1333
DJS,19970728,1.788,1.8,1.78,1.79,786500
DJW,19970728,3.42,3.42,3.4,3.4,604500
DLS,19970728,0.087,0.09,0.087,0.09,30000
DMR,19970728,0.11,0.12,0.11,0.12,32000
DNS,19970728,0.16,0.16,0.16,0.16,29620
DOM,19970728,0.58,0.6,0.58,0.58,295620
DOR,19970728,0.15,0.15,0.15,0.15,28800
DPG,19970728,6.17,6.18,6.17,6.18,5400
DRA,19970728,0.12,0.12,0.12,0.12,15000
DRN,19970728,1.1,1.12,1.09,1.1,225000
DUI,19970728,1.33,1.33,1.33,1.33,80000
DVD,19970728,1.118,1.13,1.1,1.11,468891
DVL,19970728,0.81,0.81,0.81,0.81,24000
DVN,19970728,0.856,0.87,0.85,0.86,306080
EAM,19970728,1.4,1.41,1.4,1.41,46000
EBG,19970728,0.045,0.045,0.045,0.045,10000
EBR,19970728,0.18,0.18,0.18,0.18,660
ECU,19970728,0.44,0.44,0.41,0.41,36000
EDI,19970728,3.85,3.85,3.83,3.85,40165
EEC,19970728,1.54,1.54,1.52,1.52,237495
EGL,19970728,0.135,0.135,0.135,0.135,44000
ELA,19970728,0.037,0.037,0.032,0.032,300000
ELT,19970728,1.97,1.98,1.96,1.98,338061
EMA,19970728,1.03,1.03,1.02,1.02,10001
EML,19970728,4.754,4.754,4.68,4.7,172410
EMM,19970728,0.24,0.24,0.23,0.23,71000
EMN,19970728,2.35,2.45,2.35,2.4,79000
EMP,19970728,1.08,1.1,1.08,1.1,14441
ENE,19970728,2.75,2.75,2.72,2.72,25533
EQM,19970728,0.23,0.23,0.23,0.23,14000
EQR,19970728,0.34,0.34,0.31,0.31,39557
EQT,19970728,6.25,6.25,6.25,6.25,2508
ERA,19970728,5.4,5.42,5.4,5.42,312
ERG,19970728,1.517,1.52,1.5,1.5,207630
ERH,19970728,0.1,0.1,0.1,0.1,90000
ERS,19970728,1,1,1,1,6285
ESA,19970728,0.43,0.43,0.43,0.43,12572
ESE,19970728,0.35,0.35,0.335,0.335,10000
ESI,19970728,0.255,0.255,0.255,0.255,2500
EWL,19970728,0.27,0.295,0.27,0.29,100000
EWN,19970728,0.325,0.35,0.325,0.35,25700
FAF,19970728,1.23,1.23,1.23,1.23,4300
FAI,19970728,0.65,0.65,0.65,0.65,36522
FAR,19970728,0.41,0.42,0.39,0.42,231892
FBG,19970728,2.639,2.67,2.63,2.64,1477267
FBO,19970728,3.26,3.26,3.26,3.26,4700
FCL,19970728,2.122,2.15,2.12,2.15,298435
FDR,19970728,0.079,0.079,0.079,0.079,75000
FFL,19970728,2.15,2.2,2.15,2.2,34412
FGR,19970728,0.024,0.024,0.023,0.024,1052000
FHF,19970728,8.287,8.45,8.22,8.35,82743
FIF,19970728,3.666,3.74,3.66,3.74,234857
FIG,19970728,0.055,0.055,0.052,0.052,195633
FIM,19970728,0.125,0.13,0.125,0.13,80000
FLL,19970728,0.8,0.82,0.8,0.82,222172
FLT,19970728,4.55,4.6,4.55,4.6,27520
FMH,19970728,3.6,3.6,3.52,3.52,100500
FNC,19970728,0.258,0.29,0.256,0.29,650413
FOA,19970728,8.74,8.9,8.74,8.85,79993
FPB,19970728,2.48,2.5,2.48,2.5,7100
FPF,19970728,1.88,1.88,1.88,1.88,2293
FPG,19970728,1.04,1.05,1.01,1.01,95956
FRO,19970728,0.06,0.066,0.06,0.066,765607
FRP,19970728,1.44,1.45,1.44,1.44,16654
FRT,19970728,0.97,0.98,0.97,0.98,14811
FTR,19970728,0.305,0.305,0.305,0.305,4000
FTU,19970728,0.028,0.028,0.027,0.027,155000
FWD,19970728,2.3,2.3,2.3,2.3,11692
FXJ,19970728,3.01,3.09,3.01,3.08,844184
GAL,19970728,1.47,1.48,1.47,1.48,12000
GAN,19970728,1.02,1.02,1,1.01,3654652
GAW,19970728,0.085,0.085,0.08,0.08,186503
GBG,19970728,0.24,0.24,0.23,0.23,14000
GCC,19970728,0.191,0.195,0.18,0.185,497000
GCI,19970728,7.5,7.6,7.5,7.5,43707
GCM,19970728,2.489,2.6,2.489,2.58,138969
GCR,19970728,0.18,0.18,0.16,0.16,12000
GDC,19970728,0.33,0.33,0.315,0.315,18032
GDH,19970728,0.465,0.465,0.465,0.465,1500
GDL,19970728,0.51,0.51,0.51,0.51,2047
GDM,19970728,0.23,0.23,0.23,0.23,42
GEE,19970728,0.21,0.21,0.21,0.21,46000
GEG,19970728,0.7,0.7,0.7,0.7,10000
GEL,19970728,0.43,0.445,0.43,0.445,100000
GFY,19970728,0.22,0.22,0.205,0.22,1345410
GGR,19970728,0.15,0.15,0.15,0.15,155000
GGS,19970728,0.19,0.2,0.19,0.2,120001
GGY,19970728,0.062,0.063,0.061,0.063,1312169
GHG,19970728,2.11,2.11,2.1,2.1,65000
GHM,19970728,0.12,0.12,0.12,0.12,12500
GHP,19970728,1.22,1.23,1.22,1.23,53200
GHR,19970728,0.295,0.31,0.29,0.29,191500
GII,19970728,0.18,0.18,0.18,0.18,8026
GIO,19970728,4.145,4.22,4.14,4.17,1144607
GLD,19970728,1.4,1.41,1.4,1.41,58439
GMA,19970728,0.11,0.11,0.11,0.11,413446
GME,19970728,0.125,0.125,0.115,0.115,254000
GMF,19970728,1.88,1.94,1.88,1.92,2576870
GML,19970728,0.19,0.19,0.19,0.19,50000
GMS,19970728,0.5,0.5,0.5,0.5,20000
GNR,19970728,0.1,0.1,0.09,0.09,288225
GOW,19970728,2.69,2.7,2.69,2.7,20000
GPT,19970728,2.65,2.67,2.63,2.63,3064211
GPY,19970728,0.22,0.22,0.21,0.21,143079
GRA,19970728,0.098,0.098,0.098,0.098,130000
GRC,19970728,0.13,0.13,0.13,0.13,4000
GRI,19970728,0.35,0.35,0.33,0.33,90875
GRN,19970728,0.18,0.185,0.18,0.18,28678
GRT,19970728,0.567,0.59,0.567,0.59,121892
GRV,19970728,0.9,0.9,0.9,0.9,500
GSE,19970728,0.17,0.17,0.17,0.17,4890
GSP,19970728,0.81,0.81,0.81,0.81,24350
GTL,19970728,0.18,0.18,0.175,0.175,21000
GTM,19970728,0.046,0.046,0.043,0.043,212800
GTS,19970728,0.4,0.42,0.4,0.42,20841
GUD,19970728,4.4,4.4,4.4,4.4,94271
GUL,19970728,0.038,0.04,0.037,0.038,720541
GVM,19970728,0.335,0.335,0.335,0.335,5632
GWC,19970728,1.45,1.45,1.4,1.4,150615
GWT,19970728,2.9,2.92,2.9,2.9,241288
GZL,19970728,1.3,1.3,1.3,1.3,9000
HAH,19970728,4.4,4.5,4.4,4.46,41037
HAO,19970728,0.3,0.305,0.3,0.3,80120
HAR,19970728,0.66,0.68,0.66,0.68,8900
HBL,19970728,0.22,0.22,0.22,0.22,5000
HCO,19970728,13.5,13.51,13.5,13.51,2884
HDR,19970728,0.096,0.096,0.085,0.087,4829114
HEI,19970728,0.64,0.64,0.64,0.64,5000
HER,19970728,0.69,0.7,0.69,0.7,29525
HGV,19970728,1.06,1.06,1.05,1.05,35900
HIC,19970728,0.48,0.48,0.48,0.48,10000
HIG,19970728,0.89,0.9,0.88,0.9,257202
HIH,19970728,3.3,3.3,3.28,3.3,690247
HIL,19970728,2.25,2.3,2.25,2.3,36225
HLL,19970728,0.11,0.11,0.11,0.11,4000
HLM,19970728,0.26,0.26,0.26,0.26,8000
HLN,19970728,3.36,3.36,3.33,3.35,100817
HLX,19970728,0.78,0.79,0.7,0.75,145875
HLY,19970728,2.01,2.03,2.01,2.03,60771
HMC,19970728,0.105,0.105,0.105,0.105,25454
HNG,19970728,1.45,1.45,1.45,1.45,27250
HOY,19970728,2.75,2.75,2.7,2.7,19660
HPA,19970728,0.31,0.31,0.31,0.31,13500
HPL,19970728,1.42,1.43,1.41,1.43,56700
HRS,19970728,0.27,0.28,0.26,0.28,427000
HRT,19970728,0.48,0.48,0.48,0.48,7000
HRW,19970728,2.8,2.8,2.76,2.76,42990
HSH,19970728,2.41,2.41,2.41,2.41,1250
HSL,19970728,1.75,1.78,1.74,1.78,42257
HSP,19970728,0.57,0.57,0.55,0.56,37500
HTH,19970728,1.43,1.45,1.43,1.45,14000
HVN,19970728,7.95,7.95,7.95,7.95,28227
HWR,19970728,1.87,1.87,1.86,1.86,26185
HZA,19970728,0.85,0.85,0.85,0.85,2000
HZM,19970728,0.081,0.081,0.08,0.08,309400
IAM,19970728,2.79,2.79,2.77,2.77,24900
ICI,19970728,13.196,13.2,13.1,13.2,749730
ICT,19970728,6.645,6.85,6.645,6.8,61750
IEQ,19970728,0.12,0.12,0.12,0.12,1000
IFT,19970728,1.4,1.42,1.4,1.41,505614
IGM,19970728,0.016,0.016,0.016,0.016,599000
IHG,19970728,1.091,1.095,1.05,1.05,58846
IHN,19970728,0.92,0.92,0.91,0.91,15000
IIV,19970728,0.305,0.305,0.305,0.305,5000
IMD,19970728,0.295,0.305,0.295,0.305,1179551
IMM,19970728,0.17,0.17,0.165,0.17,387396
IMP,19970728,0.16,0.16,0.145,0.145,14905
INX,19970728,1.18,1.2,1.18,1.2,57000
ION,19970728,1,1,1,1,18167
IPH,19970728,2.495,2.5,2.47,2.49,40400
IPY,19970728,1.03,1.04,1.03,1.03,1812845
IRC,19970728,0.18,0.19,0.165,0.165,55247
IRO,19970728,0.16,0.16,0.15,0.15,115000
ISR,19970728,0.25,0.26,0.245,0.245,150400
ITN,19970728,0.16,0.17,0.16,0.17,73894
JBG,19970728,0.155,0.16,0.155,0.16,25620
JFA,19970728,1,1,1,1,34327
JFC,19970728,0.8,0.8,0.8,0.8,7043
JJS,19970728,1.6,1.62,1.6,1.62,18000
JLA,19970728,0.105,0.105,0.105,0.105,28438
JNA,19970728,1.2,1.22,1.2,1.22,22000
JRV,19970728,0.12,0.12,0.12,0.12,65000
JUP,19970728,3.42,3.48,3.42,3.48,84966
JWM,19970728,5.11,5.3,5.11,5.3,1350
JYC,19970728,1.55,1.55,1.55,1.55,1107
KCG,19970728,0.6,0.8,0.6,0.8,25000
KCN,19970728,1.12,1.12,1,1,6000
KGH,19970728,0.56,0.56,0.55,0.55,65000
KGM,19970728,1,1.03,1,1,28500
KGR,19970728,0.068,0.07,0.066,0.068,577700
KHL,19970728,0.54,0.54,0.54,0.54,4000
KIM,19970728,1,1,1,1,15000
KIR,19970728,0.8,0.8,0.79,0.8,19030
KIW,19970728,0.11,0.11,0.11,0.11,522200
KLS,19970728,0.29,0.29,0.27,0.27,68000
KLZ,19970728,3.07,3.08,3.07,3.08,11538
KMN,19970728,0.09,0.09,0.09,0.09,92189
KUP,19970728,1.41,1.42,1.41,1.42,11000
KYC,19970728,4.4,4.4,4.2,4.2,45300
LAN,19970728,3.05,3.05,3.05,3.05,96684
LDW,19970728,2.85,2.85,2.85,2.85,2000
LEG,19970728,0.14,0.14,0.135,0.135,3360
LEI,19970728,6.25,6.25,6.2,6.25,162171
LEO,19970728,0.19,0.2,0.19,0.2,10000
LEV,19970728,6.15,6.15,6.15,6.15,3500
LGO,19970728,0.085,0.085,0.085,0.085,4976
LHG,19970728,1.841,1.88,1.84,1.84,559813
LJF,19970728,0.03,0.03,0.03,0.03,96000
LKO,19970728,0.034,0.035,0.034,0.035,200000
LLC,19970728,29.2,30.01,29.2,30,775821
LMC,19970728,5.6,5.6,5.6,5.6,2350
LNN,19970728,3.43,3.44,3.41,3.41,22843
LSE,19970728,0.231,0.232,0.21,0.225,377655
LSG,19970728,0.95,0.95,0.93,0.95,90500
LVG,19970728,0.218,0.23,0.215,0.22,969045
LVN,19970728,0.255,0.255,0.255,0.255,40000
MAG,19970728,2.96,3,2.96,3,10317
MAH,19970728,0.86,0.88,0.86,0.87,49300
MAS,19970728,0.1,0.1,0.1,0.1,2000
MAY,19970728,7.74,7.8,7.74,7.8,599888
MBC,19970728,2.6,2.6,2.6,2.6,1000
MBG,19970728,0.075,0.075,0.075,0.075,20000
MBK,19970728,8.8,8.9,8.79,8.9,23037
MBL,19970728,13.25,13.3,13.25,13.29,209987
MCP,19970728,3,3.1,3,3.1,138450
MDC,19970728,3.1,3.1,3.1,3.1,1000
MDI,19970728,0.22,0.22,0.205,0.205,15000
MDN,19970728,0.21,0.21,0.205,0.205,10000
MED,19970728,0.41,0.41,0.39,0.4,247355
MEE,19970728,0.17,0.18,0.17,0.18,87612
MEN,19970728,0.16,0.16,0.16,0.16,20000
MET,19970728,38,38,38,38,200
MEX,19970728,1.45,1.45,1.41,1.41,4637
MGL,19970728,0.15,0.15,0.15,0.15,14000
MGS,19970728,0.54,0.55,0.51,0.55,431000
MGW,19970728,1.55,1.55,1.52,1.53,80609
MHI,19970728,0.09,0.09,0.09,0.09,24500
MIM,19970728,1.81,1.84,1.8,1.84,5339772
MIV,19970728,0.45,0.46,0.45,0.46,12868
MJN,19970728,0.22,0.225,0.22,0.225,38600
MLG,19970728,1.628,1.65,1.628,1.63,52779
MLK,19970728,1.66,1.66,1.66,1.66,7000
MLT,19970728,7.7,7.7,7.7,7.7,2700
MMC,19970728,1.4,1.4,1.35,1.35,17100
MMD,19970728,0.33,0.37,0.33,0.35,174910
MMF,19970728,3.15,3.16,3.15,3.16,8500
MMN,19970728,0.09,0.09,0.09,0.09,77201
MMU,19970728,4.1,4.15,4.1,4.15,40150
MNG,19970728,0.205,0.205,0.2,0.2,55000
MNT,19970728,0.5,0.5,0.48,0.48,15000
MOH,19970728,0.095,0.098,0.095,0.098,200000
MOM,19970728,0.135,0.14,0.135,0.14,35000
MOO,19970728,0.14,0.14,0.14,0.14,20000
MOS,19970728,0.41,0.43,0.397,0.415,2373807
MPH,19970728,0.42,0.42,0.42,0.42,60700
MPL,19970728,0.105,0.115,0.105,0.115,458582
MPT,19970728,1.37,1.38,1.35,1.36,67958
MQL,19970728,0.26,0.26,0.25,0.25,178817
MRC,19970728,0.5,0.53,0.5,0.52,223110
MRD,19970728,1.54,1.55,1.54,1.55,371084
MRH,19970728,0.65,0.65,0.64,0.64,11042
MRV,19970728,3.05,3.05,3.03,3.03,76887
MSC,19970728,0.245,0.245,0.24,0.24,73000
MSI,19970728,0.21,0.21,0.21,0.21,10000
MTL,19970728,2.25,2.25,2.25,2.25,6467
MTM,19970728,0.092,0.092,0.092,0.092,23334
MUR,19970728,0.69,0.7,0.69,0.7,153500
MXC,19970728,0.27,0.275,0.27,0.275,20000
MXT,19970728,0.92,0.94,0.91,0.94,184000
MZG,19970728,0.28,0.28,0.28,0.28,24000
NAB,19970728,19.249,19.78,19.244,19.73,2270206
NAU,19970728,1.22,1.22,1.22,1.22,3974
NBH,19970728,4.93,5.02,4.93,4.98,1801798
NBS,19970728,2.88,2.88,2.88,2.88,2000
NCL,19970728,0.87,0.88,0.87,0.88,76267
NCM,19970728,2.64,2.67,2.62,2.65,838404
NCP,19970728,6.15,6.23,6.15,6.23,3001807
NCR,19970728,2.75,2.75,2.75,2.75,113020
NDY,19970728,1.503,1.55,1.5,1.55,7091752
NEX,19970728,0.076,0.076,0.075,0.075,102560
NFD,19970728,1.95,1.95,1.93,1.93,50325
NFG,19970728,0.637,0.65,0.637,0.64,60240
NFM,19970728,6.7,6.7,6.7,6.7,3400
NHG,19970728,0.155,0.155,0.155,0.155,47500
NHR,19970728,0.69,0.69,0.68,0.68,11800
NIX,19970728,1.33,1.34,1.33,1.33,92000
NMF,19970728,0.91,0.91,0.91,0.91,14000
NMH,19970728,2.14,2.18,2.13,2.17,383043
NML,19970728,2.28,2.32,2.26,2.32,75771
NMP,19970728,1.12,1.12,1.11,1.12,2066414
NNG,19970728,0.105,0.105,0.1,0.1,250000
NPC,19970728,0.48,0.49,0.48,0.48,31333
NPT,19970728,1.15,1.16,1.15,1.16,1137388
NRT,19970728,1.85,1.85,1.78,1.8,31939
NTL,19970728,0.9,0.9,0.9,0.9,6800
NVS,19970728,4.8,4.8,4.75,4.8,92581
NZO,19970728,0.38,0.38,0.38,0.38,70000
OCN,19970728,0.09,0.092,0.09,0.09,269750
OEC,19970728,0.85,0.85,0.85,0.85,2043
OGL,19970728,0.22,0.22,0.22,0.22,3000
OLS,19970728,1.34,1.34,1.31,1.31,12000
OML,19970728,3.63,3.85,3.63,3.85,479737
OMO,19970728,0.2,0.215,0.195,0.205,2032126
OPS,19970728,3.6,3.62,3.58,3.6,42754
OSH,19970728,3.882,4.18,3.882,4.17,1156953
OTR,19970728,0.89,0.89,0.89,0.89,3000
OXR,19970728,0.207,0.22,0.2,0.2,104900
PAL,19970728,0.18,0.18,0.18,0.18,63800
PAS,19970728,2.598,2.67,2.598,2.66,1927244
PAY,19970728,0.79,0.8,0.79,0.8,42575
PBB,19970728,5.65,5.8,5.65,5.8,123069
PBL,19970728,8,8.05,7.95,8,185709
PBY,19970728,0.7,0.7,0.69,0.7,475850
PCE,19970728,0.81,1,0.81,0.86,250022
PCM,19970728,1.1,1.1,1.1,1.1,1070
PDC,19970728,1.21,1.21,1.19,1.19,125959
PDG,19970728,22.317,22.5,22.317,22.32,618
PDN,19970728,0.105,0.105,0.105,0.105,25000
PDP,19970728,3.56,3.64,3.56,3.6,1419655
PDR,19970728,0.175,0.175,0.175,0.175,19500
PEM,19970728,0.505,0.505,0.5,0.5,46973
PFP,19970728,2.35,2.35,2.35,2.35,2300
PGL,19970728,11.8,11.8,11.8,11.8,1700
PGP,19970728,0.072,0.072,0.072,0.072,30000
PGT,19970728,0.08,0.08,0.08,0.08,34940
PHC,19970728,0.035,0.035,0.034,0.034,48500
PHD,19970728,0.17,0.175,0.17,0.175,30025
PHT,19970728,1.16,1.16,1.16,1.16,5000
PHY,19970728,1.14,1.15,1.14,1.15,25200
PID,19970728,1.05,1.05,1.05,1.05,47500
PII,19970728,1.116,1.12,1.11,1.12,1007314
PIP,19970728,0.72,0.72,0.7,0.71,2923398
PLR,19970728,0.96,0.96,0.96,0.96,10000
PLT,19970728,3.675,3.7,3.55,3.6,107819
PLU,19970728,3.6,3.68,3.6,3.68,75090
PLW,19970728,1.54,1.56,1.54,1.56,6000
PMA,19970728,0.24,0.245,0.24,0.245,49700
PMC,19970728,0.99,1,0.99,0.99,28800
PMM,19970728,2.83,2.83,2.81,2.81,78700
PMP,19970728,3.22,3.22,3.19,3.2,184787
PMT,19970728,5.4,5.45,5.4,5.45,14600
PNA,19970728,0.2,0.21,0.2,0.2,50000
PNI,19970728,5.02,5.04,4.98,4.99,895105
PNK,19970728,1.02,1.02,1,1.02,63749
PNL,19970728,0.15,0.15,0.15,0.15,406000
PPK,19970728,0.51,0.52,0.51,0.52,285781
PPP,19970728,0.235,0.235,0.23,0.235,32104
PPT,19970728,9,9.01,9,9,3216
PRB,19970728,0.027,0.028,0.027,0.027,650100
PRE,19970728,0.105,0.105,0.1,0.1,107000
PRH,19970728,3.4,3.4,3.4,3.4,1843
PRL,19970728,0.85,0.86,0.85,0.85,400720
PRM,19970728,0.11,0.115,0.105,0.115,1363500
PRP,19970728,1.05,1.05,1.04,1.05,344011
PRT,19970728,2.95,2.95,2.95,2.95,1600
PSA,19970728,5.95,6,5.95,6,50760
PSG,19970728,0.345,0.345,0.34,0.345,81736
PSR,19970728,3.05,3.4,3,3.35,327450
PSV,19970728,0.455,0.455,0.4,0.42,540120
PTD,19970728,0.46,0.47,0.45,0.45,159187
PTS,19970728,0.125,0.125,0.125,0.125,746
PTZ,19970728,1.264,1.29,1.26,1.28,584276
QAN,19970728,3.113,3.19,3.113,3.185,1980374
QBE,19970728,8.043,8.06,7.99,8,295335
QCH,19970728,6.24,6.25,6.24,6.25,13722
QMC,19970728,1.28,1.3,1.28,1.3,24000
QNI,19970728,2.355,2.39,2.35,2.39,1003631
QOP,19970728,0.17,0.17,0.17,0.17,1000
QRL,19970728,1.629,1.65,1.626,1.64,627317
QST,19970728,0.25,0.25,0.25,0.25,4000
QTI,19970728,0.17,0.17,0.17,0.17,18000
QTK,19970728,0.115,0.115,0.115,0.115,100000
QUF,19970728,3.34,3.35,3.32,3.35,28925
QUR,19970728,0.743,0.75,0.73,0.74,108000
RAC,19970728,3.96,4.09,3.96,4.06,270975
RAG,19970728,0.008,0.008,0.007,0.007,415509
RAI,19970728,0.4,0.4,0.4,0.4,1000
RBK,19970728,0.1,0.12,0.1,0.1,162200
RBL,19970728,0.42,0.42,0.42,0.42,2000
RDF,19970728,0.72,0.72,0.71,0.72,38680
REB,19970728,1.91,1.95,1.91,1.95,61498
REN,19970728,0.73,0.73,0.73,0.73,10000
RFM,19970728,0.16,0.16,0.16,0.16,2000
RFR,19970728,0.12,0.12,0.12,0.12,4000
RGC,19970728,4,4.1,4,4.1,8872
RGR,19970728,0.048,0.052,0.048,0.052,570000
RGS,19970728,3.7,3.7,3.7,3.7,26000
RHO,19970728,0.12,0.13,0.12,0.13,50000
RIC,19970728,1.76,1.76,1.73,1.73,156410
RIO,19970728,21.2,21.45,21.2,21.353,787105
ROK,19970728,2.52,2.53,2.5,2.52,100950
ROR,19970728,0.72,0.72,0.7,0.7,4000
RPG,19970728,0.245,0.245,0.24,0.24,32600
RPM,19970728,0.075,0.075,0.074,0.075,110000
RRS,19970728,0.07,0.07,0.07,0.07,29000
RSG,19970728,1.85,1.85,1.78,1.78,320169
RSM,19970728,0.619,0.65,0.619,0.64,104512
RTH,19970728,7.7,7.75,7.7,7.75,30407
RTS,19970728,0.56,0.56,0.55,0.55,47800
RUP,19970728,4.36,4.4,4.36,4.4,17025
SAQ,19970728,4,4,4,4,2000
SAS,19970728,0.195,0.195,0.195,0.195,82210
SBC,19970728,5.7,5.7,5.7,5.7,7000
SBE,19970728,1.08,1.08,1.07,1.07,4800
SBM,19970728,0.35,0.375,0.35,0.35,152901
SBR,19970728,0.019,0.019,0.019,0.019,750000
SCD,19970728,0.86,0.86,0.86,0.86,1500
SCE,19970728,0.74,0.75,0.73,0.75,225000
SCH,19970728,2.32,2.33,2.31,2.32,553744
SCM,19970728,2.3,2.3,2.3,2.3,2000
SCP,19970728,2.13,2.17,2.13,2.14,39800
SCR,19970728,2.65,2.68,2.65,2.65,21952
SCS,19970728,0.195,0.2,0.195,0.2,80000
SDN,19970728,0.15,0.155,0.15,0.155,52000
SDT,19970728,0.31,0.31,0.3,0.3,1562000
SET,19970728,5,5.05,5,5.05,3278
SEV,19970728,5.45,5.58,5.45,5.52,199277
SFM,19970728,0.135,0.14,0.13,0.13,102000
SGB,19970728,8.598,8.78,8.59,8.76,744992
SGI,19970728,1.69,1.7,1.68,1.69,533134
SGN,19970728,4,4,4,4,13188
SGP,19970728,3.53,3.54,3.52,3.52,825251
SGR,19970728,0.098,0.11,0.098,0.11,1716000
SGW,19970728,4.78,4.84,4.78,4.82,166502
SHL,19970728,1.85,1.85,1.82,1.83,77400
SHR,19970728,1.85,1.85,1.85,1.85,750
SHV,19970728,0.99,1,0.99,1,35000
SID,19970728,7.45,7.45,7.4,7.4,7607
SKE,19970728,2.47,2.48,2.46,2.46,122990
SKR,19970728,0.148,0.155,0.14,0.155,660500
SMC,19970728,0.046,0.046,0.042,0.042,15300
SME,19970728,6.596,6.6,6.58,6.596,141871
SMG,19970728,0.19,0.19,0.19,0.19,23170
SMI,19970728,13.62,13.7,13.55,13.55,181530
SMS,19970728,9.844,10.2,9.844,10.2,127787
SMU,19970728,0.17,0.17,0.165,0.17,52000
SNM,19970728,0.551,0.551,0.54,0.55,316575
SNX,19970728,0.35,0.35,0.34,0.35,46200
SOA,19970728,0.31,0.31,0.31,0.31,150000
SOG,19970728,0.77,0.77,0.75,0.76,168000
SOH,19970728,0.88,0.88,0.88,0.88,45550
SOL,19970728,46.5,46.5,46,46,52830
SOV,19970728,0.09,0.095,0.09,0.095,286200
SPD,19970728,0.57,0.57,0.57,0.57,10000
SPP,19970728,3.8,3.8,3.78,3.78,294213
SPS,19970728,1.4,1.4,1.39,1.39,39400
SPT,19970728,2.92,2.97,2.92,2.92,58482
SPX,19970728,0.185,0.185,0.185,0.185,1000
SQG,19970728,0.023,0.025,0.023,0.025,510000
SRI,19970728,0.125,0.125,0.12,0.125,685065
SRL,19970728,1.9,1.9,1.9,1.9,19500
SRO,19970728,0.069,0.07,0.069,0.07,353900
SRP,19970728,4.912,4.96,4.91,4.95,460676
SSE,19970728,0.82,0.84,0.82,0.83,181200
STA,19970728,0.35,0.35,0.35,0.35,10000
STM,19970728,0.061,0.061,0.06,0.06,9806
STO,19970728,6.191,6.43,6.184,6.408,627730
STS,19970728,2.6,2.6,2.6,2.6,4750
SUR,19970728,0.28,0.28,0.27,0.27,142267
SVR,19970728,1.166,1.21,1.166,1.2,4384274
SWD,19970728,1.39,1.4,1.38,1.4,39000
SWS,19970728,3.45,3.47,3.45,3.45,11890
SYD,19970728,2.13,2.16,2.13,2.15,405962
TAH,19970728,6.877,6.95,6.87,6.91,578469
TAI,19970728,0.091,0.095,0.09,0.093,4392184
TAM,19970728,0.205,0.21,0.205,0.21,177000
TAP,19970728,1.49,1.5,1.48,1.49,153666
TCA,19970728,6.9,6.9,6.9,6.9,22181
TCE,19970728,1.08,1.09,1.08,1.09,37925
TCL,19970728,1060,1060,1040,1059,67
TCT,19970728,6.25,6.25,6.25,6.25,26500
TEC,19970728,0.42,0.42,0.42,0.42,14000
TEH,19970728,1.92,1.93,1.92,1.93,20700
TEL,19970728,6.75,6.8,6.75,6.75,2650
TEM,19970728,0.95,0.95,0.95,0.95,6500
TGG,19970728,1.64,1.64,1.62,1.62,97000
TGL,19970728,0.11,0.11,0.11,0.11,56000
TGO,19970728,0.29,0.29,0.29,0.29,45263
THG,19970728,0.84,0.84,0.83,0.83,23000
TIG,19970728,0.53,0.53,0.53,0.53,12000
TIM,19970728,2.65,2.7,2.65,2.7,12450
TIP,19970728,0.072,0.072,0.072,0.072,2727
TIR,19970728,0.19,0.19,0.19,0.19,15000
TKG,19970728,0.035,0.035,0.034,0.034,244000
TKR,19970728,0.4,0.4,0.375,0.4,14996
TLA,19970728,1.31,1.32,1.3,1.31,708730
TMG,19970728,0.34,0.345,0.34,0.345,41782
TMM,19970728,0.1,0.1,0.1,0.1,10000
TMS,19970728,1.25,1.26,1.25,1.26,13939
TOL,19970728,2.69,2.75,2.69,2.75,15119
TOR,19970728,1,1.01,1,1,33151
TPT,19970728,0.38,0.38,0.38,0.38,20570
TRE,19970728,0.11,0.11,0.105,0.105,8000
TRI,19970728,0.08,0.08,0.079,0.079,92000
TRY,19970728,0.98,0.98,0.98,0.98,1000
TSS,19970728,0.285,0.29,0.285,0.29,23192
TTH,19970728,0.32,0.32,0.32,0.32,5705
TTR,19970728,0.08,0.08,0.08,0.08,101000
TYA,19970728,2.16,2.24,2.16,2.24,88432
UAL,19970728,0.13,0.13,0.13,0.13,20000
UCR,19970728,2.58,2.63,2.58,2.63,25500
UGM,19970728,0.495,0.495,0.45,0.45,106663
VHL,19970728,0.4,0.4,0.38,0.38,9000
VKI,19970728,0.085,0.085,0.085,0.085,11250
VLT,19970728,0.053,0.053,0.051,0.051,35000
VOS,19970728,0.44,0.44,0.44,0.44,23000
VPE,19970728,0.203,0.21,0.2,0.205,1315750
VRL,19970728,4.84,4.85,4.84,4.84,51309
VWD,19970728,1.28,1.29,1.27,1.29,167600
WAK,19970728,1.6,1.6,1.6,1.6,3000
WAN,19970728,6.034,6.19,6.03,6.18,110714
WBA,19970728,0.83,0.83,0.83,0.83,2157
WBB,19970728,3.02,3.06,3,3.06,20484
WBC,19970728,8.277,8.56,8.251,8.5,5544531
WDM,19970728,0.62,0.62,0.6,0.6,26000
WDP,19970728,1.12,1.12,1.12,1.12,5000
WEG,19970728,9.5,9.5,9.5,9.5,1000
WER,19970728,1.17,1.17,1.15,1.15,32000
WES,19970728,11.99,12.15,11.99,12.1,58353
WFA,19970728,1.2,1.2,1.19,1.2,817006
WFI,19970728,1.9,1.9,1.9,1.9,20000
WFT,19970728,2.78,2.79,2.76,2.76,3771586
WGC,19970728,0.083,0.083,0.08,0.08,104000
WGR,19970728,0.43,0.43,0.43,0.43,27049
WHW,19970728,1.97,1.98,1.96,1.98,1787
WKC,19970728,1.199,1.2,1.16,1.2,667107
WKM,19970728,0.37,0.37,0.365,0.365,124956
WLH,19970728,0.16,0.16,0.16,0.16,360
WLK,19970728,0.09,0.1,0.09,0.1,907500
WLM,19970728,1.38,1.38,1.38,1.38,1866
WMC,19970728,7.817,7.95,7.802,7.87,2739545
WMI,19970728,0.09,0.09,0.08,0.08,111333
WMT,19970728,1.297,1.297,1.27,1.28,1363132
WNA,19970728,0.326,0.34,0.325,0.325,311800
WON,19970728,0.393,0.4,0.365,0.365,553486
WOW,19970728,4.186,4.23,4.18,4.21,540661
WPL,19970728,11.159,11.47,11.156,11.46,661230
WPT,19970728,1.8,1.82,1.79,1.8,102100
WRF,19970728,0.355,0.355,0.35,0.35,520500
WSF,19970728,24.8,25.1,24.8,25.1,115640
WSG,19970728,0.18,0.18,0.18,0.18,10000
WSI,19970728,0.24,0.25,0.24,0.25,318597
WSL,19970728,3.98,3.98,3.96,3.98,36764
WTP,19970728,0.495,0.495,0.49,0.49,135350
WWH,19970728,2.38,2.38,2.38,2.38,6676
WYL,19970728,6.75,6.76,6.7,6.76,20367
YAM,19970728,0.23,0.28,0.23,0.265,282389
YNX,19970728,0.16,0.165,0.16,0.165,235768
YTS,19970728,0.97,0.98,0.96,0.97,73771
ZEL,19970728,0.89,0.89,0.89,0.89,950
ZPR,19970728,0.057,0.057,0.057,0.057,27515
