AAA,19991209,2.68,2.7,2.67,2.68,3731459
AAP,19991209,5.13,5.21,5.13,5.21,183864
AAR,19991209,0.027,0.027,0.027,0.027,51759
AAT,19991209,1.045,1.045,1.02,1.03,180800
AAU,19991209,1.42,1.46,1.41,1.46,185650
ABC,19991209,0.7,0.71,0.69,0.7,193517
ABG,19991209,2.1,2.1,2.1,2.1,10000
ABK,19991209,0.16,0.16,0.16,0.16,6000
ACY,19991209,0.8,0.8,0.8,0.8,17000
ADA,19991209,3.5,3.5,3.4,3.4,44200
ADB,19991209,5.2,5.25,5.18,5.23,50541
ADF,19991209,0.23,0.23,0.22,0.225,193358
ADG,19991209,1.9,1.9,1.9,1.9,12500
ADH,19991209,0.095,0.095,0.09,0.094,89283
ADM,19991209,0.069,0.07,0.069,0.07,59825
ADN,19991209,0.1,0.1,0.09,0.09,122685
ADP,19991209,2.36,2.38,2.36,2.38,480033
ADZ,19991209,2.4,2.42,2.39,2.39,78747
AEG,19991209,0.29,0.295,0.28,0.29,596674
AET,19991209,0.55,0.56,0.54,0.56,30637
AEX,19991209,0.04,0.04,0.04,0.04,25000
AFF,19991209,0.285,0.285,0.285,0.285,75000
AFI,19991209,2.98,2.98,2.95,2.97,191535
AGA,19991209,0.032,0.032,0.032,0.032,20000
AGG,19991209,77,77,77,77,414
AGH,19991209,0.65,0.65,0.65,0.65,62518
AGL,19991209,8.75,8.82,8.75,8.75,241625
AGM,19991209,0.11,0.11,0.11,0.11,254000
AGR,19991209,0.12,0.12,0.11,0.11,91000
AGS,19991209,0.14,0.145,0.14,0.145,237852
AGT,19991209,0.31,0.31,0.3,0.305,81000
AGY,19991209,0.22,0.22,0.22,0.22,234000
AHD,19991209,3.99,4,3.95,4,10150
AHF,19991209,0.18,0.18,0.18,0.18,4000
AHX,19991209,0.68,0.68,0.66,0.66,34352
AIA,19991209,2.3,2.3,2.3,2.3,44000
AIE,19991209,0.3,0.31,0.3,0.305,654848
AIP,19991209,1.06,1.06,1.05,1.06,157440
AIU,19991209,0.068,0.068,0.068,0.068,9360
AIX,19991209,1.86,2.04,1.86,2.04,407447
AIZ,19991209,2.18,2.2,2.15,2.2,15000
AJL,19991209,0.98,0.98,0.95,0.96,50000
AJO,19991209,1.64,1.65,1.64,1.65,23611
AJR,19991209,0.82,0.83,0.82,0.82,173722
AJS,19991209,1.08,1.09,1.08,1.09,125571
AKC,19991209,3.51,3.51,3.45,3.45,16196
AKD,19991209,0.041,0.041,0.041,0.041,20000
ALA,19991209,0.29,0.29,0.285,0.285,39800
ALK,19991209,0.185,0.185,0.185,0.185,35000
ALL,19991209,21,21,20.7,21,37392
ALP,19991209,0.85,1,0.85,0.9,411917
ALX,19991209,0.71,0.71,0.71,0.71,1349
ALZ,19991209,1.49,1.49,1.48,1.49,51545
AMB,19991209,0.95,0.95,0.95,0.95,3000
AMC,19991209,7.325,7.39,7.19,7.25,1733331
AMG,19991209,0.203,0.26,0.19,0.2,2549488
AMI,19991209,0.053,0.053,0.05,0.05,413700
AML,19991209,0.79,0.82,0.79,0.82,191000
AMP,19991209,15.85,16.47,15.85,16.41,3633334
AMW,19991209,27.01,27.01,27,27,2350
ANE,19991209,2.23,2.25,2.23,2.25,54902
ANK,19991209,0.64,0.64,0.62,0.63,55500
ANL,19991209,2.6,2.63,2.6,2.6,157490
ANR,19991209,0.23,0.23,0.23,0.23,18000
ANX,19991209,0.53,0.56,0.53,0.54,215510
ANZ,19991209,11.48,11.62,11.48,11.5,1873635
AOF,19991209,1.14,1.15,1.14,1.15,2091979
AOG,19991209,1.65,1.66,1.65,1.66,23500
AOV,19991209,0.17,0.175,0.17,0.17,632882
APE,19991209,3.85,3.85,3.85,3.85,9643
APF,19991209,1.46,1.47,1.45,1.47,91785
API,19991209,2.07,2.12,2.07,2.1,214369
APN,19991209,3.22,3.29,3.22,3.27,1350879
APU,19991209,0.17,0.17,0.155,0.155,56913
APY,19991209,0.74,0.75,0.74,0.75,12000
AQL,19991209,0.39,0.39,0.39,0.39,3000
AQP,19991209,2.17,2.25,2.15,2.25,119500
ARA,19991209,0.61,0.62,0.61,0.61,70211
ARF,19991209,2,2,2,2,2600
ARG,19991209,3.35,3.39,3.3,3.32,173779
ARI,19991209,0.26,0.26,0.26,0.26,8000
ARL,19991209,3,3.03,3,3.01,223727
ARP,19991209,5.95,5.95,5.95,5.95,1000
ARQ,19991209,0.22,0.23,0.215,0.23,213000
ARX,19991209,0.075,0.075,0.075,0.075,11000
ASB,19991209,2.29,2.34,2.29,2.34,51115
ASC,19991209,0.43,0.43,0.4,0.4,239683
ASE,19991209,0.155,0.155,0.155,0.155,3000
ASH,19991209,0.76,0.76,0.75,0.75,142151
ASL,19991209,0.435,0.435,0.435,0.435,500
ASN,19991209,0.09,0.09,0.087,0.087,22045
ASX,19991209,10.51,10.69,10.4,10.592,150550
ATE,19991209,0.075,0.081,0.075,0.081,58500
ATN,19991209,0.018,0.019,0.018,0.019,531833
ATP,19991209,0.32,0.32,0.295,0.3,323622
AUA,19991209,0.75,0.75,0.75,0.75,35000
AUD,19991209,2.65,2.66,2.65,2.66,12500
AUG,19991209,0.355,0.36,0.345,0.345,398000
AUL,19991209,0.039,0.059,0.039,0.05,1479637
AUN,19991209,6.401,6.401,6.01,6.1,2525779
AUO,19991209,0.155,0.155,0.155,0.155,252167
AUY,19991209,0.33,0.34,0.32,0.32,329000
AVJ,19991209,0.47,0.47,0.47,0.47,21300
AVL,19991209,0.05,0.05,0.05,0.05,100000
AVR,19991209,0.26,0.275,0.25,0.25,29361
AWA,19991209,0.63,0.63,0.63,0.63,7520
AWE,19991209,0.6,0.6,0.58,0.59,278003
AWH,19991209,2.09,2.11,2.08,2.1,35000
AXR,19991209,0.14,0.14,0.135,0.135,11200
AYO,19991209,0.23,0.23,0.225,0.23,112851
AZL,19991209,0.115,0.115,0.11,0.11,119614
BAE,19991209,0.05,0.05,0.05,0.05,99059
BAH,19991209,0.35,0.35,0.35,0.35,10000
BAM,19991209,13.55,13.7,13.55,13.67,46282
BCD,19991209,0.94,0.95,0.94,0.95,36940
BCH,19991209,0.405,0.41,0.4,0.4,91000
BDA,19991209,1.39,1.39,1.35,1.39,241800
BDG,19991209,0.155,0.16,0.155,0.155,121285
BDL,19991209,0.31,0.31,0.29,0.3,139246
BDS,19991209,2.3,2.3,2.25,2.25,7000
BEN,19991209,5.4,5.45,5.26,5.4,12374
BER,19991209,0.64,0.64,0.64,0.64,5000
BGD,19991209,0.325,0.325,0.32,0.32,34000
BGN,19991209,1.57,1.58,1.54,1.57,15746
BHP,19991209,17.509,17.93,17.5,17.744,3348426
BHT,19991209,0.92,0.92,0.92,0.92,3000
BIC,19991209,0.255,0.28,0.255,0.28,31112
BII,19991209,0.415,0.425,0.41,0.425,388062
BIL,19991209,42.2,42.6,41.65,42,255805
BIR,19991209,0.8,0.8,0.78,0.79,177310
BKA,19991209,0.175,0.175,0.175,0.175,21750
BKL,19991209,5.19,5.2,5.19,5.2,3120
BKR,19991209,0.275,0.28,0.275,0.28,30000
BKS,19991209,0.165,0.165,0.15,0.16,5898373
BKW,19991209,39,39,39,39,20000
BLO,19991209,0.14,0.14,0.13,0.13,226900
BLR,19991209,0.41,0.42,0.405,0.42,996002
BLV,19991209,2.6,2.6,2.6,2.6,12500
BMC,19991209,1.27,1.3,1.21,1.3,354190
BMX,19991209,0.125,0.125,0.12,0.12,179000
BNA,19991209,0.038,0.038,0.036,0.037,488500
BOA,19991209,0.84,0.85,0.83,0.84,73382
BOC,19991209,0.2,0.2,0.2,0.2,4620
BOR,19991209,2.38,2.42,2.37,2.38,2827190
BPC,19991209,0.285,0.29,0.28,0.285,465278
BPT,19991209,0.029,0.029,0.028,0.028,197399
BQD,19991209,5.12,5.16,5.1,5.1,179586
BRI,19991209,0.297,0.297,0.29,0.29,28000
BRL,19991209,7.138,7.25,7.13,7.25,205769
BRN,19991209,0.285,0.285,0.285,0.285,15640
BRS,19991209,1.15,1.15,1.14,1.15,1775388
BRY,19991209,0.34,0.35,0.34,0.34,274835
BRZ,19991209,4.063,4.063,3.98,4.03,45500
BSN,19991209,0.115,0.12,0.115,0.12,70000
BSO,19991209,3.41,3.42,3.38,3.38,27650
BSS,19991209,0.037,0.037,0.033,0.033,1819500
BTA,19991209,5.65,5.65,5.6,5.65,92890
BTE,19991209,0.72,0.72,0.71,0.71,66937
BTO,19991209,1.33,1.34,1.32,1.34,646101
BTP,19991209,1.7,1.73,1.67,1.71,170090
BTY,19991209,3.3,3.35,3.3,3.35,4000
BUG,19991209,0.72,0.72,0.72,0.72,8350
BWA,19991209,3.84,3.88,3.8,3.81,137310
BWP,19991209,1.03,1.04,1.03,1.03,55200
BYI,19991209,0.94,0.94,0.94,0.94,15000
CAA,19991209,1.82,1.87,1.76,1.839,5181325
CAG,19991209,0.215,0.22,0.18,0.19,4151228
CAI,19991209,0.79,0.8,0.79,0.8,40000
CAT,19991209,18.39,18.39,17.5,17.7,24886
CBA,19991209,25.907,26.17,25.8,26.05,958781
CBL,19991209,0.185,0.185,0.185,0.185,30400
CBN,19991209,0.38,0.42,0.365,0.4,1594752
CBS,19991209,9.5,9.5,9.5,9.5,1000
CBW,19991209,0.72,0.73,0.72,0.72,35000
CCB,19991209,2.98,2.98,2.96,2.98,136202
CCH,19991209,0.135,0.135,0.135,0.135,14000
CCK,19991209,1.32,1.45,1.31,1.433,106817
CCL,19991209,4.8,4.8,4.6,4.6,2570635
CCV,19991209,0.15,0.16,0.15,0.16,64600
CCW,19991209,0.12,0.12,0.12,0.12,11361
CDF,19991209,1.14,1.14,1.14,1.14,52123
CDN,19991209,0.16,0.175,0.16,0.175,33500
CDO,19991209,1.02,1.02,0.97,1,2597370
CDX,19991209,1.7,1.7,1.7,1.7,1380
CED,19991209,0.9,1.25,0.9,1.25,415501
CEL,19991209,0.66,0.66,0.64,0.66,107000
CEN,19991209,2.63,2.63,2.63,2.63,27370
CEP,19991209,2.73,2.73,2.71,2.73,179536
CEQ,19991209,2.2,2.29,2.2,2.29,20894
CEW,19991209,2.75,2.76,2.7,2.7,10875
CEY,19991209,0.56,0.56,0.51,0.51,105670
CFR,19991209,0.08,0.084,0.078,0.082,8035033
CFS,19991209,0.97,0.97,0.97,0.97,3750
CGD,19991209,0.61,0.62,0.6,0.62,67125
CGH,19991209,6.2,6.28,6.2,6.26,5148029
CGP,19991209,0.93,0.93,0.93,0.93,22000
CHF,19991209,0.7,0.7,0.66,0.67,114737
CHI,19991209,0.86,0.86,0.84,0.86,43435
CHL,19991209,0.19,0.19,0.18,0.18,32000
CHV,19991209,0.28,0.28,0.28,0.28,50000
CHY,19991209,1.85,1.85,1.8,1.8,1645
CIA,19991209,0.56,0.56,0.55,0.55,16088
CID,19991209,0.53,0.53,0.53,0.53,27558
CIH,19991209,0.195,0.205,0.195,0.205,250687
CIP,19991209,1.94,1.95,1.93,1.94,99906
CIR,19991209,3.294,3.294,3.01,3.19,104951
CIS,19991209,0.04,0.04,0.04,0.04,20000
CKG,19991209,0.034,0.034,0.032,0.034,600000
CLI,19991209,4.181,4.181,4.11,4.14,198208
CLK,19991209,0.8,0.8,0.8,0.8,1600
CLO,19991209,0.62,0.62,0.62,0.62,6030
CLT,19991209,2.19,2.25,2.17,2.24,310767
CLV,19991209,0.475,0.495,0.475,0.49,326000
CMC,19991209,8.4,8.41,8.3,8.4,1151446
CMF,19991209,1.2,1.21,1.2,1.2,48695
CML,19991209,7.8,7.8,7.65,7.7,1684619
CMQ,19991209,0.69,0.86,0.67,0.785,1851011
CMR,19991209,0.41,0.41,0.4,0.4,58000
CMU,19991209,1.12,1.12,1.1,1.1,12300
CMW,19991209,0.037,0.037,0.037,0.037,100000
CMX,19991209,0.13,0.13,0.125,0.125,292715
CMZ,19991209,0.23,0.23,0.225,0.23,252783
CND,19991209,3.85,3.85,3.83,3.83,6169
CNG,19991209,0.45,0.45,0.43,0.43,59870
CNM,19991209,0.031,0.031,0.029,0.029,973900
CNN,19991209,0.245,0.265,0.245,0.265,295009
CNT,19991209,0.1,0.125,0.1,0.12,1970187
COA,19991209,2.05,2.07,2.04,2.04,135023
COC,19991209,1.98,1.99,1.98,1.99,53630
COF,19991209,1.7,1.7,1.66,1.66,25635
COG,19991209,0.075,0.076,0.072,0.072,650000
COH,19991209,17.205,17.205,16.95,17,47176
COM,19991209,0.71,0.75,0.66,0.73,547693
CPA,19991209,0.93,0.94,0.92,0.92,2125345
CPB,19991209,4.4,4.4,4.39,4.4,40140
CPC,19991209,0.41,0.42,0.41,0.41,20590
CPI,19991209,2.4,2.4,2.39,2.4,26000
CPM,19991209,6.5,6.5,6.5,6.5,2500
CPU,19991209,7.7,7.92,7.65,7.67,703809
CQT,19991209,0.295,0.305,0.29,0.295,1914616
CRG,19991209,8.05,8.05,7.95,7.95,22150
CRS,19991209,0.28,0.28,0.28,0.28,29975
CRT,19991209,0.7,0.71,0.7,0.71,26278
CRU,19991209,0.94,0.94,0.94,0.94,2196
CRV,19991209,0.495,0.5,0.495,0.5,104330
CSA,19991209,0.23,0.24,0.23,0.235,98340
CSB,19991209,1.07,1.09,1.05,1.09,228527
CSL,19991209,21.81,22.1,21.81,21.935,132385
CSM,19991209,0.32,0.32,0.3,0.3,73651
CSR,19991209,3.794,3.84,3.76,3.77,2190060
CSY,19991209,0.061,0.061,0.06,0.06,94800
CTL,19991209,8.25,8.28,8.1,8.25,98715
CTO,19991209,0.1,0.1,0.1,0.1,50000
CTR,19991209,0.23,0.24,0.23,0.235,300895
CTX,19991209,2.593,2.63,2.57,2.57,311460
CUE,19991209,0.085,0.085,0.085,0.085,9000
CUL,19991209,0.028,0.028,0.028,0.028,25000
CUT,19991209,0.48,0.48,0.46,0.46,107192
CVC,19991209,0.45,0.45,0.45,0.45,15000
CVI,19991209,0.73,0.73,0.73,0.73,1200
CVN,19991209,0.083,0.085,0.083,0.085,20100
CWO,19991209,4.89,4.97,4.85,4.894,11508203
CWP,19991209,0.81,0.81,0.81,0.81,20000
CXA,19991209,0.25,0.32,0.25,0.285,1120670
CXP,19991209,3.1,3.1,3.1,3.1,6749
DAD,19991209,4.8,4.8,4.65,4.7,151562
DAR,19991209,0.81,0.81,0.8,0.8,7426
DCI,19991209,0.075,0.075,0.075,0.075,100000
DEF,19991209,0.031,0.031,0.03,0.03,406000
DFT,19991209,0.46,0.46,0.43,0.44,1006995
DGD,19991209,2.42,2.42,2.33,2.34,394069
DGM,19991209,0.012,0.012,0.011,0.011,6219500
DGN,19991209,0.05,0.052,0.05,0.052,215000
DIO,19991209,0.044,0.044,0.042,0.042,1313182
DJS,19991209,1.4,1.4,1.39,1.39,624245
DJW,19991209,3.9,3.9,3.82,3.85,21347
DLS,19991209,0.038,0.038,0.038,0.038,350000
DMC,19991209,0.38,0.38,0.33,0.33,28000
DNS,19991209,0.057,0.057,0.045,0.045,53771
DOM,19991209,0.38,0.39,0.375,0.375,5300
DOR,19991209,0.26,0.265,0.26,0.26,163800
DPG,19991209,6.75,6.75,6.75,6.75,500
DRA,19991209,0.054,0.054,0.053,0.053,182455
DRD,19991209,2.45,2.5,2.45,2.5,18758
DRE,19991209,0.64,0.64,0.64,0.64,18000
DRN,19991209,0.056,0.056,0.055,0.056,121000
DSW,19991209,0.11,0.115,0.105,0.105,365035
DTL,19991209,3.35,3.4,3.35,3.4,5900
DUI,19991209,1.52,1.52,1.52,1.52,3883
DVC,19991209,0.81,0.81,0.81,0.81,5000
DVD,19991209,0.609,0.61,0.6,0.61,158000
DVN,19991209,0.53,0.53,0.53,0.53,25988
DVT,19991209,1.55,1.56,1.42,1.46,6136561
EAM,19991209,1.27,1.27,1.26,1.26,136600
EBG,19991209,0.09,0.09,0.09,0.09,20000
EBR,19991209,0.18,0.18,0.18,0.18,16000
EBT,19991209,0.31,0.32,0.31,0.315,227271
ECA,19991209,0.28,0.28,0.27,0.27,73767
ECL,19991209,0.15,0.15,0.15,0.15,72826
ECP,19991209,2.68,2.68,2.56,2.642,413727
ECT,19991209,0.4,0.4,0.4,0.4,6000
ECU,19991209,0.135,0.145,0.12,0.125,2513371
EDI,19991209,2.04,2.05,2.03,2.03,110137
EEC,19991209,0.21,0.215,0.205,0.205,550617
EFN,19991209,0.43,0.45,0.43,0.45,192696
EGD,19991209,0.16,0.16,0.155,0.155,871350
EGO,19991209,0.14,0.14,0.13,0.13,97300
EML,19991209,2.42,2.46,2.42,2.46,1924780
EMM,19991209,0.15,0.15,0.14,0.15,90000
ENE,19991209,10.481,10.481,10.05,10.3,264537
ENV,19991209,0.78,0.78,0.76,0.78,244805
EQM,19991209,3.65,3.65,3.65,3.65,1500
EQS,19991209,0.315,0.36,0.31,0.32,225488
ERA,19991209,2,2,2,2,8606
ERG,19991209,8.45,8.55,8.3,8.3,531062
ERS,19991209,1.01,1.01,1,1,15000
ESE,19991209,0.35,0.35,0.35,0.35,47611
ESI,19991209,0.305,0.305,0.3,0.3,17000
ETR,19991209,3.839,3.85,3.75,3.83,202369
EXO,19991209,0.18,0.185,0.18,0.18,49000
EXS,19991209,0.288,0.34,0.28,0.31,1028700
EZY,19991209,0.43,0.45,0.43,0.435,148750
FAF,19991209,0.55,0.56,0.55,0.55,125015
FAN,19991209,0.6,0.62,0.6,0.61,17000
FAR,19991209,0.09,0.091,0.09,0.09,63555
FBG,19991209,4.29,4.31,4.24,4.27,4038579
FCL,19991209,2.047,2.13,2.047,2.13,553177
FDR,19991209,2.766,2.85,2.55,2.55,65535
FHF,19991209,9.95,10.15,9.92,10,506785
FHL,19991209,1.95,2.15,1.88,2.03,162475
FHT,19991209,0.9,0.9,0.89,0.89,23500
FIF,19991209,4.58,4.62,4.57,4.58,394023
FIG,19991209,0.079,0.079,0.07,0.078,3404178
FIM,19991209,0.14,0.14,0.14,0.14,1667
FIT,19991209,1.17,1.17,1.16,1.17,119553
FKP,19991209,1.14,1.14,1.12,1.12,66660
FLT,19991209,13.1,13.2,13.1,13.15,11059
FMH,19991209,1.55,1.55,1.45,1.45,53100
FOA,19991209,9.6,9.75,9.6,9.7,84903
FPF,19991209,0.82,0.82,0.82,0.82,5573
FPG,19991209,0.6,0.6,0.59,0.59,25386
FRM,19991209,0.65,0.65,0.65,0.65,5000
FRO,19991209,0.115,0.115,0.115,0.115,1004903
FRT,19991209,1.55,1.55,1.55,1.55,26000
FST,19991209,2.65,2.68,2.65,2.68,34000
FTL,19991209,1.29,1.3,1.22,1.25,698142
FTR,19991209,0.343,0.343,0.32,0.33,158460
FTU,19991209,0.077,0.08,0.074,0.075,4344569
FWD,19991209,1.7,1.7,1.7,1.7,1000
FWF,19991209,0.91,0.91,0.91,0.91,3740
FXF,19991209,0.58,0.59,0.58,0.58,126418
FXJ,19991209,4.45,4.56,4.45,4.505,3221098
FZC,19991209,3.55,3.55,3.5,3.5,181200
GAN,19991209,1.09,1.1,1.08,1.1,1536508
GAW,19991209,0.069,0.069,0.069,0.069,40000
GBG,19991209,0.145,0.145,0.145,0.145,26000
GBL,19991209,0.45,0.46,0.44,0.46,56300
GBS,19991209,0.52,0.56,0.48,0.52,1310603
GDA,19991209,0.15,0.15,0.15,0.15,610
GDH,19991209,0.091,0.1,0.085,0.095,831547
GDM,19991209,0.69,0.72,0.63,0.72,268042
GDN,19991209,0.067,0.067,0.067,0.067,105000
GDP,19991209,6.344,6.35,6.19,6.19,65669
GED,19991209,0.17,0.19,0.17,0.17,80500
GEE,19991209,1.41,1.45,1.41,1.45,69100
GEG,19991209,0.45,0.45,0.45,0.45,31268
GEL,19991209,0.3,0.3,0.255,0.255,407229
GFD,19991209,0.6,0.6,0.58,0.6,16840
GGS,19991209,0.048,0.048,0.045,0.048,285000
GGY,19991209,0.059,0.06,0.058,0.058,376251
GHG,19991209,1.35,1.39,1.35,1.36,107812
GHM,19991209,0.075,0.075,0.07,0.07,1010000
GHP,19991209,1.19,1.21,1.19,1.2,186122
GIL,19991209,0.365,0.365,0.36,0.36,144000
GIO,19991209,2.39,2.4,2.31,2.38,901682
GIP,19991209,0.085,0.085,0.085,0.085,50000
GIR,19991209,0.049,0.049,0.049,0.049,83300
GKL,19991209,0.6,0.6,0.6,0.6,350
GKR,19991209,0.63,0.63,0.63,0.63,100
GLD,19991209,1,1,0.98,1,57586
GLP,19991209,0.04,0.04,0.04,0.04,250000
GLT,19991209,0.31,0.31,0.305,0.305,476600
GME,19991209,0.1,0.105,0.1,0.105,45523
GMF,19991209,1.37,1.42,1.36,1.41,5524792
GML,19991209,0.115,0.115,0.115,0.115,50000
GMS,19991209,0.49,0.49,0.49,0.49,6500
GNC,19991209,8.5,8.5,8.5,8.5,3000
GNR,19991209,0.031,0.033,0.031,0.032,250000
GNS,19991209,1.66,1.75,1.65,1.7,77779
GOW,19991209,2,2,2,2,8361
GPN,19991209,0.041,0.044,0.04,0.04,147000
GPO,19991209,0.32,0.36,0.32,0.36,57500
GPT,19991209,2.58,2.61,2.57,2.58,1504724
GRA,19991209,0.53,0.58,0.53,0.58,33034
GRI,19991209,0.18,0.195,0.18,0.195,140202
GRN,19991209,0.064,0.064,0.064,0.064,5000
GSE,19991209,0.066,0.066,0.065,0.065,69000
GSF,19991209,1.05,1.05,1.04,1.05,26575
GSP,19991209,1.18,1.18,1.18,1.18,1464
GSR,19991209,0.055,0.055,0.055,0.055,100000
GTI,19991209,0.11,0.11,0.11,0.11,17092
GTL,19991209,0.098,0.098,0.096,0.098,139531
GTM,19991209,0.069,0.072,0.069,0.07,213000
GTP,19991209,3.78,3.79,3.75,3.76,62564
GUD,19991209,1.38,1.41,1.38,1.41,52687
GUL,19991209,0.092,0.1,0.092,0.1,499073
GVM,19991209,0.072,0.072,0.072,0.072,66665
GWT,19991209,2.3,2.31,2.28,2.28,108712
GYM,19991209,0.48,0.49,0.47,0.47,128117
GZL,19991209,2,2,2,2,3900
HAH,19991209,3.98,4.07,3.98,4.07,56165
HAM,19991209,2.3,2.3,2.3,2.3,6718
HAO,19991209,0.22,0.27,0.21,0.27,294563
HAR,19991209,0.429,0.43,0.429,0.43,104500
HCN,19991209,1.4,1.5,1.39,1.5,1330648
HCO,19991209,7.25,7.3,7.22,7.26,156890
HDR,19991209,0.115,0.12,0.115,0.115,1054000
HEI,19991209,0.13,0.13,0.13,0.13,45000
HER,19991209,0.35,0.37,0.35,0.37,31112
HEX,19991209,0.135,0.135,0.125,0.125,452000
HFY,19991209,1.01,1.02,1,1,238374
HGL,19991209,0.6,0.6,0.6,0.6,4000
HGV,19991209,0.69,0.69,0.69,0.69,10000
HHM,19991209,0.115,0.115,0.115,0.115,50000
HIC,19991209,0.53,0.53,0.53,0.53,8000
HIG,19991209,0.324,0.33,0.32,0.32,145258
HIH,19991209,1.47,1.52,1.47,1.51,307439
HIL,19991209,2.4,2.42,2.4,2.42,9030
HLL,19991209,0.23,0.255,0.23,0.255,293770
HLM,19991209,0.2,0.2,0.2,0.2,20000
HLN,19991209,1.05,1.05,1.05,1.05,229350
HLX,19991209,0.23,0.23,0.23,0.23,15040
HLY,19991209,3.54,3.55,3.54,3.55,71950
HMC,19991209,0.031,0.031,0.03,0.03,475700
HNG,19991209,1.37,1.37,1.37,1.37,17669
HPL,19991209,1.81,1.84,1.81,1.84,167638
HRD,19991209,1.18,1.2,1.12,1.18,186394
HRR,19991209,0.27,0.27,0.265,0.27,133961
HRT,19991209,0.195,0.195,0.195,0.195,47000
HSL,19991209,1.89,1.89,1.85,1.88,15497
HSM,19991209,12,12,12,12,564
HSP,19991209,0.32,0.32,0.32,0.32,45500
HTA,19991209,4.5,4.5,3.95,4.032,1092268
HUG,19991209,0.21,0.21,0.21,0.21,30000
HVN,19991209,2.7,2.92,2.69,2.89,1963761
HWE,19991209,1.52,1.54,1.52,1.54,39146
HWI,19991209,0.75,0.75,0.75,0.75,10000
HWW,19991209,0.455,0.46,0.45,0.46,81000
HZA,19991209,0.65,0.66,0.65,0.66,24000
HZM,19991209,0.3,0.3,0.25,0.265,525863
IAM,19991209,2.2,2.2,2.07,2.15,86482
IAS,19991209,1.45,1.46,1.45,1.45,8875
ICE,19991209,0.587,0.6,0.58,0.58,92625
ICN,19991209,0.155,0.155,0.15,0.15,332466
ICT,19991209,5.3,5.3,5.3,5.3,35200
IDT,19991209,3.691,3.85,3.6,3.6,25800
IFA,19991209,0.678,0.71,0.678,0.69,95516
IGM,19991209,0.145,0.145,0.145,0.145,284000
IGP,19991209,3.4,3.4,3.4,3.4,63
IHG,19991209,0.37,0.39,0.36,0.37,315000
IHN,19991209,0.315,0.315,0.315,0.315,10000
IHY,19991209,0.355,0.36,0.34,0.341,832307
IIN,19991209,1.52,1.52,1.48,1.48,112019
ILU,19991209,3.84,3.85,3.77,3.77,136188
IMM,19991209,0.085,0.088,0.083,0.085,616186
IMP,19991209,0.094,0.094,0.088,0.088,945600
INC,19991209,1.56,1.56,1.56,1.56,3046
IND,19991209,0.53,0.53,0.5,0.51,30000
INF,19991209,0.56,0.56,0.53,0.53,723000
INM,19991209,0.023,0.023,0.02,0.02,4285000
INX,19991209,0.16,0.16,0.16,0.16,10000
ION,19991209,0.37,0.4,0.37,0.4,35141
IPH,19991209,1.82,1.88,1.81,1.88,7355
IRC,19991209,0.061,0.061,0.061,0.061,74567
ISC,19991209,0.742,0.76,0.7,0.7,637983
ISE,19991209,1.45,1.45,1.4,1.4,10000
ISP,19991209,0.29,0.29,0.29,0.29,4225
ITC,19991209,0.145,0.145,0.14,0.14,293000
ITE,19991209,0.866,0.89,0.81,0.88,728053
ITL,19991209,2.36,2.38,2.36,2.38,908500
ITP,19991209,0.39,0.4,0.38,0.39,61331
IWF,19991209,1.51,1.53,1.51,1.53,18000
IWL,19991209,0.41,0.44,0.41,0.43,548195
IXL,19991209,1.87,1.87,1.76,1.76,220859
JBG,19991209,0.51,0.52,0.51,0.52,31700
JJS,19991209,1.17,1.17,1.17,1.17,8300
JLA,19991209,0.092,0.098,0.09,0.09,52600
JOD,19991209,0.011,0.011,0.011,0.011,4458
JRV,19991209,0.05,0.05,0.05,0.05,150000
JUM,19991209,0.265,0.265,0.255,0.26,704200
JUP,19991209,3.107,3.13,3.107,3.11,35885
JWM,19991209,0.33,0.33,0.33,0.33,2000
JYC,19991209,1.81,1.81,1.8,1.8,4000
KBG,19991209,0.64,0.64,0.64,0.64,78000
KCG,19991209,0.23,0.23,0.225,0.225,10000
KCN,19991209,0.78,0.79,0.78,0.79,4137
KGM,19991209,0.34,0.345,0.34,0.345,5117
KIC,19991209,2.85,2.85,2.8,2.8,11100
KID,19991209,0.67,0.68,0.62,0.628,923275
KIM,19991209,0.39,0.39,0.385,0.385,14000
KLA,19991209,0.441,0.441,0.4,0.4,19000
KLS,19991209,0.16,0.21,0.16,0.18,985197
KMN,19991209,0.041,0.041,0.04,0.04,120000
KOV,19991209,1.72,1.72,1.7,1.7,1072
KRS,19991209,0.1,0.105,0.1,0.1,13000
KRZ,19991209,0.017,0.018,0.017,0.017,2467767
KSC,19991209,1.43,1.43,1.43,1.43,3704
KSM,19991209,0.225,0.225,0.205,0.22,2260139
KYC,19991209,8.1,8.45,8.05,8.45,55621
KYD,19991209,0.74,0.75,0.66,0.68,1521634
LAC,19991209,7.18,7.2,7.06,7.15,254463
LAF,19991209,0.15,0.15,0.15,0.15,2904
LAK,19991209,1.316,1.7,1.3,1.7,3180002
LCH,19991209,0.37,0.37,0.335,0.36,1136733
LEI,19991209,5.85,5.9,5.78,5.8,515984
LEO,19991209,0.13,0.13,0.125,0.125,1286484
LGO,19991209,0.06,0.06,0.058,0.058,26121
LHG,19991209,1.16,1.16,1.14,1.14,1001734
LIB,19991209,1.95,1.98,1.85,1.87,4753230
LKO,19991209,0.018,0.018,0.018,0.018,425000
LLC,19991209,21.31,21.7,21.31,21.35,645389
LMC,19991209,2.9,2.9,2.9,2.9,3500
LNN,19991209,3.4,3.4,3.4,3.4,428602
LON,19991209,0.275,0.275,0.27,0.27,16641
LSG,19991209,0.74,0.75,0.74,0.75,68000
LYG,19991209,0.15,0.15,0.15,0.15,8000
MAH,19991209,0.28,0.28,0.275,0.275,294802
MAQ,19991209,2.2,2.2,2.18,2.2,1544199
MAX,19991209,1.15,1.15,1.15,1.15,5000
MAY,19991209,4.05,4.08,4,4,1292034
MBC,19991209,14.1,14.1,14,14,4236
MBG,19991209,0.061,0.061,0.06,0.06,60000
MBL,19991209,24.55,24.73,24.5,24.6,570221
MBP,19991209,0.615,0.65,0.61,0.64,54500
MCA,19991209,0.7,0.71,0.68,0.68,99360
MCO,19991209,0.24,0.4,0.22,0.35,693732
MCP,19991209,1.14,1.15,1.13,1.15,84662
MCR,19991209,0.08,0.08,0.079,0.079,125509
MCW,19991209,1.54,1.54,1.53,1.53,72418
MDC,19991209,2.1,2.1,2.1,2.1,11746
MDR,19991209,0.26,0.26,0.26,0.26,3000
MED,19991209,0.41,0.47,0.41,0.47,490867
MEE,19991209,0.096,0.096,0.096,0.096,20000
MEX,19991209,0.57,0.57,0.57,0.57,8479
MGD,19991209,0.245,0.245,0.245,0.245,1766
MGR,19991209,3.24,3.27,3.24,3.24,229458
MGW,19991209,3.463,3.463,3.4,3.45,11420
MIC,19991209,0.1,0.105,0.1,0.1,573500
MIG,19991209,1.51,1.51,1.47,1.49,1071541
MIK,19991209,0.67,0.69,0.65,0.65,108000
MIM,19991209,1.36,1.36,1.33,1.35,7074080
MIP,19991209,1,1,0.98,0.98,109187
MIV,19991209,0.79,0.79,0.75,0.76,199662
MJN,19991209,0.27,0.28,0.27,0.27,189500
MLE,19991209,0.87,0.87,0.86,0.87,100102
MLT,19991209,8.919,9,8.919,9,8020
MMD,19991209,0.55,0.68,0.55,0.62,1805162
MME,19991209,0.9,0.9,0.89,0.9,51784
MMF,19991209,2.25,2.26,2.25,2.25,329727
MMN,19991209,0.045,0.045,0.043,0.043,180000
MND,19991209,3.7,3.7,3.7,3.7,11000
MNE,19991209,0.46,0.46,0.46,0.46,17925
MNG,19991209,0.12,0.12,0.115,0.115,70000
MOB,19991209,0.95,0.96,0.95,0.96,26751
MOD,19991209,0.115,0.115,0.115,0.115,7000
MOF,19991209,1.14,1.15,1.14,1.15,101528
MOO,19991209,0.115,0.12,0.115,0.12,37800
MOS,19991209,0.2,0.2,0.195,0.195,65000
MPH,19991209,0.55,0.55,0.5,0.52,121585
MPI,19991209,0.125,0.135,0.125,0.135,239446
MPL,19991209,0.13,0.135,0.125,0.13,1825643
MPO,19991209,0.09,0.09,0.088,0.088,381089
MQL,19991209,0.165,0.175,0.16,0.17,75500
MRC,19991209,0.11,0.11,0.11,0.11,61000
MRD,19991209,0.75,0.75,0.75,0.75,89065
MRH,19991209,0.26,0.26,0.26,0.26,4000
MRL,19991209,2.95,3.01,2.95,2.95,79703
MSD,19991209,0.2,0.2,0.18,0.19,123000
MSI,19991209,0.09,0.093,0.09,0.093,31754
MST,19991209,2.943,2.943,2.8,2.8,7500
MTB,19991209,0.13,0.13,0.13,0.13,100000
MTC,19991209,0.215,0.24,0.21,0.235,4776930
MTL,19991209,1.93,1.93,1.9,1.91,172736
MTR,19991209,0.62,0.63,0.57,0.58,2201676
MUL,19991209,0.79,0.81,0.76,0.8,2285867
MUR,19991209,0.5,0.52,0.5,0.51,340000
MXI,19991209,0.22,0.22,0.22,0.22,13462
MYO,19991209,11.85,12.1,11.85,12,37368
MZG,19991209,0.17,0.17,0.17,0.17,20400
NAB,19991209,22.944,23,22.72,22.74,1922000
NAM,19991209,0.72,0.72,0.72,0.72,22792
NAU,19991209,0.94,0.94,0.94,0.94,24626
NBH,19991209,3.3,3.33,3.25,3.3,1027309
NCM,19991209,4.665,4.71,4.65,4.71,661525
NCP,19991209,15.51,16.1,15.51,16,8340017
NDY,19991209,1.07,1.09,1.06,1.07,3000312
NEV,19991209,3.03,3.07,3.03,3.05,124000
NEX,19991209,0.048,0.049,0.045,0.046,467848
NFD,19991209,2.7,2.78,2.7,2.77,573127
NFG,19991209,0.21,0.21,0.2,0.2,18150
NFM,19991209,3.4,3.4,3.4,3.4,1550
NHG,19991209,0.25,0.25,0.24,0.25,96170
NHM,19991209,0.027,0.027,0.027,0.027,26905
NIX,19991209,1.399,1.399,1.35,1.39,9180
NLB,19991209,1.49,1.5,1.49,1.5,24570
NLY,19991209,1.96,1.97,1.96,1.97,9000
NMH,19991209,2.65,2.71,2.65,2.71,2533260
NML,19991209,2.08,2.08,2,2.05,87750
NMP,19991209,1.16,1.18,1.16,1.18,114551
NMW,19991209,1.58,1.58,1.55,1.55,159625
NNG,19991209,0.062,0.062,0.062,0.062,12000
NRL,19991209,0.51,0.56,0.5,0.55,153071
NRT,19991209,3.07,3.07,3.02,3.02,99557
NSL,19991209,0.28,0.28,0.28,0.28,22120
NTC,19991209,0.495,0.5,0.48,0.48,189100
NTS,19991209,0.135,0.135,0.135,0.135,36055
NVS,19991209,1.413,1.43,1.413,1.42,183439
NWL,19991209,1.27,1.27,1.23,1.25,1573156
NZO,19991209,0.39,0.39,0.36,0.36,34000
OEC,19991209,0.93,1.07,0.93,0.97,33647197
OHL,19991209,0.44,0.45,0.44,0.45,37000
OIL,19991209,2.392,2.392,2.32,2.35,66085
OML,19991209,1.6,1.6,1.56,1.56,101566
OMO,19991209,0.2,0.2,0.2,0.2,175000
ONE,19991209,2.37,2.46,2.37,2.43,684018
ONI,19991209,0.59,0.63,0.59,0.63,26000
OPS,19991209,2.83,2.85,2.78,2.85,92971
ORI,19991209,8.088,8.16,8.05,8.09,92024
OSH,19991209,2.1,2.1,2.02,2.03,626875
OSM,19991209,0.057,0.06,0.055,0.06,1679900
OTO,19991209,0.456,0.49,0.45,0.465,127644
OTR,19991209,0.7,0.7,0.7,0.7,35800
OTS,19991209,2.641,2.7,2.52,2.6,167000
OTT,19991209,3.79,3.85,3.75,3.82,539265
OXR,19991209,0.06,0.06,0.058,0.06,1346225
PAE,19991209,0.81,0.82,0.8,0.8,699195
PAH,19991209,0.443,0.47,0.443,0.46,266704
PAL,19991209,0.245,0.265,0.245,0.255,349414
PAS,19991209,1.49,1.5,1.46,1.46,2816587
PAT,19991209,1.9,1.92,1.9,1.92,47000
PBB,19991209,5,5,4.83,4.88,477914
PBL,19991209,11,11.2,11,11.167,1109371
PBV,19991209,2.53,2.53,2.48,2.53,8217
PBY,19991209,0.385,0.385,0.385,0.385,24935
PCE,19991209,0.48,0.5,0.475,0.475,311609
PCG,19991209,0.365,0.365,0.365,0.365,26138
PCO,19991209,1.377,1.377,1.33,1.35,241445
PCR,19991209,1.05,1.05,1,1.04,282469
PDC,19991209,1.1,1.1,1.09,1.1,54589
PDG,19991209,16,16,16,16,66
PDN,19991209,0.067,0.067,0.06,0.06,130000
PDP,19991209,2.19,2.24,2.18,2.22,4526755
PDR,19991209,0.125,0.125,0.125,0.125,159400
PEM,19991209,0.265,0.265,0.265,0.265,11750
PGL,19991209,4.3,4.4,4.3,4.35,6040
PGP,19991209,0.16,0.16,0.145,0.145,713050
PHA,19991209,1.07,1.07,1.07,1.07,460
PHD,19991209,0.12,0.12,0.115,0.115,104695
PHO,19991209,0.66,0.69,0.63,0.65,1164532
PHR,19991209,0.62,0.62,0.62,0.62,12500
PHY,19991209,1.23,1.23,1.21,1.23,174052
PIA,19991209,0.5,0.5,0.5,0.5,26000
PID,19991209,0.829,0.83,0.829,0.83,6061
PIP,19991209,0.73,0.74,0.73,0.73,750084
PLF,19991209,3.85,3.85,3.8,3.8,31700
PLL,19991209,2.01,2.4,2.01,2.21,143901
PLM,19991209,5.3,5.3,5.3,5.3,10000
PLT,19991209,3.35,3.4,3.3,3.3,38572
PLW,19991209,2.7,2.7,2.56,2.56,4621
PLX,19991209,1.34,1.39,1.33,1.35,93400
PMA,19991209,0.28,0.29,0.275,0.28,117820
PMC,19991209,1.17,1.2,1.17,1.2,321549
PML,19991209,1.35,1.4,1.35,1.4,37841
PMM,19991209,0.69,0.7,0.67,0.67,2543725
PMP,19991209,2.15,2.19,2.11,2.15,359357
PMT,19991209,11.2,11.2,11.2,11.2,200
PNA,19991209,0.095,0.095,0.091,0.091,72000
PNI,19991209,4.5,4.5,4.48,4.5,3410184
PNL,19991209,0.48,0.49,0.45,0.48,184900
PNO,19991209,0.607,0.66,0.6,0.61,257483
PPK,19991209,0.5,0.5,0.5,0.5,12000
PPL,19991209,0.265,0.265,0.265,0.265,6116
PPP,19991209,0.115,0.12,0.11,0.11,105900
PPT,19991209,18.9,19,18.7,19,19123
PRB,19991209,0.008,0.008,0.007,0.007,1283801
PRG,19991209,1.68,1.7,1.64,1.64,223750
PRI,19991209,5.1,5.3,5.1,5.15,230751
PRM,19991209,0.16,0.165,0.16,0.165,53333
PRO,19991209,4.15,4.15,4.05,4.06,116665
PRP,19991209,1.09,1.1,1.08,1.1,511110
PRR,19991209,0.14,0.15,0.14,0.15,160000
PRT,19991209,1.8,1.8,1.77,1.8,90109
PRX,19991209,0.72,0.72,0.72,0.72,201900
PRY,19991209,5,5,5,5,9500
PSA,19991209,0.209,0.22,0.209,0.21,68540
PSE,19991209,0.1,0.1,0.091,0.091,100710
PSI,19991209,0.21,0.21,0.21,0.21,91560
PTD,19991209,0.52,0.54,0.5,0.54,250682
PTL,19991209,0.45,0.45,0.44,0.45,114550
PTS,19991209,0.099,0.115,0.08,0.115,38518
PTZ,19991209,0.307,0.32,0.3,0.305,375181
PUL,19991209,0.65,0.65,0.6,0.6,151133
PVL,19991209,0.31,0.31,0.3,0.3,10000
PWT,19991209,2.558,2.6,2.54,2.55,780993
QAD,19991209,0.072,0.072,0.068,0.068,434536
QAN,19991209,3.88,4.02,3.87,3.92,13008646
QBE,19991209,6.55,6.65,6.55,6.65,830417
QCH,19991209,4.25,4.28,4.25,4.28,145577
QMC,19991209,0.42,0.43,0.41,0.425,6316085
QOP,19991209,0.07,0.07,0.07,0.07,78908
QRL,19991209,0.93,0.95,0.93,0.95,271602
QTK,19991209,0.175,0.195,0.17,0.19,11266643
QUE,19991209,0.46,0.46,0.44,0.45,55100
QUR,19991209,0.11,0.11,0.11,0.11,7345
RAC,19991209,0.74,0.74,0.7,0.71,206505
RAG,19991209,0.009,0.009,0.008,0.008,986340
RAL,19991209,1.4,1.4,1.33,1.35,310600
RBK,19991209,0.26,0.26,0.26,0.26,34208
RBS,19991209,1.75,1.75,1.75,1.75,43462
RCT,19991209,0.08,0.08,0.078,0.08,419525
RDF,19991209,3.5,3.5,3.42,3.42,32101
REA,19991209,0.825,1.02,0.825,1,435533
REB,19991209,0.88,0.89,0.88,0.89,8000
REC,19991209,1.46,1.46,1.46,1.46,5800
RFM,19991209,0.097,0.097,0.09,0.095,35150
RFR,19991209,0.095,0.095,0.09,0.09,87683
RGS,19991209,2.55,2.55,2.45,2.45,6582
RHC,19991209,0.99,0.99,0.98,0.99,78524
RIC,19991209,0.7,0.7,0.68,0.7,159449
RIM,19991209,0.4,0.4,0.39,0.39,18537
RIO,19991209,28.007,29,28.007,28.9,1112742
RKN,19991209,1.72,1.72,1.66,1.67,285558
RMD,19991209,6.9,7,6.9,7,166400
ROC,19991209,1.491,1.491,1.45,1.48,176867
ROR,19991209,0.14,0.145,0.14,0.14,70000
RRM,19991209,0.345,0.355,0.345,0.355,172700
RRR,19991209,0.17,0.17,0.16,0.165,239796
RSG,19991209,0.447,0.45,0.44,0.44,411545
RSM,19991209,0.41,0.41,0.385,0.4,191954
RTM,19991209,0.225,0.225,0.21,0.22,955347
RUP,19991209,4.98,4.98,4.93,4.93,5570
RUS,19991209,0.14,0.14,0.13,0.13,103000
RVS,19991209,0.295,0.295,0.285,0.29,666381
SAQ,19991209,4.06,4.06,4.06,4.06,1000
SAS,19991209,4.5,4.77,4.46,4.58,763514
SAT,19991209,0.385,0.39,0.37,0.38,469959
SBC,19991209,7.7,7.7,7.7,7.7,57688
SBE,19991209,1.96,1.96,1.96,1.96,2500
SBM,19991209,0.105,0.105,0.1,0.105,188945
SCD,19991209,0.115,0.115,0.11,0.115,260380
SCN,19991209,0.007,0.007,0.006,0.007,5186171
SCP,19991209,1.87,1.88,1.82,1.83,181267
SCS,19991209,0.52,0.52,0.455,0.465,2964116
SDC,19991209,1.62,1.73,1.62,1.7,71034
SDG,19991209,2.5,2.5,2.5,2.5,880
SDI,19991209,0.31,0.31,0.305,0.305,35000
SDR,19991209,0.63,0.63,0.63,0.63,10000
SDS,19991209,1.06,1.06,1.05,1.05,10000
SED,19991209,0.16,0.16,0.15,0.15,361000
SEN,19991209,0.485,0.55,0.485,0.55,1252108
SEV,19991209,5.45,5.51,5.25,5.28,169227
SFC,19991209,3,3.05,3,3.05,9566
SFL,19991209,0.78,0.78,0.77,0.78,53000
SFM,19991209,0.018,0.018,0.017,0.018,4463765
SGB,19991209,10.32,10.48,10.32,10.47,826470
SGC,19991209,0.85,0.95,0.84,0.9,1312691
SGN,19991209,6.75,6.75,6.75,6.75,1000
SGO,19991209,0.43,0.46,0.43,0.46,42000
SGP,19991209,3.3,3.3,3.28,3.3,349673
SGW,19991209,4.6,4.8,4.6,4.8,503379
SHL,19991209,6.701,6.75,6.7,6.73,575381
SHV,19991209,0.9,0.9,0.9,0.9,1000
SID,19991209,4.67,4.67,4.67,4.67,40185
SIG,19991209,1.94,1.94,1.93,1.93,86033
SKE,19991209,3.65,3.7,3.65,3.66,1265967
SKR,19991209,0.19,0.19,0.185,0.19,2202060
SLG,19991209,1.23,1.23,1.23,1.23,2316
SLX,19991209,3.71,3.8,3.63,3.65,79336
SME,19991209,8.192,8.192,8.01,8.02,209962
SMI,19991209,10.555,10.65,10.55,10.6,379018
SMS,19991209,5.399,5.399,5.3,5.3,33795
SMU,19991209,0.075,0.075,0.075,0.075,10000
SNF,19991209,1.13,1.13,1.13,1.13,7600
SNX,19991209,7.115,7.9,7.1,7.7,1177193
SOH,19991209,11.25,11.35,11.25,11.3,312125
SOL,19991209,38,38,38,38,21425
SOV,19991209,0.105,0.105,0.1,0.1,764586
SOX,19991209,0.26,0.26,0.23,0.23,24000
SPC,19991209,0.86,0.86,0.83,0.83,31500
SPK,19991209,1.29,1.32,1.28,1.31,546347
SPP,19991209,2.82,2.82,2.72,2.73,132485
SPS,19991209,1.45,1.45,1.45,1.45,2064
SPT,19991209,5.68,5.7,5.6,5.6,199777
SPX,19991209,0.105,0.115,0.105,0.115,381623
SRA,19991209,2.78,2.85,2.78,2.85,38547
SRI,19991209,0.043,0.046,0.043,0.046,300000
SRO,19991209,0.099,0.135,0.099,0.12,5876278
SRP,19991209,5.37,5.4,5.34,5.385,726004
SRV,19991209,2.45,2.48,2.35,2.48,146800
SSE,19991209,0.34,0.35,0.33,0.34,118650
SSI,19991209,2.38,2.4,2.35,2.38,62610
SSN,19991209,0.2,0.2,0.2,0.2,19496
SSR,19991209,0.88,0.89,0.88,0.89,35355
SSX,19991209,2.04,2.04,2.01,2.03,506918
STM,19991209,0.091,0.091,0.083,0.083,67000
STO,19991209,4.18,4.2,4.18,4.19,534910
STT,19991209,0.035,0.05,0.035,0.04,1140000
STU,19991209,0.185,0.185,0.185,0.185,28662
SUR,19991209,0.155,0.155,0.15,0.15,18000
SWD,19991209,0.78,0.78,0.78,0.78,4397
SWG,19991209,0.3,0.3,0.28,0.28,226790
SWS,19991209,3.4,3.4,3.4,3.4,19125
TAB,19991209,2.9,2.92,2.83,2.89,359186
TAG,19991209,0.46,0.46,0.46,0.46,2000
TAH,19991209,10.4,10.4,10.16,10.343,957722
TAI,19991209,0.095,0.099,0.095,0.095,353000
TAM,19991209,0.125,0.125,0.125,0.125,89020
TAN,19991209,1.58,1.58,1.55,1.55,6750
TAP,19991209,0.9,0.92,0.9,0.9,173000
TAT,19991209,0.335,0.34,0.335,0.34,23600
TBR,19991209,0.13,0.13,0.13,0.13,8268
TDG,19991209,0.92,0.93,0.92,0.93,31700
TEH,19991209,4.135,4.4,4.135,4.25,351591
TEL,19991209,6.98,7.03,6.86,6.92,206820
TEM,19991209,2.89,2.89,2.85,2.86,12990
TEN,19991209,2.224,2.24,2.21,2.21,630064
TGG,19991209,1.91,1.91,1.88,1.9,72006
TGL,19991209,0.195,0.21,0.195,0.2,1002595
TGO,19991209,0.64,0.65,0.61,0.65,141000
TGS,19991209,0.21,0.21,0.2,0.21,51934
THG,19991209,0.75,0.77,0.75,0.77,50000
TIF,19991209,0.992,0.992,0.97,0.97,143190
TIM,19991209,2.25,2.31,2.25,2.25,740710
TIR,19991209,0.13,0.135,0.13,0.135,7282
TKG,19991209,0.027,0.028,0.025,0.025,2649000
TLA,19991209,0.65,0.65,0.64,0.64,66000
TLN,19991209,0.087,0.087,0.086,0.086,69000
TLO,19991209,0.38,0.38,0.365,0.37,173568
TLS,19991209,8.9,9,8.85,8.95,10322143
TLT,19991209,0.35,0.35,0.35,0.35,20000
TML,19991209,0.25,0.25,0.21,0.22,1932623
TMN,19991209,3.1,3.35,3,3.25,192064
TMP,19991209,198,198.25,198,198.25,6845
TMS,19991209,1.98,2.02,1.95,2.02,53603
TNA,19991209,0.045,0.047,0.045,0.047,240440
TNE,19991209,2.7,3.05,2.62,2.816,3518855
TNY,19991209,1.313,1.4,1.3,1.39,148037
TOL,19991209,5.5,5.65,5.5,5.5,54242
TOR,19991209,1.26,1.3,1.26,1.26,16500
TPT,19991209,0.335,0.335,0.335,0.335,2559
TPX,19991209,9.75,9.75,9.75,9.75,1100
TQL,19991209,2.1,2.13,2.1,2.1,496408
TRC,19991209,0.255,0.255,0.25,0.255,100000
TRE,19991209,0.24,0.245,0.225,0.225,1120680
TRL,19991209,0.55,0.55,0.55,0.55,20000
TRY,19991209,0.38,0.39,0.37,0.39,14818
TSP,19991209,0.11,0.11,0.11,0.11,55000
TSS,19991209,1.08,1.08,1.05,1.05,10000
TTH,19991209,0.25,0.25,0.25,0.25,3786
TTR,19991209,0.115,0.12,0.11,0.12,101100
TVL,19991209,1.44,1.45,1.4,1.41,56650
TVN,19991209,0.76,0.79,0.76,0.78,60550
TWR,19991209,4.46,4.46,4.37,4.43,70512
TXR,19991209,0.049,0.052,0.049,0.052,2530953
UCL,19991209,0.14,0.15,0.12,0.12,18741609
UCR,19991209,2.31,2.34,2.28,2.29,78230
UEL,19991209,1.91,1.94,1.91,1.94,194234
USC,19991209,0.64,0.65,0.64,0.65,56625
VEN,19991209,0.19,0.19,0.19,0.19,1370500
VGL,19991209,1.82,2.02,1.81,2,505265
VHL,19991209,1.1,1.1,1.05,1.05,35590
VIT,19991209,0.35,0.35,0.34,0.35,93920
VNA,19991209,2.19,2.31,2.13,2.25,1494699
VOS,19991209,0.34,0.34,0.33,0.33,44536
VPE,19991209,0.049,0.05,0.047,0.049,1107500
VRL,19991209,3.15,3.15,3.1,3.1,100134
VSL,19991209,6.3,6.32,6.3,6.3,14610
VWD,19991209,0.93,0.94,0.92,0.92,7900
VWL,19991209,0.23,0.24,0.23,0.24,97141
WAK,19991209,1.74,1.74,1.73,1.73,11396
WAM,19991209,0.96,0.97,0.96,0.96,138500
WAN,19991209,5.25,5.25,5.22,5.22,224868
WBB,19991209,3.7,3.7,3.7,3.7,1500
WBC,19991209,10.75,10.78,10.65,10.68,3112768
WDM,19991209,0.325,0.325,0.325,0.325,20340
WDP,19991209,1.6,1.6,1.6,1.6,14000
WER,19991209,0.28,0.28,0.255,0.255,10000
WES,19991209,12.06,12.15,11.97,12,290385
WFA,19991209,1.51,1.52,1.51,1.52,483756
WFI,19991209,1.6,1.6,1.6,1.6,266
WFT,19991209,3.11,3.15,3.11,3.12,2496179
WGC,19991209,0.066,0.066,0.062,0.064,6631464
WHF,19991209,2.66,2.66,2.66,2.66,1218
WHL,19991209,0.44,0.45,0.43,0.43,177000
WIF,19991209,0.385,0.385,0.385,0.385,600
WIN,19991209,0.245,0.245,0.235,0.24,1445953
WJM,19991209,3.25,3.25,3.25,3.25,183528
WKC,19991209,0.8,0.81,0.8,0.81,179780
WMC,19991209,7.64,7.75,7.64,7.73,2750105
WME,19991209,0.07,0.07,0.07,0.07,162000
WMT,19991209,0.5,0.5,0.485,0.5,397674
WON,19991209,0.105,0.105,0.105,0.105,174575
WOW,19991209,5.05,5.09,4.97,4.97,7196790
WPL,19991209,11.16,11.27,10.8,10.9,1806516
WPT,19991209,1.58,1.6,1.57,1.6,439852
WSF,19991209,9.71,9.98,9.7,9.75,583115
WSG,19991209,0.86,0.89,0.81,0.86,4256159
WSM,19991209,0.55,0.65,0.51,0.58,2620373
WTE,19991209,0.03,0.03,0.021,0.025,60134957
WTP,19991209,0.45,0.45,0.44,0.44,547140
WVI,19991209,0.54,0.57,0.54,0.56,756799
WWA,19991209,0.405,0.405,0.405,0.405,8395
WWH,19991209,0.71,0.71,0.65,0.65,6850
WYL,19991209,4.37,4.4,4.35,4.36,54137
YAM,19991209,0.073,0.075,0.071,0.072,979500
YDR,19991209,0.175,0.195,0.175,0.185,806500
YTS,19991209,0.9,0.9,0.88,0.9,177642
ZAL,19991209,0.07,0.07,0.07,0.07,78572
ZEL,19991209,0.775,0.775,0.77,0.77,59800
ZIM,19991209,0.614,0.62,0.61,0.62,79694
ZYL,19991209,0.25,0.25,0.24,0.25,373090
