AAA,19990106,2.414,2.45,2.36,2.42,482236
AAP,19990106,4.45,4.49,4.34,4.43,798221
AAR,19990106,0.022,0.022,0.022,0.022,118178
AAV,19990106,0.44,0.44,0.42,0.42,50000
ABC,19990106,0.8,0.8,0.78,0.78,717395
ABD,19990106,0.039,0.04,0.039,0.04,196500
ABG,19990106,2.45,2.45,2.45,2.45,10000
ABN,19990106,0.8,0.81,0.8,0.81,28729
ACI,19990106,0.155,0.155,0.155,0.155,15000
ACY,19990106,0.85,0.86,0.85,0.86,82355
ADA,19990106,0.98,1.05,0.98,1.05,21000
ADB,19990106,6.55,6.75,6.55,6.69,44435
ADF,19990106,0.1,0.1,0.09,0.09,69500
ADH,19990106,0.17,0.17,0.17,0.17,15307
ADN,19990106,0.09,0.09,0.088,0.088,10000
ADT,19990106,1.54,1.54,1.54,1.54,500
ADX,19990106,0.17,0.17,0.17,0.17,22000
ADZ,19990106,3,3.1,3,3,52150
AEC,19990106,0.91,0.91,0.9,0.9,12750
AFI,19990106,2.85,2.95,2.85,2.89,241453
AFK,19990106,0.093,0.095,0.09,0.09,729368
AFW,19990106,0.061,0.061,0.061,0.061,40000
AGH,19990106,0.63,0.65,0.63,0.65,355000
AGL,19990106,12.1,12.18,12,12.14,473317
AGR,19990106,0.4,0.43,0.4,0.43,63000
AHD,19990106,4,4,3.98,3.98,181924
AHX,19990106,1.12,1.14,1.12,1.14,101600
AIP,19990106,1.12,1.12,1.11,1.12,203477
AIX,19990106,2.02,2.05,2,2.04,1437384
AIZ,19990106,2.745,2.745,2.745,2.745,7195
AJO,19990106,1.93,1.93,1.92,1.93,123974
AJR,19990106,0.94,0.95,0.92,0.92,186307
AJS,19990106,1.04,1.04,1.03,1.03,112316
AKC,19990106,4,4,3.98,4,72436
AKD,19990106,0.038,0.038,0.038,0.038,6000
AKL,19990106,0.14,0.155,0.14,0.155,287763
ALA,19990106,0.62,0.62,0.61,0.61,17426
ALK,19990106,0.31,0.31,0.31,0.31,13000
ALL,19990106,7.02,7.1,7.01,7.06,40400
ALO,19990106,0.89,0.89,0.88,0.88,36500
ALZ,19990106,1.1,1.11,1.09,1.1,1828170
AMC,19990106,6.86,6.89,6.7,6.78,1453056
AMI,19990106,0.065,0.065,0.065,0.065,374000
AML,19990106,1.45,1.48,1.41,1.41,43881
AMP,19990106,20.917,21,20.62,20.7,4880707
AMU,19990106,0.15,0.15,0.14,0.14,26800
ANC,19990106,3,3,3,3,5000
ANE,19990106,1.79,1.79,1.76,1.76,5600
ANI,19990106,1.14,1.15,1.14,1.15,2401290
ANK,19990106,0.4,0.41,0.4,0.4,24398
ANL,19990106,2.5,2.5,2.47,2.47,11700
ANZ,19990106,10.75,10.98,10.75,10.962,2468406
AOF,19990106,1.23,1.26,1.23,1.26,388949
AOG,19990106,1.65,1.67,1.61,1.61,124900
AOV,19990106,0.07,0.07,0.07,0.07,120000
APE,19990106,4,4,4,4,13170
APF,19990106,1.54,1.55,1.54,1.54,173540
APG,19990106,0.033,0.033,0.033,0.033,50000
API,19990106,2.07,2.09,2.06,2.09,88010
APN,19990106,2.3,2.31,2.27,2.27,40365
APU,19990106,0.21,0.21,0.21,0.21,10000
APY,19990106,0.98,1,0.98,1,18580
AQL,19990106,0.53,0.65,0.5,0.65,178137
AQS,19990106,0.38,0.38,0.38,0.38,14000
ARA,19990106,0.49,0.53,0.49,0.53,259135
ARC,19990106,0.145,0.145,0.145,0.145,20000
ARF,19990106,1.39,1.39,1.39,1.39,5000
ARG,19990106,3.36,3.36,3.32,3.35,96953
ARK,19990106,0.145,0.145,0.145,0.145,5250
ARL,19990106,3.11,3.12,3.08,3.11,217355
ARP,19990106,5,5,5,5,500
ARQ,19990106,0.235,0.235,0.235,0.235,14683
ARS,19990106,0.24,0.24,0.235,0.24,226373
ASB,19990106,1.18,1.19,1.18,1.19,154287
ASE,19990106,0.18,0.185,0.18,0.185,17999
ASG,19990106,0.033,0.033,0.033,0.033,100000
ASH,19990106,0.79,0.82,0.79,0.813,49925
ASL,19990106,0.45,0.45,0.45,0.45,9279
ASU,19990106,0.103,0.103,0.103,0.103,60000
ASX,19990106,8.968,9.1,8.96,9.1,386978
ATG,19990106,0.34,0.34,0.34,0.34,7588
ATI,19990106,0.2,0.2,0.2,0.2,4000
ATP,19990106,0.2,0.2,0.2,0.2,76500
AUC,19990106,0.405,0.405,0.405,0.405,2500
AUD,19990106,2.6,2.65,2.6,2.65,34900
AUG,19990106,1.29,1.32,1.29,1.32,37902
AUO,19990106,0.14,0.17,0.14,0.17,26028
AVJ,19990106,0.405,0.42,0.405,0.42,19000
AVR,19990106,0.69,0.69,0.68,0.69,263736
AWA,19990106,0.54,0.54,0.52,0.53,174176
AWE,19990106,0.385,0.385,0.385,0.385,6000
AWH,19990106,1.78,1.78,1.78,1.78,9239
AWI,19990106,0.418,0.465,0.4,0.42,580000
AXR,19990106,0.235,0.235,0.23,0.23,57100
AYO,19990106,0.32,0.32,0.32,0.32,20500
AZL,19990106,0.195,0.21,0.195,0.21,7500
BAT,19990106,28.3,28.3,28.3,28.3,1272
BCD,19990106,0.96,0.96,0.95,0.96,125772
BCH,19990106,0.071,0.071,0.071,0.071,12000
BDG,19990106,0.091,0.1,0.091,0.1,20500
BDL,19990106,0.7,0.7,0.7,0.7,182345
BDS,19990106,3,3,2.97,2.97,800
BEE,19990106,0.23,0.23,0.23,0.23,52000
BEN,19990106,6.3,6.32,6.22,6.25,116599
BGD,19990106,0.355,0.385,0.345,0.345,75000
BGF,19990106,0.12,0.12,0.11,0.11,8213
BHL,19990106,0.52,0.53,0.52,0.53,134255
BHP,19990106,11.86,12.1,11.83,12.05,2091675
BHT,19990106,0.75,0.75,0.73,0.73,1073485
BII,19990106,0.27,0.29,0.26,0.26,934320
BIL,19990106,41.853,43.2,41.8,43.15,369288
BIR,19990106,1.01,1.09,1.01,1.06,647396
BKA,19990106,0.15,0.15,0.15,0.15,46469
BKL,19990106,5,5,4.98,4.98,9200
BKR,19990106,0.265,0.27,0.265,0.27,20100
BKS,19990106,0.039,0.04,0.029,0.03,909250
BKW,19990106,32,32,32,32,7000
BLI,19990106,0.069,0.069,0.069,0.069,50000
BLO,19990106,0.18,0.18,0.17,0.17,92476
BLR,19990106,0.125,0.125,0.125,0.125,100000
BMX,19990106,0.195,0.2,0.185,0.185,156002
BOA,19990106,0.6,0.6,0.57,0.57,16000
BOC,19990106,0.19,0.19,0.19,0.19,51499
BOG,19990106,0.105,0.105,0.1,0.1,70958
BOR,19990106,2.3,2.32,2.27,2.28,2383243
BPC,19990106,0.13,0.135,0.125,0.13,2486502
BPT,19990106,0.031,0.031,0.031,0.031,28000
BQD,19990106,5.94,5.95,5.94,5.94,9800
BRI,19990106,0.18,0.185,0.18,0.18,318774
BRL,19990106,5.45,5.5,5.45,5.47,56492
BRN,19990106,0.315,0.315,0.31,0.31,16500
BRS,19990106,1.33,1.33,1.32,1.32,29927
BRY,19990106,0.4,0.415,0.395,0.405,1476768
BRZ,19990106,3.25,3.25,3.22,3.24,51939
BSO,19990106,3.81,3.81,3.8,3.8,14402
BTA,19990106,7.318,7.72,7.318,7.7,183336
BTE,19990106,0.68,0.69,0.67,0.68,170105
BTG,19990106,0.75,0.75,0.71,0.71,19815
BTL,19990106,3.15,3.2,3.15,3.2,27456
BTM,19990106,0.35,0.355,0.345,0.355,54704
BTO,19990106,1.38,1.39,1.38,1.39,163987
BTP,19990106,1.9,1.91,1.86,1.86,37096
BTY,19990106,3.41,3.41,3.4,3.4,786
BUG,19990106,0.98,0.98,0.98,0.98,600
BWA,19990106,3.34,3.46,3.34,3.39,431677
BWP,19990106,1.23,1.23,1.23,1.23,901800
BYI,19990106,0.96,0.96,0.96,0.96,1650
CAA,19990106,2.28,2.28,2.25,2.25,232419
CAD,19990106,1.58,1.58,1.58,1.58,22800
CAG,19990106,0.11,0.14,0.11,0.135,7578421
CAI,19990106,0.28,0.28,0.26,0.26,47000
CAT,19990106,0.245,0.255,0.245,0.255,58747
CBA,19990106,23.1,23.2,23.05,23.095,1377845
CBI,19990106,1.28,1.29,1.28,1.28,12129
CBN,19990106,0.08,0.08,0.08,0.08,6084
CBO,19990106,0.17,0.17,0.17,0.17,64294
CBS,19990106,26,26,26,26,3340
CCB,19990106,3.059,3.1,3.05,3.08,240928
CCH,19990106,0.16,0.175,0.16,0.175,36000
CCL,19990106,6.184,6.4,6.15,6.32,1879482
CCR,19990106,0.065,0.065,0.065,0.065,30000
CCV,19990106,0.195,0.195,0.19,0.19,70550
CDF,19990106,1.06,1.06,1.06,1.06,33000
CDL,19990106,0.15,0.15,0.15,0.15,5000
CED,19990106,0.35,0.35,0.3,0.3,54000
CEP,19990106,2.81,2.85,2.81,2.85,218423
CEQ,19990106,1.74,1.78,1.74,1.78,22983
CEV,19990106,0.05,0.05,0.05,0.05,75630
CEW,19990106,1.43,1.43,1.4,1.4,10750
CEY,19990106,0.56,0.57,0.55,0.55,79053
CFA,19990106,0.175,0.175,0.175,0.175,15000
CGD,19990106,0.53,0.54,0.53,0.54,20800
CGH,19990106,5.827,5.99,5.75,5.97,1726916
CHF,19990106,0.61,0.62,0.54,0.6,379095
CHL,19990106,0.37,0.37,0.37,0.37,42270
CHY,19990106,1.62,1.62,1.62,1.62,6100
CIA,19990106,1.35,1.35,1.34,1.34,62330
CID,19990106,0.32,0.32,0.32,0.32,55000
CIH,19990106,0.245,0.255,0.245,0.25,244189
CIM,19990106,0.052,0.052,0.05,0.05,469800
CIO,19990106,0.29,0.3,0.29,0.3,29778
CIP,19990106,2.08,2.1,2.08,2.08,78771
CLI,19990106,3.35,3.4,3.35,3.35,24800
CLO,19990106,0.7,0.7,0.7,0.7,349100
CLR,19990106,0.642,0.642,0.61,0.62,177894
CMC,19990106,6.25,6.25,6.044,6.044,28498
CMF,19990106,1.2,1.21,1.19,1.2,162957
CML,19990106,8.75,8.82,8.58,8.79,1290808
CMR,19990106,0.3,0.3,0.3,0.3,3500
CMU,19990106,0.84,0.84,0.84,0.84,5200
CMX,19990106,0.26,0.26,0.26,0.26,8136
CMZ,19990106,0.455,0.46,0.45,0.46,209490
CNA,19990106,8.7,8.7,8.7,8.7,25000
CND,19990106,2.5,2.68,2.5,2.67,155920
CNG,19990106,0.5,0.5,0.5,0.5,5000
CNN,19990106,0.25,0.26,0.25,0.26,76000
CNT,19990106,0.105,0.11,0.105,0.11,240333
COA,19990106,3.02,3.05,3.02,3.05,6742
COC,19990106,2.01,2.01,2,2,54023
COF,19990106,2.31,2.31,2.31,2.31,2400
COG,19990106,0.043,0.043,0.043,0.043,12857
COH,19990106,8.8,9.01,8.8,8.9,8142
COT,19990106,1.3,1.31,1.3,1.3,128160
CPC,19990106,0.097,0.097,0.095,0.097,151300
CPI,19990106,2.03,2.03,2.02,2.02,63190
CPL,19990106,2.15,2.18,2.15,2.17,357870
CPU,19990106,8.02,8.25,8.02,8.16,71589
CPY,19990106,0.81,0.81,0.8,0.8,885751
CQT,19990106,0.23,0.23,0.205,0.205,228000
CRG,19990106,8.8,8.8,8.75,8.75,9010
CRO,19990106,0.64,0.65,0.64,0.65,27005681
CRS,19990106,0.265,0.265,0.265,0.265,26250
CRT,19990106,0.8,0.81,0.8,0.8,62025
CRV,19990106,0.5,0.51,0.495,0.495,29201
CSA,19990106,0.32,0.335,0.32,0.33,188000
CSL,19990106,13.908,14,13.86,13.95,133631
CSP,19990106,0.28,0.28,0.27,0.27,71300
CSR,19990106,3.9,3.92,3.85,3.9,1150062
CTL,19990106,4.15,4.2,4.13,4.15,95886
CTO,19990106,0.18,0.18,0.18,0.18,10000
CTR,19990106,0.37,0.37,0.355,0.36,478001
CTX,19990106,3.95,4.02,3.91,3.91,439390
CTY,19990106,1.76,1.76,1.76,1.76,1800
CUE,19990106,0.049,0.05,0.049,0.049,560000
CVI,19990106,0.95,0.95,0.95,0.95,11340
CVN,19990106,0.13,0.13,0.125,0.13,153975
CWI,19990106,1.58,1.6,1.55,1.55,280990
CWO,19990106,3.79,3.82,3.68,3.72,15488434
CWP,19990106,0.88,0.88,0.88,0.88,6000
CXA,19990106,0.095,0.095,0.087,0.087,20000
CXP,19990106,1.5,1.52,1.5,1.52,86423
CXR,19990106,0.09,0.092,0.086,0.092,872455
CYG,19990106,5.1,5.1,5.1,5.1,1000
CYH,19990106,0.099,0.1,0.098,0.1,497500
DAD,19990106,4,4.18,4,4.18,136212
DAR,19990106,1.05,1.05,1.05,1.05,10000
DDV,19990106,0.135,0.135,0.135,0.135,4000
DEF,19990106,0.034,0.036,0.034,0.036,196000
DGD,19990106,2.41,2.48,2.41,2.45,190460
DGN,19990106,0.045,0.047,0.045,0.047,79600
DIO,19990106,0.038,0.039,0.038,0.039,288180
DJS,19990106,1.84,1.85,1.83,1.85,535599
DJW,19990106,3.844,3.88,3.82,3.88,18005
DMR,19990106,0.11,0.11,0.11,0.11,37667
DNR,19990106,0.07,0.09,0.07,0.09,44577
DOM,19990106,0.4,0.4,0.4,0.4,72500
DOR,19990106,0.19,0.195,0.19,0.195,150000
DPG,19990106,5.16,5.2,5.16,5.2,114443
DRN,19990106,0.155,0.155,0.15,0.15,50000
DSH,19990106,0.67,0.67,0.67,0.67,6000
DTL,19990106,2.55,2.55,2.45,2.45,27594
DUI,19990106,1.45,1.45,1.42,1.42,52000
DVD,19990106,0.48,0.48,0.465,0.47,26586
DVN,19990106,0.66,0.66,0.65,0.65,38285
EAM,19990106,1.31,1.31,1.3,1.3,136042
EBG,19990106,0.061,0.061,0.061,0.061,16000
EBR,19990106,0.085,0.085,0.085,0.085,170000
ECA,19990106,0.44,0.44,0.44,0.44,16291
ECM,19990106,0.5,0.5,0.5,0.5,135
EDI,19990106,3.85,3.9,3.85,3.88,1247228
EEC,19990106,0.29,0.3,0.29,0.29,166900
EGO,19990106,0.135,0.135,0.13,0.13,45000
ELT,19990106,1.2,1.21,1.2,1.2,94700
EML,19990106,2.3,2.34,2.27,2.34,440500
EMP,19990106,0.59,0.59,0.55,0.59,28700
ENE,19990106,2.75,2.75,2.73,2.73,59208
ENV,19990106,0.98,0.99,0.97,0.98,146612
EQM,19990106,4.7,4.7,4.7,4.7,300
EQR,19990106,0.14,0.14,0.14,0.14,10000
EQT,19990106,7,7,7,7,2000
ERA,19990106,1.6,1.62,1.6,1.62,18731
ERG,19990106,1.13,1.15,1.13,1.13,370685
ESI,19990106,0.28,0.28,0.275,0.28,46748
ETR,19990106,2.75,2.8,2.55,2.75,726934
EWL,19990106,0.27,0.27,0.27,0.27,4913
EXO,19990106,0.21,0.21,0.21,0.21,11500
EXS,19990106,0.33,0.345,0.33,0.345,46500
EZY,19990106,0.24,0.24,0.24,0.24,3150
FAF,19990106,0.58,0.59,0.58,0.58,32003
FAI,19990106,0.73,0.74,0.73,0.74,415091
FAR,19990106,0.15,0.15,0.15,0.15,12000
FBG,19990106,4.58,4.79,4.58,4.75,4467333
FBI,19990106,1.6,1.6,1.6,1.6,1000
FCL,19990106,1.85,1.85,1.81,1.818,1101970
FFL,19990106,1.49,1.49,1.45,1.49,70243
FGR,19990106,0.029,0.029,0.029,0.029,12100
FHF,19990106,7.8,8.08,7.8,8,368482
FIF,19990106,4.84,4.85,4.83,4.85,109563
FIG,19990106,0.03,0.03,0.028,0.03,250000
FIM,19990106,0.085,0.085,0.08,0.08,153950
FKP,19990106,1.126,1.15,1.12,1.15,20300
FLL,19990106,0.95,0.96,0.95,0.96,237247
FLT,19990106,4.35,4.38,4.35,4.38,5461
FMH,19990106,2.4,2.41,2.35,2.35,13709
FNC,19990106,0.013,0.014,0.013,0.014,337000
FOA,19990106,10.35,10.5,10.34,10.46,1055002
FPF,19990106,1.02,1.02,1.02,1.02,936
FPG,19990106,0.75,0.75,0.75,0.75,3673
FRD,19990106,0.16,0.16,0.16,0.16,289
FRM,19990106,0.82,0.82,0.82,0.82,2700
FRO,19990106,0.069,0.069,0.069,0.069,150000
FST,19990106,2.96,2.97,2.95,2.95,23003
FTR,19990106,0.12,0.13,0.12,0.13,20000
FTU,19990106,0.011,0.011,0.01,0.01,705430
FXF,19990106,0.285,0.29,0.28,0.29,2678445
FXJ,19990106,3.3,3.35,3.26,3.33,1244104
FZC,19990106,5.1,5.1,5.1,5.1,650
GAN,19990106,1.31,1.34,1.3,1.3,409619
GAW,19990106,0.077,0.077,0.075,0.075,14980
GCC,19990106,0.205,0.215,0.205,0.215,53675
GCM,19990106,1.2,1.24,1.2,1.24,816431
GDA,19990106,0.015,0.018,0.015,0.018,123182
GDC,19990106,0.042,0.046,0.042,0.046,64254
GDH,19990106,0.155,0.155,0.155,0.155,5000
GDL,19990106,0.28,0.28,0.28,0.28,7500
GDM,19990106,0.345,0.345,0.345,0.345,63000
GDN,19990106,0.05,0.05,0.05,0.05,30000
GDP,19990106,1.25,1.25,1.2,1.2,150000
GEE,19990106,0.23,0.24,0.23,0.24,284160
GEL,19990106,0.21,0.21,0.21,0.21,25000
GEP,19990106,0.03,0.03,0.03,0.03,8000
GFA,19990106,6.25,6.25,6.25,6.25,341
GFD,19990106,0.46,0.46,0.46,0.46,10000
GGY,19990106,0.076,0.076,0.075,0.075,25666
GHG,19990106,1.52,1.52,1.45,1.52,234171
GHL,19990106,0.235,0.235,0.21,0.215,4328846
GHP,19990106,1.19,1.21,1.19,1.21,48200
GHR,19990106,0.265,0.265,0.265,0.265,3149
GIO,19990106,5.15,5.2,5.12,5.16,2277140
GIP,19990106,0.035,0.035,0.035,0.035,12000
GKL,19990106,0.52,0.52,0.52,0.52,3680
GLD,19990106,1.3,1.37,1.3,1.36,15755
GLT,19990106,0.135,0.15,0.135,0.15,55000
GME,19990106,0.08,0.08,0.08,0.08,33846
GMF,19990106,1.69,1.69,1.65,1.69,5047392
GMS,19990106,0.58,0.58,0.56,0.56,48200
GNC,19990106,10.9,10.9,10.9,10.9,3600
GNR,19990106,0.03,0.03,0.03,0.03,120000
GOW,19990106,2.28,2.28,2.2,2.2,3000
GPN,19990106,0.044,0.045,0.044,0.045,858405
GPT,19990106,3.07,3.08,3.05,3.07,2028307
GPY,19990106,0.185,0.185,0.185,0.185,9844
GRA,19990106,0.28,0.28,0.28,0.28,19332
GRD,19990106,0.35,0.36,0.35,0.36,194000
GRE,19990106,0.1,0.1,0.1,0.1,54166
GRI,19990106,0.074,0.075,0.074,0.075,15416
GRN,19990106,0.082,0.082,0.08,0.08,11861
GRT,19990106,1.05,1.05,1.05,1.05,3000
GSE,19990106,0.053,0.053,0.053,0.053,10000
GSP,19990106,1.499,1.54,1.4,1.4,34588
GTL,19990106,0.12,0.12,0.12,0.12,7000
GTM,19990106,0.12,0.125,0.12,0.12,198850
GTN,19990106,0.45,0.45,0.45,0.45,6800
GTS,19990106,0.11,0.115,0.105,0.115,58000
GUD,19990106,2.63,2.65,2.63,2.63,77413
GUL,19990106,0.065,0.065,0.065,0.065,100000
GVM,19990106,0.165,0.18,0.165,0.18,78449
GWT,19990106,2.72,2.72,2.7,2.72,23512
GYM,19990106,0.305,0.305,0.305,0.305,11235
GZL,19990106,1.5,1.5,1.5,1.5,1000
HAH,19990106,3.3,3.31,3.2,3.25,105141
HAO,19990106,0.19,0.19,0.19,0.19,195750
HAR,19990106,0.36,0.36,0.36,0.36,94000
HBL,19990106,0.5,0.5,0.5,0.5,31722
HCO,19990106,4.39,4.57,4.39,4.57,127737
HDR,19990106,0.043,0.046,0.043,0.046,120000
HER,19990106,0.23,0.23,0.22,0.22,18825
HEX,19990106,0.04,0.04,0.04,0.04,222000
HFY,19990106,0.83,0.85,0.83,0.85,584907
HIC,19990106,0.53,0.53,0.53,0.53,295500
HIG,19990106,0.26,0.28,0.26,0.28,10880
HIH,19990106,2.18,2.24,2.17,2.22,1928669
HIL,19990106,2.43,2.43,2.4,2.43,118821
HLL,19990106,0.035,0.035,0.035,0.035,10000
HLN,19990106,0.385,0.385,0.37,0.37,56000
HLX,19990106,0.2,0.2,0.2,0.2,10000
HLY,19990106,4.24,4.24,4.17,4.17,13804
HMC,19990106,0.052,0.052,0.052,0.052,10000
HNG,19990106,1.64,1.7,1.64,1.7,6208
HOY,19990106,1.36,1.37,1.35,1.37,1134263
HPA,19990106,0.09,0.092,0.086,0.086,660500
HPL,19990106,0.86,0.86,0.84,0.84,36000
HRP,19990106,1.31,1.31,1.3,1.3,94580
HRR,19990106,0.135,0.135,0.135,0.135,3000
HRT,19990106,0.145,0.145,0.14,0.145,73449
HRW,19990106,1.68,1.68,1.66,1.68,74355
HSL,19990106,2.32,2.38,2.31,2.31,20664
HSM,19990106,15.1,15.1,15.1,15.1,3317
HSP,19990106,0.53,0.53,0.5,0.5,22000
HTL,19990106,1.05,1.05,1.05,1.05,7000
HVN,19990106,12.6,12.72,12.6,12.62,10961
IAM,19990106,2.507,2.51,2.45,2.45,18283
ICN,19990106,0.049,0.049,0.046,0.046,100000
ICT,19990106,5.79,5.85,5.78,5.85,457686
IFA,19990106,0.68,0.72,0.68,0.71,1127109
IFT,19990106,1.75,1.8,1.73,1.73,1136385
IGM,19990106,0.065,0.065,0.06,0.06,48200
IHG,19990106,0.55,0.6,0.55,0.57,71957
IIT,19990106,1.55,1.55,1.54,1.54,408000
ILH,19990106,0.2,0.2,0.2,0.2,20000
IMM,19990106,0.06,0.06,0.053,0.055,457962
IMP,19990106,0.044,0.044,0.04,0.042,750000
IMR,19990106,0.03,0.03,0.03,0.03,1973
INF,19990106,0.16,0.17,0.16,0.17,33750
INX,19990106,0.17,0.17,0.17,0.17,94784
IPH,19990106,1.87,1.87,1.86,1.86,292802
IPY,19990106,1.01,1.01,1,1,1131743
IRC,19990106,0.05,0.05,0.046,0.047,210000
ITN,19990106,0.026,0.026,0.026,0.026,60000
IXL,19990106,0.44,0.44,0.4,0.4,56000
JJS,19990106,1.6,1.6,1.55,1.6,8600
JLA,19990106,0.07,0.07,0.07,0.07,2800
JRV,19990106,0.066,0.066,0.066,0.066,20000
JUP,19990106,3.32,3.45,3.32,3.45,114213
JWM,19990106,4.05,4.05,4.05,4.05,50200
JYC,19990106,1.54,1.54,1.54,1.54,10012
KCG,19990106,0.105,0.105,0.105,0.105,50000
KCN,19990106,0.45,0.48,0.45,0.47,60000
KGM,19990106,0.48,0.48,0.48,0.48,71
KIM,19990106,0.23,0.23,0.225,0.225,12630
KLS,19990106,0.094,0.094,0.094,0.094,19200
KMN,19990106,0.028,0.028,0.026,0.026,184000
KSC,19990106,1.4,1.4,1.4,1.4,10000
KYC,19990106,2.144,2.34,2.13,2.17,318855
KYD,19990106,0.18,0.18,0.18,0.18,3500
LAC,19990106,3.408,3.43,3.4,3.43,39220
LAF,19990106,0.064,0.07,0.064,0.07,188000
LDW,19990106,1.85,1.85,1.85,1.85,14669
LEG,19990106,0.2,0.2,0.2,0.2,43605
LEI,19990106,6.9,6.95,6.88,6.92,338206
LEO,19990106,0.075,0.079,0.075,0.079,200000
LEV,19990106,4.03,4.03,4.03,4.03,1500
LHG,19990106,1.81,1.81,1.73,1.764,966115
LIB,19990106,4.1,4.31,3.99,4.31,1272980
LJF,19990106,0.015,0.015,0.015,0.015,12500
LKO,19990106,0.02,0.02,0.019,0.019,544500
LLC,19990106,22.85,23.2,22.76,22.95,837853
LNN,19990106,4.18,4.2,4.1,4.1,110548
LWT,19990106,0.82,0.82,0.81,0.81,132171
LYG,19990106,0.175,0.175,0.16,0.175,28000
MAH,19990106,0.49,0.5,0.47,0.47,386169
MAX,19990106,1,1.02,1,1.02,6000
MAY,19990106,6.1,6.13,6.1,6.13,1692124
MBC,19990106,9.1,9.5,9.1,9.5,773700
MBK,19990106,4.36,4.39,4.34,4.36,185588
MBL,19990106,17.21,18,17.21,17.78,278352
MBM,19990106,0.185,0.19,0.18,0.18,261000
MBP,19990106,0.29,0.32,0.25,0.295,645000
MCP,19990106,1.1,1.1,1.06,1.06,10775
MCT,19990106,0.165,0.165,0.16,0.16,50000
MDC,19990106,3,3,3,3,10500
MED,19990106,0.61,0.65,0.57,0.57,269964
MEE,19990106,0.155,0.16,0.155,0.16,80200
MGD,19990106,0.25,0.26,0.235,0.25,63638
MGW,19990106,2.48,2.48,2.47,2.48,21200
MHI,19990106,0.1,0.1,0.1,0.1,89100
MIM,19990106,0.72,0.72,0.71,0.71,3114788
MJN,19990106,0.092,0.092,0.092,0.092,100000
MKA,19990106,0.17,0.17,0.17,0.17,75000
MLT,19990106,9,9,9,9,6500
MMD,19990106,0.16,0.16,0.145,0.145,381000
MMF,19990106,2.38,2.38,2.35,2.35,15761
MNE,19990106,0.115,0.12,0.115,0.12,114000
MNG,19990106,0.16,0.16,0.16,0.16,6000
MOM,19990106,0.06,0.06,0.06,0.06,50000
MOS,19990106,0.26,0.26,0.255,0.26,113821
MPH,19990106,0.2,0.2,0.2,0.2,25000
MPT,19990106,1.52,1.53,1.51,1.52,1643686
MQL,19990106,0.16,0.16,0.16,0.16,20000
MRC,19990106,0.15,0.15,0.145,0.15,75500
MRD,19990106,0.83,0.84,0.83,0.83,2118546
MRH,19990106,0.47,0.47,0.43,0.46,36450
MRL,19990106,1.38,1.42,1.37,1.42,47500
MRV,19990106,1.636,1.66,1.636,1.66,197750
MSD,19990106,0.15,0.15,0.15,0.15,1200
MSF,19990106,9.2,9.2,9.2,9.2,200
MSG,19990106,0.195,0.195,0.195,0.195,3000
MSI,19990106,0.095,0.095,0.095,0.095,20000
MTB,19990106,0.08,0.08,0.08,0.08,200000
MTC,19990106,0.093,0.093,0.093,0.093,13935
MTK,19990106,0.74,0.74,0.7,0.74,53614
MTL,19990106,1.2,1.2,1.17,1.17,31800
MUR,19990106,0.285,0.285,0.285,0.285,67150
MXI,19990106,0.33,0.33,0.33,0.33,23833
MZG,19990106,0.125,0.125,0.125,0.125,50000
NAB,19990106,25.09,25.44,25.05,25.274,2721369
NAM,19990106,0.77,0.78,0.77,0.78,21000
NAU,19990106,0.4,0.4,0.4,0.4,9000
NBH,19990106,2.42,2.43,2.37,2.39,7866535
NCC,19990106,1.05,1.1,1.05,1.1,12600
NCM,19990106,2.278,2.304,2.25,2.304,436448
NCP,19990106,10.8,10.95,10.7,10.858,1966909
NDY,19990106,1.54,1.54,1.52,1.53,2394011
NFD,19990106,2.96,2.99,2.91,2.943,3222141
NFG,19990106,0.23,0.245,0.23,0.24,48000
NFM,19990106,3.3,3.3,3.3,3.3,4000
NGH,19990106,0.047,0.047,0.047,0.047,3281
NHG,19990106,0.18,0.18,0.17,0.17,88326
NHR,19990106,0.654,0.68,0.654,0.68,8000
NIM,19990106,0.395,0.395,0.395,0.395,10000
NIV,19990106,0.06,0.06,0.06,0.06,100000
NIX,19990106,1.241,1.25,1.24,1.24,303750
NLY,19990106,1.9,1.9,1.85,1.85,12220
NMH,19990106,2.98,3.03,2.95,3.02,1660881
NML,19990106,2.2,2.2,2.2,2.2,500
NMP,19990106,1.42,1.42,1.38,1.38,1082725
NMW,19990106,1.07,1.09,1.07,1.09,6490
NRT,19990106,2.69,2.9,2.69,2.85,168227
NSL,19990106,0.275,0.275,0.275,0.275,4000
NTW,19990106,0.125,0.125,0.125,0.125,70400
NVS,19990106,1.42,1.43,1.38,1.4,112576
OEC,19990106,0.56,0.58,0.56,0.58,220569
OFT,19990106,0.47,0.48,0.47,0.48,6300
OHL,19990106,0.51,0.51,0.51,0.51,4000
OIL,19990106,0.18,0.18,0.18,0.18,58000
OML,19990106,1.66,1.68,1.6,1.6,238916
OMO,19990106,0.16,0.17,0.16,0.17,58000
ONE,19990106,5.9,5.9,5.75,5.8,12120
OPS,19990106,3.25,3.3,3.2,3.22,1559878
ORI,19990106,8.48,8.53,8.46,8.479,598915
OSH,19990106,1.51,1.54,1.48,1.48,1209571
OTR,19990106,0.926,0.93,0.9,0.9,35688
OZM,19990106,3.533,3.55,3.46,3.47,341395
PAL,19990106,0.11,0.11,0.105,0.11,95045
PAS,19990106,1.21,1.22,1.18,1.19,2324842
PAT,19990106,2.18,2.18,2.15,2.15,15000
PBB,19990106,4.5,4.55,4.5,4.51,106025
PBL,19990106,7.45,7.59,7.45,7.55,1669624
PBV,19990106,2.5,2.5,2.48,2.5,19000
PBY,19990106,0.3,0.3,0.29,0.29,189000
PCE,19990106,0.18,0.18,0.175,0.175,76440
PCG,19990106,0.21,0.21,0.21,0.21,22607
PCO,19990106,0.62,0.68,0.62,0.64,1040070
PCR,19990106,0.29,0.295,0.29,0.295,100000
PDC,19990106,1.27,1.28,1.27,1.27,112500
PDG,19990106,18.5,18.5,18.5,18.5,40
PDN,19990106,0.14,0.14,0.135,0.135,20000
PDP,19990106,2.6,2.68,2.6,2.67,1767013
PEA,19990106,0.28,0.28,0.28,0.28,11400
PEM,19990106,0.24,0.24,0.22,0.22,15000
PFP,19990106,1.5,1.5,1.5,1.5,4000
PGL,19990106,4.99,5,4.95,4.95,17700
PGT,19990106,0.145,0.15,0.145,0.15,24000
PHD,19990106,0.14,0.16,0.14,0.16,85349
PHO,19990106,0.16,0.16,0.16,0.16,30000
PHR,19990106,0.55,0.55,0.55,0.55,15000
PHT,19990106,0.94,0.94,0.94,0.94,6200
PHY,19990106,0.84,0.84,0.83,0.84,105320
PID,19990106,0.89,0.9,0.89,0.9,212266
PII,19990106,1.18,1.19,1.17,1.18,372193
PIP,19990106,0.78,0.78,0.77,0.77,719111
PLF,19990106,1.35,1.35,1.35,1.35,9100
PLL,19990106,0.84,0.84,0.84,0.84,2000
PLM,19990106,4.68,4.68,4.65,4.65,3650
PLT,19990106,2.26,2.32,2.26,2.32,10612
PLW,19990106,2.16,2.2,2.16,2.2,15000
PMA,19990106,0.39,0.45,0.39,0.44,97000
PMC,19990106,1.07,1.08,1.07,1.08,87953
PML,19990106,0.95,0.95,0.95,0.95,18300
PMM,19990106,0.84,0.85,0.84,0.84,56019
PMP,19990106,3,3.01,2.95,2.99,148562
PMT,19990106,8.9,8.9,8.9,8.9,14220
PNA,19990106,0.105,0.105,0.105,0.105,20000
PNI,19990106,3.51,3.55,3.5,3.5,1076498
PNL,19990106,0.16,0.16,0.15,0.15,125382
PPP,19990106,0.1,0.1,0.1,0.1,45000
PPT,19990106,17.2,17.4,17.2,17.4,90173
PRE,19990106,0.033,0.033,0.033,0.033,21668
PRL,19990106,0.68,0.68,0.67,0.67,209500
PRM,19990106,0.19,0.2,0.19,0.2,74328
PRO,19990106,1.02,1.05,1.02,1.05,12000
PRP,19990106,1.13,1.16,1.13,1.15,814524
PRT,19990106,2.212,2.27,2.212,2.27,59519
PRX,19990106,0.9,0.9,0.88,0.89,141135
PRY,19990106,1.6,1.8,1.6,1.8,50000
PSA,19990106,0.55,0.55,0.51,0.51,333877
PSN,19990106,20.5,20.5,20,20,1261
PSR,19990106,1.022,1.022,0.95,0.97,45150
PSV,19990106,0.37,0.38,0.37,0.38,50000
PTD,19990106,0.83,0.84,0.81,0.84,667900
PTS,19990106,0.17,0.17,0.17,0.17,25000
PTZ,19990106,0.57,0.57,0.54,0.54,639696
PWT,19990106,0.84,0.88,0.83,0.84,847231
QAN,19990106,3.4,3.47,3.39,3.46,2232442
QBE,19990106,6.78,6.86,6.78,6.84,778488
QCH,19990106,4.89,4.89,4.88,4.88,3100
QMC,19990106,0.7,0.7,0.67,0.67,57966
QOP,19990106,0.095,0.095,0.095,0.095,500
QRL,19990106,1,1,0.97,0.97,587815
QST,19990106,0.175,0.175,0.175,0.175,20000
QUE,19990106,0.7,0.7,0.65,0.65,116080
QUR,19990106,0.3,0.3,0.3,0.3,10520
RAC,19990106,2.408,2.5,2.408,2.48,1717612
RAG,19990106,0.005,0.005,0.005,0.005,40467
RBK,19990106,0.365,0.37,0.34,0.37,1157650
RBS,19990106,1.82,1.82,1.82,1.82,10000
RCR,19990106,0.22,0.22,0.22,0.22,10000
RCT,19990106,0.05,0.06,0.05,0.06,185800
RDF,19990106,0.89,0.92,0.89,0.92,21500
REB,19990106,1,1,0.96,0.97,75797
REC,19990106,1.32,1.36,1.32,1.36,12000
RFR,19990106,0.1,0.105,0.1,0.1,112260
RGR,19990106,0.015,0.015,0.015,0.015,86550
RGS,19990106,3.82,3.84,3.82,3.83,75681
RHC,19990106,1.62,1.64,1.62,1.63,41500
RHO,19990106,0.01,0.01,0.01,0.01,154999
RIC,19990106,1.1,1.12,1.08,1.1,168550
RIO,19990106,19,19.08,18.83,18.997,770850
ROK,19990106,2.45,2.5,2.45,2.5,3751
RPM,19990106,0.06,0.06,0.05,0.05,66000
RRN,19990106,0.007,0.007,0.006,0.006,290000
RRR,19990106,0.073,0.073,0.073,0.073,5000
RSG,19990106,1.18,1.22,1.18,1.22,802203
RSM,19990106,0.87,0.9,0.86,0.86,29542
RTH,19990106,11.6,11.6,11.45,11.5,53185
RTS,19990106,0.51,0.55,0.51,0.55,70001
RUP,19990106,5.26,5.26,5.25,5.25,103998
RUS,19990106,0.125,0.125,0.125,0.125,7800
RVS,19990106,0.075,0.08,0.072,0.08,670500
SAQ,19990106,4.3,4.3,4.3,4.3,9339
SAR,19990106,0.26,0.26,0.26,0.26,20000
SAS,19990106,0.28,0.29,0.275,0.29,257140
SAX,19990106,0.52,0.52,0.52,0.52,4876
SBC,19990106,7.3,7.35,7.3,7.35,6061
SBE,19990106,1.55,1.55,1.55,1.55,281
SBM,19990106,0.07,0.07,0.066,0.066,72863
SBR,19990106,0.018,0.018,0.018,0.018,300000
SCE,19990106,0.2,0.2,0.19,0.19,18097
SCH,19990106,2.65,2.692,2.65,2.692,327344
SCN,19990106,0.004,0.004,0.004,0.004,125000
SCP,19990106,1.43,1.43,1.41,1.41,4749
SCS,19990106,0.175,0.175,0.175,0.175,77000
SCX,19990106,0.04,0.04,0.04,0.04,50000
SCY,19990106,1.54,1.62,1.53,1.604,3037118
SDI,19990106,0.36,0.36,0.36,0.36,5000
SDR,19990106,0.7,0.7,0.7,0.7,10460
SDT,19990106,0.042,0.042,0.042,0.042,1218
SED,19990106,0.052,0.052,0.052,0.052,64000
SEV,19990106,5.4,5.46,5.4,5.45,202702
SGB,19990106,10.39,10.39,10.31,10.39,451037
SGC,19990106,0.19,0.22,0.185,0.21,762000
SGI,19990106,2.1,2.1,2.1,2.1,123546
SGN,19990106,4.505,4.55,4.505,4.55,6901
SGP,19990106,4.04,4.07,4.04,4.06,337277
SGR,19990106,0.013,0.013,0.012,0.013,490000
SGW,19990106,4.73,4.73,4.62,4.701,29424
SHL,19990106,2.6,2.6,2.6,2.6,25815
SHV,19990106,1.22,1.25,1.22,1.25,6503
SID,19990106,5.01,5.01,5.01,5.01,550
SKE,19990106,1.83,1.96,1.82,1.9,358735
SKS,19990106,0.305,0.305,0.3,0.3,356500
SLX,19990106,1.73,1.87,1.73,1.87,213223
SME,19990106,7.918,7.99,7.86,7.9,140691
SMI,19990106,10.66,10.75,10.66,10.75,740537
SMM,19990106,0.08,0.08,0.078,0.078,12000
SMS,19990106,5.15,5.25,5.1,5.1,86333
SNX,19990106,0.35,0.365,0.34,0.365,740906
SOA,19990106,0.12,0.12,0.115,0.115,76817
SOH,19990106,1.07,1.18,1.07,1.15,885421
SOL,19990106,27.5,27.85,27.5,27.85,50200
SOV,19990106,0.04,0.04,0.04,0.04,500000
SOX,19990106,0.41,0.41,0.41,0.41,10000
SPC,19990106,0.41,0.42,0.4,0.42,137218
SPP,19990106,1.72,1.72,1.65,1.65,35271
SPS,19990106,1.1,1.12,1.1,1.1,37914
SPT,19990106,3.83,3.85,3.83,3.83,135929
SPX,19990106,0.205,0.21,0.2,0.2,435036
SRA,19990106,1.74,1.98,1.74,1.95,314148
SRI,19990106,0.075,0.075,0.075,0.075,170000
SRL,19990106,0.33,0.345,0.33,0.345,18000
SRO,19990106,0.048,0.049,0.048,0.049,120000
SRP,19990106,5.4,5.45,5.35,5.35,676001
SSE,19990106,0.6,0.6,0.6,0.6,2000
SSI,19990106,0.56,0.56,0.55,0.55,10000
SSR,19990106,1.46,1.48,1.46,1.47,98700
STH,19990106,0.056,0.056,0.056,0.056,5000
STO,19990106,4.3,4.38,4.25,4.35,1470007
STS,19990106,2.05,2.05,2.05,2.05,2655
SVR,19990106,0.82,0.83,0.82,0.82,798028
SWD,19990106,0.927,0.94,0.927,0.93,237500
SWS,19990106,3.72,3.79,3.72,3.76,161891
TAB,19990106,3.37,3.41,3.33,3.41,1727377
TAH,19990106,10.306,10.35,10.17,10.18,688376
TAI,19990106,0.16,0.16,0.155,0.155,342000
TAM,19990106,0.09,0.09,0.09,0.09,9000
TAN,19990106,1.46,1.46,1.46,1.46,2000
TAP,19990106,0.79,0.79,0.77,0.77,19380
TAT,19990106,0.72,0.72,0.72,0.72,27000
TCE,19990106,1.03,1.03,1.03,1.03,101354
TCL,19990106,1682,1700,1682,1692,1073
TDG,19990106,1.35,1.35,1.35,1.35,1100
TEH,19990106,1.42,1.42,1.32,1.35,189902
TEL,19990106,7.4,7.4,7.36,7.36,1265700
TEM,19990106,1.85,1.9,1.85,1.9,48700
TEN,19990106,2.5,2.55,2.5,2.52,2002564
TGG,19990106,1.75,1.77,1.75,1.77,38500
TGL,19990106,0.011,0.011,0.011,0.011,250000
TGO,19990106,0.34,0.34,0.34,0.34,42880
THG,19990106,0.61,0.62,0.6,0.62,1530382
TIP,19990106,0.21,0.21,0.2,0.2,67000
TIR,19990106,0.088,0.088,0.088,0.088,11000
TKR,19990106,0.2,0.2,0.2,0.2,20000
TLA,19990106,0.95,0.95,0.94,0.94,1013869
TLN,19990106,0.068,0.07,0.068,0.068,102000
TLO,19990106,0.54,0.54,0.5,0.5,501553
TLS,19990106,7.75,7.82,7.64,7.68,7814446
TMS,19990106,1.3,1.3,1.3,1.3,528240
TNY,19990106,1.416,1.42,1.29,1.34,486750
TOL,19990106,3.4,3.4,3.31,3.31,25217
TOR,19990106,0.75,0.75,0.72,0.72,95676
TPT,19990106,0.365,0.365,0.365,0.365,84749
TPX,19990106,16,16,16,16,1000
TRE,19990106,0.057,0.06,0.057,0.06,50000
TRI,19990106,0.73,0.75,0.72,0.73,199264
TRU,19990106,12,12,12,12,3836
TRY,19990106,0.37,0.37,0.37,0.37,4000
TSP,19990106,0.09,0.09,0.085,0.085,30000
TSS,19990106,1.52,1.56,1.5,1.5,27638
TTR,19990106,0.077,0.077,0.077,0.077,23000
TYA,19990106,2.35,2.37,2.35,2.37,41845
UCR,19990106,2.914,3.07,2.914,3.05,63300
UEL,19990106,1.87,1.91,1.87,1.91,430723
UMG,19990106,0.021,0.021,0.021,0.021,20000
USC,19990106,0.26,0.27,0.26,0.26,107500
VEP,19990106,1.07,1.07,1.04,1.04,118540
VHL,19990106,1.4,1.4,1.3,1.3,148010
VNA,19990106,0.195,0.195,0.19,0.19,26000
VOS,19990106,0.385,0.385,0.375,0.375,52340
VPE,19990106,0.048,0.049,0.048,0.048,225000
VRL,19990106,2.985,3.02,2.95,2.95,1081730
VSS,19990106,7,7.02,7,7.02,6054
VWD,19990106,1.11,1.12,1.11,1.12,102100
VWL,19990106,0.33,0.33,0.325,0.325,40000
WAN,19990106,5.3,5.31,5.25,5.31,92109
WAT,19990106,0.95,0.95,0.94,0.94,35300
WBB,19990106,3.42,3.42,3.42,3.42,1000
WBC,19990106,11.02,11.4,11.02,11.37,4521848
WDM,19990106,0.13,0.13,0.125,0.125,50000
WER,19990106,0.9,0.9,0.9,0.9,1500
WES,19990106,13.6,13.69,13.5,13.66,370998
WFA,19990106,1.78,1.79,1.77,1.77,162797
WFT,19990106,3.582,3.62,3.56,3.62,4408237
WGC,19990106,0.015,0.015,0.014,0.014,200000
WGR,19990106,0.135,0.135,0.135,0.135,2500
WHF,19990106,2.5,2.5,2.5,2.5,9000
WHW,19990106,3.6,3.7,3.6,3.63,61020
WKC,19990106,0.75,0.75,0.73,0.74,337664
WMC,19990106,4.79,4.79,4.61,4.63,7820460
WME,19990106,0.053,0.053,0.053,0.053,1200
WMI,19990106,0.022,0.022,0.022,0.022,40000
WMT,19990106,0.77,0.77,0.75,0.75,9201
WON,19990106,0.11,0.11,0.11,0.11,20000
WOW,19990106,5.53,5.7,5.48,5.7,3696472
WPL,19990106,7.22,7.24,7.14,7.23,1711702
WPT,19990106,1.58,1.6,1.56,1.56,282076
WSF,19990106,8.62,8.7,8.6,8.67,630853
WSL,19990106,3.71,3.86,3.71,3.83,125706
WTP,19990106,0.4,0.43,0.4,0.425,140813
WWH,19990106,3.15,3.15,3,3,6000
WYL,19990106,4.5,4.51,4.46,4.5,424672
XEN,19990106,0.079,0.08,0.079,0.08,47000
YAM,19990106,0.033,0.033,0.033,0.033,11500
YSL,19990106,0.58,0.58,0.58,0.58,10000
YTS,19990106,1,1.01,1,1,17942
ZAL,19990106,0.09,0.09,0.08,0.08,40000
ZEL,19990106,0.65,0.65,0.6,0.6,15000
ZIM,19990106,0.325,0.35,0.325,0.35,2193254
ZPR,19990106,0.017,0.017,0.015,0.015,55000
ZYL,19990106,0.13,0.13,0.12,0.12,75000
