AAA,19990610,1.48,1.48,1.41,1.42,1929324
AAP,19990610,4.68,4.7,4.66,4.68,397638
AAR,19990610,0.015,0.015,0.014,0.014,60500
AAT,19990610,1.6,1.65,1.6,1.65,40875
AAV,19990610,0.225,0.23,0.21,0.23,12800
ABC,19990610,0.92,0.94,0.92,0.93,201271
ABD,19990610,0.02,0.025,0.02,0.025,1298060
ABG,19990610,2.33,2.36,2.33,2.34,36275
ABR,19990610,0.115,0.12,0.115,0.12,15000
ACI,19990610,0.095,0.095,0.085,0.085,150000
ACY,19990610,0.81,0.81,0.8,0.8,78400
ADA,19990610,1.55,1.59,1.55,1.56,18995
ADB,19990610,5.776,5.8,5.77,5.77,29447
ADG,19990610,1.867,1.9,1.867,1.9,3800
ADH,19990610,0.11,0.11,0.105,0.105,30000
ADM,19990610,0.061,0.061,0.061,0.061,28940
ADN,19990610,0.085,0.085,0.08,0.08,20176
ADS,19990610,0.03,0.03,0.03,0.03,10000
ADT,19990610,1.6,1.6,1.6,1.6,5100
ADX,19990610,0.15,0.15,0.15,0.15,100000
ADZ,19990610,2.8,2.85,2.8,2.8,58710
AEC,19990610,0.85,0.87,0.85,0.87,20001
AEG,19990610,0.099,0.1,0.099,0.1,89000
AEL,19990610,0.245,0.245,0.22,0.22,214943
AET,19990610,0.2,0.2,0.2,0.2,2500
AEV,19990610,0.31,0.32,0.305,0.32,749245
AFF,19990610,0.29,0.29,0.29,0.29,44558
AFI,19990610,2.88,2.88,2.85,2.87,188265
AGH,19990610,0.57,0.57,0.56,0.56,220400
AGL,19990610,9.55,9.58,9.31,9.33,1281272
AGR,19990610,0.2,0.2,0.2,0.2,48250
AGS,19990610,0.022,0.022,0.019,0.019,2154653
AGT,19990610,0.36,0.38,0.33,0.34,1321171
AGY,19990610,0.22,0.23,0.22,0.22,36000
AHA,19990610,10,10,10,10,587
AHD,19990610,3.92,3.93,3.9,3.9,53664
AHF,19990610,0.17,0.17,0.17,0.17,6000
AHH,19990610,0.51,0.51,0.51,0.51,45000
AHX,19990610,0.88,0.88,0.86,0.87,252392
AIA,19990610,2.35,2.35,2.3,2.3,495291
AIE,19990610,0.315,0.315,0.303,0.303,147000
AIG,19990610,0.14,0.14,0.135,0.135,8000
AIP,19990610,1.05,1.07,1.05,1.06,335489
AIX,19990610,2.25,2.25,2.21,2.25,65174
AIZ,19990610,3.15,3.15,3.15,3.15,2700
AJO,19990610,1.69,1.69,1.68,1.68,39685
AJR,19990610,0.85,0.85,0.82,0.83,41504
AJS,19990610,1.01,1.01,1,1.01,1514683
AKC,19990610,3.66,3.66,3.6,3.6,11829
AKD,19990610,0.031,0.031,0.031,0.031,10000
ALA,19990610,0.35,0.35,0.35,0.35,2800
ALI,19990610,0.65,0.65,0.65,0.65,6
ALK,19990610,0.21,0.21,0.21,0.21,15000
ALL,19990610,11.61,11.62,11.6,11.6,128032
ALO,19990610,1.08,1.08,1.08,1.08,20000
ALP,19990610,0.51,0.51,0.5,0.5,25500
ALX,19990610,1.05,1.05,1.05,1.05,154
ALZ,19990610,1.37,1.38,1.37,1.37,93805
AMC,19990610,8.331,8.52,8.3,8.45,1258736
AML,19990610,0.95,0.95,0.9,0.92,222658
AMP,19990610,16.35,16.42,16,16.05,3146880
AMU,19990610,0.115,0.115,0.11,0.11,84636
ANC,19990610,3.1,3.14,3.1,3.14,1827
ANE,19990610,1.85,1.85,1.85,1.85,1138
ANK,19990610,0.93,0.93,0.9,0.9,13213
ANL,19990610,2.25,2.34,2.25,2.34,277758
ANX,19990610,0.22,0.225,0.22,0.225,326000
ANZ,19990610,11.08,11.27,11,11.1,2902494
AOF,19990610,1.25,1.25,1.2,1.24,101909
AOG,19990610,1.72,1.72,1.71,1.71,23602
AOV,19990610,0.075,0.075,0.075,0.075,37
APF,19990610,1.46,1.46,1.44,1.45,1233607
APG,19990610,0.023,0.023,0.023,0.023,387854
API,19990610,2.13,2.13,2.1,2.1,24669
APN,19990610,2.93,2.93,2.84,2.88,88690
APU,19990610,0.23,0.24,0.2,0.2,15000
APY,19990610,1.05,1.05,1.03,1.03,30100
AQS,19990610,0.827,0.88,0.827,0.88,51600
ARA,19990610,0.67,0.67,0.67,0.67,2010
ARC,19990610,0.13,0.13,0.13,0.13,7500
ARG,19990610,3.5,3.53,3.5,3.53,29950
ARI,19990610,0.26,0.3,0.25,0.25,77775
ARL,19990610,2.76,2.8,2.73,2.78,152385
ARQ,19990610,0.22,0.22,0.215,0.22,21000
ASB,19990610,1.47,1.5,1.47,1.5,4000
ASE,19990610,0.17,0.17,0.17,0.17,17000
ASG,19990610,0.04,0.04,0.039,0.039,542499
ASH,19990610,0.69,0.69,0.67,0.67,40172
ASL,19990610,0.46,0.46,0.46,0.46,47500
ASU,19990610,0.06,0.069,0.06,0.069,140000
ASX,19990610,10.5,10.5,10.25,10.25,101167
ATE,19990610,0.025,0.025,0.025,0.025,307100
ATG,19990610,0.23,0.23,0.23,0.23,4000
ATI,19990610,0.225,0.225,0.225,0.225,8500
ATP,19990610,0.18,0.2,0.18,0.19,223900
AUD,19990610,2.83,2.85,2.8,2.8,6227
AUG,19990610,0.78,0.78,0.74,0.76,174676
AUI,19990610,3.17,3.18,3.17,3.18,8500
AUL,19990610,0.075,0.075,0.075,0.075,158000
AUM,19990610,0.06,0.06,0.058,0.06,171000
AUO,19990610,0.16,0.16,0.15,0.15,60000
AVJ,19990610,0.5,0.54,0.5,0.53,485000
AVL,19990610,0.06,0.06,0.06,0.06,20000
AVR,19990610,0.485,0.49,0.48,0.49,85124
AWA,19990610,0.6,0.6,0.58,0.6,888737
AWE,19990610,0.4,0.4,0.39,0.39,19500
AWH,19990610,1.83,1.83,1.8,1.8,8700
AXR,19990610,0.125,0.125,0.11,0.11,398650
AYO,19990610,0.235,0.24,0.23,0.235,249866
AZL,19990610,0.16,0.16,0.16,0.16,41871
BAE,19990610,0.045,0.045,0.045,0.045,8500
BAT,19990610,29.8,29.81,29.8,29.8,4077
BAY,19990610,4.31,4.31,4.31,4.31,5000
BCD,19990610,1.38,1.38,1.35,1.35,22000
BCH,19990610,0.36,0.37,0.36,0.365,99244
BDL,19990610,0.5,0.5,0.5,0.5,250883
BDS,19990610,2.9,2.9,2.9,2.9,500
BEE,19990610,0.2,0.2,0.18,0.18,25000
BEN,19990610,6.25,6.25,6.18,6.18,25411
BGD,19990610,0.19,0.19,0.19,0.19,1000
BGF,19990610,0.055,0.058,0.05,0.05,106741
BHP,19990610,16.8,17.03,16.8,17.03,4311464
BHT,19990610,0.71,0.73,0.71,0.71,147000
BID,19990610,0.85,0.85,0.85,0.85,8500
BII,19990610,0.285,0.285,0.27,0.27,266120
BIL,19990610,40.882,41.15,40.53,40.58,410571
BIR,19990610,1.06,1.08,1.06,1.06,251898
BKA,19990610,0.17,0.17,0.17,0.17,50000
BKL,19990610,4.8,4.8,4.7,4.7,875
BKR,19990610,0.2,0.205,0.2,0.205,543300
BKS,19990610,0.018,0.018,0.018,0.018,60000
BKW,19990610,36.5,37,35,37,15737
BLO,19990610,0.14,0.15,0.14,0.15,68216
BLR,19990610,0.16,0.16,0.15,0.15,536000
BLV,19990610,0.83,0.83,0.83,0.83,1000
BMX,19990610,0.11,0.11,0.11,0.11,133000
BOA,19990610,0.65,0.66,0.65,0.66,12538
BOC,19990610,0.19,0.19,0.19,0.19,85108
BOG,19990610,0.225,0.23,0.225,0.23,30000
BOR,19990610,2.523,2.63,2.49,2.6,2077057
BPT,19990610,0.027,0.027,0.026,0.027,340332
BQD,19990610,5.9,6,5.9,6,5504
BRI,19990610,0.225,0.225,0.225,0.225,23500
BRL,19990610,6.37,6.4,6.33,6.35,166510
BRS,19990610,1.27,1.27,1.26,1.26,148061
BRY,19990610,0.43,0.435,0.425,0.425,4787080
BRZ,19990610,3.25,3.25,3.2,3.2,96507
BSG,19990610,0.074,0.074,0.073,0.073,140000
BSN,19990610,0.06,0.06,0.06,0.06,6000
BSO,19990610,3.71,3.75,3.7,3.7,46806
BSS,19990610,0.034,0.034,0.033,0.033,200000
BTA,19990610,6.15,6.24,6.1,6.24,250578
BTE,19990610,0.69,0.69,0.68,0.68,132401
BTG,19990610,0.71,0.71,0.68,0.68,109467
BTM,19990610,0.34,0.34,0.34,0.34,115992
BTO,19990610,1.29,1.29,1.28,1.28,638702
BTP,19990610,1.8,1.8,1.76,1.77,37979
BTS,19990610,3.25,3.25,3.2,3.2,654192
BTY,19990610,3.4,3.4,3.4,3.4,1000
BUG,19990610,0.83,0.83,0.82,0.82,14211
BWA,19990610,3.4,3.5,3.4,3.49,156262
BWP,19990610,1.11,1.14,1.11,1.11,41900
BWY,19990610,0.05,0.05,0.045,0.045,56125
BYI,19990610,0.8,0.8,0.8,0.8,1000
CAA,19990610,2.24,2.34,2.23,2.34,996983
CAE,19990610,0.016,0.016,0.015,0.016,3605000
CAG,19990610,0.12,0.12,0.115,0.115,504896
CAI,19990610,0.73,0.73,0.7,0.7,347540
CAO,19990610,0.13,0.13,0.13,0.13,13000
CAT,19990610,1.065,1.08,1.03,1.05,634585
CBA,19990610,25.31,25.48,25.12,25.131,1123499
CBI,19990610,1.4,1.4,1.4,1.4,5000
CBL,19990610,0.38,0.38,0.355,0.355,350200
CBO,19990610,0.092,0.095,0.084,0.085,567946
CBS,19990610,10.92,10.92,10.5,10.5,674
CBW,19990610,0.8,0.81,0.8,0.8,150000
CCB,19990610,2.87,2.9,2.85,2.85,153858
CCH,19990610,0.13,0.13,0.13,0.13,50000
CCL,19990610,6.7,6.7,6.45,6.475,492549
CCR,19990610,0.021,0.021,0.02,0.021,430000
CDF,19990610,1.1,1.1,1.1,1.1,16500
CDK,19990610,0.83,0.83,0.83,0.83,8000
CDL,19990610,0.115,0.115,0.105,0.105,74500
CDX,19990610,1.2,1.3,1.2,1.3,35000
CED,19990610,0.5,0.5,0.5,0.5,20000
CEN,19990610,2.666,2.666,2.6,2.6,22000
CEP,19990610,2.68,2.68,2.66,2.66,575
CEQ,19990610,1.9,1.91,1.9,1.91,31636
CEV,19990610,0.035,0.035,0.035,0.035,45350
CEW,19990610,1.98,2,1.98,2,20900
CEY,19990610,0.72,0.75,0.71,0.75,25766
CFA,19990610,0.12,0.12,0.12,0.12,68465
CFR,19990610,0.011,0.011,0.011,0.011,45000
CGC,19990610,1.05,1.05,1,1.01,199000
CGD,19990610,0.52,0.52,0.51,0.52,72500
CGH,19990610,5.42,5.43,5.23,5.26,3243834
CGN,19990610,0.06,0.06,0.06,0.06,10000
CHF,19990610,1.07,1.08,1.03,1.08,281566
CHL,19990610,0.37,0.37,0.365,0.365,20171
CHQ,19990610,1.01,1.02,1.01,1.02,15000
CHV,19990610,0.26,0.26,0.26,0.26,10000
CHY,19990610,1.65,1.65,1.65,1.65,6200
CIA,19990610,0.83,0.84,0.83,0.84,21640
CIC,19990610,0.15,0.16,0.15,0.16,2538227
CID,19990610,0.67,0.7,0.67,0.7,11428
CIH,19990610,0.22,0.235,0.215,0.235,235032
CIM,19990610,0.068,0.068,0.067,0.067,1700000
CIP,19990610,1.75,1.77,1.75,1.76,814407
CIR,19990610,0.82,0.82,0.8,0.81,12500
CKS,19990610,0.36,0.36,0.36,0.36,11600
CLI,19990610,7.44,7.5,7.44,7.5,29072
CLO,19990610,0.62,0.63,0.62,0.63,18000
CLR,19990610,0.67,0.68,0.66,0.68,302530
CMC,19990610,6.55,6.59,6.5,6.53,122792
CMF,19990610,1.1,1.11,1.1,1.11,40574
CMK,19990610,0.17,0.17,0.17,0.17,4200
CML,19990610,8.25,8.38,8.2,8.25,971000
CMR,19990610,0.3,0.3,0.28,0.28,200000
CMW,19990610,0.04,0.04,0.04,0.04,10000
CMX,19990610,0.14,0.14,0.12,0.12,42000
CMZ,19990610,0.48,0.53,0.47,0.51,2362935
CND,19990610,2.96,2.98,2.96,2.96,51529
CNF,19990610,0.07,0.07,0.069,0.069,27712
CNG,19990610,0.365,0.365,0.36,0.36,62388
CNM,19990610,0.02,0.02,0.02,0.02,48000
CNN,19990610,0.165,0.175,0.165,0.175,73000
COA,19990610,2.395,2.505,2.34,2.505,241946
COC,19990610,1.66,1.72,1.66,1.7,695799
COF,19990610,1.81,1.81,1.8,1.8,14500
COG,19990610,0.041,0.041,0.04,0.04,491428
COH,19990610,12.4,12.4,12.3,12.35,137006
CPA,19990610,0.94,0.94,0.93,0.94,942090
CPB,19990610,4.25,4.25,4.2,4.2,3686
CPC,19990610,0.058,0.058,0.056,0.056,358780
CPI,19990610,2.4,2.4,2.39,2.39,23261
CPL,19990610,2.26,2.29,2.26,2.29,247282
CPM,19990610,5.5,5.5,5.4,5.4,45660
CPU,19990610,14.95,15,14.9,14.95,184482
CPY,19990610,0.9,0.91,0.9,0.91,743793
CQT,19990610,0.27,0.27,0.26,0.26,47026
CRG,19990610,8.65,8.65,8.6,8.65,15664
CRO,19990610,0.92,0.92,0.91,0.92,365783
CRS,19990610,0.325,0.325,0.3,0.3,353948
CRT,19990610,0.65,0.65,0.64,0.65,3448
CRV,19990610,0.37,0.39,0.37,0.39,25534
CSA,19990610,0.255,0.255,0.23,0.23,127000
CSL,19990610,12.8,12.83,12.7,12.83,65428
CSP,19990610,0.355,0.355,0.355,0.355,24000
CSR,19990610,4.32,4.45,4.32,4.4,1762532
CSY,19990610,0.072,0.075,0.072,0.075,31467
CTL,19990610,5.18,5.2,5.17,5.2,76599
CTO,19990610,0.1,0.1,0.1,0.1,50000
CTR,19990610,0.25,0.255,0.245,0.245,2041600
CTX,19990610,3.62,3.62,3.38,3.4,1141757
CUE,19990610,0.061,0.062,0.061,0.062,447000
CUP,19990610,1.13,1.13,1.12,1.12,56900
CUT,19990610,0.14,0.15,0.14,0.15,79202
CVN,19990610,0.079,0.079,0.078,0.078,68200
CWI,19990610,1.54,1.54,1.54,1.54,108740
CWO,19990610,3.15,3.23,3.15,3.18,12529844
CWP,19990610,0.86,0.86,0.86,0.86,4000
CXP,19990610,2.3,2.3,2.3,2.3,780200
CYG,19990610,4.5,4.5,4.5,4.5,14000
CYH,19990610,0.17,0.175,0.17,0.175,181270
DAD,19990610,3.977,4,3.9,3.91,41411
DAR,19990610,0.96,0.96,0.96,0.96,6000
DCI,19990610,0.052,0.052,0.051,0.051,45000
DDV,19990610,0.085,0.085,0.085,0.085,30000
DEF,19990610,0.025,0.025,0.023,0.023,240000
DGD,19990610,2.06,2.06,2,2.03,943200
DGM,19990610,0.011,0.012,0.011,0.011,3976722
DIO,19990610,0.048,0.05,0.048,0.049,623877
DJS,19990610,1.54,1.54,1.52,1.54,277791
DJW,19990610,3.67,3.67,3.65,3.67,26853
DLS,19990610,0.041,0.041,0.041,0.041,17000
DNS,19990610,0.047,0.05,0.047,0.05,140000
DOM,19990610,0.39,0.39,0.39,0.39,37694
DOR,19990610,0.195,0.195,0.185,0.19,353000
DPG,19990610,6.05,6.05,6.05,6.05,170
DRA,19990610,0.039,0.039,0.039,0.039,12000
DRE,19990610,0.125,0.125,0.125,0.125,40000
DRN,19990610,0.14,0.14,0.14,0.14,10000
DSH,19990610,0.68,0.68,0.68,0.68,21500
DSW,19990610,0.093,0.095,0.092,0.095,180000
DTL,19990610,2.45,2.45,2.38,2.4,10650
DUI,19990610,1.54,1.54,1.53,1.54,5092
DVD,19990610,0.67,0.67,0.65,0.67,126427
DVN,19990610,0.58,0.62,0.58,0.62,114499
DVT,19990610,0.325,0.325,0.31,0.315,1314148
EAM,19990610,1.14,1.14,1.11,1.11,274493
EBR,19990610,0.13,0.13,0.13,0.13,100440
ECA,19990610,0.45,0.45,0.45,0.45,5000
ECM,19990610,0.4,0.42,0.39,0.4,81700
ECT,19990610,0.61,0.61,0.61,0.61,5000
ECU,19990610,0.09,0.09,0.083,0.083,140000
EDI,19990610,4,4.01,3.95,4,53629
EEC,19990610,0.335,0.335,0.31,0.31,1395035
EGD,19990610,0.025,0.025,0.025,0.025,200000
EGL,19990610,0.115,0.115,0.115,0.115,2000
EGO,19990610,0.11,0.115,0.105,0.105,10200
ELA,19990610,0.065,0.068,0.065,0.068,100000
EML,19990610,2.83,2.88,2.83,2.85,741875
EMM,19990610,0.15,0.15,0.15,0.15,20500
EMP,19990610,0.42,0.42,0.42,0.42,24702
ENE,19990610,4.4,4.4,4.3,4.3,22516
ENV,19990610,0.85,0.86,0.84,0.85,152465
EQR,19990610,0.071,0.071,0.071,0.071,29000
ERA,19990610,1.75,1.75,1.65,1.69,21929
ERG,19990610,2.52,2.52,2.47,2.51,205808
ERS,19990610,1.02,1.02,1,1,10000
ESE,19990610,0.38,0.38,0.38,0.38,400
ESI,19990610,0.24,0.24,0.24,0.24,15000
ETR,19990610,6.69,6.69,6.457,6.457,90359
EWL,19990610,0.42,0.42,0.42,0.42,8600
EZY,19990610,0.23,0.23,0.23,0.23,147190
FAF,19990610,0.561,0.57,0.56,0.57,135996
FAR,19990610,0.11,0.115,0.11,0.11,91000
FBG,19990610,4.208,4.24,4.17,4.21,4780025
FCL,19990610,2.19,2.19,2.15,2.16,386438
FDR,19990610,0.03,0.03,0.03,0.03,198925
FFL,19990610,1.8,1.84,1.8,1.8,82523
FGR,19990610,0.028,0.03,0.027,0.029,888551
FHF,19990610,8.45,9,8.45,8.768,1264167
FHL,19990610,1.08,1.16,1.08,1.16,6510
FIF,19990610,4.6,4.6,4.54,4.58,128731
FIG,19990610,0.019,0.019,0.019,0.019,1312500
FIM,19990610,0.07,0.075,0.066,0.075,605612
FKP,19990610,1.09,1.1,1.07,1.1,248373
FLT,19990610,7.6,7.6,7.6,7.6,1000
FMH,19990610,2.12,2.12,2.05,2.07,111977
FOA,19990610,10.502,10.502,10.35,10.35,482083
FPF,19990610,1.05,1.05,1.05,1.05,109123
FPG,19990610,0.6,0.6,0.6,0.6,1449
FRD,19990610,0.16,0.16,0.16,0.16,68500
FRM,19990610,0.78,0.78,0.78,0.78,10000
FRO,19990610,0.061,0.065,0.061,0.065,101800
FRT,19990610,1.25,1.28,1.25,1.28,18900
FST,19990610,3,3,2.97,3,10650
FTR,19990610,0.12,0.12,0.115,0.115,95000
FTU,19990610,0.017,0.017,0.016,0.016,279000
FWD,19990610,1.5,1.5,1.5,1.5,5000
FWF,19990610,1,1,0.85,0.85,14560
FXF,19990610,0.475,0.495,0.475,0.495,3632642
FXJ,19990610,4.213,4.3,4.213,4.23,1542134
FZC,19990610,4.75,4.75,4.75,4.75,1400
GAN,19990610,1.13,1.14,1.13,1.14,424870
GAW,19990610,0.037,0.037,0.035,0.035,158493
GBG,19990610,0.23,0.23,0.18,0.18,447000
GCM,19990610,1.43,1.43,1.43,1.43,1000
GCR,19990610,0.06,0.06,0.06,0.06,5000
GDA,19990610,0.17,0.17,0.17,0.17,7500
GDL,19990610,0.1,0.1,0.1,0.1,28100
GDM,19990610,0.39,0.39,0.37,0.37,35000
GDP,19990610,2.35,2.5,2.35,2.5,55783
GED,19990610,0.254,0.255,0.254,0.255,14000
GEE,19990610,1.44,1.45,1.4,1.42,722600
GEG,19990610,0.375,0.375,0.375,0.375,10000
GEL,19990610,0.21,0.215,0.205,0.215,60700
GFD,19990610,0.61,0.61,0.6,0.6,5200
GGN,19990610,0.1,0.1,0.1,0.1,150000
GGR,19990610,0.038,0.038,0.037,0.037,540266
GGS,19990610,0.026,0.03,0.026,0.03,40200
GGY,19990610,0.05,0.05,0.042,0.042,227914
GHG,19990610,1.51,1.51,1.47,1.48,55415
GHM,19990610,0.033,0.033,0.033,0.033,20000
GHP,19990610,1.22,1.22,1.21,1.21,21372
GHR,19990610,0.1,0.1,0.1,0.1,13126
GIL,19990610,0.51,0.51,0.51,0.51,14000
GIO,19990610,3.76,3.76,3.68,3.73,491689
GIP,19990610,0.024,0.024,0.024,0.024,250000
GIR,19990610,0.038,0.042,0.038,0.042,305666
GKR,19990610,0.72,0.72,0.72,0.72,1300
GLD,19990610,1,1.07,1,1.02,86641
GLP,19990610,0.024,0.024,0.024,0.024,130000
GLT,19990610,0.185,0.2,0.18,0.2,289501
GME,19990610,0.09,0.09,0.09,0.09,34500
GMF,19990610,1.45,1.46,1.45,1.46,1757818
GML,19990610,0.09,0.09,0.09,0.09,40000
GNC,19990610,8.5,8.5,8.4,8.4,5400
GNS,19990610,1.39,1.4,1.36,1.4,36825
GOW,19990610,1.87,1.9,1.87,1.9,1723
GPA,19990610,0.37,0.37,0.37,0.37,6796
GPN,19990610,0.038,0.038,0.038,0.038,30000
GPO,19990610,0.465,0.47,0.43,0.43,861483
GPT,19990610,2.54,2.61,2.53,2.55,1430400
GPY,19990610,0.189,0.205,0.189,0.205,98902
GRA,19990610,0.9,0.9,0.9,0.9,200
GRC,19990610,0.06,0.06,0.06,0.06,271000
GRD,19990610,0.6,0.6,0.55,0.6,42647
GRI,19990610,0.11,0.11,0.105,0.11,29024
GRN,19990610,0.058,0.058,0.056,0.056,40700
GSE,19990610,0.055,0.055,0.055,0.055,200000
GSP,19990610,1.2,1.2,1.2,1.2,314
GTM,19990610,0.044,0.048,0.044,0.045,207054
GTS,19990610,0.2,0.2,0.19,0.2,69324
GUD,19990610,2.01,2.07,2.01,2.05,131050
GUL,19990610,0.026,0.026,0.024,0.024,796427
GVM,19990610,0.075,0.075,0.07,0.07,193266
GWT,19990610,2.85,2.85,2.8,2.8,72292
GYM,19990610,0.27,0.27,0.255,0.265,43710
HAH,19990610,3.93,4.11,3.93,4.11,521465
HAR,19990610,0.334,0.335,0.33,0.335,117600
HBL,19990610,0.46,0.46,0.45,0.45,65234
HCO,19990610,6.1,6.1,6.05,6.1,12470
HDR,19990610,0.043,0.045,0.043,0.044,440000
HEX,19990610,0.033,0.033,0.033,0.033,50000
HFY,19990610,0.89,0.9,0.88,0.88,45000
HGL,19990610,0.8,0.8,0.75,0.8,6073
HGR,19990610,0.4,0.4,0.37,0.37,11000
HGV,19990610,0.69,0.69,0.69,0.69,20000
HIC,19990610,0.51,0.51,0.51,0.51,7000
HIG,19990610,0.25,0.26,0.24,0.24,77860
HIH,19990610,1.78,1.78,1.74,1.75,910288
HIL,19990610,2.35,2.4,2.35,2.4,1360
HLL,19990610,0.068,0.069,0.063,0.063,368200
HLM,19990610,0.1,0.1,0.1,0.1,21128
HLN,19990610,0.485,0.49,0.465,0.47,255835
HLX,19990610,0.24,0.24,0.235,0.24,24292
HLY,19990610,4.23,4.25,4.2,4.2,181718
HMC,19990610,0.03,0.03,0.029,0.029,346064
HMT,19990610,3.35,3.35,3.35,3.35,3000
HNG,19990610,1.41,1.41,1.41,1.41,825
HOY,19990610,2.05,2.06,2.05,2.05,47695
HPL,19990610,1.8,1.83,1.76,1.82,124309
HRP,19990610,1.39,1.4,1.38,1.39,16802
HRR,19990610,0.13,0.13,0.125,0.125,154000
HRT,19990610,0.13,0.13,0.12,0.12,91006
HRW,19990610,1.98,1.98,1.93,1.97,351995
HSL,19990610,1.93,1.93,1.91,1.93,60174
HSM,19990610,11.4,11.4,11.4,11.4,3765
HSP,19990610,0.435,0.435,0.4,0.4,10000
HTL,19990610,1.95,1.95,1.95,1.95,4000
HTM,19990610,0.028,0.028,0.025,0.025,81000
HUG,19990610,0.265,0.265,0.265,0.265,20000
HVN,19990610,13.5,13.6,13.29,13.52,179375
HWI,19990610,0.86,0.87,0.85,0.87,80850
HZA,19990610,0.6,0.6,0.6,0.6,11500
HZM,19990610,0.13,0.13,0.12,0.12,94750
IAM,19990610,2.35,2.35,2.34,2.35,37515
ICN,19990610,0.13,0.135,0.13,0.135,364000
ICT,19990610,5.57,5.57,5.57,5.57,1100
ICW,19990610,2.5,2.5,2.45,2.45,11950
IDH,19990610,0.445,0.445,0.445,0.445,9000
IDT,19990610,1.4,1.4,1.4,1.4,10000
IFA,19990610,0.79,0.79,0.77,0.77,49168
IFT,19990610,1.39,1.43,1.39,1.42,678055
IGP,19990610,2.49,2.5,2.45,2.45,20500
IHN,19990610,0.36,0.36,0.36,0.36,20000
IHY,19990610,0.26,0.275,0.245,0.245,893100
IIT,19990610,1.47,1.48,1.47,1.47,29710
ILU,19990610,3.3,3.43,3.28,3.38,262638
IMP,19990610,0.044,0.044,0.04,0.044,950000
IMR,19990610,0.145,0.165,0.145,0.165,2285781
INC,19990610,1.32,1.32,1.27,1.27,27560
IND,19990610,0.64,0.64,0.61,0.61,81734
INF,19990610,0.295,0.3,0.295,0.3,116750
INM,19990610,0.025,0.025,0.024,0.024,400000
INX,19990610,0.18,0.18,0.175,0.175,70000
ION,19990610,0.105,0.105,0.105,0.105,2100
IPH,19990610,1.98,1.99,1.96,1.99,7071
IPY,19990610,0.97,0.97,0.96,0.97,100108
IRC,19990610,0.061,0.061,0.058,0.058,317501
ITC,19990610,0.217,0.217,0.185,0.185,344280
IXL,19990610,3.3,3.33,3.21,3.33,265020
JBG,19990610,0.365,0.37,0.365,0.365,18250
JFC,19990610,0.54,0.55,0.54,0.55,4152
JJS,19990610,1.57,1.57,1.57,1.57,6600
JLA,19990610,0.043,0.043,0.042,0.042,73334
JOD,19990610,0.014,0.014,0.01,0.01,1070
JRV,19990610,0.058,0.06,0.058,0.06,423000
JUP,19990610,3.72,3.75,3.67,3.67,36667
JWM,19990610,3.9,3.9,3.9,3.9,400
JYC,19990610,2,2,2,2,4050
KBG,19990610,0.5,0.5,0.48,0.495,43000
KCG,19990610,0.084,0.084,0.08,0.08,26170
KCN,19990610,0.51,0.51,0.48,0.48,18750
KGM,19990610,0.4,0.4,0.38,0.4,7300
KIC,19990610,1.5,1.5,1.46,1.48,167672
KIM,19990610,0.55,0.57,0.55,0.57,36000
KLS,19990610,0.1,0.1,0.1,0.1,54405
KMN,19990610,0.07,0.07,0.07,0.07,2000
KRS,19990610,0.065,0.066,0.065,0.066,19302
KRZ,19990610,0.017,0.018,0.017,0.018,703000
KSC,19990610,1.4,1.4,1.4,1.4,6500
KSM,19990610,0.1,0.1,0.098,0.1,396000
KUG,19990610,0.045,0.045,0.045,0.045,22666
KYC,19990610,3.36,3.4,3.36,3.36,46100
KYD,19990610,0.125,0.125,0.125,0.125,16273
LAC,19990610,4.8,4.8,4.71,4.75,14740
LAF,19990610,0.06,0.06,0.06,0.06,180000
LEG,19990610,0.16,0.16,0.155,0.155,86500
LEI,19990610,5.97,5.97,5.85,5.88,45650
LEO,19990610,0.12,0.12,0.12,0.12,1036000
LHG,19990610,1.04,1.04,0.94,0.99,3640085
LIB,19990610,0.91,0.93,0.91,0.92,1602804
LKO,19990610,0.013,0.014,0.013,0.013,1390000
LLC,19990610,20.4,20.56,20.22,20.4,594466
LLR,19990610,0.055,0.055,0.055,0.055,8000
LMC,19990610,2.35,2.35,2.35,2.35,558
LNN,19990610,3.54,3.55,3.54,3.55,294357
LON,19990610,0.21,0.21,0.21,0.21,51666
LSG,19990610,0.65,0.65,0.65,0.65,61000
LWT,19990610,0.87,0.87,0.86,0.87,27000
LYG,19990610,0.09,0.09,0.09,0.09,14000
MAC,19990610,0.099,0.099,0.099,0.099,50000
MAG,19990610,1.5,1.5,1.45,1.5,22992
MAH,19990610,0.33,0.33,0.32,0.33,623519
MAX,19990610,1.11,1.12,1.1,1.1,5700
MAY,19990610,5.49,5.49,5.32,5.36,334105
MBC,19990610,12.9,13.11,12.9,13.1,22972
MBG,19990610,0.042,0.044,0.042,0.043,816876
MBL,19990610,18.2,18.45,18.2,18.45,647865
MBM,19990610,0.14,0.14,0.14,0.14,3000
MBP,19990610,0.27,0.275,0.26,0.26,143685
MCA,19990610,0.61,0.61,0.6,0.6,11900
MCP,19990610,0.77,0.77,0.77,0.77,500
MCT,19990610,0.18,0.18,0.18,0.18,100000
MDL,19990610,0.15,0.15,0.15,0.15,8000
MED,19990610,0.51,0.51,0.49,0.498,223700
MEE,19990610,0.11,0.11,0.11,0.11,10000
MEX,19990610,0.4,0.44,0.4,0.44,22212
MGD,19990610,0.42,0.45,0.42,0.45,10400
MGG,19990610,0.035,0.035,0.033,0.033,120000
MGW,19990610,2.89,2.89,2.85,2.88,31000
MHI,19990610,0.1,0.1,0.1,0.1,174100
MIC,19990610,0.028,0.028,0.026,0.026,175000
MIK,19990610,0.465,0.54,0.465,0.53,1031387
MIM,19990610,0.94,0.95,0.93,0.95,20946212
MIV,19990610,0.22,0.22,0.22,0.22,10666
MJN,19990610,0.205,0.21,0.205,0.21,312500
MKA,19990610,0.16,0.16,0.16,0.16,10000
MLT,19990610,9,9,8.99,9,45360
MMD,19990610,0.17,0.185,0.17,0.18,511877
MME,19990610,0.865,0.88,0.865,0.88,54180
MMF,19990610,2.01,2.02,2,2,196886
MMN,19990610,0.034,0.035,0.032,0.035,435408
MND,19990610,3,3,2.93,2.93,13833
MNE,19990610,0.55,0.55,0.54,0.54,27600
MNG,19990610,0.081,0.09,0.081,0.09,29500
MOO,19990610,0.07,0.07,0.07,0.07,600
MOS,19990610,0.175,0.18,0.175,0.175,85000
MPH,19990610,0.41,0.41,0.41,0.41,10425
MPT,19990610,1.59,1.61,1.59,1.61,149480
MQL,19990610,0.3,0.3,0.285,0.285,78000
MRC,19990610,0.1,0.1,0.09,0.09,11700
MRD,19990610,0.77,0.78,0.77,0.77,194575
MRL,19990610,1.96,2,1.94,1.95,20444
MRV,19990610,2.2,2.25,2.18,2.25,181728
MSC,19990610,0.11,0.11,0.11,0.11,4000
MSF,19990610,8.19,8.19,8.19,8.19,430
MSG,19990610,0.12,0.12,0.12,0.12,10000
MSI,19990610,0.095,0.095,0.095,0.095,19400
MTB,19990610,0.089,0.09,0.085,0.09,435646
MTC,19990610,0.125,0.125,0.12,0.12,213390
MTD,19990610,0.12,0.12,0.12,0.12,175000
MTL,19990610,1.32,1.32,1.3,1.3,47231
MTR,19990610,0.18,0.2,0.18,0.19,3154750
MUR,19990610,0.36,0.36,0.36,0.36,53000
MXI,19990610,0.37,0.37,0.37,0.37,15000
MZG,19990610,0.07,0.07,0.055,0.055,75000
NAB,19990610,26.356,26.44,26.08,26.12,1668648
NAM,19990610,0.84,0.84,0.84,0.84,10600
NAU,19990610,0.34,0.34,0.34,0.34,15000
NBH,19990610,2.935,3.03,2.935,3.03,2012078
NCM,19990610,2.9,2.91,2.8,2.88,1966793
NCP,19990610,13.884,14.03,13.82,13.9,1589695
NDY,19990610,1.02,1.02,0.99,1.01,10238749
NFD,19990610,2.72,2.74,2.7,2.73,675682
NFG,19990610,0.245,0.245,0.245,0.245,10000
NFM,19990610,3.25,3.25,3.2,3.2,13226
NGH,19990610,0.05,0.05,0.05,0.05,29000
NHG,19990610,0.17,0.17,0.15,0.16,816500
NHR,19990610,0.68,0.68,0.68,0.68,196800
NIX,19990610,1.12,1.12,1.12,1.12,6550
NLY,19990610,1.7,1.74,1.68,1.74,21995
NMH,19990610,2.278,2.33,2.25,2.29,1839721
NML,19990610,1.41,1.41,1.31,1.37,86659
NMP,19990610,1.2,1.21,1.18,1.21,430197
NMW,19990610,1.2,1.2,1.2,1.2,20383
NRL,19990610,0.08,0.08,0.08,0.08,100
NRT,19990610,2.7,2.77,2.7,2.77,24000
NSL,19990610,0.29,0.29,0.29,0.29,29000
NTL,19990610,0.33,0.33,0.32,0.32,13922
NTS,19990610,0.105,0.105,0.105,0.105,10000
NVS,19990610,1.47,1.49,1.47,1.47,108700
NWE,19990610,0.05,0.05,0.04,0.04,1070000
NWL,19990610,0.59,0.59,0.55,0.57,330321
NZO,19990610,0.29,0.29,0.29,0.29,20000
OCA,19990610,2.02,2.02,2.02,2.02,3160
OEC,19990610,0.38,0.385,0.375,0.385,190542
OHL,19990610,0.55,0.6,0.44,0.44,5500
OIL,19990610,0.55,0.59,0.55,0.55,229400
OLS,19990610,0.095,0.095,0.095,0.095,10000
OML,19990610,1.74,1.74,1.7,1.7,110637
OMO,19990610,0.12,0.12,0.12,0.12,188500
OMP,19990610,0.65,0.65,0.65,0.65,2300
ONE,19990610,1.1,1.12,1.08,1.08,171214
OPS,19990610,2.85,2.87,2.84,2.84,69427
ORI,19990610,8.642,8.65,8.52,8.6,219960
OSH,19990610,2,2.05,2,2.03,865262
OTR,19990610,0.7,0.7,0.7,0.7,41000
OXR,19990610,0.046,0.049,0.046,0.049,349483
PAL,19990610,0.09,0.09,0.085,0.085,207200
PAS,19990610,1.71,1.72,1.66,1.67,1584894
PAT,19990610,1.92,1.93,1.92,1.93,5000
PBB,19990610,6.14,6.2,6.14,6.18,109734
PBL,19990610,10.1,10.1,10.01,10.07,577171
PBV,19990610,2.75,2.75,2.75,2.75,2200
PBY,19990610,0.3,0.3,0.29,0.29,202839
PCE,19990610,0.34,0.35,0.34,0.345,49251
PCG,19990610,0.265,0.27,0.265,0.27,47000
PCO,19990610,1.29,1.3,1.28,1.29,75140
PCR,19990610,0.46,0.53,0.46,0.49,640044
PDC,19990610,1.16,1.18,1.16,1.16,34989
PDN,19990610,0.072,0.072,0.065,0.065,616880
PDP,19990610,2.55,2.55,2.5,2.52,1706285
PDR,19990610,0.084,0.087,0.08,0.08,40000
PEA,19990610,0.63,0.63,0.6,0.6,6699
PEM,19990610,0.2,0.21,0.18,0.21,172000
PFM,19990610,0.25,0.25,0.25,0.25,5200
PGL,19990610,4.59,4.59,4.45,4.5,9564
PHD,19990610,0.105,0.105,0.105,0.105,60749
PHO,19990610,0.175,0.18,0.175,0.18,190000
PHR,19990610,0.65,0.65,0.65,0.65,10000
PHY,19990610,1.11,1.11,1.11,1.11,2000
PID,19990610,0.85,0.85,0.84,0.85,122343
PII,19990610,1.17,1.17,1.16,1.17,150551
PIP,19990610,0.7,0.71,0.7,0.71,2375264
PLF,19990610,1.67,1.75,1.67,1.75,112456
PLL,19990610,0.9,0.9,0.9,0.9,5500
PLR,19990610,0.7,0.7,0.7,0.7,2500
PLT,19990610,3.59,3.6,3.58,3.58,16116
PLW,19990610,2.38,2.4,2.38,2.4,2735
PMA,19990610,0.365,0.365,0.35,0.36,156967
PMC,19990610,1.02,1.02,1.02,1.02,14915
PML,19990610,1.512,1.512,1.5,1.5,111400
PMM,19990610,0.781,0.781,0.74,0.74,361476
PMP,19990610,3.08,3.15,3.07,3.15,118051
PMT,19990610,11.2,11.2,11.2,11.2,1000
PMV,19990610,2.45,2.45,2.45,2.45,4000
PNA,19990610,0.083,0.083,0.081,0.081,101000
PNI,19990610,3.79,3.94,3.78,3.92,3025002
PNL,19990610,0.155,0.155,0.15,0.155,276784
PNO,19990610,0.62,0.63,0.6,0.6,100302
PPK,19990610,0.52,0.52,0.49,0.49,21500
PPL,19990610,0.2,0.22,0.2,0.22,11289
PPP,19990610,0.077,0.077,0.071,0.071,102400
PPT,19990610,24.6,24.65,24.45,24.58,21413
PRB,19990610,0.009,0.009,0.007,0.008,2200000
PRE,19990610,0.051,0.051,0.049,0.049,258000
PRL,19990610,0.75,0.78,0.75,0.75,71800
PRM,19990610,0.165,0.165,0.16,0.16,466
PRN,19990610,0.014,0.014,0.014,0.014,2000
PRO,19990610,3.2,3.21,3.2,3.21,9400
PRP,19990610,1.15,1.16,1.15,1.16,119651
PRR,19990610,0.17,0.17,0.17,0.17,20000
PRT,19990610,1.89,1.89,1.89,1.89,295
PRX,19990610,0.88,0.88,0.88,0.88,34250
PRY,19990610,2.23,2.23,2.23,2.23,1770
PSA,19990610,0.44,0.44,0.42,0.44,146600
PSE,19990610,0.105,0.105,0.092,0.092,600000
PSG,19990610,0.33,0.33,0.33,0.33,17300
PSI,19990610,0.23,0.23,0.23,0.23,35000
PSR,19990610,0.95,0.95,0.9,0.95,198539
PTD,19990610,0.53,0.54,0.51,0.53,293031
PTL,19990610,0.21,0.21,0.21,0.21,5000
PTS,19990610,0.09,0.09,0.09,0.09,9000
PTZ,19990610,0.47,0.48,0.47,0.47,302689
PWT,19990610,1.85,1.89,1.85,1.86,294143
PYT,19990610,0.215,0.215,0.215,0.215,10329
QAN,19990610,4.48,4.54,4.47,4.47,2484241
QBE,19990610,5.911,5.911,5.65,5.7,1681827
QCC,19990610,0.68,0.7,0.68,0.7,19200
QCH,19990610,4.89,4.9,4.88,4.9,22246
QMC,19990610,0.68,0.68,0.68,0.68,92153
QOP,19990610,0.085,0.085,0.085,0.085,130000
QRL,19990610,0.78,0.79,0.76,0.78,586551
QTI,19990610,0.15,0.15,0.15,0.15,22859
QTK,19990610,0.068,0.068,0.065,0.066,344586
QUE,19990610,0.58,0.58,0.53,0.53,31687
QUR,19990610,0.18,0.18,0.16,0.16,21877
RAC,19990610,1.23,1.24,1.15,1.17,521712
RAG,19990610,0.011,0.011,0.011,0.011,64343
RBK,19990610,0.285,0.285,0.27,0.27,45800
RBL,19990610,1.05,1.05,1.05,1.05,7000
RBS,19990610,1.7,1.7,1.7,1.7,26
RCT,19990610,0.076,0.09,0.076,0.09,127871
RDF,19990610,2.08,2.1,2.08,2.1,8800
REB,19990610,0.9,0.9,0.88,0.9,19417
REC,19990610,1.41,1.41,1.4,1.4,13572
REE,19990610,0.08,0.08,0.08,0.08,15000
RFM,19990610,0.06,0.063,0.06,0.06,256500
RFR,19990610,0.1,0.1,0.096,0.1,60220
RGR,19990610,0.037,0.038,0.036,0.036,1795250
RGS,19990610,2.4,2.42,2.38,2.38,538838
RHC,19990610,1.34,1.35,1.34,1.35,20500
RHO,19990610,0.035,0.035,0.035,0.035,65000
RIC,19990610,0.92,0.93,0.91,0.92,425141
RIM,19990610,0.17,0.17,0.16,0.17,160505
RIO,19990610,22.94,22.94,22.6,22.75,1526440
RMW,19990610,3,3,3,3,5162
RND,19990610,0.15,0.15,0.15,0.15,127016
ROR,19990610,0.054,0.054,0.052,0.052,100000
RPG,19990610,0.125,0.125,0.125,0.125,3200
RRM,19990610,0.11,0.11,0.11,0.11,18000
RRS,19990610,0.06,0.06,0.06,0.06,6000
RSG,19990610,0.88,0.88,0.82,0.85,1153479
RSM,19990610,0.79,0.8,0.79,0.8,466707
RTH,19990610,14.25,14.441,14.25,14.441,5913
RTM,19990610,0.105,0.105,0.105,0.105,40000
RTS,19990610,0.29,0.3,0.29,0.3,28650
RUP,19990610,5.1,5.15,5.1,5.15,1849
RVS,19990610,0.225,0.235,0.225,0.225,2101550
SAQ,19990610,4,4,4,4,2150
SAR,19990610,0.23,0.23,0.23,0.23,7200
SAS,19990610,1.85,1.9,1.82,1.9,935733
SAX,19990610,0.56,0.57,0.56,0.56,5816
SBC,19990610,8.5,8.5,8.5,8.5,49657
SBE,19990610,1.7,1.7,1.65,1.65,11002
SBM,19990610,0.064,0.064,0.063,0.063,88625
SBR,19990610,0.038,0.038,0.035,0.035,200000
SCD,19990610,0.078,0.083,0.078,0.083,179456
SCE,19990610,0.18,0.18,0.18,0.18,5000
SCH,19990610,2.39,2.42,2.39,2.42,1015457
SCN,19990610,0.005,0.005,0.005,0.005,200000
SCP,19990610,1.98,1.99,1.96,1.99,99136
SCS,19990610,0.28,0.285,0.275,0.275,266817
SCX,19990610,0.038,0.038,0.038,0.038,4000
SCY,19990610,1.6,1.6,1.57,1.58,464721
SDR,19990610,0.65,0.66,0.65,0.66,25000
SDT,19990610,0.032,0.032,0.031,0.032,103750
SED,19990610,0.08,0.08,0.08,0.08,36900
SET,19990610,3.2,3.2,3,3,3000
SEV,19990610,4.78,4.78,4.73,4.771,66812
SFM,19990610,0.024,0.024,0.024,0.024,180000
SGB,19990610,10.611,10.68,10.5,10.64,1500818
SGC,19990610,0.405,0.405,0.395,0.405,337955
SGN,19990610,5.35,5.35,5.35,5.35,100
SGP,19990610,3.42,3.46,3.41,3.447,1131891
SGR,19990610,0.014,0.014,0.014,0.014,145000
SGW,19990610,3.93,4.03,3.93,4.03,77745
SHL,19990610,4.18,4.23,4.17,4.23,142784
SHM,19990610,0.093,0.093,0.092,0.092,41410
SHV,19990610,1.04,1.05,1.04,1.05,30000
SID,19990610,5.33,5.4,5.28,5.4,64734
SIS,19990610,0.205,0.21,0.205,0.21,46570
SKE,19990610,3.04,3.05,3.04,3.04,64772
SKN,19990610,0.26,0.26,0.26,0.26,30000
SKR,19990610,0.105,0.105,0.105,0.105,19000
SLX,19990610,5.537,5.8,5.31,5.35,958172
SMC,19990610,0.022,0.022,0.022,0.022,50000
SME,19990610,9.094,9.12,9.01,9.09,77029
SMI,19990610,12.29,12.85,12.28,12.85,405270
SMM,19990610,0.087,0.087,0.087,0.087,10720
SMS,19990610,6.85,6.9,6.75,6.9,20042
SMU,19990610,0.07,0.07,0.07,0.07,4728
SNX,19990610,1.44,1.44,1.36,1.36,168500
SOA,19990610,0.2,0.2,0.19,0.195,35000
SOH,19990610,2.885,2.95,2.85,2.9,411789
SOL,19990610,34.5,35,34.2,34.4,29710
SOV,19990610,0.049,0.05,0.049,0.049,290000
SOX,19990610,0.35,0.35,0.3,0.3,48500
SPC,19990610,0.9,0.9,0.9,0.9,500
SPP,19990610,2.51,2.51,2.48,2.5,118533
SPT,19990610,4.2,4.2,4.15,4.15,25949
SPX,19990610,0.11,0.115,0.11,0.115,158000
SRA,19990610,2.72,2.72,2.72,2.72,6000
SRI,19990610,0.045,0.045,0.04,0.045,206000
SRL,19990610,0.53,0.54,0.53,0.54,22250
SRO,19990610,0.068,0.068,0.067,0.067,100000
SRP,19990610,6.5,6.53,6.43,6.5,741205
SSE,19990610,0.385,0.39,0.38,0.38,62500
SSI,19990610,2.2,2.2,2.2,2.2,12400
SSN,19990610,0.105,0.105,0.105,0.105,18600
SSR,19990610,0.95,0.96,0.95,0.96,4272
SST,19990610,3.06,3.06,3.05,3.05,7310
SSX,19990610,2.34,2.36,2.31,2.36,443639
STA,19990610,0.11,0.11,0.1,0.1,32000
STH,19990610,0.02,0.021,0.02,0.021,12500
STM,19990610,0.1,0.1,0.1,0.1,33333
STO,19990610,5.1,5.15,5.03,5.084,832599
SUR,19990610,0.11,0.11,0.11,0.11,36667
SWD,19990610,0.82,0.82,0.8,0.8,80000
SWS,19990610,3.7,3.75,3.7,3.7,194849
TAB,19990610,2.98,2.99,2.92,2.97,1434793
TAH,19990610,11.25,11.35,11.2,11.2,644961
TAI,19990610,0.17,0.17,0.16,0.16,254500
TAM,19990610,0.13,0.14,0.13,0.135,35000
TAP,19990610,0.69,0.7,0.68,0.69,400271
TBR,19990610,0.115,0.115,0.1,0.1,227532
TCE,19990610,0.81,0.81,0.79,0.8,80600
TCL,19990610,1800,1860,1800,1840,935
TDG,19990610,1.24,1.24,1.23,1.24,49500
TEH,19990610,0.98,1,0.98,0.98,39750
TEL,19990610,6.652,6.7,6.64,6.675,160470
TEM,19990610,2,2,2,2,400
TEN,19990610,2.25,2.3,2.25,2.28,307620
TGG,19990610,1.84,1.89,1.84,1.89,42929
TGO,19990610,0.47,0.47,0.47,0.47,107575
THG,19990610,0.62,0.63,0.62,0.62,50000
TIG,19990610,0.45,0.45,0.45,0.45,3001
TIM,19990610,10,10.4,10,10.4,9885
TIR,19990610,0.1,0.11,0.1,0.105,215999
TKG,19990610,0.016,0.016,0.016,0.016,150000
TKR,19990610,0.26,0.26,0.26,0.26,5128
TLA,19990610,0.63,0.63,0.62,0.62,316072
TLN,19990610,0.09,0.09,0.09,0.09,31000
TLO,19990610,0.42,0.435,0.42,0.435,196290
TLS,19990610,7.93,8.02,7.9,7.93,6217388
TMS,19990610,1.62,1.62,1.56,1.56,115000
TNA,19990610,0.09,0.09,0.08,0.08,21400
TNY,19990610,0.74,0.74,0.74,0.74,26800
TOL,19990610,5.7,5.72,5.7,5.7,22754
TOR,19990610,0.65,0.68,0.62,0.68,26166
TPT,19990610,0.39,0.4,0.39,0.4,60435
TRC,19990610,0.295,0.3,0.29,0.3,3311222
TRE,19990610,0.105,0.105,0.099,0.099,708477
TRY,19990610,0.26,0.26,0.25,0.25,176468
TSP,19990610,0.084,0.084,0.084,0.084,4000
TSS,19990610,1.28,1.28,1.28,1.28,1000
TTH,19990610,0.16,0.16,0.16,0.16,3455
TTR,19990610,0.06,0.06,0.056,0.06,192500
TVL,19990610,1.48,1.57,1.48,1.57,197428
UCR,19990610,2.77,2.77,2.77,2.77,10000
UEL,19990610,2.42,2.44,2.4,2.44,650405
UMG,19990610,0.05,0.051,0.049,0.049,215740
USC,19990610,0.72,0.84,0.72,0.77,753870
VEP,19990610,0.98,0.98,0.97,0.97,68528
VHL,19990610,0.96,0.96,0.96,0.96,12000
VII,19990610,0.1,0.1,0.1,0.1,89000
VIT,19990610,0.15,0.15,0.145,0.145,81000
VKI,19990610,0.255,0.255,0.255,0.255,9000
VNA,19990610,0.64,0.64,0.61,0.63,678885
VOS,19990610,0.26,0.26,0.255,0.255,105000
VPE,19990610,0.042,0.043,0.042,0.042,783000
VRL,19990610,2.658,2.66,2.6,2.62,463224
VSS,19990610,7,7.25,7,7.2,13705
VWD,19990610,1.14,1.14,1.13,1.13,12874
VWL,19990610,0.3,0.31,0.3,0.31,17519
WAN,19990610,5.37,5.41,5.37,5.37,228238
WAT,19990610,1.3,1.35,1.3,1.35,34028
WBA,19990610,0.9,0.9,0.9,0.9,627
WBC,19990610,10.242,10.33,10.22,10.3,4288615
WDM,19990610,0.56,0.64,0.56,0.61,217218
WDP,19990610,1.2,1.2,1.18,1.18,17000
WEG,19990610,6.82,6.83,6.82,6.82,80786
WER,19990610,0.45,0.45,0.43,0.43,15796
WES,19990610,14.1,14.2,14.05,14.05,91567
WFA,19990610,1.49,1.49,1.47,1.48,2493865
WFT,19990610,3.11,3.15,3.09,3.143,4270707
WGC,19990610,0.011,0.011,0.01,0.01,1050000
WGR,19990610,0.135,0.135,0.135,0.135,2500
WHL,19990610,0.235,0.24,0.235,0.24,50000
WHW,19990610,6.01,6.03,6.01,6.03,171208
WJM,19990610,3.15,3.15,3.15,3.15,1240
WKC,19990610,0.67,0.68,0.66,0.68,171915
WLH,19990610,0.446,0.455,0.44,0.44,410050
WMC,19990610,6.026,6.2,6.026,6.18,2102395
WMT,19990610,0.43,0.44,0.43,0.435,636345
WON,19990610,0.09,0.09,0.09,0.09,125000
WOW,19990610,5.15,5.2,5.08,5.11,1313998
WPL,19990610,10.924,11.15,10.83,10.85,3165238
WPT,19990610,1.62,1.63,1.6,1.6,184468
WSF,19990610,9.3,9.32,9.26,9.28,174790
WSG,19990610,0.205,0.21,0.2,0.205,345304
WTP,19990610,0.47,0.47,0.47,0.47,38410
WVI,19990610,0.4,0.43,0.4,0.42,56700
WWA,19990610,0.49,0.49,0.475,0.49,26000
WYL,19990610,4.35,4.35,4.31,4.33,3199
YAM,19990610,0.09,0.093,0.09,0.093,378910
YTS,19990610,1.01,1.02,1.01,1.01,91068
ZEL,19990610,0.7,0.79,0.7,0.73,49010
ZIM,19990610,0.325,0.34,0.325,0.325,41802
ZPR,19990610,0.018,0.018,0.018,0.018,300000
ZYL,19990610,0.14,0.15,0.14,0.14,151866
