AAA,19990315,2.327,2.33,2.28,2.29,609700
AAP,19990315,4.58,4.75,4.57,4.75,1337059
AAR,19990315,0.019,0.019,0.019,0.019,30000
AAT,19990315,1.58,1.75,1.58,1.73,346340
AAV,19990315,0.55,0.67,0.53,0.65,707205
ABC,19990315,0.88,0.91,0.88,0.91,559378
ABD,19990315,0.037,0.037,0.037,0.037,10000
ABG,19990315,2.602,2.66,2.58,2.65,23400
ACI,19990315,0.15,0.15,0.15,0.15,50000
ACY,19990315,0.78,0.79,0.78,0.79,415000
ADA,19990315,1.26,1.26,1.26,1.26,1000
ADB,19990315,5.87,5.9,5.87,5.89,38935
ADG,19990315,2,2,2,2,1500
ADH,19990315,0.15,0.16,0.15,0.16,42638
ADM,19990315,0.072,0.072,0.072,0.072,20189
ADN,19990315,0.11,0.11,0.11,0.11,25000
ADT,19990315,1.558,1.558,1.558,1.558,5926
ADX,19990315,0.19,0.19,0.185,0.185,192500
ADZ,19990315,2.8,2.81,2.8,2.8,20598
AEC,19990315,0.94,0.94,0.93,0.93,27000
AEG,19990315,0.07,0.07,0.07,0.07,66444
AEL,19990315,0.345,0.35,0.335,0.34,599131
AET,19990315,0.26,0.26,0.26,0.26,33000
AEX,19990315,0.014,0.014,0.014,0.014,95000
AFF,19990315,0.265,0.265,0.265,0.265,21652
AFI,19990315,2.8,2.805,2.77,2.805,180483
AFK,19990315,0.096,0.1,0.093,0.093,149534
AGA,19990315,0.038,0.038,0.038,0.038,13000
AGH,19990315,0.68,0.68,0.66,0.66,217741
AGL,19990315,11.029,11.26,11.029,11.26,948486
AGM,19990315,0.075,0.075,0.07,0.07,59000
AGR,19990315,0.35,0.35,0.33,0.33,76000
AGS,19990315,0.014,0.014,0.014,0.014,230769
AHA,19990315,13.6,13.6,13.6,13.6,444
AHD,19990315,4.68,4.7,4.68,4.68,53523
AHX,19990315,1.08,1.09,1.08,1.09,63336
AIP,19990315,1.17,1.17,1.13,1.13,131000
AIX,19990315,2.251,2.29,2.24,2.27,114488
AIZ,19990315,2.75,2.75,2.75,2.75,3000
AJO,19990315,1.72,1.75,1.72,1.72,20400
AJR,19990315,0.9,0.9,0.89,0.9,102885
AJS,19990315,1.05,1.07,1.05,1.05,242577
AKC,19990315,3.76,3.76,3.75,3.75,6488
AKD,19990315,0.03,0.03,0.03,0.03,200000
ALA,19990315,0.41,0.43,0.4,0.41,50400
ALK,19990315,0.28,0.29,0.28,0.29,30000
ALL,19990315,10,10.05,10,10.05,70995
ALO,19990315,1.06,1.06,1.06,1.06,20000
ALZ,19990315,1.26,1.27,1.26,1.26,11725
AMC,19990315,7.99,8.103,7.95,8.103,1415772
AMG,19990315,0.1,0.1,0.1,0.1,40000
AMI,19990315,0.07,0.07,0.07,0.07,128000
AML,19990315,1.3,1.3,1.28,1.3,45700
AMP,19990315,17.8,17.97,17.65,17.91,2133984
AMW,19990315,13,13,12.5,12.5,450
ANE,19990315,1.71,1.71,1.71,1.71,6600
ANF,19990315,1.12,1.16,1.12,1.16,1400
ANK,19990315,0.78,0.8,0.78,0.79,26870
ANL,19990315,2.16,2.16,2.05,2.1,257396
ANZ,19990315,10.62,10.82,10.59,10.82,3798428
AOF,19990315,1.26,1.28,1.26,1.28,359420
AOG,19990315,1.62,1.67,1.62,1.64,368423
AOV,19990315,0.092,0.092,0.091,0.091,50000
APF,19990315,1.48,1.52,1.47,1.52,505051
API,19990315,2.28,2.28,2.28,2.28,1000
APN,19990315,2.992,3.03,2.99,3.02,22606
APU,19990315,0.28,0.28,0.28,0.28,59000
APW,19990315,3.55,3.55,3.47,3.48,17345
APY,19990315,0.98,0.98,0.98,0.98,209379
AQL,19990315,0.4,0.4,0.4,0.4,10000
AQS,19990315,0.57,0.58,0.57,0.58,151350
ARA,19990315,0.67,0.67,0.66,0.67,38622
ARC,19990315,0.13,0.13,0.13,0.13,74500
ARG,19990315,3.732,3.75,3.7,3.73,82256
ARL,19990315,3.35,3.36,3.29,3.32,393643
ARQ,19990315,0.245,0.245,0.245,0.245,95320
ARX,19990315,0.06,0.06,0.06,0.06,11000
ASB,19990315,1.4,1.41,1.4,1.4,41100
ASG,19990315,0.021,0.021,0.021,0.021,60000
ASH,19990315,0.55,0.59,0.54,0.56,665457
ASL,19990315,0.64,0.69,0.63,0.69,96475
ASR,19990315,0.48,0.48,0.48,0.48,2000
ASU,19990315,0.085,0.085,0.085,0.085,50000
ASX,19990315,14.35,15.2,14.25,15.2,644655
ATE,19990315,0.03,0.03,0.03,0.03,20800
ATG,19990315,0.24,0.24,0.23,0.23,20000
ATP,19990315,0.15,0.15,0.15,0.15,9000
AUC,19990315,0.86,0.87,0.86,0.87,68540
AUD,19990315,2.95,2.98,2.93,2.98,143932
AUG,19990315,0.95,0.95,0.92,0.92,22100
AUI,19990315,3.05,3.05,3.05,3.05,1082
AUM,19990315,0.035,0.035,0.035,0.035,78000
AUO,19990315,0.14,0.15,0.14,0.15,50000
AVJ,19990315,0.425,0.425,0.42,0.42,140000
AVL,19990315,0.05,0.05,0.05,0.05,170623
AVR,19990315,0.61,0.61,0.58,0.58,313844
AWA,19990315,0.73,0.74,0.7,0.71,1102923
AWE,19990315,0.39,0.39,0.39,0.39,35000
AWH,19990315,2.29,2.3,2.2,2.2,78395
AWI,19990315,0.34,0.345,0.32,0.32,155196
AXI,19990315,0.078,0.078,0.078,0.078,33000
AXR,19990315,0.25,0.255,0.25,0.25,176000
AYO,19990315,0.39,0.39,0.38,0.38,112762
AZL,19990315,0.205,0.22,0.205,0.205,44240
BAH,19990315,0.235,0.235,0.235,0.235,45000
BAT,19990315,30,30,30,30,5
BCD,19990315,1.04,1.04,1.02,1.02,11800
BDG,19990315,0.099,0.1,0.099,0.1,139628
BDL,19990315,0.64,0.64,0.64,0.64,6000
BDS,19990315,3.32,3.32,3.32,3.32,25000
BEN,19990315,6.16,6.2,6.12,6.16,26504
BER,19990315,0.7,0.7,0.7,0.7,1180
BGD,19990315,0.27,0.27,0.27,0.27,30408
BGF,19990315,0.09,0.095,0.09,0.095,18200
BHL,19990315,0.56,0.56,0.56,0.56,3866
BHP,19990315,12.85,12.87,12.65,12.75,8733459
BHT,19990315,0.8,0.82,0.79,0.81,113687
BIC,19990315,0.24,0.24,0.24,0.24,3167
BID,19990315,0.61,0.61,0.61,0.61,4600
BII,19990315,0.235,0.235,0.22,0.22,135500
BIL,19990315,41.148,41.6,41,41.533,579238
BIR,19990315,0.99,0.99,0.98,0.98,1917705
BKA,19990315,0.14,0.14,0.14,0.14,21000
BKL,19990315,4.85,4.86,4.85,4.85,7253
BKR,19990315,0.31,0.33,0.31,0.33,34000
BKS,19990315,0.029,0.03,0.029,0.03,233000
BKW,19990315,36,36,36,36,616
BLI,19990315,0.11,0.12,0.11,0.12,13000
BLO,19990315,0.17,0.175,0.17,0.17,86400
BLR,19990315,0.15,0.155,0.145,0.155,1079623
BMX,19990315,0.165,0.165,0.165,0.165,2100
BNA,19990315,0.03,0.038,0.03,0.038,42478
BOA,19990315,0.59,0.59,0.57,0.57,20000
BOC,19990315,0.18,0.18,0.18,0.18,5556
BOG,19990315,0.17,0.17,0.17,0.17,259440
BOR,19990315,2.33,2.36,2.31,2.34,2566726
BPC,19990315,0.28,0.295,0.28,0.29,3304246
BPT,19990315,0.039,0.039,0.038,0.038,88066
BQD,19990315,5.87,5.89,5.81,5.84,21608
BRI,19990315,0.2,0.21,0.2,0.205,154015
BRL,19990315,6.9,6.9,6.85,6.87,79641
BRN,19990315,0.32,0.33,0.32,0.33,49000
BRS,19990315,1.31,1.33,1.3,1.3,139060
BRY,19990315,0.35,0.36,0.35,0.355,1293554
BRZ,19990315,3.93,4,3.9,4,53980
BSG,19990315,0.088,0.088,0.085,0.086,500000
BSO,19990315,3.63,3.7,3.6,3.7,36100
BSS,19990315,0.042,0.044,0.042,0.044,60000
BTA,19990315,4.9,4.96,4.74,4.89,262510
BTE,19990315,0.69,0.7,0.68,0.69,440462
BTG,19990315,0.69,0.69,0.69,0.69,1951
BTM,19990315,0.33,0.335,0.33,0.33,237334
BTO,19990315,1.36,1.38,1.36,1.37,1081338
BTP,19990315,1.77,1.79,1.76,1.76,114599
BTY,19990315,3.65,3.65,3.65,3.65,600
BUG,19990315,0.96,0.96,0.95,0.95,18279
BWA,19990315,3.152,3.16,3.13,3.13,86111
BWP,19990315,1.294,1.294,1.23,1.23,92200
BWT,19990315,0.028,0.028,0.028,0.028,92500
BYI,19990315,0.65,0.65,0.65,0.65,3375
CAA,19990315,2.2,2.2,2.17,2.17,702951
CAE,19990315,0.005,0.005,0.005,0.005,2000000
CAG,19990315,0.115,0.115,0.1,0.11,367660
CAI,19990315,0.39,0.39,0.38,0.38,12000
CAT,19990315,0.8,0.8,0.78,0.78,143535
CBA,19990315,25.919,26.654,25.89,26.654,2415313
CBI,19990315,1.335,1.35,1.335,1.35,23850
CBO,19990315,0.115,0.12,0.115,0.12,18000
CBS,19990315,24.5,24.5,24.5,24.5,1856
CCB,19990315,2.32,2.33,2.32,2.32,731636
CCH,19990315,0.17,0.17,0.17,0.17,1000
CCL,19990315,6.4,6.7,6.4,6.69,1382618
CCR,19990315,0.095,0.095,0.09,0.09,40250
CCV,19990315,0.18,0.185,0.18,0.185,131000
CDF,19990315,1.08,1.09,1.08,1.09,45000
CEA,19990315,0.096,0.11,0.096,0.105,1779324
CED,19990315,0.35,0.38,0.35,0.38,52000
CEP,19990315,2.75,2.8,2.75,2.79,101116
CEQ,19990315,2,2.02,2,2.02,14217
CEV,19990315,0.042,0.042,0.042,0.042,320
CEW,19990315,1.84,1.84,1.8,1.8,23796
CEY,19990315,0.67,0.67,0.65,0.65,16045
CFA,19990315,0.14,0.14,0.14,0.14,30000
CFR,19990315,0.018,0.018,0.018,0.018,94000
CGD,19990315,0.58,0.58,0.58,0.58,6000
CGH,19990315,6.14,6.29,6.14,6.28,1950219
CGN,19990315,0.062,0.062,0.061,0.062,120000
CHF,19990315,0.8,0.83,0.79,0.8,147700
CHL,19990315,0.345,0.345,0.345,0.345,57606
CHO,19990315,11.22,11.22,11.22,11.22,250
CHQ,19990315,0.93,0.93,0.93,0.93,17422
CHY,19990315,1.33,1.33,1.32,1.33,4475
CIA,19990315,1.34,1.34,1.29,1.29,52754
CIC,19990315,0.2,0.2,0.16,0.17,1226065
CIH,19990315,0.185,0.19,0.185,0.185,502281
CIM,19990315,0.07,0.071,0.064,0.067,1612200
CIN,19990315,9.95,9.95,9.95,9.95,10402
CIO,19990315,0.24,0.24,0.24,0.24,2000
CIP,19990315,1.93,1.94,1.93,1.93,71822
CIR,19990315,0.81,0.81,0.81,0.81,16000
CKG,19990315,0.018,0.02,0.018,0.02,202000
CKS,19990315,0.55,0.55,0.55,0.55,7300
CLI,19990315,6.5,6.75,6.5,6.7,113487
CLO,19990315,0.75,0.76,0.75,0.76,175740
CLR,19990315,0.486,0.495,0.47,0.48,1010801
CMC,19990315,5.75,5.97,5.75,5.97,487420
CMF,19990315,1.12,1.12,1.11,1.11,1851842
CMK,19990315,0.23,0.23,0.23,0.23,60000
CML,19990315,8.45,8.5,8.41,8.5,2246865
CMR,19990315,0.29,0.3,0.29,0.3,9800
CMT,19990315,0.3,0.3,0.3,0.3,30603
CMU,19990315,0.85,0.89,0.85,0.89,14300
CMX,19990315,0.21,0.21,0.21,0.21,9000
CMZ,19990315,0.315,0.315,0.295,0.295,641000
CND,19990315,2.524,2.524,2.5,2.5,82412
CNG,19990315,0.53,0.53,0.49,0.49,91083
CNN,19990315,0.27,0.27,0.27,0.27,36593
CNT,19990315,0.105,0.105,0.105,0.105,100000
COA,19990315,2.84,2.84,2.8,2.82,227036
COC,19990315,1.83,1.83,1.82,1.83,87714
COG,19990315,0.05,0.052,0.05,0.05,79872
COH,19990315,10.1,10.1,10,10,51699
CPB,19990315,4.24,4.24,4.2,4.2,4058
CPC,19990315,0.085,0.085,0.085,0.085,30000
CPI,19990315,2.3,2.34,2.3,2.3,8000
CPL,19990315,2.06,2.07,2.06,2.07,505102
CPM,19990315,5.75,5.75,5.75,5.75,3627
CPU,19990315,11.1,11.3,11.1,11.25,71643
CQT,19990315,0.31,0.31,0.31,0.31,5000
CRG,19990315,9.97,10.1,9.97,10.1,31254
CRO,19990315,0.8,0.82,0.8,0.81,1260097
CRS,19990315,0.33,0.33,0.33,0.33,66500
CRT,19990315,0.76,0.8,0.76,0.8,316165
CRV,19990315,0.42,0.435,0.42,0.425,351300
CSA,19990315,0.31,0.325,0.31,0.325,518985
CSL,19990315,13.9,14.11,13.9,14,126538
CSP,19990315,0.59,0.6,0.58,0.6,83090
CSR,19990315,3.47,3.6,3.46,3.58,3625974
CSY,19990315,0.056,0.061,0.053,0.053,1505000
CTL,19990315,5.3,5.3,5.17,5.3,262718
CTR,19990315,0.35,0.355,0.34,0.355,1050356
CTX,19990315,3.85,3.9,3.8,3.85,100765
CUE,19990315,0.043,0.044,0.043,0.044,133000
CUP,19990315,1.04,1.04,0.99,1.04,128892
CVI,19990315,0.84,0.84,0.84,0.84,3519
CVN,19990315,0.085,0.085,0.085,0.085,248500
CWI,19990315,1.57,1.58,1.56,1.58,85886
CWO,19990315,3.481,3.5,3.43,3.47,4997269
CWP,19990315,0.83,0.83,0.83,0.83,14820
CXP,19990315,2,2.1,2,2.1,88100
CXR,19990315,0.069,0.072,0.068,0.072,463200
CYH,19990315,0.125,0.13,0.125,0.13,190500
DAD,19990315,4.941,4.941,4.88,4.89,553928
DDV,19990315,0.165,0.165,0.165,0.165,110000
DEF,19990315,0.03,0.03,0.03,0.03,30000
DGD,19990315,2.6,2.64,2.6,2.63,501678
DGL,19990315,0.51,0.51,0.51,0.51,3000
DGM,19990315,0.008,0.008,0.006,0.007,3787500
DGN,19990315,0.038,0.038,0.035,0.035,170000
DIO,19990315,0.053,0.053,0.05,0.05,100000
DJS,19990315,1.52,1.55,1.51,1.52,178593
DJW,19990315,3.65,3.69,3.65,3.68,12477
DLS,19990315,0.05,0.05,0.05,0.05,20000
DMR,19990315,0.11,0.11,0.11,0.11,667
DNR,19990315,0.053,0.053,0.053,0.053,933
DNS,19990315,0.1,0.1,0.1,0.1,4470
DOM,19990315,0.4,0.405,0.4,0.405,169992
DOR,19990315,0.245,0.25,0.24,0.24,308000
DRA,19990315,0.035,0.035,0.035,0.035,5000
DRN,19990315,0.32,0.32,0.32,0.32,18488
DSH,19990315,0.71,0.72,0.71,0.71,719500
DTL,19990315,3.38,3.4,3.37,3.4,5000
DUI,19990315,1.6,1.6,1.6,1.6,8000
DVD,19990315,0.61,0.64,0.61,0.63,373500
DVN,19990315,0.61,0.61,0.61,0.61,6116
DVT,19990315,0.3,0.305,0.29,0.295,1756940
EAC,19990315,3.2,3.2,3.2,3.2,5000
EAM,19990315,1.25,1.25,1.23,1.23,43227
EBG,19990315,0.095,0.1,0.095,0.1,60000
EBR,19990315,0.105,0.105,0.105,0.105,25000
ECA,19990315,0.4,0.4,0.35,0.35,4000
ECM,19990315,0.52,0.52,0.52,0.52,23000
ECT,19990315,0.75,0.75,0.75,0.75,2000
EDI,19990315,3.94,3.98,3.93,3.98,53454
EEC,19990315,0.34,0.345,0.34,0.34,247910
EGL,19990315,0.105,0.105,0.105,0.105,9000
EGO,19990315,0.125,0.125,0.125,0.125,10000
ELA,19990315,0.03,0.03,0.03,0.03,204000
ELT,19990315,1.68,1.68,1.58,1.58,23664
EML,19990315,2.77,2.77,2.73,2.75,318950
EMP,19990315,0.68,0.68,0.68,0.68,35000
ENE,19990315,3.65,3.65,3.56,3.65,84470
ENV,19990315,1,1,0.92,0.93,2925749
EQM,19990315,4.8,4.8,4.8,4.8,500
EQR,19990315,0.1,0.1,0.1,0.1,208000
ERA,19990315,1.75,1.75,1.75,1.75,2714
ERG,19990315,1.56,1.67,1.56,1.65,2027102
ESA,19990315,0.12,0.12,0.115,0.115,118622
ESE,19990315,0.42,0.42,0.42,0.42,40000
ESI,19990315,0.245,0.25,0.24,0.25,55000
ETR,19990315,2.1,2.2,2.1,2.15,309295
EWL,19990315,0.42,0.42,0.415,0.415,156000
EWN,19990315,0.32,0.32,0.32,0.32,22600
EZY,19990315,0.3,0.3,0.3,0.3,20000
FAF,19990315,0.59,0.61,0.59,0.61,121391
FAR,19990315,0.12,0.125,0.12,0.125,40000
FBG,19990315,4.7,4.83,4.68,4.781,8003499
FCL,19990315,2.15,2.15,2.1,2.12,318410
FDR,19990315,0.038,0.038,0.037,0.038,315000
FFL,19990315,1.697,1.72,1.697,1.72,41571
FHF,19990315,9.35,9.4,9.25,9.4,304050
FIF,19990315,5.5,5.5,5.43,5.5,327745
FIG,19990315,0.022,0.022,0.022,0.022,639861
FIM,19990315,0.1,0.1,0.098,0.1,293600
FKP,19990315,1.18,1.19,1.18,1.18,162704
FLL,19990315,1.53,1.54,1.53,1.535,614879
FLT,19990315,5.7,5.7,5.63,5.65,57555
FMH,19990315,3.05,3.05,3.03,3.03,76471
FOA,19990315,12.25,12.35,12.18,12.35,86237
FPF,19990315,1.03,1.04,1.03,1.04,16353
FPG,19990315,0.67,0.67,0.67,0.67,800
FRM,19990315,0.92,0.92,0.92,0.92,500
FRO,19990315,0.056,0.056,0.056,0.056,70000
FST,19990315,3.05,3.05,3.05,3.05,5000
FTU,19990315,0.012,0.012,0.012,0.012,52000
FWD,19990315,1.41,1.41,1.41,1.41,4000
FXF,19990315,0.395,0.405,0.395,0.395,150581
FXJ,19990315,4,4.04,4,4,972491
GAN,19990315,1.22,1.23,1.22,1.23,1012480
GAW,19990315,0.062,0.062,0.061,0.061,10000
GBG,19990315,0.165,0.165,0.165,0.165,70000
GCM,19990315,1.48,1.51,1.48,1.5,7234200
GDC,19990315,0.1,0.1,0.097,0.097,98452
GDH,19990315,0.105,0.105,0.105,0.105,35000
GDM,19990315,0.31,0.31,0.31,0.31,20000
GDP,19990315,2.15,2.15,2,2,58643
GED,19990315,0.17,0.18,0.17,0.18,202000
GEE,19990315,0.265,0.265,0.26,0.26,1158000
GEL,19990315,0.21,0.21,0.205,0.205,134500
GFA,19990315,7,7,7,7,3860
GFD,19990315,0.56,0.56,0.56,0.56,196000
GGS,19990315,0.047,0.047,0.047,0.047,20000
GGY,19990315,0.08,0.081,0.077,0.08,168000
GHG,19990315,1.6,1.6,1.6,1.6,10000
GHP,19990315,1.29,1.3,1.29,1.29,139360
GHR,19990315,0.22,0.22,0.13,0.15,346977
GIO,19990315,4.48,4.551,4.48,4.551,715294
GLD,19990315,1.34,1.34,1.3,1.32,20000
GLT,19990315,0.25,0.26,0.25,0.255,303000
GME,19990315,0.065,0.065,0.065,0.065,390000
GMF,19990315,1.55,1.55,1.52,1.53,2013114
GMN,19990315,0.13,0.13,0.12,0.12,152500
GMS,19990315,0.61,0.61,0.61,0.61,15000
GNC,19990315,14.7,14.75,14.7,14.75,5090
GNS,19990315,1.6,1.6,1.59,1.6,19300
GOW,19990315,2.2,2.2,2.2,2.2,10000
GPA,19990315,0.4,0.4,0.4,0.4,48
GPN,19990315,0.05,0.05,0.047,0.047,209500
GPT,19990315,2.78,2.82,2.77,2.8,3695547
GPY,19990315,0.215,0.215,0.214,0.214,48591
GRA,19990315,0.32,0.35,0.32,0.33,269753
GRD,19990315,0.43,0.43,0.42,0.42,279000
GRI,19990315,0.09,0.1,0.09,0.1,56854
GRN,19990315,0.097,0.1,0.097,0.1,50000
GRT,19990315,1.51,1.51,1.4,1.4,18300
GSE,19990315,0.053,0.053,0.052,0.052,105000
GSP,19990315,1.5,1.55,1.5,1.51,62152
GTL,19990315,0.125,0.13,0.125,0.13,110100
GTM,19990315,0.1,0.1,0.095,0.095,149649
GTN,19990315,0.3,0.3,0.3,0.3,5000
GTS,19990315,0.16,0.2,0.16,0.185,632547
GUD,19990315,2.34,2.34,2.29,2.3,418280
GUL,19990315,0.033,0.033,0.031,0.031,432599
GVM,19990315,0.13,0.13,0.13,0.13,552250
GWT,19990315,2.72,2.72,2.69,2.7,51269
GYM,19990315,0.33,0.34,0.325,0.33,14591
GZL,19990315,1.5,1.51,1.5,1.5,121000
HAH,19990315,3.05,3.18,3.05,3.18,909111
HAM,19990315,1.74,1.74,1.7,1.7,41680
HAO,19990315,0.2,0.2,0.19,0.195,684500
HAR,19990315,0.4,0.4,0.4,0.4,116000
HBL,19990315,0.65,0.65,0.65,0.65,19714
HCO,19990315,6.11,6.11,6.09,6.11,9400
HDR,19990315,0.043,0.043,0.038,0.042,3019794
HEX,19990315,0.038,0.038,0.038,0.038,77913
HFY,19990315,0.96,1,0.94,1,626000
HGV,19990315,0.74,0.75,0.74,0.75,14400
HIC,19990315,0.54,0.55,0.54,0.55,20500
HIG,19990315,0.215,0.215,0.21,0.215,129200
HIH,19990315,2.12,2.17,2.11,2.17,3948637
HIL,19990315,2.51,2.53,2.5,2.53,34800
HLN,19990315,0.36,0.365,0.355,0.365,370895
HLX,19990315,0.485,0.5,0.485,0.485,298969
HLY,19990315,4.74,4.85,4.74,4.8,50401
HNG,19990315,1.42,1.43,1.42,1.43,7615
HOY,19990315,1.68,1.7,1.66,1.7,1650822
HPL,19990315,1.028,1.06,1.028,1.06,59015
HRP,19990315,1.33,1.33,1.33,1.33,693
HRT,19990315,0.145,0.16,0.14,0.15,656500
HRW,19990315,1.76,1.77,1.74,1.74,53215
HSL,19990315,1.9,1.9,1.86,1.88,53187
HSM,19990315,14.1,14.1,14.1,14.1,5383
HSP,19990315,0.43,0.44,0.43,0.43,38113
HUG,19990315,0.275,0.29,0.275,0.29,93000
HVN,19990315,17.034,17.1,16.95,17.05,138948
HZA,19990315,0.65,0.65,0.65,0.65,7500
IAM,19990315,2.45,2.47,2.4,2.47,21409
ICN,19990315,0.061,0.069,0.061,0.069,170000
ICT,19990315,5.65,5.65,5.65,5.65,1400
ICW,19990315,2.45,2.45,2.45,2.45,10000
IDT,19990315,1.2,1.2,1.2,1.2,10000
IFA,19990315,0.9,0.91,0.88,0.89,205740
IFT,19990315,1.62,1.64,1.61,1.62,884065
IGM,19990315,0.105,0.11,0.105,0.11,115081
IGP,19990315,1.72,2,1.72,1.75,49238
IHN,19990315,0.38,0.39,0.38,0.39,67683
IIT,19990315,1.51,1.51,1.49,1.49,43777
IMR,19990315,0.025,0.025,0.024,0.024,230787
IND,19990315,0.235,0.235,0.23,0.23,20000
INF,19990315,0.3,0.3,0.29,0.29,92158
INX,19990315,0.22,0.225,0.22,0.22,300000
IPH,19990315,1.99,1.99,1.98,1.98,62109
IPY,19990315,1,1.02,1,1,38479
IRC,19990315,0.037,0.04,0.037,0.04,375667
IXL,19990315,1.26,1.3,1.25,1.25,111851
JBG,19990315,0.53,0.53,0.46,0.48,55400
JFC,19990315,0.48,0.48,0.48,0.48,3000
JJS,19990315,1.6,1.6,1.6,1.6,4000
JOD,19990315,0.011,0.012,0.011,0.012,31623
JRV,19990315,0.041,0.041,0.041,0.041,94167
JUP,19990315,3.75,3.76,3.65,3.72,53515
JYC,19990315,1.6,1.6,1.6,1.6,25200
KBG,19990315,0.23,0.23,0.22,0.23,85000
KBO,19990315,0.06,0.06,0.055,0.055,267420
KCN,19990315,0.47,0.48,0.47,0.48,78487
KGM,19990315,0.43,0.43,0.43,0.43,20000
KIM,19990315,0.56,0.56,0.52,0.52,116500
KRS,19990315,0.071,0.071,0.071,0.071,249000
KRZ,19990315,0.018,0.018,0.017,0.018,1085000
KSC,19990315,1.69,1.69,1.65,1.65,7250
KYC,19990315,2.45,2.5,2.4,2.4,84946
KYD,19990315,0.135,0.145,0.135,0.14,173000
LAC,19990315,4.7,4.7,4.65,4.7,22200
LDW,19990315,1.65,1.65,1.65,1.65,875
LEG,19990315,0.2,0.2,0.2,0.2,97500
LEI,19990315,5.795,5.8,5.75,5.76,365181
LEO,19990315,0.07,0.07,0.07,0.07,8000
LHG,19990315,1.533,1.55,1.5,1.55,1657799
LKO,19990315,0.024,0.024,0.022,0.022,525000
LLC,19990315,21.553,21.75,21.1,21.75,926777
LLR,19990315,0.092,0.092,0.092,0.092,500
LNN,19990315,3.805,3.805,3.75,3.79,53452
LSG,19990315,0.63,0.63,0.63,0.63,20000
LWT,19990315,0.89,0.89,0.87,0.87,23793
MAH,19990315,0.4,0.4,0.395,0.395,3369756
MAX,19990315,1.11,1.11,1.11,1.11,5000
MAY,19990315,5.23,5.26,5.2,5.25,1476633
MBC,19990315,13.7,13.7,13.7,13.7,5000
MBG,19990315,0.025,0.025,0.025,0.025,2000
MBL,19990315,18.6,19.1,18.6,18.95,745392
MBM,19990315,0.22,0.23,0.22,0.22,258983
MBP,19990315,0.305,0.305,0.3,0.3,51380
MCP,19990315,0.91,0.91,0.91,0.91,11000
MCT,19990315,0.19,0.19,0.18,0.18,427120
MDC,19990315,2.87,2.87,2.87,2.87,5200
MDL,19990315,0.36,0.36,0.36,0.36,24704
MED,19990315,0.52,0.52,0.49,0.5,37000
MEE,19990315,0.14,0.14,0.135,0.135,24992
MEN,19990315,0.09,0.09,0.09,0.09,40000
MEX,19990315,0.42,0.44,0.42,0.44,3762
MGD,19990315,0.23,0.23,0.23,0.23,10000
MGG,19990315,0.06,0.06,0.059,0.059,61500
MGL,19990315,0.117,0.14,0.11,0.14,858250
MGU,19990315,0.017,0.017,0.017,0.017,5416
MGW,19990315,2.77,2.77,2.77,2.77,33365
MIC,19990315,0.026,0.026,0.026,0.026,25000
MIK,19990315,0.16,0.16,0.16,0.16,1506
MIM,19990315,0.7,0.71,0.7,0.71,4627344
MIV,19990315,0.275,0.275,0.275,0.275,10000
MJN,19990315,0.1,0.1,0.096,0.096,170000
MKA,19990315,0.145,0.15,0.145,0.15,165000
MLT,19990315,9.15,9.2,9.15,9.2,1830
MMD,19990315,0.2,0.2,0.19,0.19,244800
MMF,19990315,2.7,2.74,2.69,2.7,116873
MMN,19990315,0.055,0.055,0.052,0.052,150588
MND,19990315,2.85,2.85,2.85,2.85,130000
MNE,19990315,0.12,0.12,0.12,0.12,8000
MNG,19990315,0.145,0.15,0.135,0.145,201638
MOM,19990315,0.046,0.046,0.046,0.046,10000
MOS,19990315,0.24,0.245,0.24,0.24,243000
MPH,19990315,0.56,0.56,0.55,0.56,212005
MPO,19990315,0.036,0.036,0.036,0.036,40000
MPT,19990315,1.5,1.55,1.5,1.55,70737
MQL,19990315,0.21,0.21,0.2,0.2,195436
MRC,19990315,0.135,0.135,0.13,0.13,52100
MRD,19990315,0.8,0.8,0.79,0.8,84256
MRH,19990315,0.5,0.5,0.5,0.5,1500
MRL,19990315,1.64,1.66,1.63,1.63,67700
MRV,19990315,1.9,1.9,1.89,1.9,103949
MSF,19990315,8.5,8.5,8.5,8.5,2200
MSI,19990315,0.12,0.12,0.12,0.12,30000
MTB,19990315,0.082,0.085,0.082,0.085,314040
MTC,19990315,0.13,0.13,0.12,0.125,611315
MTD,19990315,0.08,0.08,0.08,0.08,50000
MTK,19990315,0.55,0.55,0.55,0.55,5000
MTL,19990315,1.38,1.42,1.38,1.4,103850
MTM,19990315,0.11,0.11,0.105,0.11,695519
MUR,19990315,0.32,0.32,0.32,0.32,6000
MXI,19990315,0.345,0.35,0.345,0.35,65000
MZG,19990315,0.095,0.095,0.095,0.095,41099
NAB,19990315,28.01,28.395,27.96,28.395,3046925
NAM,19990315,0.81,0.81,0.8,0.8,3000
NBH,19990315,2.52,2.57,2.5,2.57,5421795
NCI,19990315,2.05,2.15,1.95,1.96,449400
NCM,19990315,2.832,2.832,2.72,2.74,1954643
NCP,19990315,11.72,11.92,11.72,11.823,4089414
NDY,19990315,1.42,1.45,1.41,1.43,6204246
NEX,19990315,0.045,0.045,0.045,0.045,173862
NFD,19990315,3.15,3.15,3.02,3.15,214785
NFG,19990315,0.2,0.24,0.2,0.24,35000
NFM,19990315,3.45,3.45,3.45,3.45,5200
NFO,19990315,0.11,0.11,0.11,0.11,100000
NGH,19990315,0.04,0.04,0.037,0.037,14260
NHG,19990315,0.29,0.29,0.29,0.29,85000
NHR,19990315,0.73,0.74,0.73,0.74,22000
NIX,19990315,1.23,1.25,1.23,1.25,23000
NLY,19990315,1.8,1.8,1.8,1.8,7800
NMH,19990315,2.68,2.7,2.64,2.684,3086422
NML,19990315,2.048,2.08,2,2.05,255000
NMP,19990315,1.3,1.32,1.3,1.31,50707
NMW,19990315,1.203,1.29,1.203,1.29,28400
NRL,19990315,0.12,0.12,0.12,0.12,736
NRT,19990315,3,3,2.87,2.87,75482
NTS,19990315,0.12,0.15,0.12,0.15,18000
NVS,19990315,1.49,1.5,1.487,1.487,103157
OCN,19990315,0.018,0.02,0.017,0.02,407442
OEC,19990315,0.465,0.465,0.45,0.45,88712
OHL,19990315,0.76,0.77,0.76,0.77,32774
OIL,19990315,0.2,0.2,0.2,0.2,15000
OLH,19990315,1.2,1.2,1.2,1.2,180000
OLS,19990315,0.115,0.115,0.11,0.115,49895
OML,19990315,1.528,1.57,1.528,1.54,225917
OMO,19990315,0.135,0.14,0.135,0.135,107500
OMP,19990315,0.66,0.66,0.66,0.66,4875
ONE,19990315,9.95,10.8,9.95,10.65,46080
OPS,19990315,2.9,2.9,2.88,2.9,27065
ORI,19990315,8.62,8.75,8.58,8.75,659691
OSH,19990315,1.62,1.68,1.62,1.67,2509869
OTR,19990315,0.825,0.825,0.78,0.8,18860
OZM,19990315,3.38,3.38,3.37,3.37,3300
PAE,19990315,0.15,0.15,0.13,0.13,117425
PAL,19990315,0.079,0.079,0.079,0.079,23000
PAS,19990315,1.41,1.41,1.4,1.41,4103095
PAT,19990315,2.02,2.02,2.02,2.02,10000
PAY,19990315,0.89,0.9,0.89,0.9,80130
PBB,19990315,5.08,5.1,5,5.1,88390
PBL,19990315,9.05,9.1,9,9.09,1021533
PBV,19990315,2.75,2.8,2.75,2.8,4850
PBY,19990315,0.29,0.29,0.29,0.29,85120
PCE,19990315,0.36,0.36,0.36,0.36,20000
PCO,19990315,1.22,1.24,1.22,1.24,117225
PCR,19990315,0.23,0.23,0.19,0.19,104000
PDC,19990315,1.26,1.27,1.26,1.27,573562
PDG,19990315,18.5,18.5,18.2,18.2,1098
PDN,19990315,0.11,0.11,0.11,0.11,50000
PDP,19990315,2.75,2.84,2.73,2.84,3120934
PEA,19990315,0.55,0.55,0.55,0.55,32282
PEM,19990315,0.26,0.26,0.26,0.26,10000
PFM,19990315,0.21,0.21,0.21,0.21,800
PGL,19990315,4.3,4.3,4.22,4.22,12504
PGT,19990315,0.15,0.16,0.15,0.16,425859
PHO,19990315,0.17,0.17,0.165,0.165,88142
PHR,19990315,0.62,0.62,0.62,0.62,22000
PHT,19990315,0.83,0.84,0.83,0.84,67000
PHY,19990315,1.1,1.1,1.1,1.1,22000
PID,19990315,0.89,0.89,0.88,0.89,187347
PII,19990315,1.16,1.16,1.15,1.15,341240
PIP,19990315,0.73,0.74,0.73,0.74,263052
PLF,19990315,1.72,1.72,1.68,1.7,18800
PLL,19990315,0.8,0.8,0.8,0.8,260
PLM,19990315,5.23,5.25,5.23,5.25,1900
PLT,19990315,3,3,2.9,2.9,74731
PLW,19990315,2.05,2.06,2.05,2.06,6500
PMA,19990315,0.44,0.45,0.44,0.45,53145
PMC,19990315,1.05,1.05,1.02,1.04,90810
PML,19990315,1.27,1.28,1.27,1.28,92500
PMM,19990315,0.8,0.85,0.8,0.85,255106
PMP,19990315,3.15,3.19,3.13,3.18,108241
PMT,19990315,10,10,10,10,6500
PMV,19990315,2.6,2.6,2.6,2.6,500
PNA,19990315,0.11,0.11,0.11,0.11,55000
PNI,19990315,3.139,3.26,3.12,3.26,1133976
PPK,19990315,0.515,0.52,0.515,0.52,4523
PPT,19990315,20.7,20.8,20.65,20.72,97463
PRL,19990315,0.75,0.75,0.75,0.75,2000
PRM,19990315,0.23,0.26,0.22,0.26,133800
PRN,19990315,0.009,0.009,0.009,0.009,500
PRO,19990315,3.9,3.9,3.88,3.88,4500
PRP,19990315,1.17,1.17,1.15,1.16,459969
PRR,19990315,0.155,0.155,0.155,0.155,30000
PRT,19990315,2.3,2.3,2.25,2.3,82980
PRX,19990315,0.87,0.88,0.86,0.88,146159
PRY,19990315,2.6,2.65,2.6,2.6,316500
PSA,19990315,0.38,0.45,0.38,0.45,540409
PSE,19990315,0.1,0.1,0.1,0.1,110000
PSG,19990315,0.32,0.32,0.31,0.32,68000
PSR,19990315,0.83,0.83,0.83,0.83,6000
PSV,19990315,0.305,0.305,0.305,0.305,3000
PTD,19990315,0.65,0.67,0.63,0.66,64450
PTL,19990315,0.285,0.3,0.285,0.3,20000
PTS,19990315,0.11,0.13,0.105,0.13,22500
PTZ,19990315,0.57,0.58,0.56,0.58,632375
PWT,19990315,1.65,1.67,1.64,1.64,164603
QAN,19990315,4.343,4.35,4.23,4.26,3137025
QBE,19990315,6.247,6.29,6.21,6.29,1510300
QCH,19990315,4.661,4.661,4.65,4.65,6225
QMC,19990315,0.59,0.59,0.58,0.59,587570
QOP,19990315,0.08,0.08,0.08,0.08,27500
QRL,19990315,0.78,0.8,0.78,0.79,563100
QTK,19990315,0.068,0.072,0.067,0.071,2840549
QUE,19990315,0.75,0.75,0.68,0.68,19785
QUR,19990315,0.28,0.28,0.28,0.28,7000
RAC,19990315,1.65,1.65,1.63,1.63,114630
RAG,19990315,0.006,0.006,0.006,0.006,13217
RBK,19990315,0.33,0.33,0.33,0.33,197800
RBL,19990315,0.9,0.9,0.9,0.9,23350
RCT,19990315,0.11,0.115,0.11,0.11,365000
RDF,19990315,1.35,1.35,1.24,1.3,41000
REB,19990315,0.805,0.82,0.8,0.8,24000
REC,19990315,1.6,1.6,1.6,1.6,10000
REE,19990315,0.071,0.071,0.071,0.071,30000
RGR,19990315,0.034,0.034,0.031,0.033,926000
RGS,19990315,3.77,3.8,3.77,3.8,20000
RHC,19990315,1.39,1.42,1.37,1.42,1009149
RHO,19990315,0.025,0.025,0.023,0.023,500000
RIC,19990315,0.96,0.96,0.94,0.96,1603597
RIO,19990315,22.017,22.25,22.017,22.19,1350556
RMW,19990315,3.05,3.05,3.05,3.05,1000
ROK,19990315,2.525,2.53,2.52,2.52,10000
ROR,19990315,0.06,0.06,0.06,0.06,11000
RPM,19990315,0.035,0.035,0.035,0.035,20000
RRM,19990315,0.11,0.11,0.11,0.11,20000
RRN,19990315,0.028,0.031,0.023,0.028,40994217
RRS,19990315,0.046,0.046,0.046,0.046,13500
RSG,19990315,1.125,1.125,1.1,1.11,908599
RSM,19990315,0.9,0.92,0.89,0.89,104193
RTH,19990315,14.1,14.1,14.1,14.1,94150
RTM,19990315,0.096,0.096,0.096,0.096,15000
RTS,19990315,0.41,0.41,0.405,0.405,39338
RUP,19990315,5,5,5,5,8126
RUS,19990315,0.115,0.115,0.115,0.115,28340
RVS,19990315,0.115,0.12,0.115,0.12,1459608
SAQ,19990315,4.37,4.37,4.37,4.37,2000
SAS,19990315,0.425,0.46,0.425,0.455,242829
SAX,19990315,0.75,0.75,0.75,0.75,1699
SBC,19990315,9.19,9.2,9.1,9.1,5554
SBE,19990315,1.995,2,1.99,2,16250
SBM,19990315,0.093,0.095,0.09,0.095,62476
SBR,19990315,0.023,0.023,0.023,0.023,170006
SCD,19990315,0.09,0.09,0.085,0.085,99773
SCE,19990315,0.16,0.16,0.16,0.16,15000
SCH,19990315,2.42,2.46,2.42,2.45,292400
SCN,19990315,0.003,0.003,0.003,0.003,2616667
SCP,19990315,1.65,1.7,1.65,1.69,106656
SCS,19990315,0.18,0.185,0.18,0.185,59000
SCY,19990315,1.64,1.65,1.63,1.63,2832920
SDR,19990315,0.68,0.68,0.68,0.68,36247
SDT,19990315,0.04,0.043,0.04,0.041,129000
SED,19990315,0.05,0.055,0.05,0.055,148974
SEQ,19990315,0.8,0.8,0.75,0.75,35000
SET,19990315,2.99,2.99,2.99,2.99,750
SEV,19990315,4.96,5,4.95,4.963,503541
SGB,19990315,10.21,10.21,10.1,10.14,1219392
SGC,19990315,0.19,0.19,0.18,0.18,191000
SGN,19990315,5.01,5.05,5,5.05,15500
SGP,19990315,3.869,3.95,3.869,3.93,306029
SGW,19990315,4.962,5.05,4.9,5.05,222758
SHL,19990315,4.15,4.2,4.15,4.18,58887
SHV,19990315,1.12,1.14,1.12,1.14,5500
SID,19990315,5.6,5.6,5.55,5.6,6410
SIS,19990315,0.24,0.24,0.22,0.22,24000
SKE,19990315,2.47,2.49,2.46,2.47,65515
SKN,19990315,0.46,0.46,0.46,0.46,98000
SLX,19990315,1.9,1.94,1.9,1.92,55388
SME,19990315,9.48,9.52,9.4,9.503,377294
SMI,19990315,12.79,12.79,12.49,12.612,181293
SMS,19990315,5.58,5.7,5.58,5.65,54723
SNX,19990315,0.74,0.76,0.73,0.74,77650
SOA,19990315,0.175,0.18,0.175,0.18,130000
SOH,19990315,2.276,2.6,2.27,2.594,166558
SOL,19990315,31.4,31.4,31,31,5307
SOV,19990315,0.044,0.044,0.04,0.04,164250
SPC,19990315,0.62,0.62,0.59,0.59,81072
SPP,19990315,2.45,2.45,2.38,2.4,11932
SPS,19990315,1.35,1.35,1.3,1.35,111129
SPT,19990315,4.75,4.75,4.7,4.7,461900
SPX,19990315,0.135,0.135,0.135,0.135,65000
SRA,19990315,2.602,2.602,2.56,2.6,8800
SRL,19990315,0.42,0.43,0.39,0.4,421759
SRO,19990315,0.076,0.077,0.076,0.076,153492
SRP,19990315,6.319,6.502,6.31,6.502,1398532
SSE,19990315,0.59,0.6,0.58,0.58,1123600
SSI,19990315,3.25,3.27,3.1,3.2,18688
SSL,19990315,0.51,0.51,0.51,0.51,1225
SSN,19990315,0.135,0.135,0.135,0.135,5800
SSR,19990315,1.52,1.52,1.51,1.51,3200
SSX,19990315,1.9,1.9,1.85,1.86,595058
STA,19990315,0.13,0.13,0.13,0.13,50000
STO,19990315,4.64,4.69,4.61,4.69,885416
STS,19990315,2,2,2,2,300
STU,19990315,0.1,0.1,0.1,0.1,24000
STV,19990315,15,15,15,15,300
SUR,19990315,0.14,0.145,0.14,0.145,277667
SWD,19990315,0.91,0.92,0.91,0.92,11000
SWS,19990315,3.9,3.9,3.89,3.89,65632
TAB,19990315,3.41,3.44,3.35,3.36,1784898
TAH,19990315,12,12.15,11.92,11.96,1128736
TAI,19990315,0.195,0.195,0.19,0.195,758570
TAM,19990315,0.115,0.115,0.115,0.115,37834
TAN,19990315,1.45,1.45,1.45,1.45,1000
TAP,19990315,0.72,0.72,0.68,0.69,90100
TBR,19990315,0.08,0.08,0.08,0.08,95000
TCA,19990315,7.8,7.85,7.8,7.85,4946
TCE,19990315,0.99,0.99,0.98,0.99,98663
TCL,19990315,1920.7,1980,1920.7,1975,1328
TDG,19990315,1.35,1.35,1.3,1.34,39933
TEL,19990315,7.821,7.93,7.8,7.93,103185
TEM,19990315,2.59,2.59,2.52,2.55,88236
TEN,19990315,2.4,2.42,2.37,2.39,579942
TGG,19990315,1.971,1.971,1.95,1.96,79200
TGL,19990315,0.016,0.016,0.016,0.016,625000
TGO,19990315,0.35,0.37,0.35,0.37,113500
THG,19990315,0.62,0.62,0.6,0.61,315500
TIG,19990315,0.42,0.42,0.415,0.415,32307
TIM,19990315,8,8,7.95,7.95,2490
TIP,19990315,0.65,0.65,0.61,0.61,89000
TIR,19990315,0.105,0.115,0.105,0.115,278000
TKG,19990315,0.006,0.006,0.006,0.006,114000
TKR,19990315,0.29,0.29,0.29,0.29,2512
TLA,19990315,0.76,0.76,0.76,0.76,111061
TLO,19990315,0.46,0.46,0.455,0.455,93000
TLS,19990315,8.7,8.8,8.7,8.8,7218358
TMS,19990315,1.75,1.75,1.72,1.73,41470
TNY,19990315,1.31,1.31,1.29,1.29,69900
TOL,19990315,4.8,4.9,4.8,4.85,34270
TOR,19990315,0.81,0.81,0.81,0.81,2940
TPX,19990315,17,17,17,17,1500
TRC,19990315,0.165,0.19,0.165,0.19,134000
TRE,19990315,0.05,0.05,0.05,0.05,53258
TRI,19990315,0.58,0.62,0.58,0.61,137000
TSP,19990315,0.082,0.085,0.081,0.081,108000
TSS,19990315,1.33,1.4,1.33,1.38,11151
TTH,19990315,0.23,0.23,0.23,0.23,765
TTR,19990315,0.081,0.081,0.08,0.08,161908
TYA,19990315,2.8,2.81,2.8,2.8,393405
UCR,19990315,3.28,3.28,3.22,3.22,79700
UEL,19990315,2.37,2.5,2.37,2.48,1337644
UMG,19990315,0.026,0.027,0.026,0.027,93902
USC,19990315,0.38,0.38,0.37,0.37,40000
VEP,19990315,1.052,1.052,1.04,1.04,169722
VHL,19990315,1.38,1.4,1.38,1.38,15406
VIA,19990315,0.3,0.3,0.25,0.25,26000
VII,19990315,0.061,0.061,0.061,0.061,108000
VKI,19990315,0.21,0.225,0.21,0.225,229250
VNA,19990315,0.475,0.48,0.47,0.48,75501
VOS,19990315,0.335,0.335,0.325,0.33,142825
VPE,19990315,0.042,0.042,0.042,0.042,100000
VRL,19990315,2.55,2.55,2.52,2.53,1080635
VSS,19990315,8,8,8,8,1667
VWD,19990315,1.1,1.14,1.1,1.12,16500
VWL,19990315,0.34,0.34,0.34,0.34,7160
WAN,19990315,5.4,5.4,5.33,5.33,226504
WAT,19990315,1.29,1.29,1.29,1.29,500
WBA,19990315,0.8,0.8,0.8,0.8,20000
WBC,19990315,10.63,10.92,10.63,10.892,3750929
WDM,19990315,0.309,0.36,0.309,0.355,134000
WER,19990315,0.78,0.78,0.75,0.75,16000
WES,19990315,16.35,16.35,16.2,16.321,336379
WFA,19990315,1.65,1.67,1.65,1.65,493780
WFI,19990315,1.45,1.45,1.45,1.45,3000
WFT,19990315,3.4,3.42,3.38,3.4,2176389
WGC,19990315,0.011,0.011,0.011,0.011,10000
WGR,19990315,0.12,0.12,0.12,0.12,10000
WHW,19990315,4.719,4.83,4.719,4.83,133661
WJM,19990315,2.95,2.95,2.95,2.95,30000
WKC,19990315,0.76,0.77,0.75,0.76,167137
WMC,19990315,5.054,5.18,5.05,5.18,4113961
WMT,19990315,0.495,0.5,0.49,0.5,745294
WON,19990315,0.08,0.08,0.08,0.08,46000
WOW,19990315,5.1,5.15,5.07,5.13,2843586
WPL,19990315,8.85,9.02,8.85,9.01,3806914
WPT,19990315,1.58,1.59,1.57,1.57,434768
WSF,19990315,10.4,10.4,10.3,10.356,610822
WSG,19990315,0.25,0.25,0.24,0.245,896786
WSL,19990315,4.18,4.19,4.15,4.18,77275
WTP,19990315,0.54,0.54,0.54,0.54,20000
WVI,19990315,0.3,0.31,0.3,0.31,20000
WYL,19990315,4.4,4.5,4.36,4.36,14266
YAM,19990315,0.04,0.04,0.038,0.038,244379
YDR,19990315,0.07,0.07,0.07,0.07,70000
YTS,19990315,0.98,1,0.98,1,14942
ZEL,19990315,0.74,0.74,0.7,0.7,6800
ZIM,19990315,0.35,0.37,0.35,0.36,124260
ZYL,19990315,0.115,0.115,0.115,0.115,91684
